1.079188713291450696e+01 1.248061514807039885e+01 0.000000000000000000e+00
7.500153025709196619e+00 -1.516138377894048439e+01 0.000000000000000000e+00
-2.385821897325338448e+00 1.500873214437724634e+01 0.000000000000000000e+00
5.067426551781427646e-01 2.434588404034275122e+00 0.000000000000000000e+00
1.130712288432048673e+01 -1.618611230181420668e-01 0.000000000000000000e+00
-6.332527403798316357e+00 1.799705295703176056e+00 0.000000000000000000e+00
8.929106906716350878e-01 -8.028525014645572000e+00 0.000000000000000000e+00
-7.217335771215733331e+00 -1.518101101221558480e+01 0.000000000000000000e+00
6.382303360834622463e-01 9.056835923233619301e-01 0.000000000000000000e+00
-2.828808563789188657e+00 1.249878391394403288e+01 0.000000000000000000e+00
1.966652729335481187e+00 -9.781495329172072317e+00 0.000000000000000000e+00
-2.940822979969079043e+00 -1.157879073885617593e+01 0.000000000000000000e+00
2.055035138790939353e+00 -1.703842493260642144e+01 0.000000000000000000e+00
9.066949151158246067e+00 -1.217861011512880065e+00 0.000000000000000000e+00
1.712457899702313924e+01 -1.562198584707152227e+00 0.000000000000000000e+00
-1.525720387661733124e+00 1.106566143780473510e+01 0.000000000000000000e+00
-1.413335088785933280e+01 9.353909012663105926e+00 0.000000000000000000e+00
1.104764845047556676e+01 -5.788015508505716333e+00 0.000000000000000000e+00
-5.675617696766013687e+00 -4.213654497988963854e+00 0.000000000000000000e+00
-1.319450961639931563e+01 5.334614291745984893e-01 0.000000000000000000e+00
7.433194510683445166e+00 1.190975557861947820e+01 0.000000000000000000e+00
1.299040292864566837e+01 7.664308094474036714e+00 0.000000000000000000e+00
-9.375274653285782023e+00 1.579723409907734855e+00 0.000000000000000000e+00
-1.368086151036101406e+01 2.580674500594953624e+00 0.000000000000000000e+00
8.166336442548251640e+00 6.772472618275284795e+00 0.000000000000000000e+00
-5.180190031791882532e+00 -1.618018176055132784e+01 0.000000000000000000e+00
-1.297849368900863176e+01 5.698725002798354922e+00 0.000000000000000000e+00
-1.252033692123912578e+00 1.697849146296272815e+00 0.000000000000000000e+00
-8.153951409849131693e+00 1.170295612908791760e+01 0.000000000000000000e+00
-1.304409121971204044e+01 -5.679380578138750302e+00 0.000000000000000000e+00
4.419261996032166628e+00 5.497924379057855582e+00 0.000000000000000000e+00
1.128195480849562671e+00 -1.543296074459572509e+01 0.000000000000000000e+00
1.488719709301732586e+01 -7.328244417174917258e-01 0.000000000000000000e+00
4.674420617365096398e+00 -1.383243622871959744e+01 0.000000000000000000e+00
-2.174003596322972243e+00 -4.733160307494845398e+00 0.000000000000000000e+00
9.210598338588397382e+00 -6.552050705129495611e+00 0.000000000000000000e+00
-2.872705937219976580e+00 2.615777625506002568e+00 0.000000000000000000e+00
6.148109224714299437e+00 -1.114155843719186834e+01 0.000000000000000000e+00
-1.303781101076059024e+01 -2.687112773740175875e+00 0.000000000000000000e+00
-7.934095498748730435e+00 -7.716744720505203325e+00 0.000000000000000000e+00
-1.579976349237539779e+01 -1.856722635076263783e+00 0.000000000000000000e+00
6.349637631308679531e+00 -1.337764857923527506e+00 0.000000000000000000e+00
7.262831920399690055e+00 -1.222746453147614254e+01 0.000000000000000000e+00
2.029511252257468201e-01 -2.893172971646153169e+00 0.000000000000000000e+00
-3.060685497618675921e+00 7.524130280632053136e+00 0.000000000000000000e+00
-8.243899125924574633e+00 -1.398999229326491456e+00 0.000000000000000000e+00
-3.902795726785202479e+00 -7.268319859417867512e+00 0.000000000000000000e+00
-7.101927458289146955e+00 3.598604941419246916e+00 0.000000000000000000e+00
9.081755481586597512e+00 1.050280313282373612e+01 0.000000000000000000e+00
1.286406676057207488e+00 -1.239190239848154640e+01 0.000000000000000000e+00
9.634879572765251865e+00 3.860784519473638543e+00 0.000000000000000000e+00
9.943176311988347393e+00 5.729368948720796162e+00 0.000000000000000000e+00
4.329455207882071832e+00 -1.672031905824725495e+00 0.000000000000000000e+00
-2.239957377101422509e-01 -1.071715528441341903e+01 0.000000000000000000e+00
1.207522525988284468e+00 -4.611724017766169581e+00 0.000000000000000000e+00
-1.130696833303981030e+01 -1.060949582484689735e+01 0.000000000000000000e+00
-6.774663963889079987e+00 6.172586915050577439e+00 0.000000000000000000e+00
-1.652128475721586653e+01 2.603363306634204122e+00 0.000000000000000000e+00
4.528826205691499851e+00 -5.760358207040919609e+00 0.000000000000000000e+00
-1.009207727552736067e+01 5.712647008153521888e+00 0.000000000000000000e+00
2.462564240965103846e+00 6.326181456513251256e+00 0.000000000000000000e+00
3.689387428736169205e+00 1.386817342598614644e+01 0.000000000000000000e+00
1.634643865257651996e+01 5.003118294906085062e+00 0.000000000000000000e+00
1.497536282389150131e+01 -7.078011125937652359e+00 0.000000000000000000e+00
1.145559335610822771e+01 -1.228840588267457790e+01 0.000000000000000000e+00
-1.051410512705881928e+01 9.208569879948059977e+00 0.000000000000000000e+00
6.238945736082849081e+00 1.580843381788219837e+01 0.000000000000000000e+00
9.028940622175573694e+00 1.792127703377799364e+00 0.000000000000000000e+00
-7.530862061535708918e+00 2.502629001196544634e-01 0.000000000000000000e+00
-1.573682727485738120e+01 -5.925206336608133562e+00 0.000000000000000000e+00
1.094165622154096695e+01 9.061318989483700292e+00 0.000000000000000000e+00
2.113391691903521163e+00 2.829226351688214347e+00 0.000000000000000000e+00
-3.782914887235672152e-01 7.079577181874955549e+00 0.000000000000000000e+00
1.220005205995441067e+01 -9.906224376646250107e+00 0.000000000000000000e+00
3.898400481619144209e+00 1.180265674454620495e+01 0.000000000000000000e+00
-2.098380485461631917e+00 5.541397565470870035e+00 0.000000000000000000e+00
-4.916848896756295773e+00 -1.030287455024842647e+00 0.000000000000000000e+00
5.477225425492410871e+00 1.433254095275568574e+01 0.000000000000000000e+00
1.190297969517826182e+00 9.913110547559384145e+00 0.000000000000000000e+00
-4.568985995813267920e+00 1.179049350009827357e+01 0.000000000000000000e+00
-1.678437007957157112e+00 -2.052390780931437675e+00 0.000000000000000000e+00
-7.077875469201000413e+00 -1.078250938155953875e+01 0.000000000000000000e+00
-1.112641955349339895e+01 -1.238041041544222232e+01 0.000000000000000000e+00
-1.262946572230619457e+00 3.675936809251787007e+00 0.000000000000000000e+00
-2.064905459084266093e-01 -6.205578444526708815e+00 0.000000000000000000e+00
2.059914362743036076e+00 -1.375924610863408937e+01 0.000000000000000000e+00
-2.489512844661988744e+00 -6.559703033980778919e+00 0.000000000000000000e+00
7.880054948140717830e-01 1.508852040580159404e+01 0.000000000000000000e+00
-7.755196055249019338e+00 -4.055924722649860925e+00 0.000000000000000000e+00
7.141405518539778008e+00 8.178755468954555852e+00 0.000000000000000000e+00
1.572298668190923188e+01 -2.403827345776995639e+00 0.000000000000000000e+00
1.494708335872218719e+01 6.312198466360893434e+00 0.000000000000000000e+00
2.496765535368769273e-01 -1.176873981963484805e+00 0.000000000000000000e+00
4.818428854593277855e+00 -1.025891065127148494e+01 0.000000000000000000e+00
-6.209704290241586655e+00 -7.812493000634042062e+00 0.000000000000000000e+00
-4.590341388719521909e+00 5.587279514972826711e+00 0.000000000000000000e+00
-1.744102794037884152e+01 -2.908514582553221595e-01 0.000000000000000000e+00
-1.070966877510028326e+01 -7.360421387992428954e+00 0.000000000000000000e+00
-6.560139299610041164e+00 8.790182722118949243e+00 0.000000000000000000e+00
-3.702423493516554753e+00 9.621080834921877933e-01 0.000000000000000000e+00
-1.128971383812371165e+01 -1.513774444506985395e+00 0.000000000000000000e+00
5.604755794347640929e+00 4.127435038556890312e+00 0.000000000000000000e+00
-1.491378450007644396e+01 -8.843529444942996420e+00 0.000000000000000000e+00
-8.605982992271252741e+00 4.118918108708257364e+00 0.000000000000000000e+00
1.258338205051365222e+01 4.553079496398336978e+00 0.000000000000000000e+00
-3.360399626695448561e+00 -1.639927220090325832e+01 0.000000000000000000e+00
-1.446575646917750468e+01 -6.827324034091446947e+00 0.000000000000000000e+00
2.757113890896021324e+00 -1.727804749734497713e+00 0.000000000000000000e+00
-5.167268909205566807e+00 1.344938883846831423e+01 0.000000000000000000e+00
3.218610950621828337e+00 -1.403866218095453644e-01 0.000000000000000000e+00
5.668431931528819412e+00 -1.534848952521777044e+01 0.000000000000000000e+00
-8.343728288254101955e+00 -9.351936945092701237e+00 0.000000000000000000e+00
1.144373882552787336e+01 1.053386449655716994e+01 0.000000000000000000e+00
8.882695338492037962e+00 8.954248981964614273e+00 0.000000000000000000e+00
8.400462195403063603e+00 -3.175203381221702426e+00 0.000000000000000000e+00
8.377489605530934469e+00 -1.071002978546880868e+01 0.000000000000000000e+00
-9.656766519618594558e+00 -1.437595437130643461e+01 0.000000000000000000e+00
7.717756591449057346e+00 -1.367629425098781937e+01 0.000000000000000000e+00
1.067669020195366869e+01 -7.823171736878324900e+00 0.000000000000000000e+00
5.241475303688210019e+00 -4.164128530283012886e+00 0.000000000000000000e+00
-8.701170048625812115e+00 -5.682159752728580315e+00 0.000000000000000000e+00
-1.098539895052462434e+01 1.104316184108520282e+01 0.000000000000000000e+00
-1.030490927257773670e+01 -2.986735657093955609e+00 0.000000000000000000e+00
1.028742101702214562e+01 -2.185448079748021133e+00 0.000000000000000000e+00
1.514547554727375456e+01 3.316228243014769372e+00 0.000000000000000000e+00
-3.459536335056473177e+00 1.636140707583153997e+01 0.000000000000000000e+00
9.874162575894999350e+00 1.416471842072321330e+01 0.000000000000000000e+00
3.740121446458608112e+00 1.684548888627731600e+01 0.000000000000000000e+00
-8.277742893244601774e-01 9.454577623564237143e+00 0.000000000000000000e+00
-1.424130207280399674e+01 -1.017278003005386955e+00 0.000000000000000000e+00
-4.290480892738381513e+00 -5.732076033921749136e+00 0.000000000000000000e+00
-9.570562944966248153e+00 -1.062738795516664148e+01 0.000000000000000000e+00
1.241203931836862395e+01 -1.904069881338184889e+00 0.000000000000000000e+00
4.568005567703742997e+00 7.613047206495276775e+00 0.000000000000000000e+00
-8.786784123042973960e+00 1.426675958260059929e+01 0.000000000000000000e+00
2.477205913185553054e+00 1.101677069057783953e+01 0.000000000000000000e+00
1.409345300868931616e+01 -2.365714977947023456e+00 0.000000000000000000e+00
2.469378719696858904e-01 1.204325467609440992e+01 0.000000000000000000e+00
1.605259449285280837e+01 -4.804458662994914420e+00 0.000000000000000000e+00
7.997118082354243818e+00 -4.695422993294768865e+00 0.000000000000000000e+00
2.724513066482427526e+00 -3.319126068708381450e+00 0.000000000000000000e+00
5.845987920858958020e+00 -1.288614201067826670e+01 0.000000000000000000e+00
-1.530399687976120759e+01 -3.774763291848151514e+00 0.000000000000000000e+00
-1.296057102084455614e+01 8.234853941247154197e+00 0.000000000000000000e+00
-1.573481890511526693e+01 3.510169089256349184e-01 0.000000000000000000e+00
6.737004938490639416e-01 1.746375314997742123e+01 0.000000000000000000e+00
-1.015103501546622944e+01 2.881921892725758383e+00 0.000000000000000000e+00
-1.826107249556737200e+00 -1.521179502423128405e+01 0.000000000000000000e+00
-1.927200432605416625e+00 -9.126067082259760710e+00 0.000000000000000000e+00
7.386772521619118237e+00 4.533197724624067337e-01 0.000000000000000000e+00
1.028032809307643092e+01 -1.390391104535405020e+01 0.000000000000000000e+00
1.612369896067638564e+01 6.776278939638191723e-01 0.000000000000000000e+00
1.417581762575980697e+01 4.886387448608464190e+00 0.000000000000000000e+00
-1.162019726685835153e+01 6.856899799624290859e-01 0.000000000000000000e+00
-3.110902773396729604e+00 1.045359532885252918e+01 0.000000000000000000e+00
1.076141117031246930e+00 1.336137730515539346e+01 0.000000000000000000e+00
-6.303461303800667714e+00 1.148463280808657494e+01 0.000000000000000000e+00
-7.536530588097960504e+00 7.486787435286851533e+00 0.000000000000000000e+00
-4.182104243787540199e+00 3.701543844512820591e+00 0.000000000000000000e+00
-4.188319743809557849e+00 -9.485869719487341811e+00 0.000000000000000000e+00
1.043273377780744937e+01 -1.010109488757583662e+01 0.000000000000000000e+00
5.437198294660394282e+00 9.091870761069753115e+00 0.000000000000000000e+00
1.261565038681599304e+01 -7.523394298587554374e+00 0.000000000000000000e+00
7.278945625148153908e+00 1.403272940661585189e+01 0.000000000000000000e+00
-7.262202834189408485e+00 1.473734138218430623e+01 0.000000000000000000e+00
3.689430004803212704e+00 -1.198557037315923601e+01 0.000000000000000000e+00
4.021161777087836953e+00 3.669760005160789706e+00 0.000000000000000000e+00
-1.139327115660829115e+01 -4.061772196006787183e+00 0.000000000000000000e+00
-6.997280931992682973e+00 -5.845991400559634954e+00 0.000000000000000000e+00
-1.239169917549818400e+01 -8.383031957174061688e+00 0.000000000000000000e+00
-7.008404638562385713e+00 -1.244588158977084014e+01 0.000000000000000000e+00
-4.015595395562016279e+00 -3.478753001323910965e+00 0.000000000000000000e+00
3.852106360732393764e+00 -8.529609472026358219e+00 0.000000000000000000e+00
-7.078962974161437938e-01 1.353680313347106612e+01 0.000000000000000000e+00
-1.380511666940849924e+00 -1.295959076450670189e+01 0.000000000000000000e+00
-5.377378675387599394e+00 1.623168390227478497e+01 0.000000000000000000e+00
1.096974909535557963e+01 1.376235677360929222e+00 0.000000000000000000e+00
1.383092655868671450e+01 -5.148896109466612359e+00 0.000000000000000000e+00
-9.384557064405079529e+00 -1.274674472938685632e+01 0.000000000000000000e+00
-1.524585785183837494e+01 6.185243535992613673e+00 0.000000000000000000e+00
5.132192459209350410e+00 4.899432654444879076e-01 0.000000000000000000e+00
-1.378613708310286157e+01 4.380617983933023041e+00 0.000000000000000000e+00
-2.904995758379520510e+00 -6.620580228232425535e-01 0.000000000000000000e+00
-1.014722506876363184e+01 -9.004068925394845380e+00 0.000000000000000000e+00
4.313329161030901027e+00 -1.651710128573420633e+01 0.000000000000000000e+00
6.187558784900657471e+00 -7.800102971048414879e+00 0.000000000000000000e+00
-4.855337188499142975e+00 8.099340392554710277e+00 0.000000000000000000e+00
1.534238347263306323e+01 8.146342561677032634e+00 0.000000000000000000e+00
-1.313885677570317689e+01 -1.108399468376727981e+01 0.000000000000000000e+00
-1.158936284857568744e+01 2.227701013478883052e+00 0.000000000000000000e+00
-8.880355527830312568e+00 9.299081332536044187e+00 0.000000000000000000e+00
-3.480158779272225722e+00 -1.401507908240598432e+01 0.000000000000000000e+00
7.053270839357296040e+00 -9.675261998257004947e+00 0.000000000000000000e+00
-2.036909151137380469e-01 -1.643353863318830221e+01 0.000000000000000000e+00
3.299128343971815092e+00 8.708007216876911372e+00 0.000000000000000000e+00
-5.680137901546783219e+00 -1.156025176123426945e+01 0.000000000000000000e+00
1.324826321738984802e+01 1.486118725091776227e+00 0.000000000000000000e+00
-1.231035565167231205e+01 1.225588006184491618e+01 0.000000000000000000e+00
-6.727924894073785467e+00 -1.646787637609955279e+00 0.000000000000000000e+00
-5.553468062710982700e+00 -1.381778130795874127e+01 0.000000000000000000e+00
3.283282185141207066e+00 -1.502885816478549508e+01 0.000000000000000000e+00
1.138150840940763686e+01 -4.095115283553925067e+00 0.000000000000000000e+00
8.303518649561152376e-01 4.328292835073416001e+00 0.000000000000000000e+00
-9.376892037740404362e+00 7.297759806981067854e+00 0.000000000000000000e+00
-1.029356235510865680e+01 -5.663612086507507470e+00 0.000000000000000000e+00
-6.678357781089741430e+00 1.318259173213994018e+01 0.000000000000000000e+00
1.049060385991490030e+01 7.345747259753746761e+00 0.000000000000000000e+00
-6.093609158270797188e+00 -9.647092921581421621e+00 0.000000000000000000e+00
-1.094067997690997629e+01 7.042506152797944452e+00 0.000000000000000000e+00
1.202590497065804875e+01 6.219828673339173442e+00 0.000000000000000000e+00
-1.272009788149574305e+01 1.081006542589426722e+01 0.000000000000000000e+00
1.335171853339948633e+01 1.037031283784153679e+01 0.000000000000000000e+00
-2.043347399948932885e+00 1.724399647416008818e+01 0.000000000000000000e+00
6.142073271444629334e+00 5.728160165696282391e+00 0.000000000000000000e+00
6.128911454155998584e+00 1.079676777015877143e+01 0.000000000000000000e+00
6.567552204738321464e+00 -3.090375221821960672e+00 0.000000000000000000e+00
1.705555752023192895e+01 1.912825256616914604e+00 0.000000000000000000e+00
1.624181097438752941e+00 -5.570427966595044023e-01 0.000000000000000000e+00
7.637936732118849825e+00 2.473477536304613089e+00 0.000000000000000000e+00
9.136487931216748848e+00 -1.490676582642784886e+01 0.000000000000000000e+00
7.685393789541965504e+00 -7.970043721194139508e+00 0.000000000000000000e+00
2.557974882801813177e+00 -6.681809676099293327e+00 0.000000000000000000e+00
6.270710202232915087e+00 1.620088080715351264e+00 0.000000000000000000e+00
2.581850263855030470e+00 1.274248105000619802e+01 0.000000000000000000e+00
1.271169513838152021e+01 1.196977269839834790e+01 0.000000000000000000e+00
-1.028311500814534973e+01 1.346898165790330637e+01 0.000000000000000000e+00
-1.155085442457201017e+00 -3.539680468879967012e+00 0.000000000000000000e+00
3.185261708560187977e+00 1.543660402044423385e+01 0.000000000000000000e+00
-1.013453649908369059e+01 -5.046648353874052528e-01 0.000000000000000000e+00
1.277477036678431510e+01 3.016686670280878779e+00 0.000000000000000000e+00
-6.078212244742133841e+00 4.696937261132957175e+00 0.000000000000000000e+00
-1.723320089851283399e+01 -2.557692816358699606e+00 0.000000000000000000e+00
-4.333440743431456355e+00 -1.276547942117184142e+01 0.000000000000000000e+00
8.024734101130825081e+00 4.568374045562320518e+00 0.000000000000000000e+00
9.554962204949640991e+00 -1.234948090726414449e+01 0.000000000000000000e+00
-1.293253027372935904e+00 -7.564100204454211607e+00 0.000000000000000000e+00
2.601013888250307104e+00 1.297541783878210619e+00 0.000000000000000000e+00
4.383500972634122306e+00 1.945709804041799718e+00 0.000000000000000000e+00
-4.699300015414316967e+00 1.488966364678812582e+01 0.000000000000000000e+00
-1.681456720945008598e+01 -4.604772218096751857e+00 0.000000000000000000e+00
-1.714272727749010627e+01 1.205508587001054011e+00 0.000000000000000000e+00
-1.108164032816045719e+01 4.541476539679442759e+00 0.000000000000000000e+00
1.333766658924103510e+01 -5.374080975180643982e-01 0.000000000000000000e+00
1.989539737808373454e+00 7.924060790529352083e+00 0.000000000000000000e+00
9.763269153347838625e+00 -3.906195395675970961e+00 0.000000000000000000e+00
-1.493412971147488655e+01 1.738428908416644214e+00 0.000000000000000000e+00
2.312764276539863939e+00 4.771457705151795459e+00 0.000000000000000000e+00
-1.533805863158479355e+01 4.607628858342971867e+00 0.000000000000000000e+00
1.340530400187761551e+01 -1.119896135467933362e+01 0.000000000000000000e+00
8.962971470225346238e+00 1.282019516772473544e+01 0.000000000000000000e+00
-4.799431498420666742e+00 1.008473749792455365e+01 0.000000000000000000e+00
1.466437418935899473e+01 -8.789976680703624368e+00 0.000000000000000000e+00
-5.542794770819645223e+00 -2.606501793456657001e+00 0.000000000000000000e+00
3.448120635288998592e+00 -4.638298874958971751e+00 0.000000000000000000e+00
-1.844173738286571940e+00 -1.671590100828291270e+01 0.000000000000000000e+00
1.101984893289423795e+01 2.935445147181136694e+00 0.000000000000000000e+00
