3.075445501081438326e+00 1.030312210213802970e+01 0.000000000000000000e+00
-2.972510208794767461e+00 -2.200522790529531925e+00 0.000000000000000000e+00
-1.325020907674717030e+01 6.527836175621285486e-01 0.000000000000000000e+00
-1.003010091911735735e+01 -9.267163169233075593e+00 0.000000000000000000e+00
-1.587986051386744535e+01 -6.892319623457487943e+00 0.000000000000000000e+00
-5.722768896657942861e+00 4.037419292126837256e+00 0.000000000000000000e+00
1.496022022578381083e+01 9.083039052700266680e+00 0.000000000000000000e+00
4.267919447049813186e+00 1.113077350284665368e+00 0.000000000000000000e+00
4.156368861702331330e+00 -7.382161364642303880e+00 0.000000000000000000e+00
-1.617190275614326467e+01 6.368477656437779189e+00 0.000000000000000000e+00
1.697413675930836519e+01 3.451695880425188268e+00 0.000000000000000000e+00
-1.020541200037096274e+01 1.210759562849053950e+01 0.000000000000000000e+00
-8.804910265334275898e-01 9.411403396335094484e+00 0.000000000000000000e+00
6.281451961154039587e+00 -1.330841219154964961e+01 0.000000000000000000e+00
-1.123042471414445131e+01 -1.220667071977240070e+01 0.000000000000000000e+00
-9.755370490216671797e+00 -4.035224834474001376e+00 0.000000000000000000e+00
8.987137479877809199e+00 -1.463463058772314529e+00 0.000000000000000000e+00
-1.693552193005806572e+01 3.191380616246993540e+00 0.000000000000000000e+00
-4.025379711496969826e+00 5.767388838908412474e+00 0.000000000000000000e+00
4.905043550454192491e+00 -2.112115230638311747e+00 0.000000000000000000e+00
-7.352464785714849071e+00 -1.580061706373697028e+01 0.000000000000000000e+00
1.003902042664338301e-01 -1.573197712128409087e+00 0.000000000000000000e+00
-1.613280173295504127e+01 -7.114123979699098488e-01 0.000000000000000000e+00
6.043966019610335749e+00 -4.306746119857884914e+00 0.000000000000000000e+00
1.432814538204750576e+01 1.510849698961091336e+00 0.000000000000000000e+00
5.293372452554252483e+00 1.083606444176732531e+01 0.000000000000000000e+00
-1.475080750890221504e+00 -1.048932725927580023e+01 0.000000000000000000e+00
-3.953640950684471189e+00 1.100759541332795699e+01 0.000000000000000000e+00
-1.181135947070160119e+00 -1.234952185270324243e+01 0.000000000000000000e+00
7.234561975490485963e+00 6.096971042363286131e+00 0.000000000000000000e+00
-8.836488139446784018e+00 7.490814454832662728e-01 0.000000000000000000e+00
3.139678034281559782e+00 1.647124389635176200e+01 0.000000000000000000e+00
-4.587115210311479174e+00 1.485430260746357867e+01 0.000000000000000000e+00
-2.049294326377151698e+00 1.454048814946303025e+01 0.000000000000000000e+00
7.635709263265535895e+00 1.692015675341072978e+01 0.000000000000000000e+00
8.639413335501208380e+00 1.426988671889419358e+00 0.000000000000000000e+00
-4.958066288604288552e+00 -1.352350870897339075e+00 0.000000000000000000e+00
1.714805087158839569e+01 9.326515225191710501e-01 0.000000000000000000e+00
1.198990508318514836e+00 -5.699131991753228377e+00 0.000000000000000000e+00
-9.067146255461800308e+00 9.434164667833806917e+00 0.000000000000000000e+00
1.646949077625719937e+01 -9.339619199292897633e+00 0.000000000000000000e+00
-5.663465645691363015e+00 1.269317666273225953e+01 0.000000000000000000e+00
3.807304898212657385e+00 8.420534003476699780e+00 0.000000000000000000e+00
-6.085239130345487801e+00 1.601836073950890338e+01 0.000000000000000000e+00
6.924822501759878790e+00 -1.717872654411850064e+01 0.000000000000000000e+00
5.464148817686048432e+00 -8.467716626262632218e+00 0.000000000000000000e+00
1.184711968420784522e+01 -1.005814971779545708e+01 0.000000000000000000e+00
9.375909752561558674e-01 1.681991821745192084e+01 0.000000000000000000e+00
8.460333878425984722e+00 -1.189507788167714075e+01 0.000000000000000000e+00
1.652481273128993422e+01 -7.273976050084910661e+00 0.000000000000000000e+00
1.587210503794333505e+01 -5.874173870003806641e+00 0.000000000000000000e+00
1.563192970981381436e+01 2.282054846577315832e+00 0.000000000000000000e+00
4.210679511124141072e+00 1.333738012535345518e+01 0.000000000000000000e+00
-1.782417750554326119e+01 4.431585618418760752e+00 0.000000000000000000e+00
-2.966305474780523421e-01 5.205856311497174538e+00 0.000000000000000000e+00
8.095131064460844073e+00 1.236733046886920384e+01 0.000000000000000000e+00
-5.496707325879352624e+00 1.321351121439894083e+00 0.000000000000000000e+00
6.337402392274781526e+00 2.237024963311638803e+00 0.000000000000000000e+00
-4.548717239359736375e+00 -7.059558285233907604e+00 0.000000000000000000e+00
-4.940292989390197675e+00 -1.585019644302686537e+01 0.000000000000000000e+00
-1.649576343569651549e+00 -1.667982997037129422e+01 0.000000000000000000e+00
2.177855813206859281e+00 8.483404188971757520e+00 0.000000000000000000e+00
-7.448470393198854289e+00 -6.850954675278216222e+00 0.000000000000000000e+00
-1.255035072362954374e+01 6.320346682251474668e+00 0.000000000000000000e+00
5.884062401323162383e+00 4.763522316250535127e+00 0.000000000000000000e+00
3.363030101599723487e+00 -9.756973799983883922e+00 0.000000000000000000e+00
1.056389823421668872e+01 -3.722552565566206617e+00 0.000000000000000000e+00
1.415558231133227629e+01 -1.147800646659956847e+01 0.000000000000000000e+00
-1.375304023309059254e+01 9.205222593140687692e+00 0.000000000000000000e+00
-1.062912733851646863e+01 -2.449506053942437145e+00 0.000000000000000000e+00
1.132857891629688973e+00 3.410027255741342245e+00 0.000000000000000000e+00
1.164723525541288573e+01 -1.196336282575446575e+01 0.000000000000000000e+00
1.345083277544562605e+01 -8.965153927778343856e+00 0.000000000000000000e+00
-7.107428081628926364e+00 -2.773707993428253360e+00 0.000000000000000000e+00
1.882904744368245398e+00 -8.055693298713896056e+00 0.000000000000000000e+00
1.322251598925672234e+00 -1.265858245192806919e+01 0.000000000000000000e+00
-1.232901699451961974e+01 8.707062766013978106e+00 0.000000000000000000e+00
-3.010010631706444340e+00 -9.664092200983747105e+00 0.000000000000000000e+00
-7.052944433729763318e+00 -1.281069896298044064e+01 0.000000000000000000e+00
9.070019906904896345e+00 8.201171831248984745e+00 0.000000000000000000e+00
1.123321480470364797e+01 1.522695541907774519e+01 0.000000000000000000e+00
1.319736933054186068e+01 1.218173443169645331e+01 0.000000000000000000e+00
9.500107861198907599e+00 -1.379447911171522989e+01 0.000000000000000000e+00
-1.527843871726499714e+01 -1.010105365603064520e+01 0.000000000000000000e+00
-9.875725642306441898e+00 -1.104818174914945672e+01 0.000000000000000000e+00
7.953330779226537750e+00 1.437429119801870314e+01 0.000000000000000000e+00
-4.981534180363905051e+00 -5.586400259198401663e+00 0.000000000000000000e+00
1.119992156829020047e+01 7.020255529205113199e+00 0.000000000000000000e+00
1.379396709939165966e+01 5.094974225438337001e+00 0.000000000000000000e+00
1.374777308234330864e+00 -3.419840242216483528e+00 0.000000000000000000e+00
8.659445912652735444e+00 1.091248929984622862e+01 0.000000000000000000e+00
-3.586177862522595294e+00 -1.411741975335327126e+01 0.000000000000000000e+00
1.150905386005103281e+01 -7.054737866336404650e+00 0.000000000000000000e+00
-7.674589536700556991e+00 8.628352741405072024e+00 0.000000000000000000e+00
1.713129577745722543e+01 -1.004235130890604122e+00 0.000000000000000000e+00
-1.405707900925693821e+01 7.289735415288487452e+00 0.000000000000000000e+00
-1.831640444387860711e+01 -4.149768911796031468e+00 0.000000000000000000e+00
2.103054634521087429e+00 -1.603903460157032512e+01 0.000000000000000000e+00
-7.288814840951455487e+00 1.281184102003699898e+01 0.000000000000000000e+00
-6.802915210011003744e+00 -8.120687383830923478e-01 0.000000000000000000e+00
-6.580817800667132289e+00 6.809147319527367515e+00 0.000000000000000000e+00
1.295252000027059402e+01 -1.393427115701407315e+00 0.000000000000000000e+00
5.134965908449457217e+00 -1.651955516577647831e-01 0.000000000000000000e+00
-2.546279009562043338e+00 6.999829903783175489e+00 0.000000000000000000e+00
-3.158372617392812831e-01 -3.099728808519270462e+00 0.000000000000000000e+00
-1.730392022093264925e+00 -9.932985583028788312e-01 0.000000000000000000e+00
-1.091452619852896211e+00 1.224381162078694985e+01 0.000000000000000000e+00
-1.297446443076704270e+01 -4.786496476003334166e+00 0.000000000000000000e+00
7.539018262388794689e+00 -9.290635202526475567e+00 0.000000000000000000e+00
7.783455266510418191e+00 2.993131360776051686e+00 0.000000000000000000e+00
1.598033688519586049e+00 9.415669807789220913e-01 0.000000000000000000e+00
-5.649502534867641756e+00 1.007324599767703432e+01 0.000000000000000000e+00
-9.021373194790884398e+00 4.374086856272297652e+00 0.000000000000000000e+00
-1.263281450502694447e+01 1.151641553915354876e+01 0.000000000000000000e+00
1.138813746024080586e+01 -5.499795937916461597e+00 0.000000000000000000e+00
3.983024705385785680e+00 -1.726244016081130539e+01 0.000000000000000000e+00
1.473082039192535753e+01 -2.665700358530638248e-01 0.000000000000000000e+00
4.436437370420885706e+00 5.276337184397275948e+00 0.000000000000000000e+00
-1.895826393797012954e-01 1.098587311735344940e+01 0.000000000000000000e+00
1.144179333716605207e+01 -4.698704869247402049e-01 0.000000000000000000e+00
1.918276315674068755e+00 1.465302700707035477e+01 0.000000000000000000e+00
-9.018913087528746431e+00 -1.719509772783482049e+00 0.000000000000000000e+00
1.154025386778694795e+01 1.230339632987727860e+01 0.000000000000000000e+00
-3.794917357090326071e+00 7.099084744372531341e-01 0.000000000000000000e+00
8.213501059522524628e+00 -2.997585954296772215e+00 0.000000000000000000e+00
1.850795926215081266e+01 -3.807945682730998094e+00 0.000000000000000000e+00
-4.828516036584871607e+00 8.038712173059749944e+00 0.000000000000000000e+00
-1.043746908083033809e+01 8.636203203371115578e-01 0.000000000000000000e+00
1.604404183427528707e+01 1.013052974242132542e+01 0.000000000000000000e+00
1.578178507769154137e+01 7.231818418097376799e+00 0.000000000000000000e+00
-5.369105781357564666e+00 -8.738996590288611088e+00 0.000000000000000000e+00
-1.422753551586696830e+01 1.150902621338112120e+01 0.000000000000000000e+00
-3.730159131287860141e+00 -1.730499004757316683e+01 0.000000000000000000e+00
-8.691947070718128998e+00 1.357675404997174340e+01 0.000000000000000000e+00
8.220558591698281958e+00 -6.776153069409202701e+00 0.000000000000000000e+00
-3.006671790341281181e+00 -1.216119335360674114e+01 0.000000000000000000e+00
5.905590018824722343e+00 -1.118886887805539843e+01 0.000000000000000000e+00
7.438001551081804275e-01 6.410122884130332821e+00 0.000000000000000000e+00
8.077091136510460290e-01 9.748171257860295924e+00 0.000000000000000000e+00
-9.061416177194013599e+00 -1.620966943611810862e+01 0.000000000000000000e+00
-2.133685382438174294e+00 3.666182281433638224e+00 0.000000000000000000e+00
-1.461513948691587927e+01 -2.994922655735519523e+00 0.000000000000000000e+00
-1.082534224523376309e+01 -1.538167506900423831e+01 0.000000000000000000e+00
1.533923952376111899e+00 1.163511541700988161e+01 0.000000000000000000e+00
-8.877051966538997974e+00 -1.236237918156130888e+01 0.000000000000000000e+00
-1.860657711928037372e+01 -9.580395242574482051e-01 0.000000000000000000e+00
-1.241605750841051048e+01 -2.743266956701575499e+00 0.000000000000000000e+00
9.204011356634769214e+00 -1.637512262981448075e+01 0.000000000000000000e+00
-1.241465431560214228e+01 1.328490921707537176e+01 0.000000000000000000e+00
1.317993421668359666e+01 -6.684929908701820800e+00 0.000000000000000000e+00
3.767709888156667741e+00 -5.206591945459386750e+00 0.000000000000000000e+00
-1.774587899305610961e+01 1.411752253004123991e+00 0.000000000000000000e+00
1.508174635674292574e+01 4.145320851200090750e+00 0.000000000000000000e+00
-1.527528934729213361e+01 8.325037638758150393e-01 0.000000000000000000e+00
2.204055449540824885e+00 -1.875880575235035153e+01 0.000000000000000000e+00
6.558882248422383654e+00 1.586238762811962566e+01 0.000000000000000000e+00
-7.901884058251251730e+00 5.938252169044475615e+00 0.000000000000000000e+00
4.915117548950211024e+00 7.366116461688328343e+00 0.000000000000000000e+00
-3.171666451752261917e+00 -7.901989910377134052e+00 0.000000000000000000e+00
-1.138010757756210367e+01 -1.054376660121213582e+01 0.000000000000000000e+00
4.572417136437844754e+00 -1.480213979563206372e+01 0.000000000000000000e+00
1.460743843122816799e+01 -7.693683192853956854e+00 0.000000000000000000e+00
-6.158862391974708750e+00 1.425504728446485103e+01 0.000000000000000000e+00
3.200883365784683576e+00 -3.610351680111596018e+00 0.000000000000000000e+00
-1.259286481967524374e+01 -8.592889229533819062e+00 0.000000000000000000e+00
-1.597156112522169735e+01 -4.631709413526992947e+00 0.000000000000000000e+00
-6.396627417240232205e+00 -1.067986000797067447e+01 0.000000000000000000e+00
-3.131225346885712302e+00 1.585879140198604276e+01 0.000000000000000000e+00
-8.752610119829500324e-01 7.961743524654893989e-01 0.000000000000000000e+00
-1.061472449535700413e+01 1.059125760252139159e+01 0.000000000000000000e+00
-1.172543074057745827e+01 -1.309054759082973085e+00 0.000000000000000000e+00
-1.371513438185320843e-01 1.458087438705148031e+01 0.000000000000000000e+00
-1.352534206412331841e+01 2.719722172420014239e+00 0.000000000000000000e+00
1.125563550484682374e+01 8.742078882640329951e+00 0.000000000000000000e+00
-4.579895288017818977e+00 -1.133611858546700724e+01 0.000000000000000000e+00
4.834790056405777747e+00 -1.284239006002552053e+01 0.000000000000000000e+00
2.562178991196347067e+00 5.542404497236280037e+00 0.000000000000000000e+00
1.368493746821786772e+01 7.568743632972854130e+00 0.000000000000000000e+00
-1.367450158308838049e+01 -7.536694325775609826e+00 0.000000000000000000e+00
-5.102951849954232344e+00 -1.295056003121962007e+01 0.000000000000000000e+00
-2.363372455405856165e+00 9.965389449635836172e+00 0.000000000000000000e+00
-1.348942221847209844e+01 -1.209688497565126220e+01 0.000000000000000000e+00
1.428158958407175660e+01 -2.360549151252040012e+00 0.000000000000000000e+00
4.625775871266913697e+00 2.636213368497949627e+00 0.000000000000000000e+00
-8.855762192246162456e+00 -1.467038855767616035e+01 0.000000000000000000e+00
-8.625116308398039777e+00 1.642236875532301354e+01 0.000000000000000000e+00
6.512166056225898281e+00 8.954427639242073411e+00 0.000000000000000000e+00
2.575602445598448753e+00 -1.356769432236990625e+01 0.000000000000000000e+00
-9.984029727269831511e+00 -5.592718521929195497e+00 0.000000000000000000e+00
1.113085169086790138e+01 3.601677446442381303e+00 0.000000000000000000e+00
1.613516422929484051e+01 -2.169734099178838971e+00 0.000000000000000000e+00
2.974432531598636853e+00 1.241295441213744866e+01 0.000000000000000000e+00
-1.155171768269885879e-01 -1.768959596687679436e+01 0.000000000000000000e+00
1.747814234969266067e+01 5.375515500763845544e+00 0.000000000000000000e+00
-1.037157464194451073e+01 6.342531737361693622e+00 0.000000000000000000e+00
-4.302232840007792269e+00 2.477236099747993414e+00 0.000000000000000000e+00
-8.500179657079345308e-01 -4.691738419429911211e+00 0.000000000000000000e+00
-1.165304010899503773e+01 2.723662086840943353e+00 0.000000000000000000e+00
-8.024554644306181928e+00 3.087867887131842348e+00 0.000000000000000000e+00
1.025959071472045459e+01 1.404575888203489775e+01 0.000000000000000000e+00
5.109624037818972120e+00 1.477092401910742758e+01 0.000000000000000000e+00
1.081966571527476972e+01 -1.514450749687711806e+01 0.000000000000000000e+00
9.045802527278938854e+00 4.351197302551031321e+00 0.000000000000000000e+00
-8.167762979546990820e+00 -8.177054601295031588e+00 0.000000000000000000e+00
-4.588107077159647496e+00 1.689446565223592600e+01 0.000000000000000000e+00
-2.678333728390011270e+00 -3.845210829421660925e+00 0.000000000000000000e+00
4.734518628712717780e-01 -9.353714890834766038e+00 0.000000000000000000e+00
1.003154612853145089e+01 2.294296030843925305e+00 0.000000000000000000e+00
3.343644032683645295e-01 -1.145896496296406220e+01 0.000000000000000000e+00
-7.746148480828540350e+00 -1.135025212496695879e+01 0.000000000000000000e+00
-1.536651748230438663e+01 1.047029102968803116e+01 0.000000000000000000e+00
8.703296373659959784e+00 -1.029237303984434249e+01 0.000000000000000000e+00
1.219584912921449238e+01 1.402605662448501933e+00 0.000000000000000000e+00
-1.256399065967658490e+00 7.871053063833921115e+00 0.000000000000000000e+00
1.731215346441141989e+01 -5.108640740108525868e+00 0.000000000000000000e+00
2.689324958510871166e+00 -1.164304215462503400e+01 0.000000000000000000e+00
5.193065072486231948e+00 1.672855080798349903e+01 0.000000000000000000e+00
3.669854453982317466e+00 1.820123077550307045e+01 0.000000000000000000e+00
-2.755686549284434239e+00 -5.470885945934464090e+00 0.000000000000000000e+00
-1.749352890989908715e+01 7.213599670001721975e+00 0.000000000000000000e+00
-4.428953758672640184e+00 -3.563469261280147293e+00 0.000000000000000000e+00
-1.144543324760994807e+01 4.605943175791020749e+00 0.000000000000000000e+00
1.185615378015880950e+01 -1.372368682384766281e+01 0.000000000000000000e+00
-1.435606955418006692e+01 -5.981573801436647742e+00 0.000000000000000000e+00
-1.007926778857702921e+01 1.578031519115226899e+01 0.000000000000000000e+00
1.140762419404916095e+01 1.050501759252905032e+01 0.000000000000000000e+00
1.332730777705096159e+01 -1.284788282250290337e+01 0.000000000000000000e+00
2.750345253985369443e+00 2.700497405939444207e+00 0.000000000000000000e+00
-3.263676230345450513e+00 1.359212519401475205e+01 0.000000000000000000e+00
1.862171171633714195e+01 1.364290168310579254e+00 0.000000000000000000e+00
1.292140583443355695e+01 1.045526922658896041e+01 0.000000000000000000e+00
-3.246390746500877444e+00 1.771564781379049691e+01 0.000000000000000000e+00
-1.183141713608245205e+01 -6.332839741846927772e+00 0.000000000000000000e+00
3.809635846986655916e-01 -1.392631198257552150e+01 0.000000000000000000e+00
-1.087750379958471747e+01 -7.641388482742180521e+00 0.000000000000000000e+00
-1.419565939690983880e+00 -8.569489478343520261e+00 0.000000000000000000e+00
-1.360206387621386170e+01 -1.059769865874410222e+01 0.000000000000000000e+00
7.984028535150732075e+00 -1.359750270433441699e+01 0.000000000000000000e+00
-1.669633269733086323e+01 -2.538240009462373603e+00 0.000000000000000000e+00
5.755104683061452953e+00 -6.783776111444189461e+00 0.000000000000000000e+00
9.933065649149661169e+00 -1.117657836566077911e+01 0.000000000000000000e+00
-6.461504729469576880e+00 -5.061747303676911613e+00 0.000000000000000000e+00
-1.853857527856773713e+00 -6.915730528147715717e+00 0.000000000000000000e+00
9.164354923574011380e+00 -4.299212132346252879e+00 0.000000000000000000e+00
-9.519949875623007207e-01 2.666642142126160575e+00 0.000000000000000000e+00
2.741397807114000607e+00 7.058984395870937512e+00 0.000000000000000000e+00
1.570676132074805276e+00 1.887317755572097511e+01 0.000000000000000000e+00
-5.482522595166048340e-01 1.646684841421463474e+01 0.000000000000000000e+00
-1.391631019522529655e+01 5.242228950386738973e+00 0.000000000000000000e+00
-6.958904254361172548e+00 1.763741398635847801e+01 0.000000000000000000e+00
7.806767519274721678e+00 8.747001122959728592e-02 0.000000000000000000e+00
-2.115441817107134970e+00 -1.511910946572730552e+01 0.000000000000000000e+00
-1.498233712493291314e+01 -8.448999448798259593e+00 0.000000000000000000e+00
-3.782889214449900894e+00 9.310210581919440287e+00 0.000000000000000000e+00
7.008496981455799579e-01 7.956323236512391261e+00 0.000000000000000000e+00
1.338269747726864267e+01 -4.784535018637001258e+00 0.000000000000000000e+00
