-9.693859634592039143e+00 -3.641232192408285329e+00 0.000000000000000000e+00
1.378674263392825949e+01 5.867949872906626396e+00 0.000000000000000000e+00
-1.483060986941665327e+00 -6.813225613990863572e+00 0.000000000000000000e+00
2.486336987444003999e+00 6.909593892865584230e+00 0.000000000000000000e+00
-1.672891044772702784e+01 2.306020012437893507e-01 0.000000000000000000e+00
-3.219204773484563020e+00 -1.058593121787656166e+01 0.000000000000000000e+00
-8.859936197295647631e+00 1.202206142595740879e+01 0.000000000000000000e+00
-6.900025319979834926e+00 8.448181422112972072e+00 0.000000000000000000e+00
-1.345694672133407899e+01 3.044655765278821313e+00 0.000000000000000000e+00
5.031050608781373334e+00 -5.215823357226824442e+00 0.000000000000000000e+00
-1.137837404090025428e+00 -1.313012341280196260e+01 0.000000000000000000e+00
6.847365982696328679e+00 2.489457500948039304e+00 0.000000000000000000e+00
-8.536065369554263427e+00 -8.996497733559939647e+00 0.000000000000000000e+00
4.009397403715309061e+00 1.167998002276692482e+01 0.000000000000000000e+00
5.049232835826277244e-01 4.321484664367869044e+00 0.000000000000000000e+00
-9.786283006927264383e-01 1.282826638039909461e+01 0.000000000000000000e+00
1.218471929427656697e+01 -1.647103668617493355e+00 0.000000000000000000e+00
4.060490246459757202e+00 -1.188292734507222548e+01 0.000000000000000000e+00
-3.733493384263478987e+00 -1.428263598267628254e+01 0.000000000000000000e+00
-1.333719011039234736e+01 4.948522457196231628e+00 0.000000000000000000e+00
-2.707643433432211921e+00 1.078626360645624338e+01 0.000000000000000000e+00
1.831976372099540118e+00 -8.088907051389773173e+00 0.000000000000000000e+00
2.464774699663774715e+00 -3.666299642361134925e+00 0.000000000000000000e+00
-1.146161079657649751e+01 1.169042166644758929e+01 0.000000000000000000e+00
9.594770191318909625e+00 -8.121282488255646470e+00 0.000000000000000000e+00
-9.504093885041717371e+00 1.373532576334018707e+01 0.000000000000000000e+00
4.711150216522141498e+00 1.741609205116441128e+00 0.000000000000000000e+00
-7.790864413518802323e+00 -4.628353341387734798e-01 0.000000000000000000e+00
7.879658072773549904e+00 6.664979689586267853e-01 0.000000000000000000e+00
-1.451150357876718999e+01 5.888035789718435886e+00 0.000000000000000000e+00
-1.028450711169419840e+01 6.588969315089836520e+00 0.000000000000000000e+00
7.720453139982725865e+00 -1.434819159079153827e+01 0.000000000000000000e+00
1.701778575463272958e+01 -2.624418312091482353e+00 0.000000000000000000e+00
9.651494842982357270e+00 1.047000346830990658e+01 0.000000000000000000e+00
8.608022743855563874e+00 8.903026225110362901e+00 0.000000000000000000e+00
1.060408436295547929e+01 -2.226040143308006536e-01 0.000000000000000000e+00
3.529946567261107226e+00 8.440399619919407570e+00 0.000000000000000000e+00
2.279319825636002328e+00 -1.204378253654138220e+01 0.000000000000000000e+00
-4.308827264876232910e+00 1.674974713238709612e+01 0.000000000000000000e+00
2.805946967022813210e-01 1.138297241070519483e+01 0.000000000000000000e+00
9.490739661048221976e+00 -1.337241121995180215e+01 0.000000000000000000e+00
-4.511417995152707583e+00 -4.533619868989021029e+00 0.000000000000000000e+00
-9.122850796995022549e+00 -1.055134927769173636e+01 0.000000000000000000e+00
-1.716000752789716444e+01 3.181354082517562798e+00 0.000000000000000000e+00
-7.123435897200145028e+00 -3.444339653571202309e+00 0.000000000000000000e+00
-1.471446655059388853e+01 2.080253356421453148e-01 0.000000000000000000e+00
1.306805788911018595e+01 -4.773503472268747494e+00 0.000000000000000000e+00
-5.392273265375026048e-01 7.735277254936891111e+00 0.000000000000000000e+00
-1.154823506808674161e+01 -1.231711508851407544e+01 0.000000000000000000e+00
1.994687630464050843e+00 -1.448556882461583051e+01 0.000000000000000000e+00
2.422886845726069716e+00 1.406795023535057476e+00 0.000000000000000000e+00
1.019656161615267287e+00 -5.298463555711347084e+00 0.000000000000000000e+00
-2.376024963928989653e+00 -9.036289929319915259e+00 0.000000000000000000e+00
-2.264622970875657337e+00 8.286742869027344582e+00 0.000000000000000000e+00
1.236776438045998461e+00 1.705383725498566605e+01 0.000000000000000000e+00
-6.392647771286974034e+00 2.894495245522229254e+00 0.000000000000000000e+00
-1.284876053983147415e+00 -1.812598642841947605e+00 0.000000000000000000e+00
-3.184116689272730172e-01 1.660085006192668899e+01 0.000000000000000000e+00
-5.851434186619874467e+00 -1.679833122430921533e+00 0.000000000000000000e+00
4.670026623566536195e+00 -1.622276253117466993e+01 0.000000000000000000e+00
-5.184263865197777044e+00 1.490134684333149195e+01 0.000000000000000000e+00
1.547018242786804976e+01 1.463470343287816222e+00 0.000000000000000000e+00
-5.935523480866516266e+00 -1.015810223019419745e+01 0.000000000000000000e+00
5.631300754719584800e-01 6.106670734315913229e+00 0.000000000000000000e+00
8.356996013305847626e+00 1.443291718401054524e+01 0.000000000000000000e+00
-2.424424809741469122e+00 -6.112006316718122667e-01 0.000000000000000000e+00
-7.596122888826570829e-01 -1.625325117867160074e+01 0.000000000000000000e+00
-1.150612818414197136e+01 -6.103684871881037033e+00 0.000000000000000000e+00
1.268828440535139634e+01 -1.115320888534301957e+01 0.000000000000000000e+00
-6.823053450759665850e+00 -5.268544141251075175e+00 0.000000000000000000e+00
-1.440666376068637256e+01 -1.813175755971107472e+00 0.000000000000000000e+00
2.934714493100214927e+00 5.050976607729406709e+00 0.000000000000000000e+00
1.035799565260870025e+01 3.650465496543288335e+00 0.000000000000000000e+00
7.321320129939573818e+00 -1.718827656711343188e+00 0.000000000000000000e+00
9.364684467949725644e+00 -5.381598190406063686e+00 0.000000000000000000e+00
9.059587516704414867e+00 1.264156985765093033e+01 0.000000000000000000e+00
-1.273689649165059024e+01 -9.900850381879248374e+00 0.000000000000000000e+00
3.265324957727818056e+00 1.649152532189934917e+01 0.000000000000000000e+00
-3.858304426134063991e+00 5.123598854359377341e+00 0.000000000000000000e+00
3.430655974060696334e+00 -8.851234561733130946e+00 0.000000000000000000e+00
-2.429573087509450779e+00 1.230330138101362714e+00 0.000000000000000000e+00
-9.369146314503121076e+00 -1.467981192673149593e+01 0.000000000000000000e+00
-2.976913945298884090e-01 9.503913918705780617e+00 0.000000000000000000e+00
1.124030410695610627e+01 -4.819173280859065045e+00 0.000000000000000000e+00
-6.094152479208780449e+00 4.773973035090449457e+00 0.000000000000000000e+00
4.945539449773426632e+00 -7.572737652910998207e+00 0.000000000000000000e+00
-1.006935278103292530e+00 5.887552304245570411e+00 0.000000000000000000e+00
1.391785365391230300e+01 -2.290383977495328072e+00 0.000000000000000000e+00
6.306461250104107741e+00 1.323840755239509193e+01 0.000000000000000000e+00
-5.794096927230943272e+00 6.276265428371125665e+00 0.000000000000000000e+00
-1.540587767802175101e+01 -7.128890861130206424e+00 0.000000000000000000e+00
-1.464146669942363133e+01 -9.464051230237927825e+00 0.000000000000000000e+00
1.299743719094961136e+01 9.819646698722849010e+00 0.000000000000000000e+00
-3.746516597496469814e+00 9.479086030557045461e+00 0.000000000000000000e+00
1.387096322846014296e+01 -6.111833296431392171e+00 0.000000000000000000e+00
-9.720508623447440044e+00 -7.928452617475982400e+00 0.000000000000000000e+00
1.329183921956479608e+01 7.398539091757506903e+00 0.000000000000000000e+00
-1.621504948146087344e+01 6.295820047399393715e+00 0.000000000000000000e+00
-1.534937744639615076e+01 -3.028458343408195752e+00 0.000000000000000000e+00
1.116974225998981041e+01 -1.269176917971669383e+01 0.000000000000000000e+00
6.617651768352352804e+00 -1.004780146905458338e+01 0.000000000000000000e+00
1.166624216179679863e+01 -8.188097715737750804e+00 0.000000000000000000e+00
1.323010842238377016e+01 2.543968678589916266e+00 0.000000000000000000e+00
-1.408883544084005024e+01 9.955130555858891839e+00 0.000000000000000000e+00
-6.782946761898577037e+00 -8.309963609070548429e+00 0.000000000000000000e+00
3.398145036450404000e+00 3.500596260625683520e+00 0.000000000000000000e+00
-7.521513852063691274e+00 -1.302720326149709962e+01 0.000000000000000000e+00
-1.297963740005346445e+01 -1.155632994106805889e+01 0.000000000000000000e+00
-7.962637187310700249e+00 9.930680709007644325e+00 0.000000000000000000e+00
6.000815810650618864e+00 -3.876380502907740944e+00 0.000000000000000000e+00
-1.263647003269460178e+01 7.529200357177548319e+00 0.000000000000000000e+00
4.958591941821461901e+00 6.519868198802933335e-02 0.000000000000000000e+00
-7.856240658033173396e+00 3.987679206958274047e+00 0.000000000000000000e+00
-1.443665553089508791e+01 7.818496702662265818e+00 0.000000000000000000e+00
-9.833739850278139016e+00 3.084227621545917231e+00 0.000000000000000000e+00
-5.257838506116658372e+00 1.263044857418967304e+01 0.000000000000000000e+00
9.337202823349342040e+00 -1.073389506768400459e+01 0.000000000000000000e+00
7.332640277681961472e+00 -5.913670067665316665e+00 0.000000000000000000e+00
-1.149817299479983035e+01 9.286113425818802725e+00 0.000000000000000000e+00
1.068869608795154491e+01 8.642520900284882401e+00 0.000000000000000000e+00
-4.178055537463255753e+00 -9.260110327087167192e+00 0.000000000000000000e+00
1.732023678416735279e+01 1.890487197493579963e+00 0.000000000000000000e+00
-1.381671376996241563e+01 -5.842781799333898185e+00 0.000000000000000000e+00
-3.055136886984267885e+00 -1.672703696217368474e+01 0.000000000000000000e+00
1.827236793611449306e+00 1.297349928497012250e+01 0.000000000000000000e+00
-9.859194643393847102e+00 9.253055697873018293e-01 0.000000000000000000e+00
-1.114667120252032895e+01 -9.174197343472595634e+00 0.000000000000000000e+00
-1.577726263523374431e-02 -2.226797972482480459e-01 0.000000000000000000e+00
-5.045542757123367750e+00 6.778531914411899395e-01 0.000000000000000000e+00
2.953365603168449205e+00 -1.593948879127947293e+01 0.000000000000000000e+00
-8.739339313062330916e+00 6.121715122633971440e+00 0.000000000000000000e+00
-4.107008002465822649e+00 -6.373307040981775806e+00 0.000000000000000000e+00
5.085665580442703115e-01 -9.569096748294668942e+00 0.000000000000000000e+00
-1.103390342150992298e+00 -4.446116428090175710e+00 0.000000000000000000e+00
5.110168938236105518e+00 5.843416533627265430e+00 0.000000000000000000e+00
1.437611459234131317e+01 4.016100002812195591e+00 0.000000000000000000e+00
7.210797631733821156e+00 6.397878389882205141e+00 0.000000000000000000e+00
1.217753254445110045e+01 4.708503029324409006e+00 0.000000000000000000e+00
-3.320871930612549594e+00 -1.257357165632484630e+01 0.000000000000000000e+00
4.055129166331930435e+00 -3.619598807723744649e+00 0.000000000000000000e+00
7.499500558974545150e+00 1.123141626406688864e+01 0.000000000000000000e+00
2.056580640298502072e+00 9.782755340015976131e+00 0.000000000000000000e+00
4.603596800061841021e-01 -3.902410831494287358e+00 0.000000000000000000e+00
-9.582423949675478170e-01 2.362285927126634544e+00 0.000000000000000000e+00
-4.311817504924158939e+00 1.120904030169341148e+01 0.000000000000000000e+00
9.391394081055022269e+00 6.660704746688888456e+00 0.000000000000000000e+00
4.806820312019078223e+00 -1.050756564251642011e+01 0.000000000000000000e+00
5.636725587242500168e+00 -2.043095453775965797e+00 0.000000000000000000e+00
1.638383817362714012e+01 -5.623913116285709002e+00 0.000000000000000000e+00
-4.532915324716078942e+00 2.846058883455290456e+00 0.000000000000000000e+00
3.789127340930967813e-01 -1.152900396458380960e+01 0.000000000000000000e+00
8.238047323402049038e-01 -1.511043093247204760e+00 0.000000000000000000e+00
6.055892360777925809e+00 -1.248289730096508166e+01 0.000000000000000000e+00
7.983000188286471399e+00 -8.809595591036162077e+00 0.000000000000000000e+00
1.485220451505820094e+01 -5.587931473891740719e-01 0.000000000000000000e+00
5.234411453477233467e-01 1.382892716178989545e+01 0.000000000000000000e+00
5.605744446677293213e-01 -7.241678354522059102e+00 0.000000000000000000e+00
3.165306217417966916e+00 -6.973205470946472140e+00 0.000000000000000000e+00
1.543302605914076331e+01 7.288570191229749362e+00 0.000000000000000000e+00
8.196195789058640102e+00 3.972368049176576932e+00 0.000000000000000000e+00
-7.391390135455783827e+00 -1.483033836722788479e+01 0.000000000000000000e+00
-1.138278792885432189e+01 4.630214068734414212e+00 0.000000000000000000e+00
-1.643017949594982241e+01 -1.497561428938960937e+00 0.000000000000000000e+00
6.107683969928958234e+00 3.965681926256348522e+00 0.000000000000000000e+00
-5.125851400989017037e+00 -1.655026108020122422e+01 0.000000000000000000e+00
-1.481147161917632360e+01 4.214613617340120300e+00 0.000000000000000000e+00
2.695480870792901662e+00 -1.037920212798351649e+01 0.000000000000000000e+00
5.878242964524897474e+00 1.068532998803384970e+01 0.000000000000000000e+00
-6.114665802631316538e+00 1.086681283541654963e+01 0.000000000000000000e+00
-1.347701670920299399e+01 -7.379752546019050286e+00 0.000000000000000000e+00
-1.137154108299763777e+01 -4.539672756676995213e+00 0.000000000000000000e+00
6.965704529718722782e+00 1.603136056786207320e+01 0.000000000000000000e+00
3.842856770115504972e+00 -2.094095482811078934e+00 0.000000000000000000e+00
8.550277795593180130e+00 -6.988424225146037116e+00 0.000000000000000000e+00
9.360912842751924146e+00 -1.979403354151732852e+00 0.000000000000000000e+00
-2.186896464277518159e+00 1.701258874738861238e+01 0.000000000000000000e+00
-1.506573961016126084e+01 2.560861043513993796e+00 0.000000000000000000e+00
-5.300555232897433910e+00 7.819814086393222397e+00 0.000000000000000000e+00
9.952342148763941410e+00 1.964871107733180411e+00 0.000000000000000000e+00
1.671906540829951737e+01 4.944550893126481661e+00 0.000000000000000000e+00
-7.594777245517292386e+00 -1.075314312105803438e+01 0.000000000000000000e+00
5.272842635837656111e+00 1.473120495195063739e+01 0.000000000000000000e+00
2.366820090233477725e+00 -2.600529871705992147e-01 0.000000000000000000e+00
-2.676790074302351385e+00 3.373893932358470238e+00 0.000000000000000000e+00
-2.792866581344666255e+00 -5.541312520932827113e+00 0.000000000000000000e+00
-3.822225637204955451e+00 -2.744030878787177663e+00 0.000000000000000000e+00
1.005208519131992384e+00 -1.681549214413816529e+01 0.000000000000000000e+00
-1.681551126561793907e+01 -4.041638556153537287e+00 0.000000000000000000e+00
1.419243848782480910e+01 -7.827605622589378420e+00 0.000000000000000000e+00
6.175320341765963228e+00 -1.425966847093360812e+01 0.000000000000000000e+00
-3.427357310765268839e+00 1.398244168963825018e+01 0.000000000000000000e+00
-7.387914263383237312e+00 -6.783697834912617353e+00 0.000000000000000000e+00
-9.596880110977464184e+00 -5.823927979876338590e+00 0.000000000000000000e+00
-8.574486161664033546e+00 7.617257955663719216e+00 0.000000000000000000e+00
-2.895151272489983718e+00 6.818229171853957382e+00 0.000000000000000000e+00
1.547253005616835075e+01 -4.027376705896627662e+00 0.000000000000000000e+00
1.264839385472198963e+01 1.861984592382354975e-01 0.000000000000000000e+00
-1.608371488014567419e+01 -5.414551550971499871e+00 0.000000000000000000e+00
1.050432356568908077e+01 -6.433285830890194568e+00 0.000000000000000000e+00
3.277007629068075190e+00 1.430110752522873696e+01 0.000000000000000000e+00
4.320316270554080518e+00 -1.429237794946226003e+01 0.000000000000000000e+00
-1.261753106239006605e+01 4.607235460161815954e-01 0.000000000000000000e+00
-1.284134026250414706e+01 -2.327691601716959546e+00 0.000000000000000000e+00
-8.038861005317521347e+00 1.444539675871668827e+01 0.000000000000000000e+00
1.095675165922716765e+01 1.302732956832077704e+01 0.000000000000000000e+00
-5.505491908971685611e+00 -1.455463528970315679e+01 0.000000000000000000e+00
-8.129737147534624953e+00 2.485365453433318272e+00 0.000000000000000000e+00
-1.071606225959299863e+01 -1.356773386526357683e+01 0.000000000000000000e+00
-1.420668321224016495e+01 -4.148727502011259283e+00 0.000000000000000000e+00
-1.130276745640309599e+01 -1.075807345719585939e+01 0.000000000000000000e+00
-1.059327768692763527e+01 -1.891338682961501538e+00 0.000000000000000000e+00
-5.694189789653719025e+00 -1.190488230457365226e+01 0.000000000000000000e+00
-9.604003894627627380e-01 1.459277131570956421e+01 0.000000000000000000e+00
-1.836268302169110411e+00 -1.131243836232668620e+01 0.000000000000000000e+00
1.830539521985186324e+00 1.522303588123449281e+01 0.000000000000000000e+00
1.460661201537944187e+01 8.671901508637109401e+00 0.000000000000000000e+00
7.867871492229348007e+00 -3.566797018327231061e+00 0.000000000000000000e+00
8.566282976474437483e-01 2.572410337432188943e+00 0.000000000000000000e+00
4.954966851523834315e+00 9.096138647992368931e+00 0.000000000000000000e+00
1.215071672309346340e+01 6.416039269486401686e+00 0.000000000000000000e+00
1.156989934267676823e+01 1.121770099139492949e+01 0.000000000000000000e+00
-9.200203134482924483e+00 -1.277401343805031786e+01 0.000000000000000000e+00
-9.843095436473248583e+00 8.582073351478657131e+00 0.000000000000000000e+00
1.104837681257759208e+01 -3.276159487516398627e+00 0.000000000000000000e+00
1.165013144509065235e+01 -9.732144842178804822e+00 0.000000000000000000e+00
-6.448773308432065754e+00 1.373825642177086159e+01 0.000000000000000000e+00
7.066094773657039418e+00 8.912480558505198047e+00 0.000000000000000000e+00
9.261480522725168640e+00 5.051632827912363233e+00 0.000000000000000000e+00
-2.509875505236613513e+00 1.248395282842999698e+01 0.000000000000000000e+00
-6.524830319408081891e+00 1.581049152126255741e+01 0.000000000000000000e+00
7.935913111083939597e+00 -1.285549297878050012e+01 0.000000000000000000e+00
4.687115516990739472e+00 7.298929730760995049e+00 0.000000000000000000e+00
-1.071010842643184136e+00 -9.874565656570272409e+00 0.000000000000000000e+00
7.852179431873631543e+00 -1.098100003316508122e+01 0.000000000000000000e+00
-1.150571027558743253e+01 3.039551194478928409e+00 0.000000000000000000e+00
6.561454931036569072e+00 -2.541680402733255129e-01 0.000000000000000000e+00
4.752455579254930562e-01 -1.308915222810226275e+01 0.000000000000000000e+00
-1.041351645688830985e+01 1.047485562016152194e+01 0.000000000000000000e+00
1.703065251602669861e+01 -6.743582260313726318e-01 0.000000000000000000e+00
-1.524701253280895008e+00 -1.459889584369571303e+01 0.000000000000000000e+00
-6.699755524734292145e+00 9.623201165286112690e-01 0.000000000000000000e+00
-9.314208347798453858e+00 4.647546745164016002e+00 0.000000000000000000e+00
1.911582103371163743e+00 1.136554269993563615e+01 0.000000000000000000e+00
-9.616712256574823314e+00 -7.370246909893665155e-01 0.000000000000000000e+00
7.171944280785116810e+00 -1.575413052930935009e+01 0.000000000000000000e+00
-5.763611316334785961e+00 -6.931164739795070417e+00 0.000000000000000000e+00
1.580994576193780077e+01 3.156671509822686517e+00 0.000000000000000000e+00
6.483613278855144380e+00 -8.322824713026887977e+00 0.000000000000000000e+00
-1.301623700201570522e+01 1.111700253159126461e+01 0.000000000000000000e+00
-2.520294235899969149e+00 -3.515454857217706230e+00 0.000000000000000000e+00
1.205383170984004870e+01 1.583225546995555399e+00 0.000000000000000000e+00
1.258542413252929393e+01 -3.201159592894017081e+00 0.000000000000000000e+00
-7.124793272587544912e+00 1.199370721918422866e+01 0.000000000000000000e+00
-8.694332108731530617e-01 -8.216542694625520227e+00 0.000000000000000000e+00
-4.783734297274947700e+00 -1.320434498118364175e+01 0.000000000000000000e+00
1.351068489712687359e+01 -9.356424388816517279e+00 0.000000000000000000e+00
