1.630059739427218046e+00 -1.757599353342623738e-01 0.000000000000000000e+00
1.462894116700434388e+01 3.597049496067424190e+00 0.000000000000000000e+00
5.230020459172834535e+00 2.728603935698312721e+00 0.000000000000000000e+00
-1.303772108750522030e+01 -2.069793901708754935e-01 0.000000000000000000e+00
-2.512544763258798941e+00 -1.536117399039790499e+01 0.000000000000000000e+00
3.400621950390360748e+00 -3.676568917946158255e+00 0.000000000000000000e+00
2.262755050255447653e+00 1.220876212509368841e+01 0.000000000000000000e+00
1.547698264131573964e+01 6.848874474735872298e+00 0.000000000000000000e+00
-1.237314829155312168e+01 -5.058746489558927806e+00 0.000000000000000000e+00
-5.909989558439424862e+00 -5.188118125749454634e+00 0.000000000000000000e+00
3.575102255640566273e+00 -1.075181297989190909e+01 0.000000000000000000e+00
-1.872617103318952481e+00 1.777084430622779365e+01 0.000000000000000000e+00
-1.625331171447105305e+01 5.860833787801246864e+00 0.000000000000000000e+00
-9.040074381296724582e+00 -1.640544529806561513e+01 0.000000000000000000e+00
-9.930885635275908285e+00 1.457723816614990220e+01 0.000000000000000000e+00
5.397968605863803226e-01 -1.667601168153935731e+01 0.000000000000000000e+00
-9.086434748741543999e+00 1.950017312189520569e+00 0.000000000000000000e+00
-7.636303238527889725e+00 -1.739230215615633313e+01 0.000000000000000000e+00
-3.685002117192625271e+00 -6.545663762512917039e+00 0.000000000000000000e+00
6.209764276229143398e+00 5.891441648528169317e+00 0.000000000000000000e+00
2.467994764221173920e+00 2.480875745475051186e+00 0.000000000000000000e+00
4.112887018759298741e+00 7.897072206826814877e+00 0.000000000000000000e+00
-9.819720707337593169e+00 -2.615519936188277050e+00 0.000000000000000000e+00
7.785861214122917318e+00 1.400564214298850452e+01 0.000000000000000000e+00
-1.820372553248371972e+01 -5.082345214825995328e+00 0.000000000000000000e+00
1.020323695720656154e+01 1.345443069569432915e+01 0.000000000000000000e+00
3.130076031199251929e+00 1.457397099453897837e+01 0.000000000000000000e+00
-9.570745824867757934e-01 -7.297740274522882764e+00 0.000000000000000000e+00
4.889704102783625217e+00 -1.578052086500292184e+01 0.000000000000000000e+00
-4.149416970303596131e+00 1.829232343768025260e+01 0.000000000000000000e+00
4.573450914778107723e+00 1.604448207696308870e+01 0.000000000000000000e+00
-8.588012560146706109e-01 -1.842993952030242610e+01 0.000000000000000000e+00
1.610596324399206836e+01 8.532742263445372899e+00 0.000000000000000000e+00
-2.908751069323324057e+00 -2.714608811518594234e+00 0.000000000000000000e+00
-6.832981809808154061e-01 -7.041738693535785076e-01 0.000000000000000000e+00
-1.105076061083012107e+01 8.500134116919113580e+00 0.000000000000000000e+00
-3.471107324786955495e+00 -1.395699997550025095e+01 0.000000000000000000e+00
8.154614022075715951e+00 -1.371591856074650195e+01 0.000000000000000000e+00
-1.997440316330785226e+00 -8.735104271990465463e+00 0.000000000000000000e+00
-9.607421319077046107e+00 1.304905310954034547e+01 0.000000000000000000e+00
3.292954442733877496e+00 -1.817832712828649377e+01 0.000000000000000000e+00
1.449697690325704080e+01 -9.539457337614173582e+00 0.000000000000000000e+00
-4.772991241592739797e+00 -1.582620714759609548e+01 0.000000000000000000e+00
1.681099018736743611e+00 -2.197535104998180167e+00 0.000000000000000000e+00
2.137920803146255100e+00 7.238024322906149166e+00 0.000000000000000000e+00
-1.089570839276192338e+01 2.754371074172593303e+00 0.000000000000000000e+00
9.113968162392483308e+00 7.582614297755711164e+00 0.000000000000000000e+00
1.024695961641713460e+01 1.510148535518116830e+01 0.000000000000000000e+00
-5.758912456980764816e+00 1.244434883305716610e+01 0.000000000000000000e+00
3.403173666332901082e+00 6.526326462529723482e-01 0.000000000000000000e+00
6.378006683866958682e+00 1.003523166937071487e+01 0.000000000000000000e+00
1.457980425056412699e+01 1.853138384056911336e+00 0.000000000000000000e+00
9.550613725008746613e+00 -1.209008916850191362e+01 0.000000000000000000e+00
1.463638568738752976e+00 5.851588707755452923e+00 0.000000000000000000e+00
1.176718832118293534e+01 4.835299294802761771e+00 0.000000000000000000e+00
1.298922260643744409e+01 -1.104173261294431008e+01 0.000000000000000000e+00
-8.827235505985839836e+00 7.347721441909413898e+00 0.000000000000000000e+00
-7.637511510714015017e+00 -1.173909727222731725e+01 0.000000000000000000e+00
5.640020287767223195e+00 -9.704717043005343768e+00 0.000000000000000000e+00
1.202032896133458628e+01 3.136812220423517150e-01 0.000000000000000000e+00
-4.089490277263048590e+00 -1.088935113816451228e+01 0.000000000000000000e+00
-5.142591506697613113e+00 -1.620578808646677693e-01 0.000000000000000000e+00
-1.215798826808721955e+01 1.801401651973242535e+00 0.000000000000000000e+00
-9.643799843902408853e+00 -1.116136416599712256e+01 0.000000000000000000e+00
-9.964717863963379330e+00 -4.243928544622332488e+00 0.000000000000000000e+00
-1.272132545354103961e+01 5.527495053830770999e+00 0.000000000000000000e+00
-1.601528901025048057e+01 3.795279139338640029e+00 0.000000000000000000e+00
-2.363954379547453133e+00 6.901264505638569524e+00 0.000000000000000000e+00
1.866911256367454541e+01 -1.072070429340604258e+00 0.000000000000000000e+00
-2.705742056893427616e+00 1.283289288735810274e+01 0.000000000000000000e+00
-1.542161184456206513e+01 7.701740963567793585e+00 0.000000000000000000e+00
-7.800108583212164604e+00 3.664115391900851115e+00 0.000000000000000000e+00
-1.554341178815918312e+01 1.007991512890627028e+01 0.000000000000000000e+00
-1.281326171755281251e+01 -6.635660329514710298e+00 0.000000000000000000e+00
1.055323286763710122e+01 -1.030737799096686302e+01 0.000000000000000000e+00
6.138806143107522928e+00 -5.360945652365522562e+00 0.000000000000000000e+00
8.283743399364801974e+00 -7.903460592390112893e+00 0.000000000000000000e+00
-7.316080548459126476e+00 9.753782441335808073e+00 0.000000000000000000e+00
-5.275505658066025561e+00 -2.230148054608261710e+00 0.000000000000000000e+00
1.153286372262815496e+00 -1.119319644005752501e+01 0.000000000000000000e+00
-7.771432919537504702e+00 -1.511039881844441446e+01 0.000000000000000000e+00
3.507822593680014478e+00 9.748394937802489224e+00 0.000000000000000000e+00
-3.160505188686862699e+00 1.585872709726480601e+01 0.000000000000000000e+00
1.051020215355252496e+01 -8.136844153238849131e+00 0.000000000000000000e+00
7.390842130596629644e+00 -6.323346760245301290e+00 0.000000000000000000e+00
1.602270796110398354e+00 -7.490007748403177956e+00 0.000000000000000000e+00
2.989580237324207967e+00 1.832816847237697289e+01 0.000000000000000000e+00
6.041152590364260888e+00 1.720360232657156985e+01 0.000000000000000000e+00
1.270614381262521597e+01 -5.795292012540015136e+00 0.000000000000000000e+00
-1.749019844450218297e+00 -4.012242951861133555e+00 0.000000000000000000e+00
7.556692843444227314e+00 -2.534152813197303455e+00 0.000000000000000000e+00
-7.430943067905629640e+00 1.555333471118552913e+00 0.000000000000000000e+00
-1.298194257621393533e+01 8.053733921314858435e+00 0.000000000000000000e+00
-3.852367757679290294e-01 1.671908407605572577e+01 0.000000000000000000e+00
-3.809245863198518656e+00 -4.461075208386727553e+00 0.000000000000000000e+00
-6.406416974695140709e+00 -1.051291118825628246e+01 0.000000000000000000e+00
-3.930999490832762788e+00 3.499510320105325256e+00 0.000000000000000000e+00
-6.263800308042969611e+00 3.273785126028189385e+00 0.000000000000000000e+00
1.652986513501377175e+01 -1.366417583584014661e+00 0.000000000000000000e+00
9.364152325861049064e+00 -1.534475944859139496e+01 0.000000000000000000e+00
-1.052367604627732689e+01 -1.425406934946190951e+01 0.000000000000000000e+00
1.632350208613343767e+01 3.439229303464433674e+00 0.000000000000000000e+00
1.158872991831882970e+01 -1.193736704514019387e+01 0.000000000000000000e+00
-5.508642855668082206e+00 5.462254399813381234e+00 0.000000000000000000e+00
4.300811698198349298e+00 -8.720795450965027840e+00 0.000000000000000000e+00
-1.671454632663979112e+01 -7.955621397213801238e+00 0.000000000000000000e+00
3.624785659922542536e+00 -1.043928603374892017e+00 0.000000000000000000e+00
1.163932115947103441e+01 1.093513332986787923e+01 0.000000000000000000e+00
1.318679948516090583e+01 1.273751169786674176e+01 0.000000000000000000e+00
-6.996704897341819773e+00 -1.373359782175544375e+01 0.000000000000000000e+00
-8.724231858844353482e+00 4.923270256065779726e+00 0.000000000000000000e+00
-1.677379656742368663e+00 9.468052067892422485e+00 0.000000000000000000e+00
6.201800811197047736e+00 1.414602664654180053e+01 0.000000000000000000e+00
1.284697901249897711e+01 1.763575123677148859e+00 0.000000000000000000e+00
8.090637878256261573e+00 5.940867912055091793e+00 0.000000000000000000e+00
1.673659334981473990e+01 1.256511887087853774e+00 0.000000000000000000e+00
1.589089130925031235e+01 -8.046756383929741574e+00 0.000000000000000000e+00
-1.404581641309136408e+01 -8.350403540152600002e+00 0.000000000000000000e+00
5.854334136580016335e+00 1.726199605745436239e-01 0.000000000000000000e+00
-1.567865404440159871e+01 -2.102733347288041177e+00 0.000000000000000000e+00
-5.628244173358910807e+00 1.707997469885840047e+01 0.000000000000000000e+00
5.755315429323023757e+00 8.217483472825458435e+00 0.000000000000000000e+00
-5.767072209895889756e+00 9.230659265322215035e+00 0.000000000000000000e+00
-1.854347159667178335e+00 2.694737483907169384e+00 0.000000000000000000e+00
-6.871518447575170052e-01 -1.025848567494733565e+01 0.000000000000000000e+00
-1.112264429131370136e+00 7.739140124918196806e-01 0.000000000000000000e+00
1.760585587755825188e+01 -3.284244683089592609e+00 0.000000000000000000e+00
-7.364443969400467083e+00 -2.751970263582323994e+00 0.000000000000000000e+00
2.215883397823044998e+00 -1.257327539757088353e+01 0.000000000000000000e+00
1.822637155991815167e-02 1.856514014145638569e+01 0.000000000000000000e+00
5.658139887296036008e+00 -2.458438885009927688e+00 0.000000000000000000e+00
-1.784967242698261103e+01 2.728293574263680021e+00 0.000000000000000000e+00
-9.209473215795153322e+00 -8.739449250786586632e+00 0.000000000000000000e+00
9.725590581118580269e-02 -1.399933623676343508e+01 0.000000000000000000e+00
8.128569756525470424e+00 1.633982241723548112e+00 0.000000000000000000e+00
-8.604291328669864569e+00 -6.168571026739296137e+00 0.000000000000000000e+00
-1.233072785753767242e+01 -1.344488705754241487e+01 0.000000000000000000e+00
-1.280207398081710579e+01 1.087657400776209471e+01 0.000000000000000000e+00
-1.007564809969133890e+01 6.328798077147220980e+00 0.000000000000000000e+00
1.324309074858797075e+01 8.927608915829663871e+00 0.000000000000000000e+00
-1.162768497705786430e+01 -8.765661841781788866e+00 0.000000000000000000e+00
1.408286112679508584e+01 -4.210146441606988255e+00 0.000000000000000000e+00
1.113358394369567250e+01 1.690093514588771884e+00 0.000000000000000000e+00
-1.411462487090039630e+01 -1.822318667294112293e+00 0.000000000000000000e+00
-4.368727063623174089e+00 1.161051213831376749e+01 0.000000000000000000e+00
7.152214022931729254e+00 -1.067403263298264449e+01 0.000000000000000000e+00
1.487053831309128604e+01 -2.020237716527192973e+00 0.000000000000000000e+00
6.842331830229006151e+00 -1.220752934739378048e+01 0.000000000000000000e+00
-1.594613186040810682e+01 -4.223064227913519098e+00 0.000000000000000000e+00
-1.738613864979094359e+01 -8.050278034541918926e-01 0.000000000000000000e+00
1.716128698448390821e+01 5.468604860728064843e+00 0.000000000000000000e+00
-2.357252589692747868e+00 -1.200436217820011464e+01 0.000000000000000000e+00
-4.887254962249338308e-01 4.553352908315428493e+00 0.000000000000000000e+00
-1.659230151720904445e+01 7.141558345755636417e-01 0.000000000000000000e+00
-1.081059116455242730e+01 7.962605225370861239e-02 0.000000000000000000e+00
-1.748331059757747941e+00 -1.682359188774691461e+01 0.000000000000000000e+00
-1.431450543035524703e+01 5.911927518829418027e+00 0.000000000000000000e+00
-5.316242624361056990e+00 7.572666296552579723e+00 0.000000000000000000e+00
-1.220233820569361916e+00 1.210956493715444005e+01 0.000000000000000000e+00
6.920374855912920786e+00 1.182085647834828812e+01 0.000000000000000000e+00
7.909193076516443099e+00 8.874505272447944293e+00 0.000000000000000000e+00
-1.739114161007081805e+01 -2.495063807482960971e+00 0.000000000000000000e+00
1.081392835301059741e+01 -1.369023808001620068e+01 0.000000000000000000e+00
4.340959032420740882e-01 9.527733738547700781e+00 0.000000000000000000e+00
2.113558852405558408e+00 -1.523223764346441023e+01 0.000000000000000000e+00
-1.129803142110327840e+01 4.443411940854650410e+00 0.000000000000000000e+00
-2.344571377859152150e+00 4.375899806906470069e+00 0.000000000000000000e+00
1.039638993751571050e+01 -4.827500554157637680e+00 0.000000000000000000e+00
-1.183134332155854018e+01 1.218816693341712387e+01 0.000000000000000000e+00
9.344194948810489620e+00 4.608092835179818714e+00 0.000000000000000000e+00
1.219989060579697915e+00 4.127714726757568009e+00 0.000000000000000000e+00
-1.459344992979865552e+01 -9.892927183101985378e+00 0.000000000000000000e+00
8.100664272271796307e+00 -1.632855203346594308e+01 0.000000000000000000e+00
1.588839671990283264e+01 1.037053165315981218e+01 0.000000000000000000e+00
-4.449300479571283162e+00 -8.190545028555877849e+00 0.000000000000000000e+00
1.337219041140757803e+01 -3.562129286703625830e-01 0.000000000000000000e+00
1.099022241459209859e+01 -1.385821667506618615e+00 0.000000000000000000e+00
-5.864067892349707378e+00 -8.917453853561751131e+00 0.000000000000000000e+00
1.103276671190824842e+01 9.192209491059045945e+00 0.000000000000000000e+00
-1.411044576041171617e+01 2.556462353960437639e+00 0.000000000000000000e+00
-7.017194868325221435e+00 1.584136486044193148e+01 0.000000000000000000e+00
-3.667139692336753298e-01 -5.150889408982521012e+00 0.000000000000000000e+00
1.064452974073778257e+01 7.658018008925009390e+00 0.000000000000000000e+00
8.720153382130236608e+00 -9.763175982134940645e-01 0.000000000000000000e+00
-1.346761892754729217e+01 -3.950593826569999578e+00 0.000000000000000000e+00
-8.296877572706518045e-01 7.708904814263677352e+00 0.000000000000000000e+00
-1.454709020969877287e+01 1.215867760989493540e+01 0.000000000000000000e+00
-3.868364234388073974e+00 1.008908647149089433e+01 0.000000000000000000e+00
8.431938899444993751e+00 1.242643819213697576e+01 0.000000000000000000e+00
6.598855159451584740e+00 -1.598672679339945901e+01 0.000000000000000000e+00
-1.043031499376602689e+01 -6.781024656494883729e+00 0.000000000000000000e+00
-7.587347807249406273e+00 1.216614577416462950e+01 0.000000000000000000e+00
-1.375557201261929663e+01 -1.271401740996548213e+01 0.000000000000000000e+00
-7.420969328259838349e+00 1.737568040850612050e+01 0.000000000000000000e+00
5.393609415338432633e+00 1.246226033287336854e+01 0.000000000000000000e+00
3.881146432268427926e+00 -1.352593687806477618e+01 0.000000000000000000e+00
1.320707688803803848e+00 -4.339294976534928239e+00 0.000000000000000000e+00
1.860950818926021544e+00 -9.642601822511050358e+00 0.000000000000000000e+00
1.751882539498295799e+01 -5.776922885178913170e+00 0.000000000000000000e+00
1.499377682983930526e+01 -6.820040457162210856e+00 0.000000000000000000e+00
8.412964642850367269e+00 1.545833724290431554e+01 0.000000000000000000e+00
7.423470215356211099e+00 4.164499704729730745e+00 0.000000000000000000e+00
1.071564449533353169e+01 -6.458528180122947937e+00 0.000000000000000000e+00
-6.985394638065776540e+00 6.932538141267172271e+00 0.000000000000000000e+00
1.543086377697002121e+01 -5.298318658675776227e+00 0.000000000000000000e+00
4.355483853047079634e+00 1.132208251415323019e+01 0.000000000000000000e+00
-1.521834685890619099e+01 -3.022791408682151681e-01 0.000000000000000000e+00
2.797935466005923910e+00 -5.383797946043789473e+00 0.000000000000000000e+00
-9.490326119277142425e+00 9.356082084227042017e+00 0.000000000000000000e+00
-6.075010016779488486e-01 1.467063101416999693e+01 0.000000000000000000e+00
1.530966838995412793e+01 -1.105853915492882678e+01 0.000000000000000000e+00
-1.835553450233280870e+01 7.331239672408369490e-01 0.000000000000000000e+00
1.016003786078727167e+01 1.140230256546189302e+01 0.000000000000000000e+00
1.808044027531582643e+01 2.976160145896704634e+00 0.000000000000000000e+00
-4.737868848910303576e+00 -1.242908567534550102e+01 0.000000000000000000e+00
1.219109725498149288e+01 7.792405493693969731e+00 0.000000000000000000e+00
3.947638620894299510e+00 5.856317046803726889e+00 0.000000000000000000e+00
-1.232523549505215144e+01 -2.171737367212304815e+00 0.000000000000000000e+00
9.156886753134484636e+00 -5.702087238701251337e+00 0.000000000000000000e+00
5.509717545522670790e+00 -1.432277009354616659e+01 0.000000000000000000e+00
4.971169626720064905e+00 -7.071375469788363510e+00 0.000000000000000000e+00
-1.545544893006331399e+01 -6.487432955917221911e+00 0.000000000000000000e+00
-5.919148048587167033e+00 -1.788566230334924256e+01 0.000000000000000000e+00
9.183444846229043890e+00 1.013852285928617469e+01 0.000000000000000000e+00
-4.208896041814432110e+00 1.912883826101367202e+00 0.000000000000000000e+00
-8.930452247659223630e+00 1.632439969550302195e+01 0.000000000000000000e+00
-8.572461957636232199e+00 -1.517291337503900106e+00 0.000000000000000000e+00
-7.553475259807817643e+00 -4.769857796519618276e+00 0.000000000000000000e+00
-1.283816704236307693e+01 -1.004429921073061216e+01 0.000000000000000000e+00
-4.500914229626361340e+00 1.471339930596189483e+01 0.000000000000000000e+00
1.375502275799428276e+01 -8.188527573429970730e+00 0.000000000000000000e+00
1.607234187691790828e+00 1.656444549070011973e+01 0.000000000000000000e+00
-1.164465986407973830e+01 7.099069107061329653e+00 0.000000000000000000e+00
-1.413105565731595448e+01 -5.548728654144307271e+00 0.000000000000000000e+00
-4.117523382944939137e+00 -1.817487547809694703e+01 0.000000000000000000e+00
4.367848317565268701e+00 -4.918555999032680148e+00 0.000000000000000000e+00
-6.805396536308935929e+00 -2.265964633592002231e-01 0.000000000000000000e+00
9.597140843130945953e+00 -2.745255568553761627e+00 0.000000000000000000e+00
1.192858035386700344e+01 -4.233524274983782476e+00 0.000000000000000000e+00
1.447146874772771952e+01 1.088301296305730403e+01 0.000000000000000000e+00
-1.864686221387493292e+00 -1.358041107340606146e+01 0.000000000000000000e+00
1.288111509863803938e+01 3.309212960251586733e+00 0.000000000000000000e+00
-6.456250155314046779e+00 -1.608881298746313604e+01 0.000000000000000000e+00
-5.993198993549417430e+00 1.414656175882986133e+01 0.000000000000000000e+00
1.848078088477206782e+00 1.051663644490386673e+01 0.000000000000000000e+00
1.993431981437325806e-01 2.901043067960888511e+00 0.000000000000000000e+00
-2.658432974735250642e+00 4.725553289585929240e-01 0.000000000000000000e+00
-9.482755609274537534e+00 1.119585612275927033e+01 0.000000000000000000e+00
9.574660445718020441e+00 2.090266709595108185e+00 0.000000000000000000e+00
1.204261292036474096e+01 1.407107809516154262e+01 0.000000000000000000e+00
1.595395187909309120e+00 -1.850007067023447505e+01 0.000000000000000000e+00
4.290815185853437130e-01 1.052466778837339412e+00 0.000000000000000000e+00
8.896150348602235525e+00 -9.914626169246677279e+00 0.000000000000000000e+00
-1.319990345979031332e+01 1.364484532163876551e+01 0.000000000000000000e+00
4.095480742515328565e+00 1.336263699580476150e+01 0.000000000000000000e+00
-1.743912022929250583e+01 -6.411569075437968834e+00 0.000000000000000000e+00
