-1.296324202734893127e+01 -1.122176638462971532e+01 0.000000000000000000e+00
1.572519987018926146e+00 -1.623886986219660500e+01 0.000000000000000000e+00
3.342716588210264295e+00 -7.301113249901843183e+00 0.000000000000000000e+00
6.463466105645791160e+00 -1.040674290782108180e+01 0.000000000000000000e+00
3.634068712969166004e+00 -1.263225977949606715e+01 0.000000000000000000e+00
1.238868873709017571e+01 -1.101169726304674867e+01 0.000000000000000000e+00
1.436412057191660629e+01 -1.692532610597886844e+00 0.000000000000000000e+00
8.052586285853285730e+00 8.786919045921125715e+00 0.000000000000000000e+00
8.078046937019228713e-01 8.446237360612190770e+00 0.000000000000000000e+00
-2.725699757391772504e+00 1.404091476293873342e+01 0.000000000000000000e+00
1.102698825513618885e+01 -3.075604059848195959e-01 0.000000000000000000e+00
-1.084336488835833912e+01 1.886666761396798009e+00 0.000000000000000000e+00
1.000354233697402684e+01 -1.256531424352160542e+01 0.000000000000000000e+00
1.079267078181764994e+01 -6.085300537243194974e+00 0.000000000000000000e+00
1.172325602754469642e+01 3.058526776808151215e+00 0.000000000000000000e+00
-7.005630184982249098e+00 -5.870549859067559773e+00 0.000000000000000000e+00
-1.072832181379613026e+01 9.237289971183031412e+00 0.000000000000000000e+00
-6.634167756080712408e+00 1.020156208370530493e+01 0.000000000000000000e+00
-4.931972108358451679e-01 -1.207102277091912090e-01 0.000000000000000000e+00
-5.282449101314077744e+00 -3.046316471988778751e+00 0.000000000000000000e+00
8.106054158760324091e-01 -8.080662054083521895e+00 0.000000000000000000e+00
3.792851149521462517e+00 7.736100501123966744e+00 0.000000000000000000e+00
-1.891656009987257692e+00 -1.437123178670946544e+01 0.000000000000000000e+00
3.955043515185659775e+00 -1.157416739117552051e+00 0.000000000000000000e+00
1.521505280542628746e+01 1.157966071229069138e+00 0.000000000000000000e+00
-1.541064176814465014e+01 2.115864936551017372e+00 0.000000000000000000e+00
-5.767501456098917068e+00 5.934156486517841778e+00 0.000000000000000000e+00
1.053098290573268692e+01 -8.382189503417198040e+00 0.000000000000000000e+00
8.191397478903256868e+00 1.205227331340233832e+01 0.000000000000000000e+00
1.454136009896215320e+01 -3.480845638876185699e+00 0.000000000000000000e+00
1.443510749272523697e+01 8.904221543041519027e+00 0.000000000000000000e+00
4.382056235880023465e+00 1.647227645324734979e+01 0.000000000000000000e+00
-1.080756515779011906e+01 -1.211703972652717276e+01 0.000000000000000000e+00
-8.196138006840353540e+00 1.035102048422899657e+01 0.000000000000000000e+00
-8.119971475067410793e+00 1.371591299412169462e+01 0.000000000000000000e+00
-1.421084249615734052e+01 -3.479684523305490274e+00 0.000000000000000000e+00
2.738259751812753273e-01 -1.354399327286022192e+01 0.000000000000000000e+00
-1.455258486606236978e+01 6.816842662010079934e+00 0.000000000000000000e+00
5.471285416119158640e+00 1.533998905043015526e+01 0.000000000000000000e+00
-4.814212383586193411e+00 1.239815479241392815e+01 0.000000000000000000e+00
-1.126707787964311258e+01 1.333696576468256900e+01 0.000000000000000000e+00
-1.387669677555107839e+01 -6.538874096666034141e+00 0.000000000000000000e+00
2.518453069532640698e-01 -4.896431474992458455e+00 0.000000000000000000e+00
1.286331669167814340e+01 6.031608804678869618e+00 0.000000000000000000e+00
7.566175953066546001e+00 -3.575446074434874610e+00 0.000000000000000000e+00
1.118043419409219474e+01 1.202507710505653371e+01 0.000000000000000000e+00
6.900249098632929901e+00 -7.239105097201011141e+00 0.000000000000000000e+00
-1.310817398229959707e+01 4.726911169691913273e+00 0.000000000000000000e+00
4.492150334485353724e+00 1.089038778057195422e+01 0.000000000000000000e+00
6.393871691450445205e+00 -1.461832008770478586e+00 0.000000000000000000e+00
-6.070940898224706395e+00 4.314039759656639106e+00 0.000000000000000000e+00
-8.984114124438102422e+00 6.366365066241830295e-01 0.000000000000000000e+00
4.731966753799049519e-01 1.207459301166107934e+01 0.000000000000000000e+00
-1.376849491353480026e+01 8.413167977713680301e+00 0.000000000000000000e+00
2.345673991957764493e+00 -5.949309231233089079e+00 0.000000000000000000e+00
-4.521104947313330236e+00 1.934817307192267855e+00 0.000000000000000000e+00
-3.076581867081224608e+00 -1.333541420115774923e+00 0.000000000000000000e+00
3.969639873824504672e+00 -5.132056894741094055e+00 0.000000000000000000e+00
-3.674969019397401393e+00 3.182367187643903694e+00 0.000000000000000000e+00
8.855551567030676807e+00 7.401382591040799319e+00 0.000000000000000000e+00
1.776632710882426247e+00 -1.259810195274135047e+01 0.000000000000000000e+00
6.199854395356730663e+00 1.132891944761960268e+01 0.000000000000000000e+00
-1.742582254451682910e+00 -8.693187574045888155e+00 0.000000000000000000e+00
9.665103573905318157e+00 9.189730334370963760e+00 0.000000000000000000e+00
-1.598844190291544232e+00 -5.250634192004904222e+00 0.000000000000000000e+00
-1.343459222846789913e+01 5.046008087069699943e-01 0.000000000000000000e+00
1.318667268851169361e+01 8.001310101991634838e+00 0.000000000000000000e+00
-1.124190391992084370e+00 6.101175615954445242e+00 0.000000000000000000e+00
1.471351057419942343e+01 -5.683924503970718689e+00 0.000000000000000000e+00
1.742541770094861775e+00 1.315476419187769075e+01 0.000000000000000000e+00
6.787738437384585488e+00 4.076115712460929075e+00 0.000000000000000000e+00
-5.269994662392799789e+00 -1.336975618096128215e+01 0.000000000000000000e+00
-1.619877262671340024e+00 1.025563003775932236e+00 0.000000000000000000e+00
8.513187290468042789e+00 4.190868944269072749e+00 0.000000000000000000e+00
1.614830614865304526e+01 -1.692533857859126245e+00 0.000000000000000000e+00
-7.328796144641168908e+00 -2.282435733505133735e-01 0.000000000000000000e+00
-5.446937265370263681e+00 -1.597354414829336555e+01 0.000000000000000000e+00
6.274960906801188898e+00 5.612620663659731335e+00 0.000000000000000000e+00
1.189139712104196356e+01 -1.843352686593767276e+00 0.000000000000000000e+00
-5.097848476941333473e+00 -7.707892995645400980e+00 0.000000000000000000e+00
1.569428273347605263e+01 4.069978005716429870e+00 0.000000000000000000e+00
4.337498686015358373e+00 -9.847375286117994619e+00 0.000000000000000000e+00
1.744883636377389857e+00 5.069003401484348359e+00 0.000000000000000000e+00
-1.734741150696511625e+01 4.366257877481254379e-01 0.000000000000000000e+00
6.478585612318350506e+00 2.598466440975712555e+00 0.000000000000000000e+00
1.032535669435332260e+01 4.840546808808634971e+00 0.000000000000000000e+00
-1.021040748391850528e+01 -6.319295939941703466e+00 0.000000000000000000e+00
-1.242130014313237396e+01 1.053345109463688978e+01 0.000000000000000000e+00
-6.442284383835716888e+00 1.493513264726502365e+00 0.000000000000000000e+00
7.143412574329542686e+00 1.333936491346180730e+01 0.000000000000000000e+00
5.187861717365320757e+00 1.341909062552563014e+01 0.000000000000000000e+00
-7.416786667079734663e+00 1.568210342588420048e+01 0.000000000000000000e+00
6.573306519606394893e+00 -1.363759558300550978e+01 0.000000000000000000e+00
-1.270548867188256459e+01 -8.305089356541355272e+00 0.000000000000000000e+00
3.223185988464508878e+00 -1.448185840718289263e+01 0.000000000000000000e+00
-1.215320264035384312e+01 -4.359350571023121290e+00 0.000000000000000000e+00
-1.215627514817373855e+00 -1.099795060171985028e+01 0.000000000000000000e+00
6.006274336901603839e+00 -4.720417305177174505e+00 0.000000000000000000e+00
-1.171312927224414224e+01 6.550013006444925345e+00 0.000000000000000000e+00
-7.046767975118507721e+00 -9.580048609188896336e+00 0.000000000000000000e+00
1.144726077676480358e+01 -3.854391283999439199e+00 0.000000000000000000e+00
-7.227140587654595771e-01 1.449677601191869414e+01 0.000000000000000000e+00
1.446708489810601250e+01 -7.403233358875108472e+00 0.000000000000000000e+00
8.093594872338026880e-01 8.621413732845554234e-01 0.000000000000000000e+00
1.402778478795869432e+01 4.655289417060152424e+00 0.000000000000000000e+00
4.220936580912876046e+00 2.140992824732343980e+00 0.000000000000000000e+00
-1.734878718667675512e+00 1.045743192219100237e+01 0.000000000000000000e+00
3.362541736620887178e+00 -2.607147031894765821e+00 0.000000000000000000e+00
1.669580572766817994e+01 -4.700631803053843427e+00 0.000000000000000000e+00
-7.798885388491489046e+00 -1.381158012891665798e+01 0.000000000000000000e+00
-3.367986672601400500e+00 1.604975884124315755e+01 0.000000000000000000e+00
8.873516871657015415e+00 1.832272683635531196e+00 0.000000000000000000e+00
-5.462674293163433781e+00 3.510531116361289561e-01 0.000000000000000000e+00
3.640474804062314274e+00 6.202063870536818513e+00 0.000000000000000000e+00
9.212645243564997477e-01 6.929960296179349832e+00 0.000000000000000000e+00
-2.562828122207727599e+00 -3.822997254955796009e+00 0.000000000000000000e+00
-1.720160631322820777e+01 2.332758325299512325e+00 0.000000000000000000e+00
4.505041502458730363e-01 3.370714310830755789e+00 0.000000000000000000e+00
-1.042931649813617412e+01 -1.069230805845426957e+00 0.000000000000000000e+00
6.775968239716963382e+00 7.256253038634254970e+00 0.000000000000000000e+00
-1.030937359724326363e+01 3.817404291038311470e+00 0.000000000000000000e+00
-1.303419742354264343e+01 -1.803397855296486441e+00 0.000000000000000000e+00
1.130508484155417115e+01 5.980309744255341009e+00 0.000000000000000000e+00
-1.251439662422610732e+00 1.642942501757729090e+01 0.000000000000000000e+00
1.627790181647209522e+01 2.476622691389980258e+00 0.000000000000000000e+00
6.283230697165611112e+00 8.815946097355867650e+00 0.000000000000000000e+00
-4.122410089767150509e+00 -1.231061280434340333e+01 0.000000000000000000e+00
1.220446976735109423e+01 -9.110888335719470987e+00 0.000000000000000000e+00
-8.669265153406932711e+00 6.916017528130978143e+00 0.000000000000000000e+00
8.194625796314360500e+00 -2.555832602677723941e-01 0.000000000000000000e+00
1.813943068003269099e+00 -2.688476428016131070e+00 0.000000000000000000e+00
-4.893146133031794243e+00 1.637440684213777686e+01 0.000000000000000000e+00
-1.066593871690027129e+01 -8.929093320909343490e+00 0.000000000000000000e+00
-9.777721443678187185e+00 7.933844142110532793e+00 0.000000000000000000e+00
7.272740751324886510e+00 1.172329767493730968e+00 0.000000000000000000e+00
6.385599881923795351e+00 -8.660574973859485937e+00 0.000000000000000000e+00
1.181950469304621443e+01 9.546480734007309010e+00 0.000000000000000000e+00
-1.670443279437205719e+00 1.273496965143016979e+01 0.000000000000000000e+00
1.242321836400137869e+01 8.053444270490801582e-01 0.000000000000000000e+00
-7.687816877128207160e+00 -7.324734045404418303e+00 0.000000000000000000e+00
-1.317485964419884859e+01 3.039223208780094332e+00 0.000000000000000000e+00
-6.668630955001479066e+00 -1.177558639161325615e+01 0.000000000000000000e+00
3.425398389883743899e+00 -1.703490513657190064e+01 0.000000000000000000e+00
-3.754750896819721628e+00 9.947713439612590136e+00 0.000000000000000000e+00
-8.787785919183299654e+00 1.218135612163475479e+01 0.000000000000000000e+00
4.784197546578726090e+00 -1.580042788673304344e+01 0.000000000000000000e+00
-1.533667983910920540e+01 -1.483975550137469845e+00 0.000000000000000000e+00
5.311792939306677397e+00 -1.265790140780783801e+01 0.000000000000000000e+00
-1.651920184976868100e+01 -4.295525067026201960e+00 0.000000000000000000e+00
-8.669494439408124364e+00 -4.091646778418921215e+00 0.000000000000000000e+00
-1.159876758400740782e+00 -7.251505587975607625e+00 0.000000000000000000e+00
-1.531044978784175470e+01 3.774564607301255315e+00 0.000000000000000000e+00
-1.577844011061398888e+01 1.083143503311386202e-01 0.000000000000000000e+00
-3.322947128582550036e+00 5.826693676525915855e+00 0.000000000000000000e+00
-5.657464951431486533e+00 7.608462514838255863e+00 0.000000000000000000e+00
5.835180071913915745e-01 -1.011696452459122675e+01 0.000000000000000000e+00
-1.135025802700972619e+01 -7.412288716142882095e+00 0.000000000000000000e+00
-1.422063904282092928e+01 -8.414000447732068011e+00 0.000000000000000000e+00
9.870276087535632570e+00 -2.809867941254294621e+00 0.000000000000000000e+00
7.800014392470010272e+00 -1.212215441408670635e+01 0.000000000000000000e+00
-8.494103270231406100e+00 -2.191396464277045375e+00 0.000000000000000000e+00
2.683497805202986530e+00 3.307471316990042265e+00 0.000000000000000000e+00
-1.586981518417558235e+01 -6.075143628913393989e+00 0.000000000000000000e+00
1.112033944150096865e+01 -1.018146711639144719e+01 0.000000000000000000e+00
1.120154558252523858e+00 1.584562157740289301e+01 0.000000000000000000e+00
1.002339548040039219e+01 -4.679328071477993234e+00 0.000000000000000000e+00
7.860320193652219345e+00 1.553391891947600278e+01 0.000000000000000000e+00
-6.397359882102096051e-01 -3.021445167730274495e+00 0.000000000000000000e+00
-9.623959224783837030e+00 -1.396335403844344469e+01 0.000000000000000000e+00
5.173132234646899086e+00 -2.756769969633710904e+00 0.000000000000000000e+00
-3.364148966178487576e+00 -9.225851586900883916e+00 0.000000000000000000e+00
-1.079245023732430253e+00 2.707340641596212905e+00 0.000000000000000000e+00
-2.703555199507329032e+00 -1.665706544904800879e+01 0.000000000000000000e+00
-8.004100812130426235e+00 2.812014284370667028e+00 0.000000000000000000e+00
-1.233056988652741914e+01 1.662503765037772752e+00 0.000000000000000000e+00
-8.991438275533075730e-01 -1.614282445534756860e+01 0.000000000000000000e+00
2.403024113577428622e+00 8.491004236644004166e+00 0.000000000000000000e+00
2.155416373862674817e+00 -1.070013969005139742e+01 0.000000000000000000e+00
9.223976470612846867e+00 1.364044651257990459e+01 0.000000000000000000e+00
-5.334680430331095735e+00 -5.347871634080117786e+00 0.000000000000000000e+00
-1.622116718603912489e+01 5.159502249579333899e+00 0.000000000000000000e+00
-4.339218236166171749e+00 8.364105989206189307e+00 0.000000000000000000e+00
-1.395523533583601328e+01 1.022467506042091934e+01 0.000000000000000000e+00
-1.005936609925965675e+00 9.122157172011455373e+00 0.000000000000000000e+00
1.239976150205672312e+01 -7.032894648403527071e+00 0.000000000000000000e+00
-7.492150734986694260e+00 5.749987076957952858e+00 0.000000000000000000e+00
8.613190767991545371e+00 -1.507639390809812596e+01 0.000000000000000000e+00
7.194092543601030343e+00 -1.594022395320666163e+01 0.000000000000000000e+00
1.043584745767683408e+01 1.625612432794493856e+00 0.000000000000000000e+00
5.590278587901542195e+00 2.998526587355884732e-01 0.000000000000000000e+00
-6.990768721754124115e+00 -1.899320117323972656e+00 0.000000000000000000e+00
7.028690328135203114e-01 -1.190649386199907456e+00 0.000000000000000000e+00
-2.679327219805364813e+00 8.604825035689955826e+00 0.000000000000000000e+00
-3.942369447951656003e+00 -1.545105166795052831e+01 0.000000000000000000e+00
-1.028355529596492701e+01 5.560521413553304093e+00 0.000000000000000000e+00
1.622262086085805777e+01 6.483142626612711901e+00 0.000000000000000000e+00
-1.179865695778241985e+01 1.704019715178973493e-01 0.000000000000000000e+00
2.915495507668040442e+00 1.433828623047480377e+01 0.000000000000000000e+00
1.710107072208032619e+01 8.430481444859213580e-01 0.000000000000000000e+00
1.156968806330077193e+01 7.718460518486877753e+00 0.000000000000000000e+00
1.484906835830780558e+01 7.371015233813887235e+00 0.000000000000000000e+00
-9.585632935396024124e+00 -1.099855358245066483e+01 0.000000000000000000e+00
9.015912656263044056e+00 5.717327567976513869e+00 0.000000000000000000e+00
8.350081312346848250e+00 -6.172446881228979443e+00 0.000000000000000000e+00
1.375329263602104035e+01 1.031399967330659884e+01 0.000000000000000000e+00
9.557388491734377212e+00 -1.070554171311586522e+01 0.000000000000000000e+00
2.397409860305358187e+00 1.138895743335949540e+01 0.000000000000000000e+00
1.109201525893182438e+00 1.037954350520607427e+01 0.000000000000000000e+00
-4.579575992133118056e+00 -1.512223242288051273e+00 0.000000000000000000e+00
5.183025415948360859e+00 -7.084038951495163161e+00 0.000000000000000000e+00
-8.760349142294112212e+00 -9.296012351712985122e+00 0.000000000000000000e+00
-1.037226022169554440e+01 -3.524092277021091402e+00 0.000000000000000000e+00
-2.215292283424217690e+00 3.902949294739801456e+00 0.000000000000000000e+00
-7.245199667713359659e+00 -1.526615112556821430e+01 0.000000000000000000e+00
-9.939804918225716435e+00 1.433073293870240583e+01 0.000000000000000000e+00
-6.609877441915077867e+00 1.310733464193028297e+01 0.000000000000000000e+00
8.932052477365214571e+00 -7.814145873712402768e+00 0.000000000000000000e+00
1.689607282885081219e+01 -3.199805769005562794e+00 0.000000000000000000e+00
-4.956377087251722102e+00 -1.007785531276764956e+01 0.000000000000000000e+00
-1.233613163588803374e+01 -5.961153421952752218e+00 0.000000000000000000e+00
-1.044461935496743976e+01 1.089913326568389174e+01 0.000000000000000000e+00
-3.445659937721863741e+00 -7.334259845239917475e+00 0.000000000000000000e+00
-3.302172932626616486e+00 6.981112153379429586e-01 0.000000000000000000e+00
2.244015644065658233e+00 -8.704720520235026626e+00 0.000000000000000000e+00
1.429929913872977920e+01 -9.868337389027029616e+00 0.000000000000000000e+00
1.607013459097701258e+01 -6.531217955236652273e+00 0.000000000000000000e+00
1.374120992493616455e+01 -8.996360238380889107e-02 0.000000000000000000e+00
3.640920762104594477e+00 3.100780205227904873e-01 0.000000000000000000e+00
-1.678615269606113003e+01 -2.758360414084831014e+00 0.000000000000000000e+00
-4.726842985851402723e+00 1.407293277678195942e+01 0.000000000000000000e+00
-1.361820716717776492e+01 -5.053982838644498266e+00 0.000000000000000000e+00
1.018414448356683799e+01 3.136996984932588717e+00 0.000000000000000000e+00
5.104443283588272706e+00 3.631969459549666990e+00 0.000000000000000000e+00
-1.567448305746380832e+00 -1.505642109923299943e+00 0.000000000000000000e+00
8.251453544082703928e+00 -1.996283713419515715e+00 0.000000000000000000e+00
1.232652041151826516e+01 -5.140576843266339679e+00 0.000000000000000000e+00
-8.268791296264305757e+00 8.428139862929031167e+00 0.000000000000000000e+00
9.756334684358851206e+00 1.144269057623591657e+01 0.000000000000000000e+00
4.683538233085420721e+00 9.291282550610011626e+00 0.000000000000000000e+00
-3.152439258429993174e+00 -1.352542394393937109e+01 0.000000000000000000e+00
2.922039419194253806e+00 1.704192033317646704e+01 0.000000000000000000e+00
-3.143235230944952718e+00 1.233025536041515657e+01 0.000000000000000000e+00
-1.181807184466014249e+01 3.895681692613784719e+00 0.000000000000000000e+00
8.702901946348140072e+00 -1.335101394169537592e+01 0.000000000000000000e+00
1.429906509845192986e+01 2.860817423581727414e+00 0.000000000000000000e+00
3.730816386233786197e+00 1.236497637727332943e+01 0.000000000000000000e+00
2.351540532884478729e+00 1.276405584393589088e+00 0.000000000000000000e+00
-1.144703006127901990e+00 -1.299585860329997722e+01 0.000000000000000000e+00
1.901536728331765458e+00 -1.833402115394493770e-01 0.000000000000000000e+00
-8.585709476821326902e+00 4.566383695430746847e+00 0.000000000000000000e+00
-1.743689449339188968e+01 -1.065773425971918043e+00 0.000000000000000000e+00
2.474026821705435086e+00 -4.115717704432451107e+00 0.000000000000000000e+00
5.212212603077305495e+00 7.038478408250169238e+00 0.000000000000000000e+00
1.246424095471439308e+01 4.442028338936671261e+00 0.000000000000000000e+00
7.413595956998177527e+00 1.038965357861581040e+01 0.000000000000000000e+00
-1.204985591247112531e+01 -9.982815088932442293e+00 0.000000000000000000e+00
