-9.755748036891146668e+00 -1.425320056618306408e+00 0.000000000000000000e+00
1.209192812153001384e+01 1.172992487693374386e+01 0.000000000000000000e+00
-1.431329627217376732e+01 -6.012482527016115519e+00 0.000000000000000000e+00
-7.571265911048301156e+00 1.543914067381238597e+00 0.000000000000000000e+00
-1.259241364650277584e+00 -4.756416773704091661e+00 0.000000000000000000e+00
7.757574450736481886e+00 1.277204997156197130e+01 0.000000000000000000e+00
5.076055594651676550e+00 -1.449837634578169698e+01 0.000000000000000000e+00
-6.988402851490936207e+00 -3.804541509016573730e+00 0.000000000000000000e+00
-1.231299139586867497e+01 2.498156446610159787e+00 0.000000000000000000e+00
3.952035274108236518e+00 1.216270568772540628e+01 0.000000000000000000e+00
1.530874364856434688e+01 -7.804784473743195505e+00 0.000000000000000000e+00
-4.239535653632092504e+00 -4.541588164959063256e+00 0.000000000000000000e+00
-7.366173219513199477e+00 1.488473380874025409e+01 0.000000000000000000e+00
-1.257007369576701095e+01 -8.170864352510346151e+00 0.000000000000000000e+00
3.113417710686168682e+00 -7.099709276829467619e+00 0.000000000000000000e+00
-1.464151978682729194e+01 4.687105738574924629e+00 0.000000000000000000e+00
3.646504862595575602e+00 1.413819863538190225e+00 0.000000000000000000e+00
4.094927289013334359e+00 -4.688174499170984610e+00 0.000000000000000000e+00
4.359687027624263300e-01 3.971401702222998598e+00 0.000000000000000000e+00
-3.280661661351717218e+00 3.915609873660219620e+00 0.000000000000000000e+00
-3.824769641502265394e+00 6.833252186237506187e+00 0.000000000000000000e+00
8.708302914562198183e+00 -7.075881234721100199e+00 0.000000000000000000e+00
7.920033215384748360e+00 7.651574239002854938e+00 0.000000000000000000e+00
-1.279176944791465154e+00 -6.515563121131219937e+00 0.000000000000000000e+00
1.072992322619544581e+01 8.491272526896718631e+00 0.000000000000000000e+00
1.686287165333070437e+00 -1.483001643184944873e+00 0.000000000000000000e+00
-2.356529416152031153e+00 1.184871991209051600e+01 0.000000000000000000e+00
-7.726404785426377764e+00 3.612342743250970045e+00 0.000000000000000000e+00
1.372938557592697606e+01 -2.095830172580763318e+00 0.000000000000000000e+00
6.310749115273103449e+00 1.473656235756743449e+01 0.000000000000000000e+00
-9.566079097798061426e+00 -1.101849777879170311e+01 0.000000000000000000e+00
-5.187354454067638621e+00 -7.399695305602081774e+00 0.000000000000000000e+00
3.827621530806781358e+00 3.210254647437093212e+00 0.000000000000000000e+00
-5.169341292348860861e+00 -1.318727301918732664e+01 0.000000000000000000e+00
5.174001700708075191e+00 -6.269164013635840860e+00 0.000000000000000000e+00
-8.241126720610198575e+00 1.334178778656788644e+01 0.000000000000000000e+00
-1.135174767468778967e+01 6.322702830351814463e+00 0.000000000000000000e+00
-2.598234441343106216e+00 1.484271855582184507e+01 0.000000000000000000e+00
9.476809862746584656e+00 1.463799852405331592e+01 0.000000000000000000e+00
9.857283438873778891e+00 2.536119434916188187e+00 0.000000000000000000e+00
4.362911857506652780e+00 5.930326057688680486e+00 0.000000000000000000e+00
-9.363978711381982123e+00 1.736990982900466607e+00 0.000000000000000000e+00
-9.037860524744797397e-01 1.747251267856721468e-01 0.000000000000000000e+00
-7.966710714586039188e+00 8.324546531180354592e+00 0.000000000000000000e+00
-6.887023624861724258e+00 -1.427450564825542223e+01 0.000000000000000000e+00
-4.170059239275551555e+00 1.279867381408454996e+01 0.000000000000000000e+00
1.086883111581304462e+01 -1.057331316702498691e+00 0.000000000000000000e+00
-5.723756438765659205e+00 1.375688108584748370e+01 0.000000000000000000e+00
1.300560343391980567e+01 8.402146588076490730e+00 0.000000000000000000e+00
-1.602697556320735073e+00 4.602583597013350847e+00 0.000000000000000000e+00
6.107150777495259142e+00 3.248198242044997297e+00 0.000000000000000000e+00
-9.866424419384442146e+00 8.108510455333787448e+00 0.000000000000000000e+00
-3.834952263212422885e+00 1.655264685806276859e+01 0.000000000000000000e+00
1.144460527346544465e+00 -6.431801701023310613e+00 0.000000000000000000e+00
4.507634754212486605e+00 1.004690660301996630e+01 0.000000000000000000e+00
1.627282280382474511e+01 5.610891670484510207e+00 0.000000000000000000e+00
3.525702657131897677e+00 -1.060898914705056706e+00 0.000000000000000000e+00
-1.552492375107044076e+00 -3.014823217225389929e+00 0.000000000000000000e+00
-3.433865590895434305e+00 -1.431898186725663003e+01 0.000000000000000000e+00
-8.735390036260971769e+00 6.290168722114066746e+00 0.000000000000000000e+00
-1.251437053154543833e+01 1.193694553726943752e+01 0.000000000000000000e+00
1.515216691617080925e-02 -3.557331954692486864e+00 0.000000000000000000e+00
5.515015230626110210e+00 8.141854743295327879e+00 0.000000000000000000e+00
1.375979663701778399e+01 1.007187550937213771e+01 0.000000000000000000e+00
-1.625680968481377420e+01 1.151651588027273521e+00 0.000000000000000000e+00
-2.470741622533850990e+00 -1.294886975997583178e+01 0.000000000000000000e+00
1.100319167961710809e+00 1.556829654810371188e+01 0.000000000000000000e+00
-1.030050181386451769e+01 -3.057341314036354785e+00 0.000000000000000000e+00
-1.111444552395536789e+01 1.537112043584299981e+00 0.000000000000000000e+00
-4.571771220225938848e+00 8.973976827821372737e+00 0.000000000000000000e+00
1.094085416814685274e+01 -1.067598799272538557e+01 0.000000000000000000e+00
1.288349885212329760e+01 6.167370947835761896e+00 0.000000000000000000e+00
2.247342451701025645e+00 -4.300898992503058516e+00 0.000000000000000000e+00
-9.855516448885461855e+00 -1.267174082335495378e+01 0.000000000000000000e+00
-7.954421197335259652e-01 7.020098457314120743e+00 0.000000000000000000e+00
1.359575942821707883e+01 -9.478993862065587805e+00 0.000000000000000000e+00
1.258577501906589724e+01 -7.318236969389509738e+00 0.000000000000000000e+00
3.120037760702423668e+00 -1.035217887479848642e+01 0.000000000000000000e+00
3.120328454775884719e+00 -1.375596915123663244e+01 0.000000000000000000e+00
-8.482599765697529381e-01 -1.013790235057527411e+01 0.000000000000000000e+00
-9.239812271924964904e+00 -9.243857051067941200e+00 0.000000000000000000e+00
7.304948094991116747e+00 4.721244755286828187e+00 0.000000000000000000e+00
-6.786492350399702111e+00 -6.335282077690049363e+00 0.000000000000000000e+00
-1.089390846950482761e+01 1.318688455517316882e+01 0.000000000000000000e+00
-1.269710361055281034e+01 4.308465927920240190e+00 0.000000000000000000e+00
-1.063796863878931021e+01 4.226996059045330156e+00 0.000000000000000000e+00
-1.613601940057931117e+01 -1.175153756969380403e+00 0.000000000000000000e+00
4.944823465166908072e+00 -1.130205766291396507e+01 0.000000000000000000e+00
-5.274182915900735402e+00 -1.201284879286697027e+00 0.000000000000000000e+00
1.590427208342827647e+01 -2.375641690006738749e+00 0.000000000000000000e+00
-9.768501973911394742e+00 1.117544152758801168e+01 0.000000000000000000e+00
-5.508584957898603918e+00 1.013411718193235389e+00 0.000000000000000000e+00
-6.048482261889807532e+00 1.578830221323616101e+01 0.000000000000000000e+00
9.295944336802056673e-01 -1.737982370400320420e+01 0.000000000000000000e+00
-8.346644271308420571e+00 -6.985084377298943492e-01 0.000000000000000000e+00
1.378885027121414986e+01 3.294221261601593564e+00 0.000000000000000000e+00
-4.241902210762007464e+00 1.490277954553371842e+01 0.000000000000000000e+00
-1.664872095955975340e+01 4.699726817864403827e+00 0.000000000000000000e+00
-6.576764188282729684e+00 7.759961166494238505e+00 0.000000000000000000e+00
1.280185602731490135e+01 2.494063885405928827e-01 0.000000000000000000e+00
-1.274033775202020458e+01 8.212098155981708558e+00 0.000000000000000000e+00
1.288649946570702642e+00 1.713533168383629501e+01 0.000000000000000000e+00
-1.338371326936470318e+01 -1.112509264274940612e+01 0.000000000000000000e+00
-3.822766152213847857e+00 -1.169689710877370636e+01 0.000000000000000000e+00
3.190271997920211433e+00 8.198639179513868669e+00 0.000000000000000000e+00
6.239242453416245837e+00 -8.098585646385091152e+00 0.000000000000000000e+00
6.784815789113849860e+00 -1.291492278034855978e+01 0.000000000000000000e+00
1.437400091564862592e+01 6.496194670747588162e+00 0.000000000000000000e+00
3.555231092848183838e+00 -3.174878158626227798e+00 0.000000000000000000e+00
-6.114586412620750977e+00 -2.491950961975820888e+00 0.000000000000000000e+00
8.169240291641783003e+00 8.049054453155504163e-01 0.000000000000000000e+00
-1.306573340743408984e+01 -1.378548238605910248e+00 0.000000000000000000e+00
1.370114003600324004e+01 -6.111113586379876672e+00 0.000000000000000000e+00
9.258054559855670718e+00 1.209521748683135733e+01 0.000000000000000000e+00
-5.797470666203268230e+00 -1.021755589256781604e+01 0.000000000000000000e+00
6.076027448975655609e+00 -1.951677468700754980e+00 0.000000000000000000e+00
1.244304397968241815e+01 -4.754444844755048472e+00 0.000000000000000000e+00
4.443945761612430267e+00 -7.870878504207052373e+00 0.000000000000000000e+00
6.464193117895026042e+00 5.774935854546644487e-01 0.000000000000000000e+00
1.821110096328393713e+00 6.307851739653871803e+00 0.000000000000000000e+00
-8.626847744454622102e+00 -3.360571267898209147e+00 0.000000000000000000e+00
-1.541424996203093034e+00 1.033817727770083472e+01 0.000000000000000000e+00
1.227323703874192695e+01 2.124168164614228971e+00 0.000000000000000000e+00
1.173620910769368919e+01 -2.606702453332049974e+00 0.000000000000000000e+00
9.039385005642946780e+00 -1.151922942174315168e+01 0.000000000000000000e+00
9.966283806707124882e+00 -1.282067954002113019e+01 0.000000000000000000e+00
9.531629677639072540e+00 5.891503660014202559e+00 0.000000000000000000e+00
-1.106061769256525906e+01 -5.405420605164088066e+00 0.000000000000000000e+00
-1.335225412113018595e-01 -1.356682152114370865e+01 0.000000000000000000e+00
1.200463576300074031e+01 3.655610874623790085e+00 0.000000000000000000e+00
9.753027350488160607e+00 -3.930444179508983282e+00 0.000000000000000000e+00
7.973942403500168474e+00 -1.419348162922172740e+01 0.000000000000000000e+00
-1.468232048338136941e+01 -6.983194082796889690e-01 0.000000000000000000e+00
1.043749851174667853e+01 -6.005669261400234937e+00 0.000000000000000000e+00
1.105986332855287468e+00 -8.083520261809248098e+00 0.000000000000000000e+00
1.082528577706817252e+01 4.621249707829159448e+00 0.000000000000000000e+00
1.135861272909791531e+01 6.850447827584856597e+00 0.000000000000000000e+00
1.516736292058525670e+00 -1.367785736083819970e+01 0.000000000000000000e+00
6.260209601465673401e+00 1.265685969983069725e+01 0.000000000000000000e+00
-1.158232216068046583e+01 -1.216530559674217038e+01 0.000000000000000000e+00
-1.594481572507925726e+01 -3.877741694578626941e+00 0.000000000000000000e+00
-1.245606463359308691e+01 -6.130038143644954474e+00 0.000000000000000000e+00
-5.284381892943909698e+00 3.450475009200094867e+00 0.000000000000000000e+00
8.028504351446779097e+00 1.529535898107460312e+01 0.000000000000000000e+00
-9.389469332151586300e+00 3.285777300896310038e+00 0.000000000000000000e+00
8.815652003750116705e+00 3.821399116180699274e+00 0.000000000000000000e+00
-5.603316644652882594e+00 1.180664431877005072e+01 0.000000000000000000e+00
-4.398574986597416192e+00 -2.498530570421826802e+00 0.000000000000000000e+00
-3.307946484026756284e+00 -6.023245477893496513e+00 0.000000000000000000e+00
7.546549191103509635e+00 -5.358993728827526226e+00 0.000000000000000000e+00
-9.487828872306425243e-01 1.443153976010352757e+01 0.000000000000000000e+00
1.045361307937067075e+01 5.970010301978211364e-01 0.000000000000000000e+00
-8.068470687868256164e+00 -5.155604417484314972e+00 0.000000000000000000e+00
5.321339102380213681e-01 9.820463805374519684e-01 0.000000000000000000e+00
-3.290921101834334728e+00 -8.691263107135698718e+00 0.000000000000000000e+00
1.483210843442794058e+01 4.995316513625907895e+00 0.000000000000000000e+00
-1.926136143481034013e+00 1.439687373075276833e+00 0.000000000000000000e+00
-7.369897846662132324e+00 -1.160084037400668322e+01 0.000000000000000000e+00
-1.709071896859313489e+00 -7.966854913795183180e+00 0.000000000000000000e+00
3.219568850181215858e-01 1.237177807459085166e+01 0.000000000000000000e+00
3.684785974412552179e+00 -1.579121337216972343e+01 0.000000000000000000e+00
-1.109100884874631632e+01 -8.653111390551570636e+00 0.000000000000000000e+00
7.698685483005121455e+00 1.012888192014187716e+01 0.000000000000000000e+00
-1.067174507884025836e+01 -1.601091341837745374e-01 0.000000000000000000e+00
-1.611346287105784825e+01 -6.247801764757334730e+00 0.000000000000000000e+00
7.419284201004377799e+00 -9.410563453361437070e+00 0.000000000000000000e+00
4.884123698790729939e+00 1.663763539551455040e+01 0.000000000000000000e+00
1.014138663997342249e+01 1.064190084233104727e+01 0.000000000000000000e+00
-4.289563007802124073e-01 -2.010090175002381407e+00 0.000000000000000000e+00
-1.390046291255189814e+01 3.351965043875956507e+00 0.000000000000000000e+00
1.561312932592655756e+01 -5.650710694759878194e+00 0.000000000000000000e+00
3.184989351873536378e+00 1.631243372883356102e+01 0.000000000000000000e+00
-1.294272759149490959e+01 9.731913080944472938e+00 0.000000000000000000e+00
-2.940743303683574617e+00 -1.711064791970860099e+01 0.000000000000000000e+00
4.197909260948997634e+00 1.384289861618132100e+01 0.000000000000000000e+00
5.672248001479932716e-02 9.134474264160655110e+00 0.000000000000000000e+00
-5.209034877549700404e+00 5.250981910600523328e+00 0.000000000000000000e+00
9.598559834809808677e+00 -8.827643721125276954e+00 0.000000000000000000e+00
7.346763810963460317e-01 -1.109936183546132504e+01 0.000000000000000000e+00
-1.430171183771419585e+01 9.095358110885301883e+00 0.000000000000000000e+00
1.737461148799154742e+01 2.609010693092847499e-01 0.000000000000000000e+00
-1.200796037361368995e+01 -4.030572068244636874e+00 0.000000000000000000e+00
8.999313850651281754e+00 -1.064312822641696465e+00 0.000000000000000000e+00
-1.452081945358933979e+01 -7.755035595580760166e+00 0.000000000000000000e+00
1.525278260688083698e+01 1.679182857736925216e+00 0.000000000000000000e+00
1.079714693236179102e+01 -7.475704786876937291e+00 0.000000000000000000e+00
-1.170728906683264903e+01 -1.058177282273215525e+01 0.000000000000000000e+00
-7.330540572770066765e-01 2.358959318326390608e+00 0.000000000000000000e+00
1.681307049801285203e+01 4.104423502203697893e+00 0.000000000000000000e+00
-2.152243669042042562e+00 -1.533111408397242847e+01 0.000000000000000000e+00
1.546122992742395397e+01 -8.555068934146323190e-02 0.000000000000000000e+00
-7.345175891527087053e+00 -7.771388144024157008e+00 0.000000000000000000e+00
6.671446282834594399e+00 -3.562097286509456229e+00 0.000000000000000000e+00
-2.456687934286446939e+00 -1.008424214036121924e+01 0.000000000000000000e+00
-6.828251256189448171e+00 -6.209873412715781749e-01 0.000000000000000000e+00
1.245141722216188462e+01 -1.117998300799069078e+01 0.000000000000000000e+00
-7.756308973662922490e+00 9.869296024068088258e+00 0.000000000000000000e+00
-2.901096679509466369e+00 8.376201548305242994e+00 0.000000000000000000e+00
1.708348673471398271e+01 1.908233276029460246e+00 0.000000000000000000e+00
2.439910370434907882e+00 1.480869560212900993e+01 0.000000000000000000e+00
-1.550283279969094963e+01 7.919896091761831514e+00 0.000000000000000000e+00
-7.572615118035207260e+00 1.136163165433797140e+01 0.000000000000000000e+00
1.534506169170732015e+00 2.186766790249244252e+00 0.000000000000000000e+00
-1.080260564437951487e+00 -1.658141254612566229e+01 0.000000000000000000e+00
-9.567901421061664635e+00 -5.619174570838745275e+00 0.000000000000000000e+00
-3.904384714012532509e+00 -1.594060113817841362e+01 0.000000000000000000e+00
1.482217091411825116e+00 9.920427052501436194e+00 0.000000000000000000e+00
-1.434101806860396167e+01 -2.944371345186163058e+00 0.000000000000000000e+00
-5.757447664265371579e+00 -4.879757278385422836e+00 0.000000000000000000e+00
-6.923793630056966464e+00 5.110342414599058358e+00 0.000000000000000000e+00
6.205924089204044591e+00 6.285574087584890002e+00 0.000000000000000000e+00
-1.632158373570828047e+01 6.234591166475154544e+00 0.000000000000000000e+00
1.217539694451622445e+01 -8.931785224629349429e+00 0.000000000000000000e+00
-9.840448688453372617e-01 1.607717668254003485e+01 0.000000000000000000e+00
1.004094249082020340e+01 -2.347664936372987565e+00 0.000000000000000000e+00
1.982005003124618581e+00 2.991764758187360762e-01 0.000000000000000000e+00
-1.442994968726953253e+01 1.049157224320005577e+00 0.000000000000000000e+00
-3.152600014133813744e+00 -5.514004533139076347e-01 0.000000000000000000e+00
-1.152357754755873742e+01 -1.895428384105847019e+00 0.000000000000000000e+00
7.741676664698632360e-01 1.388633058305512158e+01 0.000000000000000000e+00
-3.083915860686603949e+00 -3.291744075704421846e+00 0.000000000000000000e+00
-8.874707783001642980e+00 -1.422275178470925816e+01 0.000000000000000000e+00
1.154953254436020416e+01 -1.311453784288704227e+01 0.000000000000000000e+00
-3.748794064025412265e+00 1.104413409647858124e+01 0.000000000000000000e+00
1.559160160185899890e+01 7.863792498846002843e+00 0.000000000000000000e+00
1.058307842106691155e+00 7.695580017303385034e+00 0.000000000000000000e+00
6.581752485102409622e+00 -1.601587862175205146e+01 0.000000000000000000e+00
1.446575416715533535e+01 -3.700943987039148730e+00 0.000000000000000000e+00
1.644552009942755522e+00 -9.717869366659252606e+00 0.000000000000000000e+00
-1.306936314981894576e+01 6.435681796741394400e+00 0.000000000000000000e+00
-1.672295431433047597e+01 2.809430278439837281e+00 0.000000000000000000e+00
-1.089540058006342704e+01 1.005309186246469899e+01 0.000000000000000000e+00
3.623876575120466015e+00 -1.209429401121502323e+01 0.000000000000000000e+00
-1.735896578508508981e+01 -1.920054187031093318e-01 0.000000000000000000e+00
2.364157619382133646e+00 1.239987304568787785e+01 0.000000000000000000e+00
-1.213382116518807763e+01 3.286502446559305124e-01 0.000000000000000000e+00
8.166867036241745481e+00 -3.134782343388820003e+00 0.000000000000000000e+00
-6.088947400407731081e+00 9.179670994272504103e+00 0.000000000000000000e+00
-7.498634844730951876e+00 -9.535079049958548936e+00 0.000000000000000000e+00
-6.734464190940144590e+00 -1.589914609307447790e+01 0.000000000000000000e+00
-1.715120229655999751e+01 -2.742132519275851443e+00 0.000000000000000000e+00
1.121839248868279570e+00 -1.559744238862090349e+01 0.000000000000000000e+00
-1.061868599534016688e+00 -1.206365550373850049e+01 0.000000000000000000e+00
-3.974971151033572347e+00 1.599174532569375584e+00 0.000000000000000000e+00
-9.125314221501289680e+00 -7.728531361493464757e+00 0.000000000000000000e+00
-1.527819623396850801e+01 2.345350234248217092e+00 0.000000000000000000e+00
7.544033384505477002e+00 -1.107249438070169845e+01 0.000000000000000000e+00
5.054450403335253306e+00 -5.261006605305980077e-01 0.000000000000000000e+00
2.605178801088625651e+00 4.556864162922638961e+00 0.000000000000000000e+00
-1.077664605945787635e+01 -7.102732996965118950e+00 0.000000000000000000e+00
4.825222696604978267e+00 -9.683651629445007458e+00 0.000000000000000000e+00
9.173864625142099882e+00 8.949095904796577017e+00 0.000000000000000000e+00
-9.146907204323625251e+00 4.825410768793884309e+00 0.000000000000000000e+00
1.047508671595610252e+01 1.341388321362942193e+01 0.000000000000000000e+00
-2.218564254067838082e+00 6.369822482743193071e+00 0.000000000000000000e+00
-3.969752021888560689e-01 1.746769378800771477e+01 0.000000000000000000e+00
