1.231323784094937679e+01 8.943552628816803463e+00 0.000000000000000000e+00
-8.372647135443981981e+00 -3.605354545255597287e+00 0.000000000000000000e+00
-7.231893295302771030e+00 1.501868288661684403e+01 0.000000000000000000e+00
-1.508603321274568287e+01 1.117967087025901307e+01 0.000000000000000000e+00
-1.652551373969799897e+01 -4.424490011587299598e+00 0.000000000000000000e+00
1.041155731349561187e+01 7.761188088035375632e-01 0.000000000000000000e+00
-6.837205937184957172e+00 5.542042286988610122e+00 0.000000000000000000e+00
-1.522519936486654402e+00 8.581636517629597449e+00 0.000000000000000000e+00
-1.322425694684572761e+01 4.136754367652277331e+00 0.000000000000000000e+00
-6.696649002040283349e+00 7.071202446138624254e+00 0.000000000000000000e+00
8.098481192244877391e+00 -8.446255370479184066e+00 0.000000000000000000e+00
1.674847603608040103e+01 -4.036626930310580619e+00 0.000000000000000000e+00
1.496194892438177249e+01 -2.330412607751453979e+00 0.000000000000000000e+00
-6.318168130793757165e+00 1.139375566187659494e+01 0.000000000000000000e+00
7.721103560998939130e+00 -4.919317133583551716e+00 0.000000000000000000e+00
-9.987797421935333375e+00 -6.047799378291899286e-01 0.000000000000000000e+00
-1.539175386583425009e+01 7.361165733285211843e+00 0.000000000000000000e+00
2.881615302463439665e+00 8.338669952601588164e+00 0.000000000000000000e+00
1.458476027647822804e+01 1.532624636601743306e+00 0.000000000000000000e+00
-1.147333098860971567e+01 1.050940759708705485e+01 0.000000000000000000e+00
9.605689769013190826e+00 -8.817195512459473861e+00 0.000000000000000000e+00
3.429797164801673404e+00 -4.164990493828468310e+00 0.000000000000000000e+00
-1.338203293621953094e+01 1.341488421367099448e+01 0.000000000000000000e+00
-1.229297996362057077e+01 -2.762348086440269967e-01 0.000000000000000000e+00
5.182426080327725337e+00 1.452891314070630280e+01 0.000000000000000000e+00
1.260862894172979087e-01 -9.287966855892330287e+00 0.000000000000000000e+00
-1.299392764998144223e+01 8.014975153363900873e+00 0.000000000000000000e+00
8.222437320490811885e+00 2.789276831711733795e+00 0.000000000000000000e+00
2.222811831752809386e+00 -1.800816614944019278e+01 0.000000000000000000e+00
5.485309292035296380e+00 -1.400844690549584293e+01 0.000000000000000000e+00
-1.517978401462389826e+01 -9.616297706546597102e-01 0.000000000000000000e+00
-3.200880333299029878e+00 1.301797024428954863e+01 0.000000000000000000e+00
-6.580809710378478228e-02 9.833281084622418788e+00 0.000000000000000000e+00
-9.601242772202269293e+00 -1.285990055713672042e+01 0.000000000000000000e+00
6.864778815881275698e+00 1.547149319059890082e+01 0.000000000000000000e+00
-2.979329007293359588e+00 -1.811742783810596169e+00 0.000000000000000000e+00
-1.095969382968648986e+01 1.544145379829896569e+01 0.000000000000000000e+00
-1.235850076474022563e+00 -1.491980912718412000e+01 0.000000000000000000e+00
8.259345600746080152e+00 -1.668037255004171726e+01 0.000000000000000000e+00
-1.588412793887190366e+00 -1.246468509313843143e+01 0.000000000000000000e+00
1.654981650063712095e+01 -9.029177466413102593e+00 0.000000000000000000e+00
-1.554418521692068111e+01 -6.736168826340751536e+00 0.000000000000000000e+00
-5.948079756582131949e+00 1.355187208243446584e+01 0.000000000000000000e+00
-5.660935603782403902e+00 -1.017332959796648773e+01 0.000000000000000000e+00
2.893601335960875431e+00 -1.525832952862901415e+01 0.000000000000000000e+00
-4.243862980500562321e-01 -1.844204671141468665e+01 0.000000000000000000e+00
-3.365099712241673480e+00 8.571567232393210389e+00 0.000000000000000000e+00
4.049017131495979527e+00 1.800110958999445288e+01 0.000000000000000000e+00
5.978013992666787679e+00 -5.063054677045201402e+00 0.000000000000000000e+00
1.883385195057724504e+00 -1.328446546238744697e+00 0.000000000000000000e+00
5.586043916115794872e+00 -7.324564702010792239e+00 0.000000000000000000e+00
-8.165709556079072229e+00 1.311705667402337028e+01 0.000000000000000000e+00
1.030647264556342080e+01 -1.403734762513846057e+01 0.000000000000000000e+00
-2.232325276086374044e-01 1.175778178305090371e+01 0.000000000000000000e+00
1.344608142611106238e+01 -1.220989698120623679e+01 0.000000000000000000e+00
1.734637643425310571e+01 -1.683371558772501553e+00 0.000000000000000000e+00
-1.818406491987879647e+01 2.614278111816315420e+00 0.000000000000000000e+00
-1.501289069321660286e+01 1.247335683761396252e+00 0.000000000000000000e+00
9.522971318044044509e+00 4.208186119719433904e+00 0.000000000000000000e+00
-3.762625278746111857e+00 -1.081488599457367528e+01 0.000000000000000000e+00
1.675206884863815748e-01 -1.328083197122268899e+01 0.000000000000000000e+00
-1.410878313867102740e+01 -2.669802576416706152e+00 0.000000000000000000e+00
-7.790221570463531364e+00 3.575450890525068370e+00 0.000000000000000000e+00
3.012789571762982899e+00 -9.512371394474087083e+00 0.000000000000000000e+00
-1.441968533588784851e+00 -1.080228608726155315e+01 0.000000000000000000e+00
-9.137258277752909663e+00 -4.912259778016588641e+00 0.000000000000000000e+00
4.648188167640353363e+00 1.178592218615906084e+01 0.000000000000000000e+00
-5.360153690493379308e+00 -5.304737542100698811e+00 0.000000000000000000e+00
1.230350756907335352e+01 2.807093329547907246e+00 0.000000000000000000e+00
-1.687901163924630055e+01 -2.798798364920592530e+00 0.000000000000000000e+00
8.066445561042849377e+00 -2.328190185812980317e+00 0.000000000000000000e+00
-1.097643789266566472e+01 -2.162126644077968063e+00 0.000000000000000000e+00
-5.954718195250833013e+00 1.621864188572740417e+01 0.000000000000000000e+00
1.040966142959126906e+01 2.368662889917171555e+00 0.000000000000000000e+00
-1.214812441664238207e+01 -8.266088232745859798e+00 0.000000000000000000e+00
1.832527272927618966e+00 -1.105559566802956617e+01 0.000000000000000000e+00
-1.268509851061322280e+01 -6.666698531060024635e+00 0.000000000000000000e+00
-1.120393127812812084e+00 2.709233717278283216e+00 0.000000000000000000e+00
6.207646915499963391e+00 1.712358503186196401e+01 0.000000000000000000e+00
6.636112703940562518e+00 8.777444585361161344e+00 0.000000000000000000e+00
-1.315558960683954126e+01 9.690577922016339940e+00 0.000000000000000000e+00
1.371626075911689568e+01 6.564727018580342133e+00 0.000000000000000000e+00
-2.686668243251667754e+00 -7.917935280495232320e+00 0.000000000000000000e+00
-1.432995568308976075e+01 -9.830496019386814055e+00 0.000000000000000000e+00
1.295544419640996647e+00 1.725180313076785543e+00 0.000000000000000000e+00
1.706104995645816302e+01 1.471721421918686268e+00 0.000000000000000000e+00
-4.693176503802166666e-01 1.781270362286987563e+01 0.000000000000000000e+00
1.432718506914880230e+01 -1.000047670173327852e+01 0.000000000000000000e+00
-1.290237752966668516e+01 1.177237072290140318e+01 0.000000000000000000e+00
2.047467178377397889e+00 1.063469515340428018e+01 0.000000000000000000e+00
-1.129800191106932594e+01 -1.154186608324100582e+01 0.000000000000000000e+00
-7.189027907885562563e+00 -7.931608596828414903e+00 0.000000000000000000e+00
-1.831368771732743994e+01 -2.200209314844314701e-01 0.000000000000000000e+00
1.492456534553499692e+00 -2.884625801805855261e+00 0.000000000000000000e+00
7.745243754148147808e+00 6.078682007925404029e+00 0.000000000000000000e+00
4.039597232258635096e+00 -1.949225345217395544e+00 0.000000000000000000e+00
1.406817760120108840e+00 1.228235613752731226e+01 0.000000000000000000e+00
6.187142772837972871e+00 2.574879641162710175e+00 0.000000000000000000e+00
1.754708854183762412e+01 3.258934038066255923e+00 0.000000000000000000e+00
-1.002674484227942386e+01 -6.545087685623556695e+00 0.000000000000000000e+00
1.206077712595584828e+01 -8.028388207421999212e+00 0.000000000000000000e+00
-3.199669523124988313e+00 1.859538609139936582e+01 0.000000000000000000e+00
6.053921056314329974e+00 -2.769315408118202981e+00 0.000000000000000000e+00
-5.926347834189749086e+00 -1.713416192685995298e+01 0.000000000000000000e+00
-2.804263611904115550e+00 1.051349810530394002e+01 0.000000000000000000e+00
-1.111379014659563325e+01 1.279162751751216653e+01 0.000000000000000000e+00
-5.259555118895050008e+00 3.644405423080472328e+00 0.000000000000000000e+00
-9.077136740109073898e+00 -9.719176756637557091e+00 0.000000000000000000e+00
-5.697771580904871236e-01 -3.174152720882297718e+00 0.000000000000000000e+00
-4.172735678852765417e+00 1.568919090886286938e+01 0.000000000000000000e+00
-1.622928945036370862e+01 3.813247916217512579e+00 0.000000000000000000e+00
-1.354581648327162924e+01 -1.332055824228940288e+01 0.000000000000000000e+00
-8.271131276643124863e+00 9.844542177129442351e+00 0.000000000000000000e+00
-1.028727715159397960e+01 3.182143409453960015e+00 0.000000000000000000e+00
3.055625829699509577e+00 1.580087540451732764e+01 0.000000000000000000e+00
3.527742658669878129e+00 1.395964735926280298e+01 0.000000000000000000e+00
7.191891024705557633e+00 -1.218002689787205028e+01 0.000000000000000000e+00
-2.650666038967984584e+00 3.355703017203129690e+00 0.000000000000000000e+00
2.485045626414028153e+00 3.609578822714055502e+00 0.000000000000000000e+00
-2.181594204918179791e+00 5.648371080197761351e+00 0.000000000000000000e+00
-7.101771447763347567e+00 -9.909351612322291336e-01 0.000000000000000000e+00
1.282410880125361885e+01 -3.081352770877699321e+00 0.000000000000000000e+00
-1.199821481132111423e+01 -1.011562334327113710e+01 0.000000000000000000e+00
-4.205810251105316921e-01 -7.108058023210051424e+00 0.000000000000000000e+00
-4.556535405494493318e+00 -1.317161587583622762e+01 0.000000000000000000e+00
1.233041641375577235e+01 -9.669683325458509060e+00 0.000000000000000000e+00
1.017063711462633258e+01 8.071543284313031918e+00 0.000000000000000000e+00
1.523234058548081649e+01 3.104564419857237301e+00 0.000000000000000000e+00
4.225664335933371873e+00 -1.693231303547884892e+01 0.000000000000000000e+00
-9.202489188070844151e+00 1.449778941714013891e+00 0.000000000000000000e+00
-5.098102953515772917e+00 5.942043927195737041e+00 0.000000000000000000e+00
9.935694840961266650e+00 1.495124923770855041e+01 0.000000000000000000e+00
7.140934201425778838e+00 1.269374906671776593e+01 0.000000000000000000e+00
3.978792910496964375e+00 5.734534930676970177e+00 0.000000000000000000e+00
4.839612196735255445e+00 1.628451979995499244e+01 0.000000000000000000e+00
-5.828111538694402682e+00 -3.577648088991732589e+00 0.000000000000000000e+00
1.174882570135823645e+00 -7.633372274217717468e+00 0.000000000000000000e+00
2.019988454033123937e-01 -1.017412304975526371e+00 0.000000000000000000e+00
-9.039882431287445286e+00 8.486212950461760940e+00 0.000000000000000000e+00
7.759856380436603196e+00 1.063843764982070006e+01 0.000000000000000000e+00
1.575793036019515725e+01 6.894061096072563011e+00 0.000000000000000000e+00
2.943602731402993999e+00 -1.230690516309207183e+01 0.000000000000000000e+00
1.521730513210053815e+01 -5.301825702882229763e+00 0.000000000000000000e+00
1.238578686666728146e+01 1.404802707529741213e+01 0.000000000000000000e+00
4.578569411918963716e+00 3.204856535919198279e+00 0.000000000000000000e+00
-9.440697837601007336e+00 -1.648629893740620389e+01 0.000000000000000000e+00
-5.225881263463326931e+00 9.499260261470527933e-01 0.000000000000000000e+00
4.087755252924429428e+00 7.331485859795853877e+00 0.000000000000000000e+00
4.539564610760452368e+00 -1.170003027347479829e+01 0.000000000000000000e+00
-1.062024637016550699e+01 8.140599670847674219e+00 0.000000000000000000e+00
1.147895174229257798e+01 -1.143496626815301731e+01 0.000000000000000000e+00
1.375371773412890697e+01 -1.039083756245409385e+00 0.000000000000000000e+00
-6.453629157917044612e-01 1.261425989600123865e+00 0.000000000000000000e+00
2.525401136035934080e+00 6.399261185729736567e+00 0.000000000000000000e+00
-1.150292966832564368e+01 -1.508761096795548795e+01 0.000000000000000000e+00
6.915756684409571697e+00 -1.053268113445222198e+01 0.000000000000000000e+00
6.566633500226830122e+00 -9.029786658502273466e-01 0.000000000000000000e+00
-1.061456155249516264e+01 -4.176734325863453279e+00 0.000000000000000000e+00
5.561958389121106627e+00 4.771679105474087024e+00 0.000000000000000000e+00
-1.869702523721539578e+01 -1.693733758398156430e+00 0.000000000000000000e+00
-1.826794525570275951e+01 -4.823803290988514902e+00 0.000000000000000000e+00
9.981349689946540593e+00 -2.275681583494125526e+00 0.000000000000000000e+00
-1.361384847220243444e+01 -1.151675749749080380e+00 0.000000000000000000e+00
1.729934729770251067e+01 -7.229194840841412173e+00 0.000000000000000000e+00
1.840625129973430418e+01 -3.934301044136597203e-01 0.000000000000000000e+00
8.490496130972557509e+00 1.571687841402707164e+01 0.000000000000000000e+00
1.180545655692874085e+01 -1.364431280109211464e+01 0.000000000000000000e+00
1.765260287867542077e+00 1.890842542362138801e+01 0.000000000000000000e+00
1.007419382333893587e+01 1.096590193951781345e+01 0.000000000000000000e+00
-7.959294711013982504e-02 1.541803293531696539e+01 0.000000000000000000e+00
1.129426404411056906e+00 -1.452467241818267496e+01 0.000000000000000000e+00
8.260653406938801568e-01 -6.085268444335834914e+00 0.000000000000000000e+00
-7.630898033232888622e+00 1.666153098227765739e+01 0.000000000000000000e+00
-1.225724271426311418e+01 1.998326346596166703e+00 0.000000000000000000e+00
-1.198687799050561331e+00 1.413569417908233206e+01 0.000000000000000000e+00
1.820994525462413449e+01 4.905885891146232858e+00 0.000000000000000000e+00
-7.201744880214682176e+00 -1.419348131432242432e+01 0.000000000000000000e+00
1.401993858990229214e+01 -7.524542040917368446e+00 0.000000000000000000e+00
1.052222857735358730e+01 1.292522411294112317e+01 0.000000000000000000e+00
-1.724000361825094885e+01 5.921104625436782065e+00 0.000000000000000000e+00
1.678955667493686477e+01 8.162322324448355815e+00 0.000000000000000000e+00
-7.839641503819180457e+00 -1.116493467054201005e+01 0.000000000000000000e+00
2.965271108766502350e-01 4.073182535987416308e+00 0.000000000000000000e+00
-1.436498570170402012e+01 2.706301230293371329e+00 0.000000000000000000e+00
-2.588083896464341560e-01 7.655939522476108650e+00 0.000000000000000000e+00
-3.578995049662982986e+00 7.589655407450678348e-01 0.000000000000000000e+00
-8.522847444786386006e+00 -6.300342429503300146e+00 0.000000000000000000e+00
-1.503155820751980620e+01 -4.772217252434436396e+00 0.000000000000000000e+00
-1.887000403482333333e+00 -1.638466275385852811e+01 0.000000000000000000e+00
1.451656677829224584e+01 1.130685429607458126e+01 0.000000000000000000e+00
3.707957786089585372e+00 -1.854809533335150529e-01 0.000000000000000000e+00
-8.589708157976668090e+00 -1.339992316453500809e+00 0.000000000000000000e+00
-4.114816802241057836e+00 -1.753431631509066690e+01 0.000000000000000000e+00
-6.132693527929710342e+00 9.332172746414705955e+00 0.000000000000000000e+00
-1.363735603869112012e+01 5.756796021680616882e+00 0.000000000000000000e+00
-1.513450374026328760e+01 -1.146039604636488818e+01 0.000000000000000000e+00
4.851799637319880176e+00 1.017941470581536834e+01 0.000000000000000000e+00
-9.390885993473233384e+00 1.442002887420954416e+01 0.000000000000000000e+00
-3.290892455841366360e+00 -1.483755080479055444e+01 0.000000000000000000e+00
1.015072373372230885e+01 6.214295493354492272e+00 0.000000000000000000e+00
-2.189019265755500765e+00 -1.095343871713974487e-01 0.000000000000000000e+00
1.205685686696799763e+01 -4.976486463204931598e-01 0.000000000000000000e+00
1.213570703158467801e+01 -6.310480033900079277e+00 0.000000000000000000e+00
1.321101114904551288e+01 1.275346616178449644e+01 0.000000000000000000e+00
-1.625569552402471629e+01 -9.145472160200444733e+00 0.000000000000000000e+00
1.085690803280203554e+01 9.596224994263849339e+00 0.000000000000000000e+00
-4.823767338689060602e-01 -4.846806757168320878e+00 0.000000000000000000e+00
8.851894871898753792e+00 -1.450137811807350374e+01 0.000000000000000000e+00
-2.843717449931049579e+00 -3.886996309789534365e+00 0.000000000000000000e+00
-5.170390044630956972e+00 1.791549456492505854e+01 0.000000000000000000e+00
-9.584255126914891676e+00 -1.465963461896134845e+01 0.000000000000000000e+00
-1.507234755952335803e+01 8.846995829530989397e+00 0.000000000000000000e+00
-3.548420299065336625e+00 -5.613854239894481069e+00 0.000000000000000000e+00
1.565945560578554030e+01 -7.392681888517781130e-02 0.000000000000000000e+00
5.329057371998547232e+00 -1.578660823305790295e+01 0.000000000000000000e+00
-1.118857189891832604e+01 6.701007898337625335e+00 0.000000000000000000e+00
5.979632411193379404e+00 -9.135535830562472981e+00 0.000000000000000000e+00
-9.321051129344898101e+00 1.172432643711078271e+01 0.000000000000000000e+00
3.270557511615608259e+00 1.812375248337549261e+00 0.000000000000000000e+00
-4.884546849157101356e+00 -8.308042530608092946e+00 0.000000000000000000e+00
-1.100006910529297244e+01 4.524771996884669356e+00 0.000000000000000000e+00
9.703509055651441173e+00 -5.954599203560220211e+00 0.000000000000000000e+00
1.296832590705778898e+01 4.976903972156190292e+00 0.000000000000000000e+00
4.954093511483911305e-01 -1.175717434054422306e+01 0.000000000000000000e+00
1.861886933380932918e-01 -1.585037463449084427e+01 0.000000000000000000e+00
8.292029441433236059e+00 -1.327151862060487186e-01 0.000000000000000000e+00
1.480752741386974325e+00 1.597134575591497097e+01 0.000000000000000000e+00
-1.695098357348769014e+01 -6.059504813858729300e+00 0.000000000000000000e+00
-1.733097915050197457e+01 9.699783779131330164e-01 0.000000000000000000e+00
3.318684349536449307e+00 -6.840360380930713191e+00 0.000000000000000000e+00
2.422036314764433929e+00 1.752109463975000025e+01 0.000000000000000000e+00
-5.522826139418889113e+00 -1.810297266684246287e+00 0.000000000000000000e+00
-9.433179947409051636e+00 5.348134456526031144e+00 0.000000000000000000e+00
4.633461893154792399e+00 1.081145506545684531e+00 0.000000000000000000e+00
-7.482083813444570630e+00 -9.442631815476111967e+00 0.000000000000000000e+00
2.079450198157803964e+00 -4.885814052767853077e+00 0.000000000000000000e+00
-6.534834579326827431e+00 1.706668322777485924e+00 0.000000000000000000e+00
-8.748783871596192085e+00 6.754770606741111294e+00 0.000000000000000000e+00
-1.153473080224706848e+01 -1.331573453259145623e+01 0.000000000000000000e+00
9.079423134828783049e+00 1.343058444482604230e+01 0.000000000000000000e+00
-9.055503635203724144e+00 1.597270438335767473e+01 0.000000000000000000e+00
1.451686775616968994e+01 5.244129880748721106e+00 0.000000000000000000e+00
1.435456066168329237e+01 9.430182379354439703e+00 0.000000000000000000e+00
-1.374824871385438740e+01 4.043595936344781538e-01 0.000000000000000000e+00
8.306980586039880876e+00 8.938915161213829563e+00 0.000000000000000000e+00
1.305710862558799867e+01 1.060521669404115386e+01 0.000000000000000000e+00
1.129433797618738922e+01 -5.045227386877245479e+00 0.000000000000000000e+00
-1.312640080388986341e+01 -1.184703100344767535e+01 0.000000000000000000e+00
7.808132285198844613e+00 -6.540667805454156714e+00 0.000000000000000000e+00
-2.719125207938041022e+00 1.498780495637962140e+01 0.000000000000000000e+00
-4.630184138491341805e+00 1.130305497670021886e+01 0.000000000000000000e+00
-2.625696121291035467e+00 -1.867178792874130622e+01 0.000000000000000000e+00
1.483888188411055964e+00 1.438440978512469570e+01 0.000000000000000000e+00
9.657197300975164822e+00 -1.137029287248767773e+01 0.000000000000000000e+00
7.426900491448753527e+00 -1.377036915933785011e+01 0.000000000000000000e+00
1.193306699613768807e+01 7.259134869217261254e+00 0.000000000000000000e+00
