-1.247091312274221053e+01 4.779528208889863627e+00 0.000000000000000000e+00
-7.407666126725866995e+00 1.561999168264089732e+01 0.000000000000000000e+00
1.331399733263791596e+01 1.207876244210219241e+01 0.000000000000000000e+00
9.224026501667953681e+00 4.858949047577059588e+00 0.000000000000000000e+00
-1.491096363777316647e+01 -3.224855203096234302e+00 0.000000000000000000e+00
1.673676106082810833e+01 4.153507713867004902e+00 0.000000000000000000e+00
-1.581676560290712130e+00 1.028232527826685949e+00 0.000000000000000000e+00
-5.928461150429177984e+00 9.396619642774667325e-01 0.000000000000000000e+00
-6.971797256632940254e+00 6.948725107224359654e+00 0.000000000000000000e+00
-1.866389881979602450e+01 -1.040627102445085411e-01 0.000000000000000000e+00
-1.010720291270311400e+01 -9.550082777968373904e+00 0.000000000000000000e+00
5.699790229533436836e+00 -1.657792979634179886e+01 0.000000000000000000e+00
-3.797079584708520361e+00 3.378517900307949517e+00 0.000000000000000000e+00
1.728587704350441712e+01 2.216990915269609008e+00 0.000000000000000000e+00
1.751022607913665752e+01 -3.519720327856078246e+00 0.000000000000000000e+00
7.358179747538507343e+00 1.220706826436156511e+01 0.000000000000000000e+00
-6.880274710786006054e+00 3.316695114218239926e+00 0.000000000000000000e+00
1.174356239680647285e+01 4.476320804782757179e+00 0.000000000000000000e+00
-1.295419043283408733e+01 -4.532894288545661787e+00 0.000000000000000000e+00
1.618024157123119267e+01 6.729081230123035162e-01 0.000000000000000000e+00
1.074015676610938286e+01 -1.326171687422295165e+01 0.000000000000000000e+00
3.700273960266488693e+00 -1.430607740053830312e+01 0.000000000000000000e+00
1.201256950505733556e+00 -1.644774033086066467e+01 0.000000000000000000e+00
7.090528936559532092e+00 6.856238130594080715e+00 0.000000000000000000e+00
9.018977568192552141e+00 -1.047772147138033638e+01 0.000000000000000000e+00
5.679273443285155487e+00 8.019378152254226677e+00 0.000000000000000000e+00
4.618100307721611841e+00 -5.526541026200744611e+00 0.000000000000000000e+00
-1.305989535490937437e+00 -7.822013028581801919e+00 0.000000000000000000e+00
-1.044153783397129276e+00 1.881831788986972853e+01 0.000000000000000000e+00
-2.374583725272287005e+00 1.453887379115273859e+01 0.000000000000000000e+00
6.481174776844545349e+00 3.135878015643660088e+00 0.000000000000000000e+00
-8.271136672511255838e+00 1.857179348331015500e+00 0.000000000000000000e+00
-4.696952183821577975e+00 9.501756678423094016e+00 0.000000000000000000e+00
-1.320252826720775552e+01 -2.545240377624288008e+00 0.000000000000000000e+00
5.375534437162048818e+00 -1.029102538488543050e+00 0.000000000000000000e+00
4.220720935244130168e+00 -2.961048068788111998e+00 0.000000000000000000e+00
-2.440194112936325599e+00 2.709963048932739760e+00 0.000000000000000000e+00
-5.694749973472099214e+00 -4.212802916232061712e+00 0.000000000000000000e+00
-1.566599615079996077e+01 -1.725195756644140044e+00 0.000000000000000000e+00
1.122626182911315063e+01 2.776575638395368362e+00 0.000000000000000000e+00
-1.421482531122509307e+01 2.910439763234754285e+00 0.000000000000000000e+00
6.098690354245831280e+00 -3.133130579923896875e+00 0.000000000000000000e+00
-8.661510367827739643e+00 1.036565365612352174e+01 0.000000000000000000e+00
6.385975944403811333e+00 -1.331053032999704655e+01 0.000000000000000000e+00
8.071046730875758968e+00 -6.251950107351697206e+00 0.000000000000000000e+00
-1.527692158314301096e+01 -5.616264560576318843e+00 0.000000000000000000e+00
1.574678810607088764e+01 -5.884516284141160902e+00 0.000000000000000000e+00
7.889380863744856143e+00 -1.212614399524999165e+01 0.000000000000000000e+00
1.399839825310449193e+01 -8.441263724538579538e+00 0.000000000000000000e+00
-1.037517601412205437e+01 6.851638264251384669e+00 0.000000000000000000e+00
-1.538896147350225796e+01 6.848250012838444256e+00 0.000000000000000000e+00
-6.121322958051576890e+00 -1.773672770054483649e+00 0.000000000000000000e+00
-1.032868154247366377e+01 4.110004030439593059e+00 0.000000000000000000e+00
-3.179819217985920154e+00 -1.479339757253568699e+01 0.000000000000000000e+00
-2.054200086182665252e+00 -1.584455360820333425e+01 0.000000000000000000e+00
-9.350691334710351299e+00 1.210636985591554904e+01 0.000000000000000000e+00
1.066222319818720443e+01 -1.546616893069179888e+01 0.000000000000000000e+00
-1.415199172221657875e+01 3.390908992745117478e-01 0.000000000000000000e+00
-1.054313813846497183e+01 -3.901296511598868477e+00 0.000000000000000000e+00
-1.146027368241633404e+01 -8.454590680444917794e+00 0.000000000000000000e+00
-1.213251635739150736e+01 1.111602694784899903e+01 0.000000000000000000e+00
-7.523136531381433123e+00 -9.334784157317933762e+00 0.000000000000000000e+00
1.379926909071461871e+01 9.681490925309405027e-01 0.000000000000000000e+00
-1.567533469812440394e+01 -8.203996907388042104e+00 0.000000000000000000e+00
-1.090721137348231196e+01 -1.569128593492157275e+00 0.000000000000000000e+00
2.009458628062632535e+00 -1.450774428999333310e+01 0.000000000000000000e+00
9.527712818765207814e+00 7.844215641264499439e+00 0.000000000000000000e+00
9.980168636116033554e+00 -3.382558570920438878e+00 0.000000000000000000e+00
-8.252912649550692592e+00 -4.840699638561880569e+00 0.000000000000000000e+00
-1.779212628505483806e+01 5.616606559546224453e+00 0.000000000000000000e+00
8.176735031693976197e+00 1.573221828360204810e+01 0.000000000000000000e+00
-2.487282580035439228e+00 -4.482324265050500856e+00 0.000000000000000000e+00
1.314437676859877779e+00 -5.918414850511644509e+00 0.000000000000000000e+00
3.754580141506905777e-01 1.543453081092662238e+01 0.000000000000000000e+00
6.050110959568686830e+00 1.021941090617599812e+01 0.000000000000000000e+00
1.333851822372870011e+01 2.759874643539155237e+00 0.000000000000000000e+00
-2.865009539376999204e+00 -2.952719345282511565e+00 0.000000000000000000e+00
-4.757318067124065131e+00 -1.823541938959539621e+01 0.000000000000000000e+00
1.454028843045561104e+01 -9.684725294545738494e-01 0.000000000000000000e+00
1.640201145160403584e+01 -1.042233122528841038e+00 0.000000000000000000e+00
-2.887652866239526883e+00 -7.741968942291222788e+00 0.000000000000000000e+00
1.837588687220505435e+01 3.845870847017428762e+00 0.000000000000000000e+00
-2.568364822093054389e+00 -1.295060652387203426e+01 0.000000000000000000e+00
1.076709423926695131e+01 -8.169774435107402866e+00 0.000000000000000000e+00
-4.805895706829768521e+00 1.197494457639498222e+01 0.000000000000000000e+00
-6.109381790451235084e+00 8.238327580339973366e+00 0.000000000000000000e+00
1.506499506953319667e+01 2.162054941041279932e+00 0.000000000000000000e+00
3.079166838349994162e+00 9.163469635039824368e+00 0.000000000000000000e+00
3.444158756213007155e+00 1.399162744066402020e+01 0.000000000000000000e+00
-1.301093716857464955e+01 7.753042982713536979e+00 0.000000000000000000e+00
-1.340847845125037852e+00 7.095013357944730537e+00 0.000000000000000000e+00
8.350670973427735788e+00 1.397072810843382840e+01 0.000000000000000000e+00
3.703072535294904988e+00 1.060594996142969038e+01 0.000000000000000000e+00
-1.750600467753410383e+00 -6.732406818507008506e-01 0.000000000000000000e+00
1.022961084554528810e+01 -5.506875016800129252e+00 0.000000000000000000e+00
1.223500706057695631e+01 1.092043139689675790e+01 0.000000000000000000e+00
1.102164601691871049e+01 7.122228135666072824e+00 0.000000000000000000e+00
7.712439873279031133e+00 2.214358967960097235e+00 0.000000000000000000e+00
8.700138199312524856e-01 1.715049142648811653e+01 0.000000000000000000e+00
2.829552279682805427e+00 4.578765928876601166e+00 0.000000000000000000e+00
-1.156946799782602397e+01 -1.081371632509002012e+01 0.000000000000000000e+00
1.440024127213718330e+01 -3.760991726581516481e+00 0.000000000000000000e+00
4.388504136582710657e+00 1.607990024319559197e+01 0.000000000000000000e+00
-1.137349576231733383e+00 1.685846623636458119e+01 0.000000000000000000e+00
9.154111673693271500e-01 -1.114462771088188298e+01 0.000000000000000000e+00
-1.824049666948521775e+01 -1.924774599790199492e+00 0.000000000000000000e+00
-2.530928908895043072e+00 1.766467554786147431e+01 0.000000000000000000e+00
-1.662908231561117001e+00 -1.119147497911190925e+01 0.000000000000000000e+00
-1.153821984434602932e+01 1.779390282464881956e+00 0.000000000000000000e+00
1.473227264140916226e+01 1.074141673332504610e+01 0.000000000000000000e+00
1.696885247357331750e+01 7.760448057064785132e+00 0.000000000000000000e+00
1.085468967408312047e+01 1.273066971645027934e+01 0.000000000000000000e+00
-9.730686316730274399e+00 -5.270044999433356914e+00 0.000000000000000000e+00
1.222737510700369334e+01 5.966425034226655377e+00 0.000000000000000000e+00
1.088896023670431340e-01 8.387015864312589386e+00 0.000000000000000000e+00
-4.353089773390644623e+00 1.810502015650530439e+01 0.000000000000000000e+00
-6.111566628702694182e+00 4.650912393208205486e+00 0.000000000000000000e+00
-6.211198351969091647e+00 1.254681334003029214e+01 0.000000000000000000e+00
1.181341881933330207e+01 -3.200468863870221004e+00 0.000000000000000000e+00
-1.416039659399107542e+01 -1.209620393005772598e+01 0.000000000000000000e+00
1.974545335978737493e+00 -4.344922537530717221e+00 0.000000000000000000e+00
-2.698224426563123224e+00 1.119542890849348993e+01 0.000000000000000000e+00
-8.759145658705175919e+00 3.842380100777575969e+00 0.000000000000000000e+00
5.226946582899988591e+00 -9.500383420440897453e+00 0.000000000000000000e+00
8.463545040956340415e+00 -4.536740289943499427e+00 0.000000000000000000e+00
-1.550602718991048867e+01 8.903995104190991938e+00 0.000000000000000000e+00
-1.218458800830797628e+01 1.321573086754500359e+01 0.000000000000000000e+00
-1.637944918510704673e+00 9.990865245146883566e+00 0.000000000000000000e+00
8.551589277313228266e+00 -4.751236823523039554e-01 0.000000000000000000e+00
8.889638813833078856e+00 -7.745277360346992879e+00 0.000000000000000000e+00
8.276152485405155801e+00 9.862834033160646996e+00 0.000000000000000000e+00
-8.369653587178701670e+00 -7.989520217475714503e+00 0.000000000000000000e+00
-7.910808712569959766e+00 -1.523618210698880837e+01 0.000000000000000000e+00
1.655257164108693857e+01 5.818432372404989117e+00 0.000000000000000000e+00
8.096772940210087199e+00 -1.630593346856781878e+01 0.000000000000000000e+00
-1.752044328005668561e+01 -3.427123566794366472e+00 0.000000000000000000e+00
-1.139308143303768617e+01 8.273637009705234746e+00 0.000000000000000000e+00
1.214138088051811515e+01 -1.183114843739753219e+01 0.000000000000000000e+00
1.690472442963021038e+01 -4.909998771051920841e+00 0.000000000000000000e+00
1.126704546482683078e+01 -9.679785689263628257e+00 0.000000000000000000e+00
5.175291397239777602e+00 1.315509316558675312e+00 0.000000000000000000e+00
1.385765490324676108e+01 -1.271649292319163038e+01 0.000000000000000000e+00
5.793146287346974788e+00 1.704878447559410759e+01 0.000000000000000000e+00
-1.018475198286736649e+01 8.373461009090036322e-01 0.000000000000000000e+00
-1.579887453933120689e+01 -1.044381735160360286e-01 0.000000000000000000e+00
-2.442984711400329745e-01 1.385023366384230670e+01 0.000000000000000000e+00
1.206848624384518620e-01 7.336480190418576131e-02 0.000000000000000000e+00
-8.224454796738193352e+00 -1.135870324904564299e+01 0.000000000000000000e+00
1.821466124454329361e+01 7.030866389907217684e-01 0.000000000000000000e+00
-4.393163435791454852e+00 -5.421224516920813308e+00 0.000000000000000000e+00
1.964148394725766078e+00 1.577185548614927590e+01 0.000000000000000000e+00
-4.947795663651962883e+00 -1.582894921825823253e+01 0.000000000000000000e+00
-4.724027887257316038e+00 1.385524410394033623e+01 0.000000000000000000e+00
1.892025884658101376e+01 -1.077071348437971920e+00 0.000000000000000000e+00
1.024324191776053716e+01 1.456550148134502898e+01 0.000000000000000000e+00
5.722658918000631090e+00 -6.907362163345625916e+00 0.000000000000000000e+00
-4.798396116102919606e+00 -7.052276376507763622e+00 0.000000000000000000e+00
-4.172421466141860158e+00 2.791056783426625887e-01 0.000000000000000000e+00
-6.012788325609426998e+00 -1.286896020362711823e+01 0.000000000000000000e+00
4.237832356990836935e+00 -7.770633409004090275e+00 0.000000000000000000e+00
6.420826998766830940e+00 1.355771449248120852e+01 0.000000000000000000e+00
-4.176688988001389546e+00 -9.078931036936539911e+00 0.000000000000000000e+00
-1.374597404146368618e+01 -7.364469648321580131e+00 0.000000000000000000e+00
-1.698589656822391447e+01 1.685187987807992949e+00 0.000000000000000000e+00
1.467300612508702429e+01 4.238090559229128473e+00 0.000000000000000000e+00
3.482888024205865740e+00 2.894961208038153710e+00 0.000000000000000000e+00
-9.161895817606422909e+00 -3.162363525341431725e+00 0.000000000000000000e+00
-2.853062030255160586e+00 7.129932261606741761e+00 0.000000000000000000e+00
-1.474776699387806289e+01 -9.814792289915484247e+00 0.000000000000000000e+00
-5.662556402193887450e+00 1.567200122696146103e+01 0.000000000000000000e+00
1.616487836339377893e+01 9.751728061170235051e+00 0.000000000000000000e+00
1.106485502194123338e+00 -1.298219937510339328e+01 0.000000000000000000e+00
-8.865468420820880269e+00 7.759189862235151836e+00 0.000000000000000000e+00
-1.050305936490531344e+01 -1.356845891193109388e+01 0.000000000000000000e+00
-8.079487523516988290e+00 -1.345765134466620871e+01 0.000000000000000000e+00
7.680831612852301760e+00 -9.501135303857749292e+00 0.000000000000000000e+00
-1.686602748227640802e+01 -5.099228907444603998e+00 0.000000000000000000e+00
-4.646568487246693913e+00 -1.057307437201345657e+01 0.000000000000000000e+00
5.340221178479463759e+00 -1.466118104647467391e+01 0.000000000000000000e+00
1.099050786842331640e+01 -3.990134999010792050e-01 0.000000000000000000e+00
2.174476275295184724e+00 -8.402704430182490469e+00 0.000000000000000000e+00
1.985799719901168547e+00 7.302372635050189409e+00 0.000000000000000000e+00
1.149402546889567889e+00 1.563043559593385146e+00 0.000000000000000000e+00
1.690083623557726966e+01 -6.937731510772876753e+00 0.000000000000000000e+00
-2.860565671551328570e+00 -1.025535704695049510e+01 0.000000000000000000e+00
1.237061023161370699e+01 -1.364068235945840968e+01 0.000000000000000000e+00
1.132075189575483476e+00 3.215345273869383291e+00 0.000000000000000000e+00
-1.018306686392609794e+00 4.970094396415201565e+00 0.000000000000000000e+00
1.268411155563046577e+01 1.397854599840554179e+01 0.000000000000000000e+00
-4.507460338230432351e-01 -1.270054656241788038e+01 0.000000000000000000e+00
1.348105913279159118e+01 8.296647539332028032e+00 0.000000000000000000e+00
-1.058669741619434035e+01 -6.699947445407538282e+00 0.000000000000000000e+00
1.272002548096998176e+01 -8.847962389676911066e-01 0.000000000000000000e+00
-2.279555054048060470e+00 -1.823905974991749090e+01 0.000000000000000000e+00
3.925611034633100793e+00 -1.690870475891396296e+01 0.000000000000000000e+00
-2.954703330857397781e+00 -6.127738442877646463e+00 0.000000000000000000e+00
-1.643357556046238699e+01 4.059700765173833936e+00 0.000000000000000000e+00
1.013222485542284979e+01 1.015247141832638889e+01 0.000000000000000000e+00
1.849253635829597675e+00 1.013529441544369725e+01 0.000000000000000000e+00
-6.772767283066816191e-01 -1.729631658033752117e+01 0.000000000000000000e+00
4.260500584592431750e+00 1.216099052215522214e+01 0.000000000000000000e+00
1.430763001921685529e+01 -5.301963616228518639e+00 0.000000000000000000e+00
-9.012687606379557792e+00 1.537397554302510372e+01 0.000000000000000000e+00
-7.778343752049639903e+00 1.201213102513793451e+01 0.000000000000000000e+00
-1.841759917231152599e+01 2.271066464508215699e+00 0.000000000000000000e+00
7.616088529741019464e+00 -1.765122186681377547e+00 0.000000000000000000e+00
-5.264591484519510756e-01 -5.230932067723585988e+00 0.000000000000000000e+00
1.202494289106200848e-01 -1.567298859419234081e+00 0.000000000000000000e+00
1.198862078083708305e+01 7.379252458952110238e-01 0.000000000000000000e+00
3.091196598908985682e-01 -1.888762885907879507e+01 0.000000000000000000e+00
1.472851098894502009e+01 7.076211970815925234e+00 0.000000000000000000e+00
-1.226299499676713722e+01 -1.249337498089143494e+01 0.000000000000000000e+00
-9.645071728712043324e+00 -1.184027103609222387e+01 0.000000000000000000e+00
1.035671250775668284e+01 -1.168539513952005571e+01 0.000000000000000000e+00
6.241930106983323512e+00 2.296170834052486953e-01 0.000000000000000000e+00
-1.447939772078893128e+01 1.217015047678425788e+01 0.000000000000000000e+00
2.328555489029490388e+00 -1.009296079905287868e+01 0.000000000000000000e+00
1.427813945958168462e-01 1.203610310240103587e+01 0.000000000000000000e+00
2.699433615959711652e+00 1.872082711065993621e+01 0.000000000000000000e+00
4.705281586701431928e-01 5.280668491352354721e+00 0.000000000000000000e+00
-6.862625751619527925e+00 9.874259838111877130e+00 0.000000000000000000e+00
8.077160027658665697e+00 -1.445708198540279099e+01 0.000000000000000000e+00
7.421109358681462487e-01 -9.550631447299117838e+00 0.000000000000000000e+00
-1.221678688260323220e+01 -4.019776817501692912e-01 0.000000000000000000e+00
-6.354156884714086573e+00 -7.404794372816414061e+00 0.000000000000000000e+00
5.430648851689896972e+00 4.527469568066736727e+00 0.000000000000000000e+00
6.489643240413736969e+00 -5.599503956190059917e+00 0.000000000000000000e+00
-9.729201502783839217e+00 -1.570651091747348005e+01 0.000000000000000000e+00
-4.876578774369248137e+00 7.373163601606699480e+00 0.000000000000000000e+00
-7.272671136540028058e+00 1.394657197314877983e+01 0.000000000000000000e+00
-8.456404687432067746e+00 -6.383018521679338697e+00 0.000000000000000000e+00
2.953337147344177183e+00 -6.339929545814597667e-01 0.000000000000000000e+00
-9.115712700062871932e+00 -9.493101754364288158e-01 0.000000000000000000e+00
-1.390455586152422640e+01 5.704492289988261966e+00 0.000000000000000000e+00
1.247024254686460232e+01 -7.148234431936567823e+00 0.000000000000000000e+00
2.902059697796321114e+00 1.721715789389705620e+01 0.000000000000000000e+00
9.467129852368106668e+00 1.870242544700399856e+00 0.000000000000000000e+00
-1.400034051708226457e+01 1.053300649583058402e+01 0.000000000000000000e+00
7.492553724707491647e-02 9.999417711532341713e+00 0.000000000000000000e+00
-6.544515165724832606e+00 -1.751001367381522300e+01 0.000000000000000000e+00
-3.722182713637038898e+00 1.574816226344903569e+01 0.000000000000000000e+00
9.605659216566360570e+00 1.167161654357301970e+01 0.000000000000000000e+00
-4.363711602182188010e+00 -1.261122625455685586e+01 0.000000000000000000e+00
-3.651383030601649260e+00 5.193518146287446235e+00 0.000000000000000000e+00
2.014382397084566900e+00 1.280840124044559403e+01 0.000000000000000000e+00
1.367578580527849397e+01 -2.417047651761711435e+00 0.000000000000000000e+00
1.322801199804413486e+01 -1.025691300583050491e+01 0.000000000000000000e+00
1.809642128151395024e+00 -1.806425097466505036e+01 0.000000000000000000e+00
1.286325875760010362e+01 -4.895095934763873835e+00 0.000000000000000000e+00
7.081952686106531836e+00 4.669209183665011587e+00 0.000000000000000000e+00
-5.077337059372304395e-01 3.275514241825423944e+00 0.000000000000000000e+00
-8.949971080715894090e+00 5.416813394649945934e+00 0.000000000000000000e+00
-7.580220829870858879e+00 -1.554112903757469411e-01 0.000000000000000000e+00
4.026063067549724650e+00 -1.122596256502191814e+01 0.000000000000000000e+00
5.389873337095595573e+00 -1.819911560589228827e+01 0.000000000000000000e+00
-5.785077774743309753e+00 -9.429701155158943138e+00 0.000000000000000000e+00
