1.237204535365394875e+01 9.654269246790502024e+00 0.000000000000000000e+00
-1.602970794295736079e+00 7.884252998612721441e+00 0.000000000000000000e+00
4.793638000342520300e+00 -1.156290083893002141e+01 0.000000000000000000e+00
4.547597886333329065e+00 5.230371165065621497e-01 0.000000000000000000e+00
-2.074153079972382407e+00 1.103960602234989485e+00 0.000000000000000000e+00
-1.654923799134226658e-01 9.910813810879568475e-01 0.000000000000000000e+00
2.471896870612872554e+00 -1.576368174147186352e+01 0.000000000000000000e+00
3.272306070045011950e+00 -1.380551644154664359e+01 0.000000000000000000e+00
-1.433350537690166782e+01 4.789505332846582530e-01 0.000000000000000000e+00
9.051636987256507894e+00 -7.642686088395487687e+00 0.000000000000000000e+00
-6.192941618467622256e+00 -1.000032119125539865e+01 0.000000000000000000e+00
1.191675769834350085e+01 -6.809265446809015465e+00 0.000000000000000000e+00
2.073301423107118957e+00 -6.566327758035139794e+00 0.000000000000000000e+00
1.575443392897316564e+01 -5.987557835282863117e+00 0.000000000000000000e+00
6.451734584844388110e+00 -1.421168499129849394e+01 0.000000000000000000e+00
1.597224155552405378e+01 -1.964077188370432214e+00 0.000000000000000000e+00
-8.393588085683138189e+00 1.013960194099547607e+01 0.000000000000000000e+00
5.860221483012867161e+00 7.886134620144656715e+00 0.000000000000000000e+00
-1.486954998909914494e+01 2.768318678572782687e+00 0.000000000000000000e+00
1.713999076035513935e-01 -1.709012411913731810e+01 0.000000000000000000e+00
7.516633674273832888e+00 1.189724320397871615e+01 0.000000000000000000e+00
8.269123085470029721e+00 -1.000246490604631511e+01 0.000000000000000000e+00
-3.679375701062713944e+00 -1.099613553288492618e+01 0.000000000000000000e+00
-8.183070597025421833e+00 -1.312326288932700891e+01 0.000000000000000000e+00
9.561877539686115313e+00 9.207631864438843294e+00 0.000000000000000000e+00
5.362728237468838088e+00 -8.725922564349881227e+00 0.000000000000000000e+00
8.054153881626922029e+00 8.935710475143920917e+00 0.000000000000000000e+00
-9.724409196553985169e+00 1.453336809926468831e+01 0.000000000000000000e+00
-1.126346579382041080e+00 -4.119187418194978356e+00 0.000000000000000000e+00
-4.907489080994962727e+00 -4.686932360018659871e+00 0.000000000000000000e+00
1.132959425907272966e+01 2.537048190947031046e+00 0.000000000000000000e+00
1.147602912619284332e+01 -1.409130945969419235e+00 0.000000000000000000e+00
-7.726509523971864191e+00 3.812661314808348578e+00 0.000000000000000000e+00
-7.357999509298528196e+00 7.543749042201258526e+00 0.000000000000000000e+00
1.474279296856703425e+01 7.497702553973939033e+00 0.000000000000000000e+00
1.407366071170011956e+01 2.402553264745154404e+00 0.000000000000000000e+00
1.678705562431696663e+01 2.613826459066498131e+00 0.000000000000000000e+00
-1.312839510703290102e+01 -2.418486661212789990e+00 0.000000000000000000e+00
9.336648530254919365e+00 -5.501710904828083670e+00 0.000000000000000000e+00
-5.414612559708049666e+00 -1.515336553952376342e+01 0.000000000000000000e+00
-8.783462689656985845e+00 -7.634944968714420632e+00 0.000000000000000000e+00
1.178479523600812762e+01 4.575692308820312526e+00 0.000000000000000000e+00
-5.504936520801185118e+00 -2.153167011199853320e+00 0.000000000000000000e+00
9.401370894526223765e+00 -1.346339576764303381e+01 0.000000000000000000e+00
1.096756214782160299e+01 -1.272390203724964408e+01 0.000000000000000000e+00
6.081844398955019854e-02 -6.819760801796854288e+00 0.000000000000000000e+00
1.175855241991071942e+01 -9.248015359132145008e+00 0.000000000000000000e+00
4.723231481280576460e+00 -1.572675042288047287e+01 0.000000000000000000e+00
-4.697110207871663334e+00 3.562074004939005167e+00 0.000000000000000000e+00
-8.740159860765722044e+00 -3.609895215117178147e+00 0.000000000000000000e+00
-1.907653877206622606e-01 1.690562494944097693e+01 0.000000000000000000e+00
-3.832925882065471246e+00 -1.623671007662308696e+01 0.000000000000000000e+00
-1.471001916808744703e+01 8.618865098783908607e+00 0.000000000000000000e+00
-1.167014952613096490e+01 -1.294138695462821609e+01 0.000000000000000000e+00
1.498276230627738848e+01 -3.381067274010598922e+00 0.000000000000000000e+00
1.655771370341088300e+01 4.876765990030239806e+00 0.000000000000000000e+00
1.273518715481681696e+01 -1.100631197735336464e+01 0.000000000000000000e+00
-7.488691809756257811e+00 8.190641513097800530e-01 0.000000000000000000e+00
-4.436615473039219992e+00 7.763557075421839038e+00 0.000000000000000000e+00
3.034461838930343269e+00 3.473300030686705231e+00 0.000000000000000000e+00
5.468533141664255304e+00 -5.358905546891751470e+00 0.000000000000000000e+00
-1.425098584339450447e+01 4.307474632017596505e+00 0.000000000000000000e+00
5.651781782398202836e+00 1.453249511165807029e+01 0.000000000000000000e+00
4.368669964050126531e+00 1.227531964709445944e+01 0.000000000000000000e+00
-1.471201403472579194e+01 -7.611285875803456946e+00 0.000000000000000000e+00
1.682595962388252886e+01 -3.445626385365015310e+00 0.000000000000000000e+00
2.768585576175288665e+00 -4.592612011990332199e+00 0.000000000000000000e+00
-1.263948045152730160e+01 2.284770133295326300e+00 0.000000000000000000e+00
1.403271922166909924e+01 -4.831465169813331073e+00 0.000000000000000000e+00
-1.534173892159363395e-01 8.365177605200685207e+00 0.000000000000000000e+00
9.796259205010777293e+00 1.439382910063098997e+01 0.000000000000000000e+00
1.524270900800680195e+01 3.829429905183292071e+00 0.000000000000000000e+00
-9.478302176139235868e+00 -1.331704275463453380e+00 0.000000000000000000e+00
2.977096958045482911e+00 -1.087489444595235000e+01 0.000000000000000000e+00
-3.271205746594240793e+00 -7.363963598752513384e+00 0.000000000000000000e+00
4.213485910064470041e-01 -1.220420047013397813e+01 0.000000000000000000e+00
-1.443848846119456475e+01 6.859570062215364139e+00 0.000000000000000000e+00
-1.142382640742268585e+01 1.039160165551149895e+01 0.000000000000000000e+00
6.327606308666260837e+00 -7.034791590697174080e+00 0.000000000000000000e+00
-2.144720470090752062e+00 6.434224398258504785e+00 0.000000000000000000e+00
-1.925397782035668692e+00 -1.412246758497599064e+00 0.000000000000000000e+00
-1.848308084850158461e-01 -1.431409516736676757e+01 0.000000000000000000e+00
-4.689968865253746344e+00 9.750575992332354502e+00 0.000000000000000000e+00
5.068240609036501532e+00 1.086748425422545417e+01 0.000000000000000000e+00
-1.415036990068602840e+01 -1.143717564956189925e+00 0.000000000000000000e+00
6.590162737006639126e+00 5.014389971588789408e+00 0.000000000000000000e+00
1.332265839288067522e+00 -1.334679446151685323e+00 0.000000000000000000e+00
1.053285653426813440e+01 -4.156901501610314575e+00 0.000000000000000000e+00
8.190232649914442220e+00 -1.594852195535168216e+00 0.000000000000000000e+00
6.410158051821987613e+00 -3.276398973635155643e-01 0.000000000000000000e+00
-1.189954678175918623e+01 3.932686071977093967e+00 0.000000000000000000e+00
1.379681909129388373e+00 -1.470588952953442785e+01 0.000000000000000000e+00
-7.238421470053016726e+00 -8.984692008490674509e-01 0.000000000000000000e+00
1.427554805736455812e+01 -9.140478524553534712e+00 0.000000000000000000e+00
-2.047295196015623264e-01 -1.068615734136910467e+00 0.000000000000000000e+00
-1.341573410387429943e+00 -9.469382109719344243e+00 0.000000000000000000e+00
-2.722826770028745624e+00 -1.466180346020814795e+01 0.000000000000000000e+00
-3.552395205349266227e+00 -3.238753492179237359e+00 0.000000000000000000e+00
8.150972521121092385e+00 6.191008261702271476e+00 0.000000000000000000e+00
-1.286805543450797007e+00 -1.209688435098091830e+01 0.000000000000000000e+00
1.490647137279174306e+00 5.897701690158331012e+00 0.000000000000000000e+00
1.343643586370084542e+01 5.253372375133888994e+00 0.000000000000000000e+00
-1.062962947651514334e+01 -8.114874116406598503e+00 0.000000000000000000e+00
-1.273055697184725865e+01 -5.343006418612723962e+00 0.000000000000000000e+00
-6.081587108685065912e-01 1.185250340705469085e+01 0.000000000000000000e+00
7.796805824445899979e+00 -1.233121381200597355e+01 0.000000000000000000e+00
1.042941112175868046e+00 1.524116030479375539e+01 0.000000000000000000e+00
3.897167368063626736e+00 1.505074587950063147e+01 0.000000000000000000e+00
-1.254144305634985379e+01 5.847559251184619278e+00 0.000000000000000000e+00
-1.166031558019085246e+01 -1.669353294956625877e+00 0.000000000000000000e+00
-1.516883682499909725e+01 -3.030895786379852908e+00 0.000000000000000000e+00
4.192044565901671405e+00 -1.932411304535111229e+00 0.000000000000000000e+00
-8.762856432608467472e+00 -6.007941642246926506e+00 0.000000000000000000e+00
7.374015596807974582e+00 -1.579339780438317931e+01 0.000000000000000000e+00
-4.901336588074261869e+00 1.455632747242403990e+00 0.000000000000000000e+00
1.350685856625719872e+01 -1.391740881515140804e-01 0.000000000000000000e+00
-3.097800755245214699e+00 4.353607917835932817e+00 0.000000000000000000e+00
-1.028238568747628356e+01 -1.376231861857380778e+01 0.000000000000000000e+00
5.749520731450869171e+00 3.661669115367230720e+00 0.000000000000000000e+00
-1.093188010921459608e+01 7.876321282805888169e-01 0.000000000000000000e+00
-6.753149151443033738e+00 5.619312565607715193e+00 0.000000000000000000e+00
4.547686545624442189e+00 4.621107108335735347e+00 0.000000000000000000e+00
1.092182455776718264e+01 6.036471117509028872e+00 0.000000000000000000e+00
-1.385247920952365241e+01 -3.816404091727475745e+00 0.000000000000000000e+00
1.511783675706042196e+01 -4.945837697538555955e-01 0.000000000000000000e+00
-1.069383728755825125e+01 5.972858196639791117e+00 0.000000000000000000e+00
1.238073043277295149e+01 6.946439651101995238e+00 0.000000000000000000e+00
-5.665935439939552509e+00 -1.345005859440598428e+01 0.000000000000000000e+00
-8.085335909580036784e+00 1.177212261097794155e+01 0.000000000000000000e+00
-1.075421559741077182e+01 1.256755464255419241e+01 0.000000000000000000e+00
6.301538473768524717e+00 -1.174841832218860738e+01 0.000000000000000000e+00
-3.276098668072767062e+00 1.565518829710309134e+01 0.000000000000000000e+00
-1.621438774038603370e+01 5.578752394268154724e+00 0.000000000000000000e+00
-2.703455143058959731e+00 1.323163996068472770e+01 0.000000000000000000e+00
1.918016859586806344e+00 1.349196207451535834e+01 0.000000000000000000e+00
1.340065051049003664e+01 1.091853881086523970e+01 0.000000000000000000e+00
1.097220458925431785e+01 1.261375017035467749e+01 0.000000000000000000e+00
-4.838242724187984400e+00 1.411642555898760065e+01 0.000000000000000000e+00
-6.168506472441499078e+00 4.189221281476767977e+00 0.000000000000000000e+00
2.654960048951964691e+00 -2.694909619936900480e+00 0.000000000000000000e+00
-1.043893354419262920e+01 -6.376560053214911150e+00 0.000000000000000000e+00
1.699340375064268605e+00 1.714027589394481765e+01 0.000000000000000000e+00
2.873501261680803776e+00 9.595869364187056050e+00 0.000000000000000000e+00
-5.793482059394401418e+00 -6.463699247043335205e+00 0.000000000000000000e+00
7.042019479011469407e+00 1.373941562037596320e+01 0.000000000000000000e+00
8.859759006349898769e+00 1.559439023431487437e+00 0.000000000000000000e+00
-4.089646375846428761e+00 6.047926311747333195e+00 0.000000000000000000e+00
1.580302839198281006e+01 8.987876052725711773e-01 0.000000000000000000e+00
-9.607942564095980131e+00 4.929391726922232486e+00 0.000000000000000000e+00
-5.413737820528486289e+00 -3.517748034171407912e-01 0.000000000000000000e+00
-1.705668215904954543e+00 -1.626995640274245503e+01 0.000000000000000000e+00
4.395983456335194051e-01 -3.583832528815538154e+00 0.000000000000000000e+00
-9.972447933249793950e-01 2.288199977842423127e+00 0.000000000000000000e+00
-6.386590527389198080e+00 8.841948784627458480e+00 0.000000000000000000e+00
1.424828842748177848e+01 -7.083523858685865093e+00 0.000000000000000000e+00
-1.212942419222714818e+01 7.918992007281206114e+00 0.000000000000000000e+00
-9.855567819058045131e+00 9.175586783983012751e+00 0.000000000000000000e+00
9.269736502891925412e+00 -3.269460536160596620e-01 0.000000000000000000e+00
2.699200931910675116e+00 1.163170996133241530e+01 0.000000000000000000e+00
6.571389847579083288e+00 -3.957865480394865187e+00 0.000000000000000000e+00
-7.261903836322487926e+00 -1.545838090203054271e+01 0.000000000000000000e+00
2.792959529065027979e+00 7.451070056157978350e+00 0.000000000000000000e+00
1.101083736723778905e+00 9.687829434332041245e+00 0.000000000000000000e+00
3.720066486528656124e+00 1.808972642629511185e+00 0.000000000000000000e+00
6.938515315426527330e+00 -9.023646565000998265e+00 0.000000000000000000e+00
-1.211785992535405931e+01 -8.719337029552178819e+00 0.000000000000000000e+00
1.931212654437473475e+00 -1.725834555454273556e+01 0.000000000000000000e+00
-6.124943978479840290e+00 1.312767338807035600e+01 0.000000000000000000e+00
-6.386085897377004272e+00 1.084478112447984444e+01 0.000000000000000000e+00
3.348488495406247267e+00 1.673001211624515250e+01 0.000000000000000000e+00
4.024497933736719268e+00 6.468838611742604883e+00 0.000000000000000000e+00
-5.576760969199924922e+00 1.547912140160095795e+01 0.000000000000000000e+00
9.082237509903468009e+00 -2.976558451674696570e+00 0.000000000000000000e+00
-1.097519271443031919e+01 -1.132681987692162728e+01 0.000000000000000000e+00
1.319165252689637746e-01 1.342987751768852611e+01 0.000000000000000000e+00
-9.208172497190941996e+00 3.260936426148613343e+00 0.000000000000000000e+00
-3.054269691589401425e+00 1.120669078572072763e+01 0.000000000000000000e+00
1.266678844612936494e+01 -3.541561909269770325e+00 0.000000000000000000e+00
2.018584380610092488e+00 2.332120906530536775e-01 0.000000000000000000e+00
-1.641080306360850827e+01 3.262144282236443815e-01 0.000000000000000000e+00
-1.400011338436480557e+01 1.010869086771462477e+01 0.000000000000000000e+00
-1.348353431025491389e+01 -9.659033570472667307e+00 0.000000000000000000e+00
-1.224820369896235245e-01 6.763381808733704759e+00 0.000000000000000000e+00
-3.772872557762234624e+00 -3.351755932548196593e-01 0.000000000000000000e+00
-1.058982266155053331e+01 -3.100069166690502698e+00 0.000000000000000000e+00
-6.355887074442277962e-01 1.484530027691949883e+01 0.000000000000000000e+00
-1.226389889378702769e+01 -6.893009747919270680e+00 0.000000000000000000e+00
5.863696085174661121e+00 1.644544049162852062e+01 0.000000000000000000e+00
4.153531283362351445e+00 -7.333502438847520288e+00 0.000000000000000000e+00
-4.569617439133587311e+00 -9.395196425659177564e+00 0.000000000000000000e+00
-7.259881077182132714e+00 1.436411215156486421e+01 0.000000000000000000e+00
1.108014705071804507e+01 8.065773163960795245e+00 0.000000000000000000e+00
-6.362697412717568390e+00 -1.205201633831218899e+01 0.000000000000000000e+00
-9.710983592738573478e+00 7.610803908658755113e+00 0.000000000000000000e+00
2.973696492846043427e+00 -8.611877009148745543e+00 0.000000000000000000e+00
-1.704229143745352815e+01 2.762721441407042899e+00 0.000000000000000000e+00
7.977469563003568576e-01 -5.150649778511889210e+00 0.000000000000000000e+00
-7.034490325318279780e+00 -3.319541422246128803e+00 0.000000000000000000e+00
2.618834820642361172e-01 -9.608031072974563713e+00 0.000000000000000000e+00
1.207760267837837986e+01 -5.055640577542718894e+00 0.000000000000000000e+00
4.950341499654532740e+00 -1.402466270553727234e+01 0.000000000000000000e+00
-1.716024043198406801e+01 -2.493392738284121890e+00 0.000000000000000000e+00
-9.566773316353998524e+00 -1.196473856565515881e+01 0.000000000000000000e+00
9.325626134893500563e+00 1.077584976924854843e+01 0.000000000000000000e+00
1.514005295320168010e+01 5.564980261083740665e+00 0.000000000000000000e+00
6.634780059186208057e+00 -2.342895826564762363e+00 0.000000000000000000e+00
1.348102250938928037e+01 -2.070538257261559600e+00 0.000000000000000000e+00
-8.048023879810473957e+00 -1.147106197120746174e+01 0.000000000000000000e+00
-1.182180677725195039e+01 -3.993431471071315020e+00 0.000000000000000000e+00
8.119689352896999779e+00 3.480871150855797236e+00 0.000000000000000000e+00
-1.318279754925100100e+01 -1.148648714494806633e+01 0.000000000000000000e+00
-8.870827649406630044e+00 -9.563405251058700429e+00 0.000000000000000000e+00
7.888960728944044432e-01 2.909552650655397699e+00 0.000000000000000000e+00
-1.257200123360128252e+01 1.167327428280103341e+01 0.000000000000000000e+00
6.683860607604714232e+00 6.530652489378619308e+00 0.000000000000000000e+00
4.345768011380184426e+00 8.445790161990686329e+00 0.000000000000000000e+00
6.414525449015055614e+00 1.982137258813681857e+00 0.000000000000000000e+00
2.024748128103677658e+00 -1.244245665354470098e+01 0.000000000000000000e+00
-3.581970010899493406e+00 -1.259721703772441614e+01 0.000000000000000000e+00
-1.992815520123398132e+00 -6.205083856763104144e+00 0.000000000000000000e+00
9.155714350319696493e+00 4.663714200686044364e+00 0.000000000000000000e+00
-1.434615293902019673e+01 -6.143779787943624449e+00 0.000000000000000000e+00
-8.847146148128908649e+00 -1.488899531573770751e+01 0.000000000000000000e+00
4.685064840687173771e+00 -3.489052930935785835e+00 0.000000000000000000e+00
6.898817589293166463e+00 9.918955987522188877e+00 0.000000000000000000e+00
9.695318712613335776e+00 -1.095790345719079362e+01 0.000000000000000000e+00
-2.972851560217964817e+00 -5.068513562960346164e+00 0.000000000000000000e+00
-2.675498496565879680e+00 9.171395636060168499e+00 0.000000000000000000e+00
1.126438157812727603e+01 8.354413329071092020e-01 0.000000000000000000e+00
7.851044428234914108e+00 -6.410674328712807402e+00 0.000000000000000000e+00
-2.683996224228910599e+00 1.709875893140196013e+01 0.000000000000000000e+00
-3.309197428889919523e-01 4.744455322622409987e+00 0.000000000000000000e+00
1.102655839069868904e+01 1.106978905851713435e+01 0.000000000000000000e+00
1.030038314508349195e+01 3.645148150401587461e+00 0.000000000000000000e+00
-4.778487251254927237e+00 -7.734904516106562156e+00 0.000000000000000000e+00
1.036470268078571877e+01 -8.602730586142238067e+00 0.000000000000000000e+00
-1.537697797075934902e+00 1.049819380697153370e+01 0.000000000000000000e+00
-1.000502083472634673e+01 -4.848223385503986016e+00 0.000000000000000000e+00
-3.280579598554369536e+00 2.187694509940499188e+00 0.000000000000000000e+00
-6.280636967882024635e+00 2.099639124323827488e+00 0.000000000000000000e+00
-9.240646839596232454e+00 1.599349593658426549e+00 0.000000000000000000e+00
-1.299593374094458964e+00 -7.556200864589964539e+00 0.000000000000000000e+00
-8.420728995048953891e+00 1.340701102320232074e+01 0.000000000000000000e+00
1.464557161185329415e+00 -8.031045500495254785e+00 0.000000000000000000e+00
-1.280855153293664905e+01 -1.698086081298995631e-01 0.000000000000000000e+00
1.740461880906669023e+01 6.065033354619582262e-01 0.000000000000000000e+00
9.317206276275697974e+00 1.269704792475364385e+01 0.000000000000000000e+00
-7.217795892174663663e+00 -5.769688142773222062e+00 0.000000000000000000e+00
-7.511055242221719830e+00 -8.729181040318652052e+00 0.000000000000000000e+00
7.869694432539509066e+00 1.531961232045610366e+01 0.000000000000000000e+00
-1.586237272848763524e+01 -5.765678094436173851e+00 0.000000000000000000e+00
3.474631634564409488e+00 -5.759708097049183184e-01 0.000000000000000000e+00
1.344222231823689206e+01 8.493243039930444382e+00 0.000000000000000000e+00
-2.930462255117042059e+00 -8.928959623080082508e+00 0.000000000000000000e+00
-7.187837785973698601e+00 1.587227719069163889e+01 0.000000000000000000e+00
3.576755705985744438e+00 -1.693975778993536352e+01 0.000000000000000000e+00
