-3.535498581370581928e+00 1.365746381939872656e+01 0.000000000000000000e+00
9.207803395872527830e+00 -1.314665988564585142e+01 0.000000000000000000e+00
1.083269352899259097e+01 4.008283984180962989e+00 0.000000000000000000e+00
5.759912418704566939e+00 -3.578556149398251396e+00 0.000000000000000000e+00
-1.352628387316591585e+01 1.097941987224073834e+01 0.000000000000000000e+00
4.220773655038630778e+00 -1.337993911337840025e+01 0.000000000000000000e+00
2.740542527078619006e+00 1.357910973829467416e+01 0.000000000000000000e+00
-4.121898598029416050e+00 6.131890989240582179e+00 0.000000000000000000e+00
-1.050968875917054035e+01 1.096963833650344444e+00 0.000000000000000000e+00
-1.169971594319768293e+01 5.649754488824537901e+00 0.000000000000000000e+00
-9.858906634628109344e+00 3.686256905190736788e+00 0.000000000000000000e+00
-5.827252722538096563e+00 3.835545569455284243e-01 0.000000000000000000e+00
-3.072411368563520373e+00 -1.442119986644172158e+01 0.000000000000000000e+00
-1.554046559296529040e+01 1.963692957346530876e-01 0.000000000000000000e+00
-1.250338775063713648e+01 8.328198585189136027e-01 0.000000000000000000e+00
-2.866591968672631108e+00 -1.909572953563798192e+00 0.000000000000000000e+00
-1.142347902770806556e+01 -4.197600087482767250e+00 0.000000000000000000e+00
-6.901055629365689725e+00 4.800057988592075553e+00 0.000000000000000000e+00
-6.710815296168774147e+00 -9.017439039039642168e+00 0.000000000000000000e+00
6.248930701784072284e+00 -9.407365474609301614e+00 0.000000000000000000e+00
-1.618719826840545606e+00 1.660073406658210615e+01 0.000000000000000000e+00
1.344498804372079626e+01 -7.262260519190665065e+00 0.000000000000000000e+00
6.956585660096790136e+00 -6.547604137356896281e+00 0.000000000000000000e+00
3.854305332032245346e+00 -7.598875915839085948e+00 0.000000000000000000e+00
-3.789687733413295234e+00 1.843414140219195918e+00 0.000000000000000000e+00
-2.838082093322082500e+00 -5.842994929289550221e+00 0.000000000000000000e+00
-9.565589593719474593e+00 -1.263157561604794132e+01 0.000000000000000000e+00
9.528207450256156008e+00 4.915923644079082777e+00 0.000000000000000000e+00
-4.674199748189390213e+00 -1.390351147893390404e+01 0.000000000000000000e+00
-1.349312660165320743e+01 -9.615793755484357774e+00 0.000000000000000000e+00
4.243864921773560006e+00 -1.787438627982270134e+01 0.000000000000000000e+00
1.119780374941731260e+01 1.499537050517963266e+01 0.000000000000000000e+00
-9.774433365177396027e+00 1.502859789679012081e+01 0.000000000000000000e+00
-1.103610251002119114e+01 -1.119428639718798202e+01 0.000000000000000000e+00
-2.160222103307698926e+00 -1.852518729418692445e+01 0.000000000000000000e+00
-1.436453646594494948e+01 4.688482516179886872e+00 0.000000000000000000e+00
9.961471418794662469e+00 -7.829337070503294527e+00 0.000000000000000000e+00
-1.302452118931190617e+00 -5.204672543579583532e+00 0.000000000000000000e+00
-1.814818016054413619e+01 2.953646501050425588e+00 0.000000000000000000e+00
7.508574522908916471e+00 7.571260372714566422e+00 0.000000000000000000e+00
-3.372798084571888844e-02 -1.373408563887354994e+01 0.000000000000000000e+00
9.892249098534735552e+00 -1.069990477685537122e+01 0.000000000000000000e+00
-7.952582651569239047e+00 -6.050031945531172184e+00 0.000000000000000000e+00
6.582652529895073101e+00 2.397592397063271985e+00 0.000000000000000000e+00
-1.292360608662836086e+01 -4.536616234898323441e+00 0.000000000000000000e+00
-1.641980991622574493e+01 -7.046767637297037368e+00 0.000000000000000000e+00
-6.351721606896973960e+00 -1.521507954842117982e+01 0.000000000000000000e+00
6.818626591422473737e+00 6.375262578687569404e-01 0.000000000000000000e+00
-1.315956289298022064e+01 -6.110728958066856009e+00 0.000000000000000000e+00
-1.116698155020325878e+01 -1.488010415615255511e+01 0.000000000000000000e+00
7.042771444971386963e+00 1.735013558862321403e+01 0.000000000000000000e+00
-1.056158042307995082e+01 1.165566620846439427e+01 0.000000000000000000e+00
-3.020807677993893048e+00 9.910096075730422172e+00 0.000000000000000000e+00
8.465356041594487735e+00 1.263858520750419423e+01 0.000000000000000000e+00
-1.841103162286209960e+00 -1.196222125080595688e+01 0.000000000000000000e+00
7.192206173736054531e+00 4.114201649408500749e+00 0.000000000000000000e+00
2.961065277193360767e+00 -1.680937403276371356e+01 0.000000000000000000e+00
1.538490356596673969e+01 6.709566469680034118e+00 0.000000000000000000e+00
1.521154512514264390e+01 -5.923956086133786769e+00 0.000000000000000000e+00
-1.228256551723039891e+01 -1.340221492086267396e+01 0.000000000000000000e+00
1.751389103202085096e+01 -6.227450940512535560e+00 0.000000000000000000e+00
4.116949625633302468e+00 -1.129027007799424887e+01 0.000000000000000000e+00
6.302946757028789371e+00 1.008716021080189051e+01 0.000000000000000000e+00
-5.488038072588786065e+00 -5.161624689572860802e+00 0.000000000000000000e+00
-1.750193240006905171e+01 -2.596832100082521855e+00 0.000000000000000000e+00
6.517913079336469018e+00 -1.105310235288760978e+01 0.000000000000000000e+00
-1.591584104465163740e+01 9.185492686815051044e+00 0.000000000000000000e+00
-8.039091414767234767e+00 1.175652200458775987e+01 0.000000000000000000e+00
-9.315925962863886411e+00 -1.444361910060874088e+01 0.000000000000000000e+00
-1.380478190243333003e+01 7.691399172943813589e+00 0.000000000000000000e+00
6.984389890947491075e+00 5.903675843778954935e+00 0.000000000000000000e+00
-6.087254221627965700e-01 -1.894841192769439431e+01 0.000000000000000000e+00
-7.843151810886880071e+00 -1.804344951968761768e+00 0.000000000000000000e+00
1.005618603985452886e+01 8.713188184878658760e+00 0.000000000000000000e+00
1.537633236623047672e+01 -8.893029184144014110e+00 0.000000000000000000e+00
1.518958321882524665e+00 3.154194784220711867e+00 0.000000000000000000e+00
-4.183381475959446760e+00 -4.194538051436395243e+00 0.000000000000000000e+00
-4.926814142427906162e+00 -1.732225202985138068e+01 0.000000000000000000e+00
-1.298352655847568116e+01 4.089861537029888972e+00 0.000000000000000000e+00
1.398321264301273992e+01 -1.154274517695512792e+01 0.000000000000000000e+00
-4.480391617819584837e+00 -7.056296920100844083e+00 0.000000000000000000e+00
7.134200664038835349e+00 1.338973633931393259e+01 0.000000000000000000e+00
1.045521025093941425e+01 -5.211846051733942886e+00 0.000000000000000000e+00
1.956281570281336979e+00 -1.575422508894720908e+00 0.000000000000000000e+00
5.700244414353109690e+00 1.579122599361170565e+01 0.000000000000000000e+00
1.877537246992270425e+01 -8.160915827716999082e-01 0.000000000000000000e+00
9.008593379313353466e+00 2.538392843704233126e+00 0.000000000000000000e+00
1.663702920812862374e+01 -1.906376680438478521e+00 0.000000000000000000e+00
2.340830332270986691e+00 7.616031833289049757e+00 0.000000000000000000e+00
-1.039832759818354546e+01 -6.524507170149878021e-01 0.000000000000000000e+00
-1.464079901759674840e+00 1.825301357465206564e+01 0.000000000000000000e+00
-8.047557780938632277e+00 -1.041567826185715084e+01 0.000000000000000000e+00
-1.988146196138144584e+00 5.837714678632083043e+00 0.000000000000000000e+00
-1.289836553139872333e+00 1.155968517681217200e+01 0.000000000000000000e+00
4.742350480206258823e+00 -1.930417637692700916e+00 0.000000000000000000e+00
-1.807027433436384811e+01 -4.277330603099091633e+00 0.000000000000000000e+00
-9.741967713401642470e+00 -7.535668273378946402e+00 0.000000000000000000e+00
7.793980511904688768e+00 -1.571237764623876210e+01 0.000000000000000000e+00
1.201075554140281909e+01 6.670797379098641677e+00 0.000000000000000000e+00
1.058760057908820496e-01 6.193969686181795886e+00 0.000000000000000000e+00
-1.496222192886349411e+01 -9.087140773023856255e+00 0.000000000000000000e+00
-1.424247393779222470e+01 -1.189812550881272024e+00 0.000000000000000000e+00
1.818465367830408042e+01 2.724288434758428856e+00 0.000000000000000000e+00
-1.392656892656819911e+00 1.381920170818324500e+01 0.000000000000000000e+00
-1.078727790496684413e+01 9.126606442998507873e+00 0.000000000000000000e+00
-2.660417358088974726e+00 -1.050643336996052568e+01 0.000000000000000000e+00
1.204637882402671556e+00 -5.979703099846609859e+00 0.000000000000000000e+00
9.514527502496971323e+00 7.772190791936883780e-01 0.000000000000000000e+00
-4.520334354410478817e+00 -9.655185110962619888e+00 0.000000000000000000e+00
-5.138043996886026976e-01 -1.568396095025234871e+01 0.000000000000000000e+00
-1.248856379772575309e+01 -1.088720676689495015e+00 0.000000000000000000e+00
1.601628977248631625e+00 1.670681514590819106e+01 0.000000000000000000e+00
-6.187842253282117788e+00 1.750512573342098221e+01 0.000000000000000000e+00
-1.633913818560322895e+01 2.221192011342495221e+00 0.000000000000000000e+00
1.328936452899504239e+01 1.010041844391296628e+01 0.000000000000000000e+00
-1.064178415197613603e+01 -9.256954975924205797e+00 0.000000000000000000e+00
-1.528364292537702163e+01 -5.812283629557604137e+00 0.000000000000000000e+00
1.231513860057372511e+01 -6.199046328827633623e+00 0.000000000000000000e+00
-1.676950432548136760e+01 5.200842400916435793e+00 0.000000000000000000e+00
1.624335960029959836e+01 -4.180389286265905113e+00 0.000000000000000000e+00
1.460511447739799173e+01 2.732872929010593754e+00 0.000000000000000000e+00
2.810295135077113482e+00 -8.859257290399774831e+00 0.000000000000000000e+00
1.465233850316919550e+01 2.046284539687116266e-01 0.000000000000000000e+00
4.435961961109654794e+00 3.907072627260821829e+00 0.000000000000000000e+00
-2.826063758242433721e+00 7.805672253158860485e+00 0.000000000000000000e+00
1.305275574557973961e+01 -2.816167597258956157e+00 0.000000000000000000e+00
4.956468003330171790e+00 1.060111972452429052e+00 0.000000000000000000e+00
3.429814300321802456e+00 2.501275034181080770e+00 0.000000000000000000e+00
-6.465546188930606952e+00 8.237375573329371647e+00 0.000000000000000000e+00
1.243021455654664642e+01 -1.408078582045270188e+01 0.000000000000000000e+00
-1.565762221365301698e+01 7.202839923152847490e+00 0.000000000000000000e+00
1.063039973584243114e+01 -1.491816994012381592e+01 0.000000000000000000e+00
-1.693739743763591710e+00 4.687306612126364569e-01 0.000000000000000000e+00
-6.561616647586727247e+00 1.432347748091257245e+01 0.000000000000000000e+00
4.770639856016780200e+00 -1.595554363953441523e+01 0.000000000000000000e+00
-1.123399964587268940e+01 -2.041252209650808780e+00 0.000000000000000000e+00
-5.870697745923389554e+00 -1.439765506655285909e+00 0.000000000000000000e+00
-2.189883648971440167e+00 4.321405164032200652e+00 0.000000000000000000e+00
-5.123094315176158098e+00 4.334835575889226966e+00 0.000000000000000000e+00
1.845955490686468137e+00 -1.219853910900454785e+01 0.000000000000000000e+00
1.668471754210821345e+01 1.126449916012595587e+00 0.000000000000000000e+00
4.214338407141878129e+00 7.957390414741428941e+00 0.000000000000000000e+00
-1.208560709948921463e+01 -7.896079529928003105e+00 0.000000000000000000e+00
-5.849222498506566836e+00 -1.151239255704454756e+01 0.000000000000000000e+00
-8.931368886006207930e+00 4.027498351795480436e-01 0.000000000000000000e+00
1.161062758910458292e+01 -7.979924888291483498e+00 0.000000000000000000e+00
1.886204573549796137e+01 9.709349467169299253e-01 0.000000000000000000e+00
8.741372415493280812e+00 9.658119203747785875e+00 0.000000000000000000e+00
-1.126968145719675896e+01 1.473240592860383913e+01 0.000000000000000000e+00
1.014661799646180818e+01 1.207584369901834798e+01 0.000000000000000000e+00
-5.258667086581306549e+00 2.634486660185023865e+00 0.000000000000000000e+00
1.445773834543554237e+00 -1.841142225383519460e+01 0.000000000000000000e+00
7.657889126199042273e+00 -1.981241076701937054e+00 0.000000000000000000e+00
1.159486091260199991e+01 -3.642348616201394940e+00 0.000000000000000000e+00
4.816142455318130899e-01 1.129964874871160241e+01 0.000000000000000000e+00
-9.577290403720123635e+00 6.499681100460416694e+00 0.000000000000000000e+00
2.873418873907159110e+00 -1.503857167478954615e+01 0.000000000000000000e+00
-6.717627067116414885e+00 -3.875483232436385261e+00 0.000000000000000000e+00
-7.451289861043915996e-01 -7.664618114319248221e-01 0.000000000000000000e+00
6.132963465348750809e+00 -1.334747796262288055e+01 0.000000000000000000e+00
-4.138121348032959279e-01 -6.545394832855907730e+00 0.000000000000000000e+00
1.350867677962572877e+01 7.943753642811222981e+00 0.000000000000000000e+00
-8.033949372378220710e-01 -2.851971624106669267e+00 0.000000000000000000e+00
2.638517329346488971e+00 -5.229637521182685767e+00 0.000000000000000000e+00
1.323916518117207630e+01 1.430660729528899333e+00 0.000000000000000000e+00
-4.336998380537617770e+00 1.143056770180408144e+01 0.000000000000000000e+00
1.587310737792959969e+01 1.033339892940276883e+01 0.000000000000000000e+00
-4.981561805308440505e+00 7.640968382146955840e+00 0.000000000000000000e+00
-8.218224296734307543e+00 3.255750302341193336e+00 0.000000000000000000e+00
6.374428619612649172e+00 1.163979390222109522e+01 0.000000000000000000e+00
1.202399221333547708e+01 -1.147536878837779284e+01 0.000000000000000000e+00
-9.482123476356647984e+00 -5.185782233167548938e+00 0.000000000000000000e+00
9.071517754320087334e+00 6.515639598887370099e+00 0.000000000000000000e+00
-1.345771756221837556e+01 -1.236822751411634513e+01 0.000000000000000000e+00
-7.899955634466764742e+00 9.102155980873096297e+00 0.000000000000000000e+00
-9.149436494728890423e+00 1.663605714012000902e+01 0.000000000000000000e+00
1.347803389781799233e+01 1.298756420902245523e+01 0.000000000000000000e+00
-7.188191900931700573e+00 -1.653495351649213063e+01 0.000000000000000000e+00
-1.509381493790441731e+01 3.101787459072637532e+00 0.000000000000000000e+00
1.316506793843153833e+00 1.886758999972862227e+01 0.000000000000000000e+00
-4.820990622283500393e+00 1.513303655734937792e+01 0.000000000000000000e+00
-4.318387740598162772e+00 -2.600337568689362833e+00 0.000000000000000000e+00
1.534746051433636893e+01 -2.794029219333580727e+00 0.000000000000000000e+00
-3.206429109322316506e+00 -1.723946707245047349e+01 0.000000000000000000e+00
-3.703466064138397629e-01 8.191396487570246521e+00 0.000000000000000000e+00
2.784717305597709469e+00 -2.913199920403620524e+00 0.000000000000000000e+00
-9.048852185459940856e+00 1.369158726806133863e+01 0.000000000000000000e+00
5.476007737891717575e+00 1.365156567254372710e+01 0.000000000000000000e+00
1.093229714040781353e+01 -4.593072373103890826e-01 0.000000000000000000e+00
1.446493916802454471e+01 4.948393379781935053e+00 0.000000000000000000e+00
-6.212803067873063689e+00 1.222101381161836287e+01 0.000000000000000000e+00
3.365883517510888989e+00 9.247463885747761125e+00 0.000000000000000000e+00
1.370995346068213827e+00 -1.004622783189883073e+01 0.000000000000000000e+00
1.193472527994307031e+00 9.728295205229628095e+00 0.000000000000000000e+00
1.292950484753505691e+01 -8.762439322830383404e+00 0.000000000000000000e+00
1.372156729746519233e+01 -1.316114640514014278e+00 0.000000000000000000e+00
7.942800578973341352e+00 -4.550226566708881926e+00 0.000000000000000000e+00
-2.379382817817219831e+00 -8.869677798394794976e+00 0.000000000000000000e+00
5.498829900466023268e+00 6.211290102791691581e+00 0.000000000000000000e+00
-2.219338360478701144e+00 -3.711221383535225460e+00 0.000000000000000000e+00
1.634982557565790984e+01 3.937525475769288796e+00 0.000000000000000000e+00
1.347699911942143736e+01 -4.484950159332146136e+00 0.000000000000000000e+00
1.664546482782228409e+01 8.895002650453752935e+00 0.000000000000000000e+00
9.296854925648663226e+00 -1.682371902101187366e+00 0.000000000000000000e+00
-1.105620449222161916e+01 -5.814000358806019619e+00 0.000000000000000000e+00
1.292437888348242225e+01 3.054396487519156711e+00 0.000000000000000000e+00
3.917633821124983484e+00 1.527283285627976817e+01 0.000000000000000000e+00
-1.360746033673999156e+00 1.998265990789464430e+00 0.000000000000000000e+00
7.024310700042982525e+00 -1.731433357458980282e+01 0.000000000000000000e+00
-1.597274714532309758e+01 -4.130257749210952234e+00 0.000000000000000000e+00
-1.854658658776013525e+01 1.486909905858402769e+00 0.000000000000000000e+00
2.847803401201130402e+00 2.338769272329255244e-01 0.000000000000000000e+00
-7.761315878208848495e+00 -1.196161275719789785e+01 0.000000000000000000e+00
4.854417396021982967e+00 1.805179925303116661e+01 0.000000000000000000e+00
1.036506606882630521e+00 1.319597326289490624e+01 0.000000000000000000e+00
1.046221349847062676e+01 1.030500206013894626e+01 0.000000000000000000e+00
1.119388124781745830e+01 1.268866974437235395e+00 0.000000000000000000e+00
1.176169783851304773e+00 1.485781675308098215e+01 0.000000000000000000e+00
1.666989251395296856e+00 5.040501477707037381e+00 0.000000000000000000e+00
5.551067119702211450e+00 -7.111043654369129108e+00 0.000000000000000000e+00
4.394906827245958603e+00 1.180950747238749976e+01 0.000000000000000000e+00
1.191669991424652331e+01 1.171475724985031164e+01 0.000000000000000000e+00
-3.326773018473690779e+00 2.404849486033160122e-01 0.000000000000000000e+00
-1.818292953717812921e+01 -9.915234838233182302e-01 0.000000000000000000e+00
-4.666541694641064275e+00 1.738472964374481222e+01 0.000000000000000000e+00
8.760581468909320435e+00 1.616792496488675468e+01 0.000000000000000000e+00
-6.643363139097278491e+00 1.055987958350996259e+01 0.000000000000000000e+00
1.826616566554661958e+01 -3.643942243688490290e+00 0.000000000000000000e+00
-1.392337250710785668e+01 9.467451985348525056e+00 0.000000000000000000e+00
-3.238338668968214762e-01 -8.798734521884236770e+00 0.000000000000000000e+00
-1.237370993926851348e+01 7.106143068700025545e+00 0.000000000000000000e+00
3.314608666999582898e+00 5.822685391020040235e+00 0.000000000000000000e+00
2.491956224624696792e-01 -1.743010160249219709e+01 0.000000000000000000e+00
1.699367411457033228e+01 6.550876909462394870e+00 0.000000000000000000e+00
-1.663940349039090805e+01 -8.588206821541392699e+00 0.000000000000000000e+00
3.687017378892675445e+00 -4.112533518805585153e+00 0.000000000000000000e+00
1.042195537164749553e+00 3.818013006771573403e-01 0.000000000000000000e+00
-1.165364760430400715e+00 9.894350521297656798e+00 0.000000000000000000e+00
-2.345992389208721107e+00 -1.592082095729977631e+01 0.000000000000000000e+00
1.006042363662131045e+01 1.361204849811543660e+01 0.000000000000000000e+00
-1.219293023935915521e+01 1.007930089976934518e+01 0.000000000000000000e+00
-1.384324968257808131e+01 -3.013733028991404161e+00 0.000000000000000000e+00
-8.506009619253386944e+00 7.705701091842483308e+00 0.000000000000000000e+00
-6.238213297153543557e+00 -7.307552700958928504e+00 0.000000000000000000e+00
2.979003849069315479e-01 4.113046831269273618e+00 0.000000000000000000e+00
4.674790869799851922e-01 -4.608297800332125327e+00 0.000000000000000000e+00
-1.521075466246861296e+01 1.121026696682268842e+01 0.000000000000000000e+00
-2.909243230364422228e+00 1.540580626598207559e+01 0.000000000000000000e+00
-1.306567374413062588e+01 1.360315535917448493e+01 0.000000000000000000e+00
4.710810010873146325e+00 -5.840174158731398002e+00 0.000000000000000000e+00
-1.443997872894933820e+01 -4.438688935139327718e+00 0.000000000000000000e+00
-6.149244846426904054e+00 1.585503115320330458e+01 0.000000000000000000e+00
1.714993064296731262e+01 -7.694775045511323519e+00 0.000000000000000000e+00
2.464828582318830286e+00 1.183641985290632448e+01 0.000000000000000000e+00
1.126663481688419921e+01 -2.159255504524088209e+00 0.000000000000000000e+00
-8.717861566081252178e+00 -8.688452769478951510e+00 0.000000000000000000e+00
