5.793096945582297153e+00 -7.831975868948767960e+00 0.000000000000000000e+00
1.113865884381428373e+01 -9.787074416512671959e+00 0.000000000000000000e+00
-1.337466983316388713e+01 -5.550389922981418422e+00 0.000000000000000000e+00
-5.021630329259038739e+00 1.544705072955894565e+01 0.000000000000000000e+00
-6.947498872637315692e+00 8.683621478751646805e+00 0.000000000000000000e+00
8.517816633197472953e+00 1.382446224088140596e+01 0.000000000000000000e+00
-1.417946058520954011e+00 -1.785619969739410173e+00 0.000000000000000000e+00
1.402689960612244313e+01 -9.859902511061987340e+00 0.000000000000000000e+00
-6.338885867171235589e+00 1.421795118132336633e+01 0.000000000000000000e+00
8.123198503036229923e+00 -1.163521338621864665e+01 0.000000000000000000e+00
-1.196387536002149510e+01 1.035635808233422850e+01 0.000000000000000000e+00
5.047789795032946003e+00 -3.262238703101763893e+00 0.000000000000000000e+00
-1.727049619362311361e+01 -2.234370117488031937e+00 0.000000000000000000e+00
-2.811750329934324277e+00 1.079644763947751507e+01 0.000000000000000000e+00
1.319112498760609142e+01 9.329140514762833902e+00 0.000000000000000000e+00
1.192648885986118934e+01 1.709080121238901073e+00 0.000000000000000000e+00
1.371608478091031635e+01 -1.357697875136806287e+00 0.000000000000000000e+00
-9.167884092088890213e+00 7.182254504631130132e+00 0.000000000000000000e+00
-8.050775506968390616e+00 -8.647534309230623606e+00 0.000000000000000000e+00
6.281193887661231656e+00 1.403987194311836539e+01 0.000000000000000000e+00
-7.720035775668699252e+00 6.770315548459209687e+00 0.000000000000000000e+00
7.920756521220367219e+00 1.276005137130179712e+00 0.000000000000000000e+00
-6.172121795041334735e+00 3.442605129912680528e+00 0.000000000000000000e+00
2.773945457472990039e+00 -1.181330692707678409e+01 0.000000000000000000e+00
-4.297079898474725823e+00 -9.061374314245908224e+00 0.000000000000000000e+00
-1.641710237995384958e+00 4.997290384083523662e+00 0.000000000000000000e+00
-5.126017033400366962e+00 1.065256535819373962e+00 0.000000000000000000e+00
-1.158311302503518370e+01 -1.223268315690709329e+01 0.000000000000000000e+00
-5.429962796747748399e+00 -6.247046223363438955e+00 0.000000000000000000e+00
-1.163183809653835166e+00 -1.065176759267224682e+01 0.000000000000000000e+00
-1.334665260323856018e+01 2.865344445090889369e-01 0.000000000000000000e+00
6.134139682982056030e+00 -1.138543880450755275e+01 0.000000000000000000e+00
4.133898509986883241e+00 1.196650315314519020e+01 0.000000000000000000e+00
-8.082417674219962933e+00 1.466733948256811360e+01 0.000000000000000000e+00
9.036142128198157764e+00 1.028542048222235117e+01 0.000000000000000000e+00
1.192361653735340887e+01 -1.192393541419107628e+01 0.000000000000000000e+00
-7.828546726338796446e+00 -1.157272417016600308e+01 0.000000000000000000e+00
1.092970890121192085e+01 2.198072984295237897e-01 0.000000000000000000e+00
1.365671868006753220e+00 -1.710516047782675964e+00 0.000000000000000000e+00
1.446758834433392038e-01 6.948832588427293011e+00 0.000000000000000000e+00
9.404001845905792578e+00 7.023503735463346720e-01 0.000000000000000000e+00
-1.508997615161912087e+01 5.516565675652445044e+00 0.000000000000000000e+00
1.521360887341732493e+01 3.058666213202534401e+00 0.000000000000000000e+00
3.168982198146453655e+00 1.551631861676457902e+01 0.000000000000000000e+00
3.122296655948025634e+00 7.001745836339845042e+00 0.000000000000000000e+00
5.617144121162883863e+00 2.686019820876198061e+00 0.000000000000000000e+00
3.367476441405463206e+00 7.325670887047028845e-01 0.000000000000000000e+00
-3.432976321780614626e+00 -1.459147454976668001e+01 0.000000000000000000e+00
-8.904812489951895671e+00 1.142457232152045066e+01 0.000000000000000000e+00
-5.297178272695606260e+00 -1.567444129039382972e+01 0.000000000000000000e+00
1.035101414439750478e+01 7.766066542021484942e+00 0.000000000000000000e+00
-6.414396397598687294e+00 -1.147094493629276846e+00 0.000000000000000000e+00
1.896744402056219192e+00 4.287881663463100068e+00 0.000000000000000000e+00
1.341179251067003264e+01 4.783244375449497987e+00 0.000000000000000000e+00
-1.294773919547529317e+01 3.738884954094884083e+00 0.000000000000000000e+00
-1.413058975678731732e+00 -1.339211257005879574e+01 0.000000000000000000e+00
3.833884453973629647e+00 -1.071808609620112662e+01 0.000000000000000000e+00
6.594961443495941822e+00 -1.092863257374428132e+00 0.000000000000000000e+00
1.608728211975975242e+01 4.418196496082822833e+00 0.000000000000000000e+00
4.527809145122152934e+00 -1.663624176637762986e+01 0.000000000000000000e+00
-2.336823486151891505e+00 6.072090044725608760e-01 0.000000000000000000e+00
-1.115466500242026271e+01 4.378496483768613778e+00 0.000000000000000000e+00
2.513282934450924877e+00 -4.802542456365882728e+00 0.000000000000000000e+00
-3.784261131296058789e+00 1.390070414064494742e+01 0.000000000000000000e+00
5.553304613862241723e+00 -1.383815297801343469e+01 0.000000000000000000e+00
1.722021249614681082e+01 -4.748051421229891322e-01 0.000000000000000000e+00
1.362665302098435838e+00 1.547695638821171116e+01 0.000000000000000000e+00
-5.529243802018956266e+00 5.718019992245153560e+00 0.000000000000000000e+00
-7.112952926167747769e+00 1.209742163539946525e+01 0.000000000000000000e+00
-9.974447279033487490e+00 2.188309633089821349e-01 0.000000000000000000e+00
-1.484742134140853231e+01 6.265209201264528849e-01 0.000000000000000000e+00
-1.049990557603926433e+01 -1.915951652185071241e+00 0.000000000000000000e+00
1.595614820045367210e+01 -2.862655505456280114e+00 0.000000000000000000e+00
2.949132454786869584e+00 1.329291834884295653e+01 0.000000000000000000e+00
6.115786163458208691e+00 -5.174083328230579149e+00 0.000000000000000000e+00
8.591856790178118430e+00 6.738265024696878491e+00 0.000000000000000000e+00
1.500030411158953392e+01 7.082614849158932024e+00 0.000000000000000000e+00
-1.382841408933274785e+01 6.967176002794583489e+00 0.000000000000000000e+00
8.412202593056377964e+00 -8.034101725405704997e+00 0.000000000000000000e+00
-1.073872330416876908e+00 1.127251915495132017e+01 0.000000000000000000e+00
9.637603977766538321e+00 4.718822466969063711e+00 0.000000000000000000e+00
-1.669670465000579185e+01 3.891577726348789401e+00 0.000000000000000000e+00
7.520958135948450085e+00 -4.489666619582799889e+00 0.000000000000000000e+00
-1.471702345752235574e+00 -1.695120175193494205e+01 0.000000000000000000e+00
-1.061420350179038152e+01 -9.462215187211381107e+00 0.000000000000000000e+00
2.787333822091308200e+00 -1.475345342047271657e+01 0.000000000000000000e+00
-7.171684789841252794e+00 -1.329047147002592233e+01 0.000000000000000000e+00
-1.273120415566115859e+01 5.909199796235029112e+00 0.000000000000000000e+00
5.229900760428324302e-01 1.269914077855875512e+01 0.000000000000000000e+00
6.721072923950408118e+00 6.789705631363382565e+00 0.000000000000000000e+00
-9.450811702725093966e+00 4.079893196018892887e+00 0.000000000000000000e+00
-1.916849662550107469e+00 1.368316906513814324e+01 0.000000000000000000e+00
1.138317350174200904e+01 -2.371266441381236323e+00 0.000000000000000000e+00
1.990994111141091594e+00 8.486170004037031589e+00 0.000000000000000000e+00
-5.646284454570332789e-01 -7.184999586993857434e+00 0.000000000000000000e+00
5.472543743854751064e+00 1.272364695141127555e+01 0.000000000000000000e+00
1.585579725357877168e+00 1.288667691856613784e+00 0.000000000000000000e+00
-1.245978248143625855e+01 7.966850504594974680e+00 0.000000000000000000e+00
-1.459810503345437205e+01 -7.606804227629104354e+00 0.000000000000000000e+00
4.191262505732494148e+00 5.509609440307968065e+00 0.000000000000000000e+00
-3.255890056851379999e+00 2.860889493718511645e+00 0.000000000000000000e+00
-7.769228566685590920e-01 -8.749979777549613758e+00 0.000000000000000000e+00
-9.364311400508727345e+00 -1.201351270228877510e+01 0.000000000000000000e+00
-6.782861777307584994e+00 1.059605709232148563e+01 0.000000000000000000e+00
-1.280782297360212141e+01 -3.133129622283354898e+00 0.000000000000000000e+00
-3.754992139229511139e+00 -1.104404748214998833e+01 0.000000000000000000e+00
5.958059529831858825e+00 -1.574879339691928060e+01 0.000000000000000000e+00
8.285049124038128099e+00 -9.339095998669086907e-01 0.000000000000000000e+00
8.050109953594258627e+00 -1.479908721036143149e+01 0.000000000000000000e+00
-1.486877632826005602e+01 3.834188188123182961e+00 0.000000000000000000e+00
-1.803666527809913767e+00 1.737264308087986819e+01 0.000000000000000000e+00
-1.018065327209225224e+01 8.964346946214108769e+00 0.000000000000000000e+00
1.067871942250121364e+01 -6.899632504600796246e+00 0.000000000000000000e+00
-1.235605579957213784e+01 1.911099818075522982e+00 0.000000000000000000e+00
1.138808836241575939e+01 4.154985608130684405e+00 0.000000000000000000e+00
6.723549807522878341e-01 3.155243346633263890e+00 0.000000000000000000e+00
-6.775354474540122851e-01 -1.546389685859169383e+01 0.000000000000000000e+00
-7.464851804763274146e+00 2.225176813376943397e+00 0.000000000000000000e+00
-1.707862685364946742e+01 2.096471717607628182e+00 0.000000000000000000e+00
1.488373859388723019e+01 1.226698540987208430e+00 0.000000000000000000e+00
4.689964197049599770e-01 5.275672679135336551e+00 0.000000000000000000e+00
-1.019733743697182327e+01 -7.633614610802744949e+00 0.000000000000000000e+00
-8.451925782177852398e+00 -1.056327552811913373e+00 0.000000000000000000e+00
-3.595152430065633897e+00 5.990907320520312496e+00 0.000000000000000000e+00
-1.639699751266506667e+01 -5.334288036517127907e+00 0.000000000000000000e+00
7.871327798279812438e-01 -1.138475471647019432e+01 0.000000000000000000e+00
-1.186753779133198172e+01 -4.557253102078203888e+00 0.000000000000000000e+00
1.376338877294645657e+00 -1.639309976030644833e+01 0.000000000000000000e+00
-7.833402961669513331e+00 3.984588779578521756e+00 0.000000000000000000e+00
1.055708679269627659e+01 -4.911175589200492020e+00 0.000000000000000000e+00
-1.064465335067485441e+01 1.139279521022363895e+01 0.000000000000000000e+00
8.982875178403151750e+00 -1.308675851508164989e+01 0.000000000000000000e+00
-5.467217903262212353e+00 -1.378836057430761208e+01 0.000000000000000000e+00
2.178900642491270023e+00 -6.576534985844543435e+00 0.000000000000000000e+00
-4.822040322812278568e+00 8.145186577565509012e+00 0.000000000000000000e+00
2.940343122180030022e+00 1.071434593442351257e+01 0.000000000000000000e+00
1.325853468971454419e+01 -5.617108718177702187e+00 0.000000000000000000e+00
-7.080042680398186405e+00 -3.656801053913099064e+00 0.000000000000000000e+00
-1.378414840535093155e+01 -1.015322889596994393e+01 0.000000000000000000e+00
4.174868183553776646e+00 -1.283065755057975998e+01 0.000000000000000000e+00
-7.855201780221933161e-01 9.796884739060450542e+00 0.000000000000000000e+00
-7.582329703397377330e+00 -6.734021017723505587e+00 0.000000000000000000e+00
6.161678078762521160e+00 1.002839165904630070e+00 0.000000000000000000e+00
1.265227999763678568e+01 1.167722356611527346e+01 0.000000000000000000e+00
5.231893267374260859e+00 1.517092851163688927e+01 0.000000000000000000e+00
-2.017787881227127489e+00 7.515359797395223751e+00 0.000000000000000000e+00
-3.317434762964198924e+00 -2.774868712591681774e+00 0.000000000000000000e+00
-2.444508275435024025e+00 -8.019788033081205469e+00 0.000000000000000000e+00
1.587407880260033721e+01 -7.353583172450081307e+00 0.000000000000000000e+00
-4.845590931928112965e+00 -7.468525181994095652e-01 0.000000000000000000e+00
-1.193435770872483559e+01 1.256016813102873364e+01 0.000000000000000000e+00
-3.025219083299608869e+00 -5.271756784346878000e+00 0.000000000000000000e+00
5.615080545260046740e+00 4.326889551844897319e+00 0.000000000000000000e+00
-5.037649477407640575e+00 1.255460679534281532e+01 0.000000000000000000e+00
4.522511332910289283e+00 -3.123564231883834141e-01 0.000000000000000000e+00
-8.550474639405997834e+00 7.143273915992798262e-01 0.000000000000000000e+00
1.488947945026610098e+00 -8.781175254529221874e+00 0.000000000000000000e+00
1.617909269410894169e+01 -5.441547621215932828e+00 0.000000000000000000e+00
7.350668243680366309e+00 -1.324561330318669761e+01 0.000000000000000000e+00
1.323464374716064285e+01 3.251414716769442936e+00 0.000000000000000000e+00
1.038296292943321708e+00 1.045792462822146796e+01 0.000000000000000000e+00
1.126435884851025415e+00 -3.326671776166644001e+00 0.000000000000000000e+00
1.002782101627326661e+01 -1.134711750506764005e+01 0.000000000000000000e+00
1.170860242626807945e+01 6.235874435769609647e+00 0.000000000000000000e+00
-1.082536947498634206e+01 2.349368632773728205e+00 0.000000000000000000e+00
3.900597542601753176e+00 -8.758415429742283820e+00 0.000000000000000000e+00
-4.957855729642062781e-01 1.611856342601365233e+00 0.000000000000000000e+00
4.397604861623276129e+00 -6.128323198105515957e+00 0.000000000000000000e+00
-1.095782740435274860e+01 6.123575934717026215e+00 0.000000000000000000e+00
4.820187344334041946e+00 9.941322256720265926e+00 0.000000000000000000e+00
-1.516487946835384548e+01 8.471871133174902369e+00 0.000000000000000000e+00
5.761169092267603986e-01 -1.332280847441982807e+01 0.000000000000000000e+00
6.437239241333461592e+00 8.793737099165822357e+00 0.000000000000000000e+00
-2.016983431608147637e+00 1.567301717177174858e+01 0.000000000000000000e+00
1.404261044945436510e+01 -8.206091418876717114e+00 0.000000000000000000e+00
3.823086881269475601e+00 3.176325989140594164e+00 0.000000000000000000e+00
-6.576530315838913232e+00 -1.015567697507544587e+01 0.000000000000000000e+00
-3.256223664474233032e-02 -4.413364599784578068e+00 0.000000000000000000e+00
-5.009609918628062708e+00 -2.918779323421065719e+00 0.000000000000000000e+00
1.714380100332114409e+01 2.295372451640290912e+00 0.000000000000000000e+00
-1.246103311102411126e+01 -8.666746111948626208e+00 0.000000000000000000e+00
3.125851877217646013e+00 -1.999002520046674336e+00 0.000000000000000000e+00
1.342281011206623731e+01 6.203981110184458858e-01 0.000000000000000000e+00
-1.139096705261358089e+01 -6.162615106604692805e+00 0.000000000000000000e+00
2.295718067637672721e+00 -1.329505633726034475e+01 0.000000000000000000e+00
-9.154521433229739102e+00 1.337189530529048831e+01 0.000000000000000000e+00
7.609147429520889183e+00 -6.415937069614770394e+00 0.000000000000000000e+00
4.301065376419429320e+00 -1.494670569839809104e+01 0.000000000000000000e+00
7.198539377637112047e+00 1.562013078795736121e+01 0.000000000000000000e+00
-5.260314096950621021e+00 -1.189157627077262802e+01 0.000000000000000000e+00
-9.040072097873094847e+00 -4.204641762533140259e+00 0.000000000000000000e+00
8.701542325032704639e+00 -3.518140967099791627e+00 0.000000000000000000e+00
3.194435327993207618e+00 1.720152476851124845e+01 0.000000000000000000e+00
3.780923673227317483e+00 8.839121515474870350e+00 0.000000000000000000e+00
7.579896347556145386e+00 1.171496682789119781e+01 0.000000000000000000e+00
1.222624445902316559e+01 -1.047253458420469796e+00 0.000000000000000000e+00
-2.405919012092082310e-01 -7.689568743792092320e-01 0.000000000000000000e+00
-8.847906470232528520e+00 -1.411126692641649250e+01 0.000000000000000000e+00
1.155557468596845361e+01 9.687623489098090346e+00 0.000000000000000000e+00
-1.598945008408136204e+01 -7.233620255244889163e-01 0.000000000000000000e+00
-4.102214173516390838e-01 1.425542795161563348e+01 0.000000000000000000e+00
-1.505182364415147767e+01 -3.265422688360540171e+00 0.000000000000000000e+00
-7.959647384625112565e+00 -1.545960176501661287e+01 0.000000000000000000e+00
7.352976922409983018e+00 -1.007484503261956910e+01 0.000000000000000000e+00
-5.050860927000261569e+00 -4.435818114380538191e+00 0.000000000000000000e+00
7.286871500737417406e+00 4.656560087983511842e+00 0.000000000000000000e+00
7.846429099587133749e+00 3.027467974648827997e+00 0.000000000000000000e+00
-2.070374751205198219e-02 -1.749123239119119333e+01 0.000000000000000000e+00
1.103153793274567818e+01 1.336817376929354317e+01 0.000000000000000000e+00
1.445044910734347887e+01 -6.691820306676530272e+00 0.000000000000000000e+00
-8.810228519722784313e+00 -2.628215191393267869e+00 0.000000000000000000e+00
1.184792724720960244e+01 -8.006834388729528129e+00 0.000000000000000000e+00
1.478901374820984671e+01 -4.174467512157451488e+00 0.000000000000000000e+00
-3.241316636524567141e+00 4.407544747663235007e+00 0.000000000000000000e+00
1.730541727631523230e+01 -2.187550041978208792e+00 0.000000000000000000e+00
-8.212219882433959839e+00 9.931238897670359833e+00 0.000000000000000000e+00
-1.162918034331097950e+01 -9.165525412312047759e-01 0.000000000000000000e+00
6.734130674578648446e+00 -2.856619671476208655e+00 0.000000000000000000e+00
-1.345963686382979851e+01 -1.345683796873473614e+00 0.000000000000000000e+00
-2.961154903086242740e+00 1.243339974597761888e+01 0.000000000000000000e+00
-1.448326047002534978e+01 2.205744492904349929e+00 0.000000000000000000e+00
-1.654011744982854992e+01 -3.800784921411137329e+00 0.000000000000000000e+00
-3.099478321494505195e+00 9.295368375493186619e+00 0.000000000000000000e+00
5.228780698948796157e+00 6.969059624389871033e+00 0.000000000000000000e+00
9.639769106201054427e+00 2.366922978887320728e+00 0.000000000000000000e+00
-4.321629212203572656e+00 -1.692844960755721573e+01 0.000000000000000000e+00
1.314032520163699758e+01 -3.759926481307272805e+00 0.000000000000000000e+00
6.812485683779880397e+00 1.034953389594169337e+01 0.000000000000000000e+00
1.022800105285804939e+01 -1.384767914450906190e+00 0.000000000000000000e+00
-1.350013411717186251e+01 1.100827999759790821e+01 0.000000000000000000e+00
-3.337083721743155706e+00 1.712041953807034034e+01 0.000000000000000000e+00
1.006439926857963485e+01 -8.702152052114014325e+00 0.000000000000000000e+00
-2.645844675942509383e+00 -1.219670514342980638e+01 0.000000000000000000e+00
-6.668789285046154092e+00 5.666986116752520397e-01 0.000000000000000000e+00
-1.451264659519970079e+00 -3.329263883487469933e+00 0.000000000000000000e+00
1.987985167404729303e+00 -2.289303939175957869e-01 0.000000000000000000e+00
-5.252937687912625719e+00 -7.874829698102890241e+00 0.000000000000000000e+00
-1.496576761085848251e+00 3.398525208859032531e+00 0.000000000000000000e+00
-9.066205014343569957e+00 -5.909823164953490249e+00 0.000000000000000000e+00
-1.352549060432744987e+01 9.416825393851908643e+00 0.000000000000000000e+00
7.937939846214477235e+00 9.229880686830886916e+00 0.000000000000000000e+00
5.513210929106475255e+00 -1.000740065671264212e+01 0.000000000000000000e+00
1.303597292208254466e+01 7.618982117267389498e+00 0.000000000000000000e+00
-4.986554161279726394e+00 9.889500888063611939e+00 0.000000000000000000e+00
9.114528017719727870e+00 -5.804352778747488451e+00 0.000000000000000000e+00
1.085107204266211056e+01 1.184495625577517863e+01 0.000000000000000000e+00
-1.072406152454049177e+01 -1.096266013704234688e+01 0.000000000000000000e+00
6.469826335085627766e-01 1.681011042282838730e+01 0.000000000000000000e+00
-1.046283839871886379e+01 -1.374301503740413821e+01 0.000000000000000000e+00
-1.310957178615687369e+01 -7.121092914274185226e+00 0.000000000000000000e+00
-9.149892510077977548e+00 2.280544095046293407e+00 0.000000000000000000e+00
-6.201193445275871241e+00 7.368857881060200121e+00 0.000000000000000000e+00
-3.771232217953033761e+00 -7.305329448327291253e+00 0.000000000000000000e+00
1.560293574772429182e+01 -2.241714931097587016e-01 0.000000000000000000e+00
2.836185818303454953e-01 8.624104786633360220e+00 0.000000000000000000e+00
3.999395398734520324e+00 -4.520049585505486966e+00 0.000000000000000000e+00
