-1.423937682309437491e+01 5.978147244139771388e+00 0.000000000000000000e+00
9.241540317866274279e+00 7.467593738083560417e+00 0.000000000000000000e+00
-1.593928994358436135e+01 4.751679721502744869e+00 0.000000000000000000e+00
-6.926632454158660579e+00 1.141842454990103661e+01 0.000000000000000000e+00
1.113217719461659527e+01 1.025160791183531295e+01 0.000000000000000000e+00
-9.510015169177629346e+00 -5.596345638834485658e-01 0.000000000000000000e+00
1.041186791864586425e+01 -6.430229601482017721e+00 0.000000000000000000e+00
-6.614813691673137264e+00 -1.341861386447164861e+01 0.000000000000000000e+00
2.198907486256161281e+00 1.525173436209918343e+01 0.000000000000000000e+00
-2.976138747137162088e+00 -1.258008275717249935e+00 0.000000000000000000e+00
-8.272324136334550104e+00 5.934221518312398302e+00 0.000000000000000000e+00
2.322346178187330690e+00 3.090368799842302394e+00 0.000000000000000000e+00
9.231438756649819055e+00 1.295314504658856114e+00 0.000000000000000000e+00
-2.127212098354700487e+00 1.330760024551707055e+01 0.000000000000000000e+00
-1.250316850350860598e+01 1.219944235785545139e+01 0.000000000000000000e+00
-1.024096419779083789e+01 -6.664664399289508268e+00 0.000000000000000000e+00
-1.236292839400985955e+01 -1.729971090470166617e+00 0.000000000000000000e+00
2.976643294257205419e+00 -6.101230597522985022e+00 0.000000000000000000e+00
-1.624249531839140204e+01 8.732297761906400169e-01 0.000000000000000000e+00
-6.566484357115463411e+00 5.321296575614315572e+00 0.000000000000000000e+00
-1.203149874336552116e+01 -6.348946183120130371e+00 0.000000000000000000e+00
5.684788981018804144e+00 -9.777037561379190223e+00 0.000000000000000000e+00
-4.394443240177491106e+00 -1.400296433599073431e+01 0.000000000000000000e+00
-1.095263982606240916e+01 1.036188640283553619e+00 0.000000000000000000e+00
-1.313790805785525651e+00 -5.668027171185910262e+00 0.000000000000000000e+00
3.915221605008832206e+00 3.685732444287380449e+00 0.000000000000000000e+00
-2.745241649158363995e+00 -1.287248243835547257e+01 0.000000000000000000e+00
-9.384132215823338896e+00 -2.758305293769641509e+00 0.000000000000000000e+00
-1.550374366798113002e+01 -1.666035076775516544e+00 0.000000000000000000e+00
7.097247254131454852e+00 4.529535939228754415e+00 0.000000000000000000e+00
-6.825250640010878111e-01 1.594073889816590217e+01 0.000000000000000000e+00
1.381208893048685127e+01 1.112505527273907058e+00 0.000000000000000000e+00
4.090033178522644697e+00 -3.495380113572609471e+00 0.000000000000000000e+00
1.535837447010811907e+01 7.683692944576587358e+00 0.000000000000000000e+00
1.319069115907597300e+01 -3.905951776895309813e+00 0.000000000000000000e+00
-1.046424122850890548e+01 -1.134227438001980204e+01 0.000000000000000000e+00
-1.424508459238735547e+01 2.878070070317025664e+00 0.000000000000000000e+00
3.430994840568155624e+00 -9.061892235358673275e+00 0.000000000000000000e+00
-1.490534670615019230e+01 -3.937554622114785019e+00 0.000000000000000000e+00
-4.457514300791887152e+00 1.071786266796354958e+01 0.000000000000000000e+00
-7.374769077339101031e+00 1.397321422442806949e+01 0.000000000000000000e+00
-7.991661526355742673e+00 7.883827284280210179e+00 0.000000000000000000e+00
8.708500385572789382e-01 -1.590091214791428165e+01 0.000000000000000000e+00
1.554652561346046369e+01 -7.115356687340342212e+00 0.000000000000000000e+00
-5.120434008507080748e+00 -3.973549648802091383e+00 0.000000000000000000e+00
1.628301973512978051e+01 8.042078905621227736e-02 0.000000000000000000e+00
-1.461630049483916505e+00 -1.141197480868669523e+01 0.000000000000000000e+00
6.902846605744372255e+00 -1.426682158271199263e+01 0.000000000000000000e+00
1.539226860504186334e+01 -1.554668937768234560e+00 0.000000000000000000e+00
-7.146674471601897061e+00 -1.499789820922935490e+01 0.000000000000000000e+00
7.592553382744068102e+00 8.151817544615109767e+00 0.000000000000000000e+00
-4.646957650609563117e+00 6.272026982322070232e+00 0.000000000000000000e+00
-4.048117827875628016e+00 1.349694650202506452e+01 0.000000000000000000e+00
-3.073656111326819040e+00 4.200681944553778635e+00 0.000000000000000000e+00
4.612324661402176673e+00 -1.576005692401699321e+01 0.000000000000000000e+00
1.073026608402275350e+01 4.604964888553792490e-01 0.000000000000000000e+00
3.994310869415079068e+00 1.188186486486192628e+01 0.000000000000000000e+00
-8.059821802696314208e+00 -1.608919622124053372e+00 0.000000000000000000e+00
7.673295380589920001e+00 -1.263365808692128134e+01 0.000000000000000000e+00
1.417243155819635447e+01 -6.712967259248893148e-01 0.000000000000000000e+00
-5.945558532622526038e-02 1.220006959387086631e+01 0.000000000000000000e+00
-7.017769494761844307e+00 1.586482146593389153e+01 0.000000000000000000e+00
1.344122065794418397e+01 -6.323283774417511438e+00 0.000000000000000000e+00
1.270364523846272187e+00 5.855276937841597196e+00 0.000000000000000000e+00
5.767112546803915052e+00 -5.989039616642996222e+00 0.000000000000000000e+00
-1.030826165565690467e+01 -1.403969201239048736e+01 0.000000000000000000e+00
-9.208865018307506034e+00 1.282075747107609587e+01 0.000000000000000000e+00
2.577673554220995644e+00 1.046030539592524455e+01 0.000000000000000000e+00
-1.271349511471510141e+01 5.995078656559896579e+00 0.000000000000000000e+00
8.214803047644331002e+00 -8.366777134658244464e+00 0.000000000000000000e+00
-6.941245069123675115e+00 9.377641430026737446e-01 0.000000000000000000e+00
-7.861520947905886736e+00 -9.210281986748800165e+00 0.000000000000000000e+00
-3.461676343773067099e+00 -1.006500040199705381e+01 0.000000000000000000e+00
-4.940413585968461696e+00 -1.115999827144480783e+01 0.000000000000000000e+00
9.384069855517108039e+00 -1.100654179187353421e+01 0.000000000000000000e+00
-8.324014807129966442e+00 3.051479076173544858e+00 0.000000000000000000e+00
-1.339050581806869289e+01 -1.018117061560586656e+01 0.000000000000000000e+00
-3.612235551776907805e-01 1.403081753045586133e+01 0.000000000000000000e+00
1.318740385917960900e+01 -1.144934089774958785e+01 0.000000000000000000e+00
1.439655666210307716e+00 -2.625293099197848257e+00 0.000000000000000000e+00
-4.896702421729944299e-01 -1.425224033558061087e+01 0.000000000000000000e+00
8.213615343961677695e-01 8.563995222843444610e-01 0.000000000000000000e+00
-1.300878793333201777e+01 2.536937166419531153e-01 0.000000000000000000e+00
-3.292150854367036583e+00 7.326775835174228479e-01 0.000000000000000000e+00
-6.797067031056404751e+00 -1.164440593619889341e+01 0.000000000000000000e+00
-1.927179805624088749e+00 1.015312010420867495e+01 0.000000000000000000e+00
-5.874884396783931706e+00 -6.979976256231477105e-01 0.000000000000000000e+00
-1.574443284487590766e+01 7.133858665469993809e+00 0.000000000000000000e+00
1.180151779432649484e+01 6.929833559760500528e+00 0.000000000000000000e+00
-1.113186921506873794e+01 -3.589581737561422514e+00 0.000000000000000000e+00
5.939104472829509263e+00 1.506585737981790274e+01 0.000000000000000000e+00
1.410784664782179121e+01 -8.055142363714976383e+00 0.000000000000000000e+00
9.454233709243442974e+00 -5.240635829801093770e+00 0.000000000000000000e+00
1.120355286588901400e+01 -1.025900935714873619e+01 0.000000000000000000e+00
1.661850900322629698e+01 -5.414036393995751872e+00 0.000000000000000000e+00
1.338120331203837843e+01 5.233353222456985421e+00 0.000000000000000000e+00
-7.244619698529654706e+00 -5.770177188125187762e+00 0.000000000000000000e+00
1.618893788999378458e+01 -3.439647463554266871e+00 0.000000000000000000e+00
9.910254805923536026e+00 1.272690075653384589e+01 0.000000000000000000e+00
-1.178029230771019797e+01 -8.823896718255072713e+00 0.000000000000000000e+00
4.775423697669205048e+00 -1.215268612918743507e+01 0.000000000000000000e+00
-8.606756395031906592e+00 9.789810144892928889e+00 0.000000000000000000e+00
-1.298062288170707923e+01 8.509551523533852802e+00 0.000000000000000000e+00
-6.229831475632780169e+00 8.333204862965990500e+00 0.000000000000000000e+00
7.391302028308760264e+00 -1.103003497437067004e+01 0.000000000000000000e+00
-1.707681200262022081e+00 8.645679113898077972e+00 0.000000000000000000e+00
2.489071650281325265e+00 9.437628223886460610e-01 0.000000000000000000e+00
-3.060374545250035827e-01 4.553377076131294388e+00 0.000000000000000000e+00
1.182461527946855284e+01 -1.225949817787419072e+01 0.000000000000000000e+00
1.376981617652247536e+01 3.378757669589269597e+00 0.000000000000000000e+00
-4.369129136417237547e+00 -6.405211889685324067e+00 0.000000000000000000e+00
-9.930098381818027065e+00 4.479664705578253248e+00 0.000000000000000000e+00
1.656961139363815150e+01 5.263428455578887721e+00 0.000000000000000000e+00
-7.923403100091905849e+00 -3.645980637723899243e+00 0.000000000000000000e+00
-1.669648712698327486e+01 -4.206440857090372631e+00 0.000000000000000000e+00
1.083530779800317134e+01 4.082459004413655279e+00 0.000000000000000000e+00
5.953266648945914064e+00 1.290479169523501568e+01 0.000000000000000000e+00
4.222973922713793904e+00 2.047881380350728975e+00 0.000000000000000000e+00
-2.687202965821894995e+00 -6.827174927838787433e+00 0.000000000000000000e+00
7.452087392202835225e+00 -5.983983149678104851e+00 0.000000000000000000e+00
1.484017402805260311e+01 5.839585349279697191e+00 0.000000000000000000e+00
-1.722468365465928741e+00 1.738957130819407482e+01 0.000000000000000000e+00
3.769065645850762536e+00 6.206167746356084258e+00 0.000000000000000000e+00
1.166979367935746836e+01 -2.600735314903588780e+00 0.000000000000000000e+00
-1.267125385886370559e+01 4.334247628344748193e+00 0.000000000000000000e+00
-1.025118346839419381e+01 -4.853909269767036960e+00 0.000000000000000000e+00
-1.145314941526765118e+01 7.586754472763698409e+00 0.000000000000000000e+00
-1.105168194422767236e+01 1.319174979977530171e+01 0.000000000000000000e+00
8.878061265740168295e+00 4.482304617950725323e+00 0.000000000000000000e+00
9.697925338498929460e-01 -1.249392168008392190e+01 0.000000000000000000e+00
2.157079505977785999e-02 7.312672155678541230e+00 0.000000000000000000e+00
9.892905307392691583e+00 -1.786123499845111873e+00 0.000000000000000000e+00
-1.015257284488055234e+01 6.525741548400898928e+00 0.000000000000000000e+00
7.381671693731059136e+00 -1.303254615108613734e+00 0.000000000000000000e+00
-2.259336786368689065e+00 -9.148893298409127794e+00 0.000000000000000000e+00
-1.304156971005876997e+01 1.052237566652915923e+01 0.000000000000000000e+00
-9.149923268041119329e+00 -1.297022738402825226e+01 0.000000000000000000e+00
7.575923650532328857e+00 1.026434550635149101e+00 0.000000000000000000e+00
6.235630709689897522e+00 8.917220928365095389e+00 0.000000000000000000e+00
8.305088208601443256e+00 1.094502560473919317e+01 0.000000000000000000e+00
-1.694323010656171746e+01 3.115423234246912809e+00 0.000000000000000000e+00
3.233929820498189223e+00 1.359036642903959802e+01 0.000000000000000000e+00
4.659752031882506529e+00 -8.045521683686589043e+00 0.000000000000000000e+00
2.513492209661118970e+00 -4.323968690309095919e+00 0.000000000000000000e+00
-3.210992814559445296e+00 1.608537988977010968e+01 0.000000000000000000e+00
-4.278738063337337749e+00 9.195632072738897378e+00 0.000000000000000000e+00
7.579583370909153572e+00 -3.705398249979708236e+00 0.000000000000000000e+00
1.416500686033066891e+01 1.020865632657505451e+01 0.000000000000000000e+00
1.221324228798023093e+01 1.206635573591282906e+01 0.000000000000000000e+00
-2.207779498954323572e+00 -2.722755607176289061e+00 0.000000000000000000e+00
-3.453940929512344105e-01 2.850240319352199680e+00 0.000000000000000000e+00
1.299034690687603444e+01 -9.340659092744660441e+00 0.000000000000000000e+00
3.634904277033347952e+00 1.659793080517000519e+01 0.000000000000000000e+00
-1.030218564826092376e+01 1.087681770396175907e+01 0.000000000000000000e+00
1.239706747756962635e+01 2.113723788018075478e+00 0.000000000000000000e+00
3.469256643818214858e+00 -1.954188017083656304e+00 0.000000000000000000e+00
2.296595505054047859e+00 8.471805743369829500e+00 0.000000000000000000e+00
-1.155405700869808960e+01 -1.275100816916697433e+01 0.000000000000000000e+00
1.551062946567158995e+01 3.775112976165717615e+00 0.000000000000000000e+00
-9.588003393685088582e+00 -9.689415344009056241e+00 0.000000000000000000e+00
8.733688690652227749e+00 1.419700763658601339e+01 0.000000000000000000e+00
1.483288960407776580e+00 -1.004569408909612882e+01 0.000000000000000000e+00
-1.896222761753540542e+00 5.434827891718664539e+00 0.000000000000000000e+00
-1.394653612390651887e+01 -1.533315169523997712e+00 0.000000000000000000e+00
7.142560723665597244e+00 6.659955567913997676e+00 0.000000000000000000e+00
-2.198035567722862016e+00 -1.549855743679253983e+01 0.000000000000000000e+00
3.056626945259419248e+00 -4.935062289932402591e-01 0.000000000000000000e+00
6.693591211418329356e-01 -6.010456351669034802e+00 0.000000000000000000e+00
4.764463317343788917e-01 8.963361657066663213e+00 0.000000000000000000e+00
-3.032027116202162809e+00 7.165083259131728610e+00 0.000000000000000000e+00
5.494608437877101181e+00 5.442305225963842474e+00 0.000000000000000000e+00
-5.639568168570277429e+00 -1.610836083345824221e+01 0.000000000000000000e+00
6.868721636566087696e+00 -7.387749088390984653e+00 0.000000000000000000e+00
1.630335087221067347e+00 -1.451663026132425394e+01 0.000000000000000000e+00
-4.816393642457283519e+00 2.194974009676246673e+00 0.000000000000000000e+00
5.579067541398180508e-02 -9.530922612998084631e+00 0.000000000000000000e+00
5.266026472383479096e+00 -1.431158876974382999e+01 0.000000000000000000e+00
-5.183241571994777530e+00 4.470150532920272646e+00 0.000000000000000000e+00
-1.268860446285829191e+01 -4.448921985819632496e+00 0.000000000000000000e+00
3.843371770199240700e+00 -1.378239568145111704e+01 0.000000000000000000e+00
-7.832576053289363571e+00 -7.363853093080233059e+00 0.000000000000000000e+00
1.056721224689064087e+01 -8.323462211119506904e+00 0.000000000000000000e+00
7.727408198038878240e+00 2.656181488566280002e+00 0.000000000000000000e+00
-1.335186738658752326e+01 -7.408837557324835288e+00 0.000000000000000000e+00
-1.443059592786603496e+01 8.988545606363143037e+00 0.000000000000000000e+00
2.169131575063357520e+00 -7.385707429369068322e+00 0.000000000000000000e+00
2.324831841086489881e+00 -1.656681205807120705e+01 0.000000000000000000e+00
1.297445741789347728e+01 7.908785661619878837e+00 0.000000000000000000e+00
9.275574640327166165e+00 9.299759588604567639e+00 0.000000000000000000e+00
-1.456266865872210481e+01 4.885888365518860077e-01 0.000000000000000000e+00
7.937330542542848200e+00 1.547523541996818963e+01 0.000000000000000000e+00
1.719049384951150117e+01 -1.808459409147450625e+00 0.000000000000000000e+00
1.154473937343537315e+01 -5.405163807916482988e+00 0.000000000000000000e+00
-1.582967284206008429e+01 -6.961487016116249649e+00 0.000000000000000000e+00
5.898002907866713329e+00 -3.221682410328250867e+00 0.000000000000000000e+00
-6.419749073801254369e+00 -2.410097336628634235e+00 0.000000000000000000e+00
1.157629613966798976e+00 1.383486532458413443e+01 0.000000000000000000e+00
-9.950454749311761660e+00 -8.210895866347247107e+00 0.000000000000000000e+00
-9.951415677509741542e+00 8.730788760336716692e+00 0.000000000000000000e+00
1.685946912530784303e+01 2.524272100198506674e+00 0.000000000000000000e+00
-6.404704209242522595e+00 2.950206342784387203e+00 0.000000000000000000e+00
5.642334143498641374e+00 8.627549720123713906e-01 0.000000000000000000e+00
9.338973182143686103e+00 -1.306966039302427340e+01 0.000000000000000000e+00
1.477107072716710867e+01 -4.468806489905882806e+00 0.000000000000000000e+00
8.712444577898603715e-02 1.046058579553660373e+01 0.000000000000000000e+00
-5.686705221869997828e+00 1.303815932144411072e+01 0.000000000000000000e+00
-3.850759513652101784e+00 -8.490160574782921188e+00 0.000000000000000000e+00
-3.808810006902160872e+00 -3.035605516885682587e+00 0.000000000000000000e+00
-1.457301248820735085e+00 -1.257891570993852293e+00 0.000000000000000000e+00
3.969189963601396087e+00 8.972646361640615353e+00 0.000000000000000000e+00
6.619655646830219453e+00 1.102846515776966640e+01 0.000000000000000000e+00
5.932450599423715332e+00 -7.335932907722413354e-01 0.000000000000000000e+00
-1.009107454407636340e+01 2.606723913206655308e+00 0.000000000000000000e+00
-3.616594512018750596e+00 -1.608835423058206970e+01 0.000000000000000000e+00
-7.173821706191854108e-01 -7.327870989859746942e+00 0.000000000000000000e+00
3.079341586405445752e-01 -1.744597425709642025e+01 0.000000000000000000e+00
-1.846908923181934670e+00 -1.732765333623256865e+01 0.000000000000000000e+00
1.058529338493314498e+01 5.925199259767703452e+00 0.000000000000000000e+00
1.204001262109120418e+01 -7.937525872037169528e+00 0.000000000000000000e+00
-5.495329960060654884e+00 -7.951510827970687423e+00 0.000000000000000000e+00
7.647936076798424132e+00 1.237654045075992748e+01 0.000000000000000000e+00
-8.037973644304786447e+00 -8.555869967364290729e-02 0.000000000000000000e+00
-5.369116161443121538e-01 -2.698879893972422561e+00 0.000000000000000000e+00
8.836438161709503802e+00 -2.108613936431467939e-01 0.000000000000000000e+00
-1.419773380530503459e+01 -5.853164970169513204e+00 0.000000000000000000e+00
1.186191060494659943e+01 -8.855887355694669338e-01 0.000000000000000000e+00
-1.911870498140338714e+00 3.100727194410066723e+00 0.000000000000000000e+00
8.229052389607279139e+00 -1.538656756363758937e+01 0.000000000000000000e+00
-3.350286572586582245e+00 1.205381223642239519e+01 0.000000000000000000e+00
-4.697223223724149577e+00 1.514522316952120029e+01 0.000000000000000000e+00
-4.855360685196674631e+00 5.204934715998219552e-01 0.000000000000000000e+00
2.666116539300882327e-01 1.736200219055908534e+01 0.000000000000000000e+00
2.467183489202701807e+00 -1.317585890347153565e+01 0.000000000000000000e+00
1.523546602917124737e+00 -9.835829648786288404e-01 0.000000000000000000e+00
1.698997479265026422e+00 1.232516306280708740e+01 0.000000000000000000e+00
-5.819732395432398064e+00 -9.640776491501156897e+00 0.000000000000000000e+00
9.943080143599770437e+00 -3.430614284455341778e+00 0.000000000000000000e+00
-1.469486785041802746e+00 3.660126279676771399e-01 0.000000000000000000e+00
-1.080173519752181299e+01 -1.864387002958630246e+00 0.000000000000000000e+00
4.381943255177485064e+00 1.488095141956886458e+01 0.000000000000000000e+00
1.494372135072881136e+01 2.098839743229374832e+00 0.000000000000000000e+00
-1.434337341783333208e+01 -8.971508974372184753e+00 0.000000000000000000e+00
2.039866570932943046e-01 -1.112431588087391177e+01 0.000000000000000000e+00
1.089934720038207594e+01 8.739652258240397487e+00 0.000000000000000000e+00
2.138598222021435014e+00 1.736153259764090606e+01 0.000000000000000000e+00
-2.074191313642136159e+00 1.506405790360788188e+01 0.000000000000000000e+00
2.402546077485879117e+00 -1.134586742549383054e+01 0.000000000000000000e+00
-1.176115410323005683e+01 2.453845522460925910e+00 0.000000000000000000e+00
-1.733534772820341630e+01 -1.133456220382472512e+00 0.000000000000000000e+00
1.016880971266948031e+01 2.652172341836446900e+00 0.000000000000000000e+00
6.015213669109087391e+00 3.367861615277667031e+00 0.000000000000000000e+00
-1.125193926224058316e+01 5.341422133285273155e+00 0.000000000000000000e+00
6.640896907793478299e+00 -1.615729729551725313e+01 0.000000000000000000e+00
4.917610554949212620e+00 7.787062094094640230e+00 0.000000000000000000e+00
-2.730641266486425689e+00 -4.870444731078666933e+00 0.000000000000000000e+00
-8.959991497357133738e+00 1.492328116391253978e+01 0.000000000000000000e+00
