-6.717838902920243882e+00 -4.742325753817954848e+00 0.000000000000000000e+00
1.206103470830268876e+01 7.882276634258779779e+00 0.000000000000000000e+00
-5.210961213631664535e+00 4.200326797950543423e+00 0.000000000000000000e+00
-3.585416581251346990e+00 -3.002655456959559821e+00 0.000000000000000000e+00
4.486476709165332366e+00 -1.718935392616697300e+01 0.000000000000000000e+00
1.073188509501876275e+01 -1.511173481870080337e+01 0.000000000000000000e+00
-3.484941572436703883e+00 -1.468337783569140242e+01 0.000000000000000000e+00
-5.475233654074538769e+00 -1.027583524756145650e+01 0.000000000000000000e+00
1.354999140421404746e+01 9.591257744610947711e+00 0.000000000000000000e+00
-1.525723907912061250e+01 2.445888878799145960e+00 0.000000000000000000e+00
6.761957632139242946e+00 3.845932076640183439e+00 0.000000000000000000e+00
-1.333647526109042403e+01 -8.452307397629102326e+00 0.000000000000000000e+00
-8.084830054895308038e+00 -1.052812041812115496e+01 0.000000000000000000e+00
1.498196980508846465e+01 -8.112877989139320789e+00 0.000000000000000000e+00
7.352555841305637330e+00 1.477001431206219983e+01 0.000000000000000000e+00
5.169800173084053263e+00 1.353894454105817324e+01 0.000000000000000000e+00
-3.331694388890903968e-01 -5.045400065297104497e+00 0.000000000000000000e+00
8.410304589676043108e+00 -8.019931319604976849e+00 0.000000000000000000e+00
1.486691690447460301e+00 -1.610786920589917059e+01 0.000000000000000000e+00
9.849460491813445628e+00 8.197678393663743179e+00 0.000000000000000000e+00
7.534332032882435914e-01 -1.305847775814145351e+01 0.000000000000000000e+00
-6.382911343352608569e+00 1.512398998469468658e+01 0.000000000000000000e+00
-8.139029317403519315e+00 9.940712357237783792e+00 0.000000000000000000e+00
4.047041559200120098e+00 -2.369865383551857274e+00 0.000000000000000000e+00
1.029311810894691526e+01 -4.313859889158235816e+00 0.000000000000000000e+00
-1.052742780989679083e+01 4.317942248155945406e-01 0.000000000000000000e+00
5.948013547258598877e+00 -3.935348276856531768e-01 0.000000000000000000e+00
-1.220811226008466122e+01 -5.234617268862793438e+00 0.000000000000000000e+00
1.115104028538741510e+01 1.385794389659701054e+01 0.000000000000000000e+00
7.719886946540857053e+00 5.925276973113247081e+00 0.000000000000000000e+00
-2.221131888311170144e+00 1.867285525640519239e+01 0.000000000000000000e+00
3.099718943340093347e+00 3.485602884554934278e+00 0.000000000000000000e+00
-6.207969828690123926e+00 1.140367756225469376e-01 0.000000000000000000e+00
1.228438138173746808e+01 -4.454972537475279104e+00 0.000000000000000000e+00
6.243698655928805685e+00 -9.305526244890799603e+00 0.000000000000000000e+00
5.943110391295853390e+00 -2.537428205212836740e+00 0.000000000000000000e+00
1.263854657230035317e+00 -1.124245088972354445e+01 0.000000000000000000e+00
-1.448751628193899776e+01 -6.611128500022439347e+00 0.000000000000000000e+00
-1.369826539841971780e+01 1.164482373686277938e+00 0.000000000000000000e+00
-3.629705964984220934e+00 -6.810547198456259110e+00 0.000000000000000000e+00
-1.668698065922647444e+01 -6.421801003823885523e+00 0.000000000000000000e+00
1.168825612305926853e+00 -7.621649755512978075e-01 0.000000000000000000e+00
-2.150797526776424107e+00 7.791093528683538771e+00 0.000000000000000000e+00
-9.221958762452308278e+00 -3.718786238339395478e+00 0.000000000000000000e+00
1.303522790327458658e+01 -1.129986228080336197e+01 0.000000000000000000e+00
-2.432119444020565346e+00 -1.058147120210155023e+01 0.000000000000000000e+00
2.276484368011884474e+00 7.081016459615734782e+00 0.000000000000000000e+00
-7.492131764752778977e+00 1.391472805463365958e+01 0.000000000000000000e+00
-1.702080751039310513e+01 -8.032065134866023470e+00 0.000000000000000000e+00
-1.305483208024175212e+01 -1.095888934016274696e+01 0.000000000000000000e+00
-1.026966762083027085e+01 -1.503848035480809564e+01 0.000000000000000000e+00
-1.072211539863372920e+01 -9.608994955014757977e+00 0.000000000000000000e+00
1.185505371695871224e+00 -4.301512829971482432e+00 0.000000000000000000e+00
-1.270220400337339051e+01 -3.009353477975895697e-01 0.000000000000000000e+00
-7.549581964582725568e+00 -7.121129770911667212e-01 0.000000000000000000e+00
1.838056453898025211e+01 -4.072788123830576978e+00 0.000000000000000000e+00
-1.100308508812465114e+01 -2.332066858259233655e+00 0.000000000000000000e+00
2.071872066988601269e+00 -6.900218954567158391e+00 0.000000000000000000e+00
2.196747098677390486e+00 1.333184937705243023e+01 0.000000000000000000e+00
-9.204465658450523335e+00 1.407096632015814386e+01 0.000000000000000000e+00
1.499331541052975147e+01 7.021817249481054013e+00 0.000000000000000000e+00
1.020680059862178624e+01 -7.012713353408331685e+00 0.000000000000000000e+00
-1.186677759125221598e+01 1.203002260727654260e+01 0.000000000000000000e+00
8.948388898949197312e+00 -1.517502349275024720e+01 0.000000000000000000e+00
-6.916614830235064959e-01 1.830516184333709617e+01 0.000000000000000000e+00
-1.897435823905899488e+00 1.647461637646858179e+01 0.000000000000000000e+00
1.856832356526712857e+01 3.723965148149662951e+00 0.000000000000000000e+00
-1.131410403015435051e+01 6.263623747332361269e+00 0.000000000000000000e+00
-8.375244899307045188e+00 -5.480459612260546898e+00 0.000000000000000000e+00
1.549057020703334508e+01 -4.505371101739204853e+00 0.000000000000000000e+00
3.834051701031118142e+00 1.802823508986568868e+01 0.000000000000000000e+00
-1.461716300216110120e+01 3.882823999914270185e+00 0.000000000000000000e+00
-8.016639549666292552e+00 -1.499046467507195146e+01 0.000000000000000000e+00
1.014451131487382618e+01 2.055750510088704353e+00 0.000000000000000000e+00
-3.970829505447350360e+00 9.174852651707256612e+00 0.000000000000000000e+00
1.146570142244376989e+01 -8.000137412581722174e+00 0.000000000000000000e+00
-5.842287477661742834e+00 -1.634819492998063506e+00 0.000000000000000000e+00
5.254587037641590408e-01 7.657078371553716956e+00 0.000000000000000000e+00
1.228911172544741426e+01 -6.586194842355813428e+00 0.000000000000000000e+00
-5.189195078624056379e+00 6.559928039841311787e+00 0.000000000000000000e+00
-1.009408998467373664e+01 9.327495165288782530e+00 0.000000000000000000e+00
3.818719693469661447e+00 -1.268374233397665662e+01 0.000000000000000000e+00
-4.010520211429420279e-01 -7.068288962895778127e+00 0.000000000000000000e+00
-1.182880445107951672e+01 3.948875062206544051e+00 0.000000000000000000e+00
1.345777407158754890e+01 -8.579850066801956388e+00 0.000000000000000000e+00
2.266466503774216545e-01 4.191010135538126846e+00 0.000000000000000000e+00
4.018089612531164256e+00 1.253917140979101852e+01 0.000000000000000000e+00
-2.908138299377130753e+00 -5.964153695952933987e-01 0.000000000000000000e+00
6.117014483102160227e+00 -1.357276752368961326e+01 0.000000000000000000e+00
-6.055952290586372300e+00 8.792290060020606646e+00 0.000000000000000000e+00
-1.366400562431902976e+01 6.690733238519842807e+00 0.000000000000000000e+00
1.664113911766202847e+01 1.655375415263953487e+00 0.000000000000000000e+00
3.591899181125389973e+00 -6.487966601921412391e+00 0.000000000000000000e+00
-1.208577515718655349e+00 1.025996693426047202e+01 0.000000000000000000e+00
-9.679840395462665503e-01 1.219071007409993612e+01 0.000000000000000000e+00
9.839492425195953018e+00 -1.365643541350330104e+01 0.000000000000000000e+00
1.683641767663291233e+01 8.417392236785488535e+00 0.000000000000000000e+00
-4.954273807747555658e+00 -1.362301023244600096e+01 0.000000000000000000e+00
1.548903407042578451e+01 -2.747846356113062605e+00 0.000000000000000000e+00
-6.271695401191005104e+00 -1.670947925061862449e+01 0.000000000000000000e+00
1.388497321996331024e+01 1.051750312649768260e+00 0.000000000000000000e+00
1.106180377653103841e+00 1.671363062671926913e+00 0.000000000000000000e+00
9.095345258017470513e+00 -1.288872253847847538e-01 0.000000000000000000e+00
5.120642816170231093e-01 1.603825785669699044e+01 0.000000000000000000e+00
-3.349404402305994344e-01 7.132885266195284624e-01 0.000000000000000000e+00
-8.732243859772568229e+00 7.462777411809597972e+00 0.000000000000000000e+00
1.399786929008262071e+00 -1.775110648078598530e+01 0.000000000000000000e+00
-2.413656865059270462e+00 1.293623355661754282e+01 0.000000000000000000e+00
-1.602313885781355296e+01 7.382865030799813155e+00 0.000000000000000000e+00
7.001945891893160301e+00 -6.367580747415068743e+00 0.000000000000000000e+00
-6.999915637287033476e+00 1.741839646724803359e+01 0.000000000000000000e+00
-4.489111654768496606e+00 -1.204308102489562771e+01 0.000000000000000000e+00
-9.772122712125108634e+00 1.086771976679957419e+01 0.000000000000000000e+00
-1.099186722592101084e+01 -6.320112891806248356e+00 0.000000000000000000e+00
1.685558010142481322e+01 -5.671302900265881242e+00 0.000000000000000000e+00
5.813814056603701097e+00 1.807552202658980178e+01 0.000000000000000000e+00
-1.331112348352117714e+01 8.256664647286545033e+00 0.000000000000000000e+00
-6.539747351174483025e-01 -1.363947484157110956e+01 0.000000000000000000e+00
-1.567651487500777385e+01 5.760596101895428589e+00 0.000000000000000000e+00
5.860513517737141465e-01 -1.468357773974090286e+01 0.000000000000000000e+00
9.011750317861929815e+00 -1.224473686062213318e+01 0.000000000000000000e+00
1.112557566914991192e+01 9.178654792800168494e+00 0.000000000000000000e+00
-4.039232331320187441e+00 1.191535452836156850e+01 0.000000000000000000e+00
-4.412783048915517981e+00 1.790920833502823228e+01 0.000000000000000000e+00
1.293709955531057609e+01 1.356827197663521645e+01 0.000000000000000000e+00
5.421418384441264671e+00 1.563203088468400459e+01 0.000000000000000000e+00
1.493167548131420652e+01 5.131407814528243350e+00 0.000000000000000000e+00
-1.530997040115098429e+01 1.038571940806367166e+01 0.000000000000000000e+00
7.643256640435357241e+00 1.151428785057234094e+01 0.000000000000000000e+00
-5.448626531379241911e+00 -3.708821944667688442e+00 0.000000000000000000e+00
-6.603301349353419170e+00 1.105080219768287009e+01 0.000000000000000000e+00
8.713301703938613585e+00 -6.124117088055819558e+00 0.000000000000000000e+00
-1.323833555611857449e+01 -1.342301214335783399e+01 0.000000000000000000e+00
-6.350508431688001387e+00 -8.514383338223364461e+00 0.000000000000000000e+00
7.740030432371445279e+00 2.441048680870224974e+00 0.000000000000000000e+00
5.792021059007751438e-01 1.241110563922202559e+01 0.000000000000000000e+00
1.333262164827855045e+01 -2.263628872164949346e+00 0.000000000000000000e+00
-3.660498658174460296e+00 1.557264884431443441e+01 0.000000000000000000e+00
-7.903317742539980983e+00 8.057134147538490554e-01 0.000000000000000000e+00
3.126822083944493347e+00 -8.520598882143167074e+00 0.000000000000000000e+00
1.770444347023097720e+01 -1.076537845238898727e+00 0.000000000000000000e+00
-5.183916952761475905e+00 -7.265813734607887930e+00 0.000000000000000000e+00
8.329145274787764563e+00 -9.698953018138013249e+00 0.000000000000000000e+00
1.003277407182867975e+01 3.680676292056860532e+00 0.000000000000000000e+00
4.863880926726074527e+00 -1.101624566559195095e+01 0.000000000000000000e+00
-1.807729053743810255e+01 3.013653109988458478e+00 0.000000000000000000e+00
-1.292426923315546894e+01 -3.148980846268217171e+00 0.000000000000000000e+00
1.018769009053573527e+01 1.066119232001131145e+01 0.000000000000000000e+00
-1.309534750216527321e+01 4.895065924762099563e+00 0.000000000000000000e+00
-1.472339551148508896e+01 1.178762593173363626e+01 0.000000000000000000e+00
6.161225445462088501e+00 8.977787520657804166e+00 0.000000000000000000e+00
1.183809668250002289e+01 -5.517659467620441571e-01 0.000000000000000000e+00
1.158630439879043905e+01 -1.274872017278138614e+01 0.000000000000000000e+00
1.340416965871800770e+01 -5.806817207412432458e-01 0.000000000000000000e+00
8.727359899529112397e+00 1.660095731299589517e+01 0.000000000000000000e+00
3.419779192912967059e+00 -1.443228336758133246e+01 0.000000000000000000e+00
-6.818752066739058648e+00 4.264914719668066567e+00 0.000000000000000000e+00
1.744413098691406461e+01 5.074380164682881222e+00 0.000000000000000000e+00
5.153859011229920739e+00 -4.982360743090108457e+00 0.000000000000000000e+00
3.764616914905037914e-01 -8.989434428010191880e+00 0.000000000000000000e+00
-1.819463762241629468e+01 -1.206034660054241092e+00 0.000000000000000000e+00
-2.487157303464103464e+00 -4.181968179942602504e+00 0.000000000000000000e+00
-1.450025222735293084e+01 -5.099725087012595637e+00 0.000000000000000000e+00
1.239514048076876485e+00 1.760532098774141119e+01 0.000000000000000000e+00
1.564825596303004396e+01 -9.579545139036488521e+00 0.000000000000000000e+00
-1.750440049547037091e+01 -4.104634826676198500e+00 0.000000000000000000e+00
-4.939930788762411318e+00 2.199191433029965559e+00 0.000000000000000000e+00
-9.561158614948542578e+00 4.301447101694914288e+00 0.000000000000000000e+00
5.377222949463052792e+00 2.426699234439369857e+00 0.000000000000000000e+00
-1.138898324024008346e+01 2.218874376076202193e+00 0.000000000000000000e+00
-7.835341923822980448e+00 -2.710522320877752467e+00 0.000000000000000000e+00
-1.002833439560964557e+01 -1.187536440471507415e+00 0.000000000000000000e+00
5.308043063382247517e+00 -7.089104111607994696e+00 0.000000000000000000e+00
-3.553385874458979909e+00 -1.737968248767726820e+01 0.000000000000000000e+00
5.582177603344784522e+00 -1.579966521347116348e+01 0.000000000000000000e+00
1.656228147336588563e+01 8.816286823806730732e-02 0.000000000000000000e+00
3.513529512199669913e+00 9.475422403747844058e+00 0.000000000000000000e+00
-1.300492239633419800e+01 1.009177802285775627e+01 0.000000000000000000e+00
4.005012342825509997e+00 7.219744638031554196e+00 0.000000000000000000e+00
-8.352390828478078788e+00 -7.613148393694797456e+00 0.000000000000000000e+00
3.807217240701758598e+00 4.233370448576435213e-02 0.000000000000000000e+00
8.370494025643385072e+00 9.896438950664508738e+00 0.000000000000000000e+00
-2.010374745718339184e+00 -5.718352168209471564e+00 0.000000000000000000e+00
-2.286857108140615935e+00 3.897189629905932318e+00 0.000000000000000000e+00
-5.220250452077808134e+00 -1.793228165221265158e+01 0.000000000000000000e+00
-1.737231818595820654e+00 -8.611429957553639269e+00 0.000000000000000000e+00
1.442024375010253223e+01 1.124789803582860692e+01 0.000000000000000000e+00
-1.680449633396398212e+01 1.301762818578537706e+00 0.000000000000000000e+00
2.009804327339837826e+00 -9.847177932934728872e+00 0.000000000000000000e+00
-9.313165323641218407e+00 1.587329649587127856e+00 0.000000000000000000e+00
1.013013094310361417e+01 1.509169274305376263e+01 0.000000000000000000e+00
9.586966772630098887e+00 5.724272807568531185e+00 0.000000000000000000e+00
1.200384539068344125e+01 1.064353316796120330e+00 0.000000000000000000e+00
-1.657419115581793889e+01 -3.471612679420675307e-01 0.000000000000000000e+00
1.535565189677052267e+01 8.831810611757239471e+00 0.000000000000000000e+00
5.236439522344231712e+00 5.025923575949613031e+00 0.000000000000000000e+00
3.088734878049825827e+00 5.362574987526566694e+00 0.000000000000000000e+00
-7.189304795354553690e+00 -1.305661108276865079e+01 0.000000000000000000e+00
-6.823646193320709763e+00 6.474281692772472674e+00 0.000000000000000000e+00
-1.147762056185700885e+01 1.405928587900214843e+01 0.000000000000000000e+00
-7.715575308903167562e-01 -1.678223110310742427e+01 0.000000000000000000e+00
-8.194652927984392932e+00 -1.700541474688168009e+01 0.000000000000000000e+00
-1.712132905418663587e+00 1.384017884807134280e+00 0.000000000000000000e+00
1.714601697683020021e+01 6.755549710371957950e+00 0.000000000000000000e+00
-6.252194889788618148e-01 1.422799187027534984e+01 0.000000000000000000e+00
5.137719430559041234e-01 -1.898859185602779931e+01 0.000000000000000000e+00
-1.522626937405986958e+01 -3.569181666726060076e+00 0.000000000000000000e+00
-1.455142119329288874e+01 -1.001707253117063701e+01 0.000000000000000000e+00
6.357640438299399399e+00 -1.080329232519557792e+01 0.000000000000000000e+00
-1.737111768456608418e+00 5.689809112962764814e+00 0.000000000000000000e+00
1.846543823055394995e+01 4.426725368543455996e-01 0.000000000000000000e+00
1.221871538377984834e+01 1.112353371211645658e+01 0.000000000000000000e+00
-1.421386994736960396e+01 -7.568298159239604805e-01 0.000000000000000000e+00
1.686298895818542931e+01 -7.215132195587508512e+00 0.000000000000000000e+00
-5.353217622685656707e+00 1.314746069974384213e+01 0.000000000000000000e+00
1.277237374740214149e+00 1.461067727255007043e+01 0.000000000000000000e+00
1.754067836809581493e+01 -2.649254592857520851e+00 0.000000000000000000e+00
1.323147826603731581e+01 6.141093561797958955e+00 0.000000000000000000e+00
1.134461012634683019e+00 -2.514970343326970337e+00 0.000000000000000000e+00
-9.746909114048742495e+00 -1.213524894650893593e+01 0.000000000000000000e+00
-2.234136612541159916e+00 -1.298250897088422740e+01 0.000000000000000000e+00
-1.339844800900569677e+00 -1.831230650953033745e+01 0.000000000000000000e+00
-5.067051191243662878e+00 -1.550038674798710758e+01 0.000000000000000000e+00
8.081681051483409206e+00 7.539720397395609730e+00 0.000000000000000000e+00
3.131367544315099227e+00 -4.968074761484719382e+00 0.000000000000000000e+00
-5.066428845824386684e+00 -5.661480037541919863e+00 0.000000000000000000e+00
1.814062570440976963e+00 1.110081673857190943e+01 0.000000000000000000e+00
-1.540540022773406470e+01 -1.851832577883278486e+00 0.000000000000000000e+00
1.188457995107970078e+01 2.590990202622927008e+00 0.000000000000000000e+00
-1.307569971444258172e+01 1.332906354138281202e+01 0.000000000000000000e+00
-1.739678008709826251e+00 -1.561851630187440421e+01 0.000000000000000000e+00
-1.067294816583648220e+01 -4.799204004001425439e+00 0.000000000000000000e+00
6.685465987405597055e+00 1.339428410192429908e+01 0.000000000000000000e+00
1.208301202209776370e+01 -9.955967800303705317e+00 0.000000000000000000e+00
4.403804087636776998e+00 -9.580106925472001933e+00 0.000000000000000000e+00
-1.781135887489773495e+01 5.190816982557983295e+00 0.000000000000000000e+00
1.410141863289618058e+01 -1.249539631172362064e+01 0.000000000000000000e+00
7.706138547899652913e+00 -3.977078873145650117e+00 0.000000000000000000e+00
-1.861564653748929743e+01 3.858096652617190592e-01 0.000000000000000000e+00
-1.012943195406759500e+01 1.534770990591646367e+01 0.000000000000000000e+00
1.481834819715717266e+01 -1.109077530382771926e+01 0.000000000000000000e+00
1.565015681411905391e+01 3.430489234500534224e+00 0.000000000000000000e+00
-6.466460743731218486e+00 1.940185850575093740e+00 0.000000000000000000e+00
-5.113762200499046173e+00 1.050493844211456107e+01 0.000000000000000000e+00
1.373598736311246782e+01 3.755285875628328718e+00 0.000000000000000000e+00
-9.586494130039412198e+00 -1.639435997004992629e+01 0.000000000000000000e+00
-3.758242773843678997e+00 -8.575325390692805527e+00 0.000000000000000000e+00
5.014705416416714634e+00 1.006301513926685942e+01 0.000000000000000000e+00
-8.290043849856582270e+00 3.227906603026103216e+00 0.000000000000000000e+00
-8.461702907587849154e+00 5.689686565686797870e+00 0.000000000000000000e+00
-6.082596677146167252e+00 -1.198759845878307218e+01 0.000000000000000000e+00
6.691396983929752906e+00 -1.720473569544834547e+01 0.000000000000000000e+00
1.060499604293186593e+01 -2.541552272294107073e+00 0.000000000000000000e+00
-1.218684730014343920e+01 -1.234765285260334267e+01 0.000000000000000000e+00
8.545559203983339458e+00 1.362472745992215195e+01 0.000000000000000000e+00
1.056865940341016419e+01 -1.093866534375219501e+01 0.000000000000000000e+00
