4.793251079717268048e+00 -1.582699856204286437e+00 0.000000000000000000e+00
-8.636425993961369230e+00 -1.355454696626927991e+01 0.000000000000000000e+00
1.018051234855078846e+01 -2.106814223021011401e+00 0.000000000000000000e+00
3.202296101962065045e+00 -8.964613927108793234e+00 0.000000000000000000e+00
-1.164439007919094671e+01 -1.830369784912426301e+00 0.000000000000000000e+00
-1.087575075307146122e+01 7.946378358165235412e+00 0.000000000000000000e+00
-1.182911108006301859e+01 9.495032611074254447e+00 0.000000000000000000e+00
6.523440895152579078e-01 -5.820665545272043495e+00 0.000000000000000000e+00
1.391137742828330559e+01 8.931917554739003506e+00 0.000000000000000000e+00
1.368225987642589381e+01 -4.978730198169672327e+00 0.000000000000000000e+00
-7.068356693363213594e+00 -8.576259784461131019e+00 0.000000000000000000e+00
3.960010411709321554e-01 -1.746944974330566680e+01 0.000000000000000000e+00
-2.513695243929426670e+00 -1.067817078217871085e+01 0.000000000000000000e+00
6.058016255832604280e+00 1.458346561640484396e+01 0.000000000000000000e+00
3.282348500750366327e+00 -1.259216153171850827e+01 0.000000000000000000e+00
-6.561748288076695301e-01 -1.215634805117777617e+01 0.000000000000000000e+00
-1.298282686502995809e+01 3.349378897511974262e+00 0.000000000000000000e+00
1.114198260903317816e+01 5.151521939902542258e+00 0.000000000000000000e+00
-1.255502519918739068e+01 -5.143489557357827646e-01 0.000000000000000000e+00
1.512672601897353886e+01 -6.772822627724230493e+00 0.000000000000000000e+00
6.597946598633582127e+00 -8.197209157566065940e+00 0.000000000000000000e+00
1.072277804390414424e+00 -1.433990131457689721e+01 0.000000000000000000e+00
-7.945300187599400044e-01 -1.606741122559251878e+01 0.000000000000000000e+00
1.014929201740338982e+01 1.028625391886283325e+01 0.000000000000000000e+00
-1.303055091497543394e+01 7.740899748425025706e+00 0.000000000000000000e+00
1.149142224262786094e+01 -1.347200431829388700e-02 0.000000000000000000e+00
-4.251245108085391244e+00 7.880751767759784698e+00 0.000000000000000000e+00
4.422729359864113974e+00 9.385211112125801947e+00 0.000000000000000000e+00
1.689346301501385383e+01 -4.294879389399242520e+00 0.000000000000000000e+00
5.328453603380121528e+00 -1.551325677190802743e+01 0.000000000000000000e+00
-5.674567398242909455e+00 1.697037934838411033e+00 0.000000000000000000e+00
-8.413297366785245757e+00 -9.792676005025782615e+00 0.000000000000000000e+00
-3.461110772230671095e+00 2.264653083411770074e-01 0.000000000000000000e+00
5.044285271249030700e+00 -1.329966795221172227e+01 0.000000000000000000e+00
2.851783975482227618e+00 5.154232623540724312e+00 0.000000000000000000e+00
1.321615523550515547e+01 -1.702135987136791928e-01 0.000000000000000000e+00
-9.256166988325309930e+00 -2.048864226827336488e+00 0.000000000000000000e+00
-4.814850078999668881e+00 -1.660258987501480732e+01 0.000000000000000000e+00
2.710491531048877079e+00 7.523321108424853243e+00 0.000000000000000000e+00
1.615596161540898246e+00 1.777080865997266237e-02 0.000000000000000000e+00
1.657859466858019770e+00 6.222188203229245929e+00 0.000000000000000000e+00
-1.470304275708792119e+01 2.458269630552315288e+00 0.000000000000000000e+00
-2.613571435567579204e+00 9.246376798805544084e+00 0.000000000000000000e+00
-5.864296459877828660e+00 -1.138454425431386641e+00 0.000000000000000000e+00
-1.062783068414247190e+01 -8.701381934748040337e+00 0.000000000000000000e+00
4.376841844735594123e+00 -3.693663401223515663e+00 0.000000000000000000e+00
2.299229780559768788e+00 1.776651603197295648e+00 0.000000000000000000e+00
-3.318506631685036012e+00 1.699558361203105861e+01 0.000000000000000000e+00
-9.708380251644067371e+00 3.776424607007200951e+00 0.000000000000000000e+00
-5.634318086890017341e+00 1.314967949890702137e+01 0.000000000000000000e+00
1.342439349340225441e+01 1.428090048330317385e+00 0.000000000000000000e+00
1.576325530260639951e+01 7.119232158522401654e+00 0.000000000000000000e+00
-1.168867231753175417e+01 1.209466315788808011e+01 0.000000000000000000e+00
1.139952499226786653e+00 1.233075785307755012e+01 0.000000000000000000e+00
8.123186765908839035e+00 -3.305649410940668442e+00 0.000000000000000000e+00
8.946815205005080429e+00 2.406883283254380945e+00 0.000000000000000000e+00
9.458693359044293203e+00 8.936434841079925917e+00 0.000000000000000000e+00
6.541166869986893007e-01 -9.452609211331690631e+00 0.000000000000000000e+00
-4.460699939594722885e+00 -3.397410753481854506e+00 0.000000000000000000e+00
3.175168239212482479e-01 7.026566704085748682e+00 0.000000000000000000e+00
-5.934602327275475986e+00 1.049962412545864687e+01 0.000000000000000000e+00
5.127522015968314584e+00 -5.232134064796973405e+00 0.000000000000000000e+00
1.517608525378117612e+01 -4.091991977076435028e+00 0.000000000000000000e+00
7.609650247605403095e+00 6.034332738115547379e+00 0.000000000000000000e+00
5.855049408208449435e+00 -1.131974547960592226e+01 0.000000000000000000e+00
1.706637449768746961e+01 -1.351362782808648300e+00 0.000000000000000000e+00
-8.532301709364672249e+00 1.238075323813186301e+01 0.000000000000000000e+00
-2.021984064341526111e+00 6.680525953727879163e+00 0.000000000000000000e+00
-6.027977790848319195e+00 6.909460129681315621e+00 0.000000000000000000e+00
9.177485400214202116e+00 -7.166787256945856832e+00 0.000000000000000000e+00
1.049383581086661188e+01 1.381273281436139655e+01 0.000000000000000000e+00
1.932974219880658318e+00 -4.193184824489633478e+00 0.000000000000000000e+00
-6.206616676015897838e+00 -1.279539474739362426e+01 0.000000000000000000e+00
-8.418119465161819637e-01 1.407955905663102669e+01 0.000000000000000000e+00
-1.475447369127117447e+01 2.930212985809231840e-01 0.000000000000000000e+00
1.514433083567208627e+01 -2.495066849355624505e+00 0.000000000000000000e+00
-3.430530567321790514e+00 1.517502927005831381e+01 0.000000000000000000e+00
1.642567518995957343e+01 3.785618531531569353e+00 0.000000000000000000e+00
-8.506336068422026386e+00 -1.145930115428173046e+01 0.000000000000000000e+00
-3.878226813145312146e+00 -7.216811574363873660e+00 0.000000000000000000e+00
-1.160852926313384437e+01 -6.090077652634329652e+00 0.000000000000000000e+00
4.568124873873739666e+00 2.145267226480326084e+00 0.000000000000000000e+00
1.113397184086061564e+01 -6.645626242935462891e+00 0.000000000000000000e+00
2.746676746117048928e+00 -5.796754485125257261e+00 0.000000000000000000e+00
-1.003546571963753564e+01 -1.259986806364190315e+01 0.000000000000000000e+00
7.366618042956710966e+00 1.164466267702556124e+01 0.000000000000000000e+00
-5.458664021562385393e+00 1.569430781842241629e+01 0.000000000000000000e+00
-9.978614258503545997e+00 -6.934467409222182077e+00 0.000000000000000000e+00
7.227895598603018001e+00 -5.012652420011090904e+00 0.000000000000000000e+00
-2.256287390526174885e+00 1.242742724872996085e+01 0.000000000000000000e+00
-1.275256177929887791e+01 5.473200562470314168e+00 0.000000000000000000e+00
1.101232332801717284e+01 -1.348114959026637827e+01 0.000000000000000000e+00
-2.994069049748953049e+00 -5.920870642457736643e+00 0.000000000000000000e+00
7.584841018958663028e+00 7.829296869808876735e+00 0.000000000000000000e+00
-6.774119876532109785e+00 -7.010232861456865194e+00 0.000000000000000000e+00
-1.605304315950638738e+01 6.858164627713637884e+00 0.000000000000000000e+00
1.477439419487578576e+01 3.748072219106273639e+00 0.000000000000000000e+00
6.628480272053956845e+00 -2.666110074720565049e+00 0.000000000000000000e+00
-1.279294626469477514e+01 -9.745601816787347715e+00 0.000000000000000000e+00
-8.210901177376149107e+00 3.143860103907518244e+00 0.000000000000000000e+00
-4.919900671272325887e-01 -7.166595126747695943e+00 0.000000000000000000e+00
-3.857397812319512287e+00 -1.428878933110346949e+01 0.000000000000000000e+00
1.572686738172910026e+01 -6.474055755529570799e-01 0.000000000000000000e+00
-1.675283593681965399e+01 -8.670003275932866016e-01 0.000000000000000000e+00
1.208940135594375676e+01 1.170303919964802830e+01 0.000000000000000000e+00
-1.126410860813671277e+01 -4.580778695917568477e+00 0.000000000000000000e+00
-8.188100608235238553e+00 7.069498023226088002e+00 0.000000000000000000e+00
7.616545820487445440e+00 -9.725285344552252909e+00 0.000000000000000000e+00
-1.012967379696993575e+01 6.370723526161651051e+00 0.000000000000000000e+00
1.282146610168639000e+01 6.784116968143264259e+00 0.000000000000000000e+00
1.467083084741054977e+00 1.662230184602649885e+01 0.000000000000000000e+00
1.185636789550512837e+01 -2.900003117723475743e+00 0.000000000000000000e+00
5.285537802150620301e+00 1.664775688217405758e+01 0.000000000000000000e+00
-8.098541995003976091e-01 -3.287724413774211651e+00 0.000000000000000000e+00
-5.557090785013198087e+00 3.847266099038550546e+00 0.000000000000000000e+00
-9.084207660530646322e+00 1.452495943905816844e+01 0.000000000000000000e+00
1.413994288374733266e+01 5.598774184445732160e+00 0.000000000000000000e+00
4.922187788759459615e+00 6.397318693198021045e+00 0.000000000000000000e+00
3.668977534555986519e+00 1.390026403010831413e-01 0.000000000000000000e+00
-1.443949737821017187e+01 -3.428264246707370511e+00 0.000000000000000000e+00
7.329759042521440726e+00 -1.298549075584760892e+01 0.000000000000000000e+00
9.607436127197694020e+00 -4.810689574076820740e+00 0.000000000000000000e+00
1.376898052993826838e+01 -1.883044484653203066e+00 0.000000000000000000e+00
-1.043831720430701715e+00 4.802218476717934337e+00 0.000000000000000000e+00
1.191741118625068019e+01 -1.173409416875733235e+01 0.000000000000000000e+00
1.132068302801479742e+00 -2.340221093515616246e+00 0.000000000000000000e+00
-8.612398245472816072e+00 -8.095274559964416028e+00 0.000000000000000000e+00
-7.350390786632045703e+00 -1.499237438442891701e+01 0.000000000000000000e+00
-8.650632240705462550e-01 -1.004191835598665783e+01 0.000000000000000000e+00
-7.196118953351168024e+00 1.489720109970311590e+01 0.000000000000000000e+00
-8.023995429069559648e+00 9.252858471116768513e+00 0.000000000000000000e+00
-5.482790430027283612e+00 -1.104551705142976203e+01 0.000000000000000000e+00
-1.161119721366748436e+01 -1.211366059123464112e+01 0.000000000000000000e+00
4.889355077562490770e+00 1.363476901964441979e+01 0.000000000000000000e+00
5.226530138985682861e+00 -9.011224924174131345e+00 0.000000000000000000e+00
2.457291590168733997e+00 1.025812358686466830e+01 0.000000000000000000e+00
6.173175961813225143e+00 3.225869977797881205e+00 0.000000000000000000e+00
-2.150396368401867875e+00 -1.341876202816924746e+01 0.000000000000000000e+00
7.793461232290825436e+00 -1.481972045806714888e+01 0.000000000000000000e+00
9.352459417953369325e+00 6.847930077402295090e+00 0.000000000000000000e+00
-7.758403242012178680e+00 -3.053320273953514796e+00 0.000000000000000000e+00
2.705033939863741743e+00 1.379619121408163807e+01 0.000000000000000000e+00
6.318505390820113199e+00 9.881620602556015598e+00 0.000000000000000000e+00
-5.523724304376124827e+00 5.434004161766024410e+00 0.000000000000000000e+00
-8.568449002413476734e+00 -5.029818187888361436e+00 0.000000000000000000e+00
6.495523459597190019e+00 -2.008598911449105962e-01 0.000000000000000000e+00
1.600110055471177617e+01 5.594117397066225017e+00 0.000000000000000000e+00
-1.446114010687409213e+01 -1.761725611130710467e+00 0.000000000000000000e+00
-4.474711088556873939e+00 -1.256424269311722064e+01 0.000000000000000000e+00
8.725887227339251595e+00 1.389310856872496025e+01 0.000000000000000000e+00
-9.874065011209598453e+00 -1.064686816575904693e+01 0.000000000000000000e+00
-5.441518063882953449e+00 -4.889708193280092985e+00 0.000000000000000000e+00
1.155255857827683741e+01 9.301138504929753026e+00 0.000000000000000000e+00
5.737175746885622374e+00 7.977352103302153274e+00 0.000000000000000000e+00
6.289636121557559356e+00 5.134545995854478129e+00 0.000000000000000000e+00
4.206713330465646550e+00 1.125353059367967035e+01 0.000000000000000000e+00
-3.166492682225790500e-01 -1.849908386287864859e-01 0.000000000000000000e+00
-9.717363651071003972e+00 1.261821951971202393e+00 0.000000000000000000e+00
-1.332642089802059360e+01 -7.936250831911102033e+00 0.000000000000000000e+00
-7.401427191820534546e+00 -2.135638709116052247e-01 0.000000000000000000e+00
-1.619708538206826631e+01 5.220380347788251107e+00 0.000000000000000000e+00
-1.601233760041174392e+01 -3.767122682063006600e+00 0.000000000000000000e+00
2.372214988730647178e+00 -7.704270004440072483e+00 0.000000000000000000e+00
4.345749823881471130e+00 4.401035038376101660e+00 0.000000000000000000e+00
3.814837529143673578e+00 -1.692173062820453566e+01 0.000000000000000000e+00
1.012827147941582240e+01 1.212088552845434819e+00 0.000000000000000000e+00
-1.352275293762114394e+01 -5.020215828225003563e+00 0.000000000000000000e+00
6.418019015600679111e+00 -6.664487876911657338e+00 0.000000000000000000e+00
2.079678609629792341e+00 -1.016022869796972827e+01 0.000000000000000000e+00
-2.428471374485796641e+00 -1.667796352769827095e+01 0.000000000000000000e+00
-9.806985958222667055e-01 -1.447396474408064826e+01 0.000000000000000000e+00
-3.445219104309451552e+00 6.087625783570968174e+00 0.000000000000000000e+00
1.023270933354032586e+01 -1.126443169877127026e+01 0.000000000000000000e+00
-1.470401763734780154e+01 -9.260928383099770400e+00 0.000000000000000000e+00
6.297663252530200095e-01 9.377216876274614421e+00 0.000000000000000000e+00
3.187804410977953751e+00 -2.272438859598076455e+00 0.000000000000000000e+00
-1.803266932792372268e+00 -1.397905851113970144e+00 0.000000000000000000e+00
-8.471207327597248593e+00 4.980694688388156877e+00 0.000000000000000000e+00
-3.713841454390910179e+00 -9.574073066034760160e+00 0.000000000000000000e+00
-1.395740304541160448e+01 4.513805012725974564e+00 0.000000000000000000e+00
1.163453408831064984e+01 2.502930538837503605e+00 0.000000000000000000e+00
1.119938004727469227e+01 7.274298146321693359e+00 0.000000000000000000e+00
1.231706988237739075e+01 -1.013159493099099606e+01 0.000000000000000000e+00
1.381306293767123705e+01 -9.097819653716580746e+00 0.000000000000000000e+00
-1.172690500923651058e+01 1.855222509070529435e+00 0.000000000000000000e+00
-1.478782687219004899e+01 -6.745924783062072549e+00 0.000000000000000000e+00
2.674537144676994327e+00 -1.532395288371146158e+01 0.000000000000000000e+00
-1.300560706850438919e+01 -2.911169338340429569e+00 0.000000000000000000e+00
-1.402097327189084863e+00 1.671863719420314709e+01 0.000000000000000000e+00
-1.821158686673681748e+00 3.947109422640264209e-01 0.000000000000000000e+00
-1.347346851615347774e+01 1.104025432720376898e+01 0.000000000000000000e+00
-4.190583219840444684e+00 1.202589020308177048e+01 0.000000000000000000e+00
-1.452974943269567554e+01 8.874028367034139109e+00 0.000000000000000000e+00
-9.893651806263605408e+00 9.918513694888103416e+00 0.000000000000000000e+00
1.605948331786823147e+01 1.912421016381802508e+00 0.000000000000000000e+00
8.446575741997769171e+00 6.688561167838209531e-01 0.000000000000000000e+00
9.112068904491186672e+00 -9.358932110075594224e+00 0.000000000000000000e+00
-1.088891681575839820e+00 -5.625075117688404625e+00 0.000000000000000000e+00
-3.324161845174357310e+00 3.022485121921714146e+00 0.000000000000000000e+00
-4.892294600512867020e-02 3.429228221871564397e+00 0.000000000000000000e+00
-4.235096522123290796e+00 1.025008602575110750e+01 0.000000000000000000e+00
-1.621704831872635211e+01 -6.049285664848087052e+00 0.000000000000000000e+00
4.076110447170488982e+00 -7.040733854726630270e+00 0.000000000000000000e+00
-1.726846336885610711e+01 9.724613589017307991e-01 0.000000000000000000e+00
1.308763331248827377e+00 -1.621013320851565709e+01 0.000000000000000000e+00
8.335178128721047131e+00 1.043399458583707684e+01 0.000000000000000000e+00
-7.665178731108710508e-01 1.158722195380014242e+01 0.000000000000000000e+00
1.297773217684763658e+01 -6.904444824785024970e+00 0.000000000000000000e+00
-3.022225155369123506e+00 -3.974556342498218875e+00 0.000000000000000000e+00
1.571227454461053830e+00 -1.227193052350918556e+01 0.000000000000000000e+00
5.375697289017680180e-01 1.865043567841088379e+00 0.000000000000000000e+00
9.543898299196166946e+00 5.251119538954831967e+00 0.000000000000000000e+00
2.950197162538251927e+00 1.579184702999607204e+01 0.000000000000000000e+00
-5.703078477788347200e+00 -1.468965941132954178e+01 0.000000000000000000e+00
3.374661065763127521e+00 -1.109431740595161386e+01 0.000000000000000000e+00
8.250034173503978607e+00 -1.129513712748741483e+01 0.000000000000000000e+00
-8.808497886769793839e-01 8.676759551493494982e+00 0.000000000000000000e+00
7.105997830264944248e+00 1.924327015786392980e+00 0.000000000000000000e+00
8.992855722637768112e-01 1.460040188435865360e+01 0.000000000000000000e+00
-1.693875977201398442e+01 3.848565962268050811e+00 0.000000000000000000e+00
1.481568526561017451e+00 3.835198205369120927e+00 0.000000000000000000e+00
1.074075806120838905e+01 -9.751798379999350175e+00 0.000000000000000000e+00
-1.135901983449723396e+01 3.656825852938752064e+00 0.000000000000000000e+00
-1.024541353659400578e+01 1.149616867117604180e+01 0.000000000000000000e+00
-1.045300841172764272e+01 1.331232125574478431e+01 0.000000000000000000e+00
-2.205841115660931884e+00 -7.775113276791454808e+00 0.000000000000000000e+00
-1.355003845602220558e+01 1.192264739561625930e+00 0.000000000000000000e+00
7.523742608579182090e+00 1.559121918562550668e+01 0.000000000000000000e+00
3.689734191737525371e-01 5.395227623853232402e+00 0.000000000000000000e+00
7.573529500697360639e+00 4.239817947835105016e+00 0.000000000000000000e+00
2.696526833793140288e+00 1.193934636517147041e+01 0.000000000000000000e+00
-2.504908766813223053e+00 4.388534548877285779e+00 0.000000000000000000e+00
-3.664577679434823487e+00 -1.263692232408361482e+00 0.000000000000000000e+00
1.142334369634309788e+01 -8.275202410939360931e+00 0.000000000000000000e+00
1.201699288937321519e+01 -4.624009885782881746e+00 0.000000000000000000e+00
6.216579917082667994e-02 1.739556712744796130e+01 0.000000000000000000e+00
1.708759808979852224e+01 4.760506137721531861e-01 0.000000000000000000e+00
-9.344916417876156345e+00 8.239339183576289471e+00 0.000000000000000000e+00
1.228362715509847014e+01 3.890813973962942818e+00 0.000000000000000000e+00
-9.932034722780761271e+00 -3.537302617587873677e+00 0.000000000000000000e+00
-3.955279481362290461e+00 -1.111579683834105836e+01 0.000000000000000000e+00
9.015477259805646071e+00 -1.278605726318800606e+01 0.000000000000000000e+00
9.590571909593260003e+00 1.176485312852953768e+01 0.000000000000000000e+00
7.890207672427980157e+00 -1.773760968256020476e+00 0.000000000000000000e+00
6.124085222095634329e+00 1.265373501107668730e+01 0.000000000000000000e+00
1.500035919574384558e+01 7.279224306743538042e-01 0.000000000000000000e+00
1.522779425721794766e+01 -8.598938098968169186e+00 0.000000000000000000e+00
-1.507709714650903798e+01 -4.994761825931895771e+00 0.000000000000000000e+00
-5.553683850824279844e+00 8.672300957029099422e+00 0.000000000000000000e+00
-4.973513613783013376e+00 -8.633243168192297645e+00 0.000000000000000000e+00
-1.708225243882879241e+01 -2.576902145122945242e+00 0.000000000000000000e+00
-1.326560763153943689e+01 -1.139874830947332640e+01 0.000000000000000000e+00
1.050262045857141580e+01 3.710807337114957249e+00 0.000000000000000000e+00
-1.426301295427904492e+01 6.062935776748675565e+00 0.000000000000000000e+00
-7.128357617024141391e+00 1.292639611857962390e+00 0.000000000000000000e+00
-1.019267973045335118e+01 -1.420871417419250982e+01 0.000000000000000000e+00
