2.986861110125681673e+00 3.655848811900861417e+00 0.000000000000000000e+00
9.435727158660100145e+00 -1.329693586870063982e+01 0.000000000000000000e+00
5.137866635435039520e+00 9.875744557793220579e+00 0.000000000000000000e+00
-8.220359396065436419e-01 6.509585931185783103e+00 0.000000000000000000e+00
-2.113888115428556258e+00 2.938205544783516476e+00 0.000000000000000000e+00
7.691056727408884797e+00 4.458101624034202182e+00 0.000000000000000000e+00
-4.089954949937316009e+00 1.791757681139059422e+00 0.000000000000000000e+00
1.182605977403436981e+01 -5.984328464037952600e+00 0.000000000000000000e+00
1.318575987055454135e+01 1.101953592406723637e+01 0.000000000000000000e+00
2.536260741664940088e+00 1.162959101404632811e+01 0.000000000000000000e+00
-3.946536940834178608e+00 -1.262258436961139729e+01 0.000000000000000000e+00
1.373725104503344951e+01 5.335452210491921754e+00 0.000000000000000000e+00
9.466116695385268898e+00 3.439656842166164630e+00 0.000000000000000000e+00
6.450069711717947740e+00 -1.046075096311243513e+01 0.000000000000000000e+00
2.170237860084287096e+00 1.670853717249371684e+01 0.000000000000000000e+00
1.517361804380267110e+01 -4.651074977735756732e+00 0.000000000000000000e+00
-8.193811316133375877e-01 -9.903351364934142254e+00 0.000000000000000000e+00
8.231207189738755758e+00 -7.152052571772091305e+00 0.000000000000000000e+00
8.367019828366538681e-01 -7.654682014834962800e+00 0.000000000000000000e+00
5.831826553855125717e+00 -1.702108241886230111e+00 0.000000000000000000e+00
2.945741825890126453e+00 -5.183232338979837373e+00 0.000000000000000000e+00
-9.036564448541767547e+00 -1.021492217048706408e+01 0.000000000000000000e+00
5.758512956290522844e+00 -1.444631676753845362e+01 0.000000000000000000e+00
1.328509663031516119e+01 -3.994952585158338287e+00 0.000000000000000000e+00
-2.199977137917132453e+00 4.945157247210927309e-01 0.000000000000000000e+00
-3.023423508898905432e+00 -5.609008380245971814e+00 0.000000000000000000e+00
1.465743084026656540e+01 1.866244703544663652e+00 0.000000000000000000e+00
5.642549784595615181e-01 -1.539932019875883995e+01 0.000000000000000000e+00
7.674457136258691081e-01 1.418054331956237313e+00 0.000000000000000000e+00
-6.429054441985967649e+00 3.509563936774087622e+00 0.000000000000000000e+00
-1.344976038566390564e+01 5.104767500852070761e+00 0.000000000000000000e+00
3.747080220801567219e+00 -1.731981400692787432e+01 0.000000000000000000e+00
9.085910902000098321e-01 1.223950598526848310e+01 0.000000000000000000e+00
-5.544833429373945854e+00 8.622616192848722605e+00 0.000000000000000000e+00
1.799097449647988611e+01 -5.574480122943995530e-01 0.000000000000000000e+00
2.960103951170478531e+00 7.814572995920851639e+00 0.000000000000000000e+00
-5.584163042083259976e-01 -2.311868105718870137e+00 0.000000000000000000e+00
-3.739788450707741685e+00 5.276049952803184340e+00 0.000000000000000000e+00
9.113080442996846386e+00 -1.487824812414226905e+01 0.000000000000000000e+00
1.566249104022752903e+01 -1.010862794343351112e+01 0.000000000000000000e+00
-1.057052188981300134e+01 1.412087850452720694e+01 0.000000000000000000e+00
8.105129497586004206e+00 -3.094170091840478864e+00 0.000000000000000000e+00
8.003227476704052989e+00 8.883371870690259797e+00 0.000000000000000000e+00
1.270879860423720054e+01 1.530365862772071761e+00 0.000000000000000000e+00
8.638993666150936335e+00 -1.103457174815209285e+01 0.000000000000000000e+00
1.039136769788243342e+01 -2.180695219048546907e+00 0.000000000000000000e+00
-8.343476114760521867e+00 9.348050257604086255e+00 0.000000000000000000e+00
-1.454025045979780195e+01 -7.946508478354220806e+00 0.000000000000000000e+00
-1.460567043861277625e+01 7.216811722695904763e+00 0.000000000000000000e+00
1.989478357950891008e+00 -1.888667931105528552e+01 0.000000000000000000e+00
-1.169406714484872367e+01 -5.027478247644570075e+00 0.000000000000000000e+00
6.719508663779197200e+00 -8.664733405904311070e+00 0.000000000000000000e+00
-1.002256891357539637e+01 -1.311085466340718853e+01 0.000000000000000000e+00
5.091953914547036497e+00 -6.971990498080213428e+00 0.000000000000000000e+00
1.147855538744809856e+01 1.343792368493910416e+01 0.000000000000000000e+00
-1.704275089266439736e+01 3.233077805602615040e+00 0.000000000000000000e+00
1.058147893026751163e+01 -1.528990407895899040e+01 0.000000000000000000e+00
8.499273421373388260e+00 -4.939561208531968894e+00 0.000000000000000000e+00
1.396945140365431159e+00 -7.741608942403441773e-01 0.000000000000000000e+00
8.485961596086168512e+00 1.427722830590528780e+01 0.000000000000000000e+00
-4.376965474538826228e+00 1.430266497652765523e+01 0.000000000000000000e+00
-4.528868081632524856e+00 -5.054464469605305155e+00 0.000000000000000000e+00
-1.200812669739407035e+01 -9.932478041947641056e-01 0.000000000000000000e+00
5.700762825284851232e+00 1.408785784973727218e+01 0.000000000000000000e+00
-6.873531605592953397e+00 -4.886214270161909567e+00 0.000000000000000000e+00
1.647680039023241605e+01 3.511229005238192702e+00 0.000000000000000000e+00
-1.219204672492146280e+01 2.402236568094576974e+00 0.000000000000000000e+00
-1.146184351481177366e+01 9.607804407102550570e+00 0.000000000000000000e+00
-1.019612798044722446e+01 5.685465835946323487e+00 0.000000000000000000e+00
-4.802584930590327872e+00 1.101624513988022358e-01 0.000000000000000000e+00
1.086380472570382594e+01 -1.258201604078034919e+01 0.000000000000000000e+00
-5.861654205652989447e+00 1.341320579998089180e+01 0.000000000000000000e+00
-1.143099586099191001e+01 7.791847587573774270e+00 0.000000000000000000e+00
1.572964212967607578e+00 1.459860906712657602e+01 0.000000000000000000e+00
-1.485379056644967299e+01 9.946117030736807862e+00 0.000000000000000000e+00
-1.535306780990198305e+01 -3.428074577044740501e+00 0.000000000000000000e+00
-2.040165490822162919e+00 -7.932505646669411270e+00 0.000000000000000000e+00
1.528414561342414757e+01 1.037145254300512320e+01 0.000000000000000000e+00
1.488928898502749787e+00 -6.093766726116928822e+00 0.000000000000000000e+00
-1.666657491686601844e+01 -6.172022288063803153e+00 0.000000000000000000e+00
-3.507368136812611503e+00 -1.813000360207731276e+01 0.000000000000000000e+00
2.704947323988943442e+00 -3.351469824674929487e+00 0.000000000000000000e+00
-8.737854464245728536e+00 1.574653160403537910e+01 0.000000000000000000e+00
-7.550356489931695947e+00 -7.624393496216573529e-02 0.000000000000000000e+00
1.506334885294362458e+01 -7.056344511821773580e+00 0.000000000000000000e+00
-8.430937405158964282e+00 -1.577259620688247033e+01 0.000000000000000000e+00
-4.663698846828068234e+00 -1.006433206115768542e+01 0.000000000000000000e+00
-8.230583407696276055e+00 -3.534496087107048989e+00 0.000000000000000000e+00
-6.515561048113672094e+00 1.016446825925237896e+01 0.000000000000000000e+00
1.281008056809037754e+01 -1.190150767330872483e+01 0.000000000000000000e+00
-1.308354694484794400e+01 -1.113154365217207875e+01 0.000000000000000000e+00
-8.485409723665103598e+00 1.625397603759775045e+00 0.000000000000000000e+00
1.050204124361655822e+01 1.138782902568335231e+01 0.000000000000000000e+00
-1.219802819556357854e+01 -1.307810512956839055e+01 0.000000000000000000e+00
-1.331791332340083400e+01 8.866990038812202712e+00 0.000000000000000000e+00
1.494427565642007671e+01 3.954995599015125318e+00 0.000000000000000000e+00
8.914734129868050472e-01 1.775926379970950819e+01 0.000000000000000000e+00
1.265724000932184268e+01 7.551821076314069181e+00 0.000000000000000000e+00
-1.377292407316923928e+01 -6.073626111126915639e+00 0.000000000000000000e+00
5.388510387298371285e+00 -4.743813456509442084e+00 0.000000000000000000e+00
6.429067176901889447e+00 -1.263351324476123771e+01 0.000000000000000000e+00
-7.777697885173831871e+00 -1.932074885512705009e+00 0.000000000000000000e+00
7.405603427041585363e+00 2.049739153785611112e+00 0.000000000000000000e+00
-5.118449475633173762e+00 -1.620125332635984350e+01 0.000000000000000000e+00
1.736451353795932562e+01 1.081983520404649735e+00 0.000000000000000000e+00
1.838434576513681051e+01 2.665512550978680562e+00 0.000000000000000000e+00
8.188776592166314927e+00 4.330023670634283728e-01 0.000000000000000000e+00
7.264907425229635285e-01 9.661929597678092563e+00 0.000000000000000000e+00
-1.472166250303898494e+01 1.003908937001664947e+00 0.000000000000000000e+00
-2.157012875396106644e+00 -1.493835840155761296e+01 0.000000000000000000e+00
1.449406533334672842e+00 -1.071160202717697807e+01 0.000000000000000000e+00
-9.249897003312119281e+00 3.874092765311062614e+00 0.000000000000000000e+00
-1.693195962659236287e+01 -2.230799742758572179e+00 0.000000000000000000e+00
1.081301179890499675e+01 7.381196351618606322e+00 0.000000000000000000e+00
9.261508093293922883e+00 9.743759013477033548e+00 0.000000000000000000e+00
-1.060460113664879422e+01 -7.247293420117952856e+00 0.000000000000000000e+00
-1.776600106067615314e+01 -5.747918853800859651e-01 0.000000000000000000e+00
-1.491483862327631638e+00 1.691333515124259890e+01 0.000000000000000000e+00
-1.372550705998598986e+01 -2.061858862838909179e+00 0.000000000000000000e+00
1.196738186776018154e+01 9.713865584700004163e+00 0.000000000000000000e+00
1.386014426183041159e+01 -9.330494171513276314e+00 0.000000000000000000e+00
-1.727117996000021449e+01 4.795728462422979455e+00 0.000000000000000000e+00
-5.333239139269924323e+00 -7.072733214564354220e+00 0.000000000000000000e+00
8.035668746742448576e+00 6.964546173943949370e+00 0.000000000000000000e+00
-1.415272227338130762e+01 -4.613524052534736519e+00 0.000000000000000000e+00
-1.600639373797528009e+01 -9.009542592671234473e+00 0.000000000000000000e+00
-1.176370207048398342e+01 4.940678908210070830e+00 0.000000000000000000e+00
-1.039043916276754764e+01 1.169998154235694088e+01 0.000000000000000000e+00
1.676823450819229677e+01 -7.939658337652796050e+00 0.000000000000000000e+00
-5.858687148780975518e-01 -4.239050872650120816e+00 0.000000000000000000e+00
1.414797285366337931e+01 -1.264890331691165315e+01 0.000000000000000000e+00
-1.858378668322335514e+01 2.851568904890910083e+00 0.000000000000000000e+00
-7.361554304229242618e+00 7.573937623922843976e+00 0.000000000000000000e+00
8.586647084713472822e+00 -1.066875774184880665e+00 0.000000000000000000e+00
1.613269361649399514e+01 6.782509513602189344e+00 0.000000000000000000e+00
-1.061197676571127246e+01 -9.992486964754936807e+00 0.000000000000000000e+00
3.444095464185906952e+00 -8.106048656716565048e+00 0.000000000000000000e+00
4.342171412706417044e+00 1.572457728514585984e+00 0.000000000000000000e+00
1.453586174797647246e+01 -1.376328219945226472e+00 0.000000000000000000e+00
-2.551651450293871637e+00 -3.515684935778463860e+00 0.000000000000000000e+00
-5.407275459316339017e+00 -2.273787957064421938e+00 0.000000000000000000e+00
-1.544024763214338947e+01 3.776235204906160714e+00 0.000000000000000000e+00
1.679585960942279144e+01 -2.420073195153011891e+00 0.000000000000000000e+00
-1.302269857483874027e+01 1.037093459854650668e+01 0.000000000000000000e+00
9.818688985213395171e-01 4.791635881454644696e+00 0.000000000000000000e+00
1.230467395796785190e+01 -1.704787885635419498e+00 0.000000000000000000e+00
-7.132020012650687413e+00 -1.751789623516159367e+01 0.000000000000000000e+00
-7.102045901370859227e+00 1.657151077463678845e+01 0.000000000000000000e+00
5.137760241580105358e+00 1.553528081104104608e+01 0.000000000000000000e+00
-5.205964659517878346e+00 1.160010985264299599e+01 0.000000000000000000e+00
-1.055370085620276299e+01 2.991517430784178089e+00 0.000000000000000000e+00
3.440762668654575585e+00 -1.160237916563467664e+01 0.000000000000000000e+00
-6.162019291905252993e-01 1.516596697308715136e+01 0.000000000000000000e+00
-6.419306339231562575e+00 -8.245404702612811221e+00 0.000000000000000000e+00
-2.562028232156608798e+00 1.504022348853073510e+01 0.000000000000000000e+00
1.330270929662929813e+00 8.134816958134681641e+00 0.000000000000000000e+00
5.542718083272626828e+00 7.490961460797787907e+00 0.000000000000000000e+00
5.545951271987585862e+00 -1.765409105163393733e+01 0.000000000000000000e+00
3.018571307581803698e+00 5.594253165140410822e+00 0.000000000000000000e+00
-1.619260783193998776e+01 7.344249647275788995e+00 0.000000000000000000e+00
5.478773823239658114e+00 1.798722016016779435e+01 0.000000000000000000e+00
-1.769355639495632104e+01 -4.931658993630956722e+00 0.000000000000000000e+00
-1.355894093931625743e+00 1.336648106692860338e+01 0.000000000000000000e+00
-9.617755193422233617e+00 -4.702009339195715731e-01 0.000000000000000000e+00
-6.154660471280093859e+00 1.594015305511491842e+00 0.000000000000000000e+00
-4.003681369476623786e+00 1.784949387224330053e+01 0.000000000000000000e+00
1.395683116215315245e+01 1.266257541117183116e+01 0.000000000000000000e+00
-2.286852541588512366e+00 7.785305534473122790e+00 0.000000000000000000e+00
-5.487822075313592229e+00 -1.352405052367824823e+01 0.000000000000000000e+00
1.268835829790856806e+01 3.730087471653253495e+00 0.000000000000000000e+00
-1.043323011317177418e+01 -1.561947076128356215e+01 0.000000000000000000e+00
-6.714963273578309355e+00 4.982078845761637176e+00 0.000000000000000000e+00
-3.079032038548587646e+00 -1.644071644405837063e+01 0.000000000000000000e+00
6.541112577162222053e+00 5.840104761070931128e-01 0.000000000000000000e+00
6.899761622819084117e+00 -1.599354653487390010e+01 0.000000000000000000e+00
1.809098965939060832e+01 -3.909452054946641830e+00 0.000000000000000000e+00
-6.032564350522643615e+00 6.829672253407585991e+00 0.000000000000000000e+00
-2.386468768355328951e+00 1.122251963206686654e+01 0.000000000000000000e+00
9.324438455334940201e+00 1.286087457741506945e+01 0.000000000000000000e+00
1.689190535017456440e+01 -5.066195308919592577e+00 0.000000000000000000e+00
1.330213059781531193e+01 -7.142975406120469550e+00 0.000000000000000000e+00
-9.097120637822628808e+00 7.174082029255974824e+00 0.000000000000000000e+00
-1.326536617325353795e+01 1.342832215250135519e+01 0.000000000000000000e+00
1.027231285243456504e+01 -8.753322933990144605e+00 0.000000000000000000e+00
5.451303869039235472e+00 4.904820479943830414e+00 0.000000000000000000e+00
-5.348340910568957218e-01 3.234213529229341244e+00 0.000000000000000000e+00
5.304635956669263130e+00 -3.244522642706564319e+00 0.000000000000000000e+00
4.659159387523641449e+00 -1.576957060848946490e+01 0.000000000000000000e+00
9.227296757822949225e-01 -1.333994184328347998e+01 0.000000000000000000e+00
7.876558892663654277e-01 -9.189509715191077177e+00 0.000000000000000000e+00
8.123756096255297265e+00 1.596759192969316743e+01 0.000000000000000000e+00
5.855556278513383006e+00 3.431609654142756316e+00 0.000000000000000000e+00
4.556145344184999502e+00 -1.354943554668210481e+01 0.000000000000000000e+00
9.809358808788946504e+00 4.209026151194687759e-02 0.000000000000000000e+00
-7.815487103661584722e-01 -1.242957959710868643e+01 0.000000000000000000e+00
-1.406169350665611439e+01 -1.263788730633852708e+01 0.000000000000000000e+00
-7.671678380759078486e+00 -1.298548672509480717e+01 0.000000000000000000e+00
7.085269272319338896e+00 -1.754423819708563670e+01 0.000000000000000000e+00
-1.358198904052417610e+01 -4.707778132252011249e-01 0.000000000000000000e+00
1.139504540113491782e+00 -3.892042748477691383e+00 0.000000000000000000e+00
-2.317432204801317397e+00 -1.202952719736847165e+01 0.000000000000000000e+00
-1.161381742740964107e+01 -1.159362332432834108e+01 0.000000000000000000e+00
-1.561303639785126540e+00 1.868323254303566472e+01 0.000000000000000000e+00
-2.727671720003422617e+00 -1.223544636434063637e+00 0.000000000000000000e+00
-8.156394227739056646e+00 5.527983630229192258e+00 0.000000000000000000e+00
1.773961134170489728e+00 -1.700352525753653410e+01 0.000000000000000000e+00
-5.503538644894082843e+00 1.592215171485426772e+01 0.000000000000000000e+00
6.914932892353300886e+00 -6.210186715371263766e+00 0.000000000000000000e+00
-1.218904497554823863e+01 -6.691055799918881775e+00 0.000000000000000000e+00
7.336182335865651716e+00 1.270376090919599932e+01 0.000000000000000000e+00
-8.070038360797683552e+00 1.314740903293452234e+01 0.000000000000000000e+00
-7.205427738008955529e+00 -1.080489844753403439e+01 0.000000000000000000e+00
4.680278940044633629e+00 1.222022601618942161e+01 0.000000000000000000e+00
-1.854458469829084066e+01 -2.988646750596526402e+00 0.000000000000000000e+00
3.841945252787235088e+00 -2.571044705355401971e-01 0.000000000000000000e+00
1.155249287615967901e+01 -3.380800130641188339e+00 0.000000000000000000e+00
1.078492680809573301e+01 4.386907922513774594e+00 0.000000000000000000e+00
1.078361662693741962e+01 1.500303653258237269e+01 0.000000000000000000e+00
2.930717711785086887e+00 9.375299705187913446e+00 0.000000000000000000e+00
4.348980582048965537e+00 8.455661865223094154e+00 0.000000000000000000e+00
-1.265662001920809243e-01 -1.207206603028993935e-01 0.000000000000000000e+00
7.563550767043522249e+00 -1.458250683783906254e+01 0.000000000000000000e+00
-4.679434144493253456e+00 3.441161778521339532e+00 0.000000000000000000e+00
-8.878038417188310882e-01 1.623843389387240599e+00 0.000000000000000000e+00
-9.005451178282925184e+00 -5.990558237130464647e+00 0.000000000000000000e+00
4.397320146226832982e+00 -9.393157484282655290e+00 0.000000000000000000e+00
3.095819506460083304e+00 1.512427661372956855e+01 0.000000000000000000e+00
-7.025877651714420580e+00 -1.472938593442350808e+01 0.000000000000000000e+00
-5.232783279741025417e+00 -1.176546054769686123e+01 0.000000000000000000e+00
3.962057521381587399e+00 -2.400357270818038735e+00 0.000000000000000000e+00
-1.170651181459603229e+01 7.559386020953230423e-01 0.000000000000000000e+00
1.227517312256571458e+01 -1.024739077950854416e+01 0.000000000000000000e+00
-1.199373513522535362e+01 -8.475320156290116813e+00 0.000000000000000000e+00
1.640109864677122431e+01 8.901495040062934905e+00 0.000000000000000000e+00
-3.693025843043889811e+00 1.037276207420852714e+01 0.000000000000000000e+00
-1.078995420926821502e+01 -2.997552885632849495e+00 0.000000000000000000e+00
-8.380387475702917754e+00 -7.622359771595034417e+00 0.000000000000000000e+00
1.333695299317971639e+01 -9.804294948847563917e-02 0.000000000000000000e+00
6.279137595044860021e+00 1.126207888774421129e+01 0.000000000000000000e+00
-3.089265550635756918e-01 -1.839785184179375221e+01 0.000000000000000000e+00
9.763921166231934734e+00 -3.568456516568693004e+00 0.000000000000000000e+00
-2.385623298731343933e+00 4.425342814982864859e+00 0.000000000000000000e+00
3.022939356651612286e+00 -1.306968229944416393e+01 0.000000000000000000e+00
2.457322892166531769e+00 -1.450023132404254333e+01 0.000000000000000000e+00
-1.693315972988266793e+01 1.714109589894614594e+00 0.000000000000000000e+00
-6.586599120389396766e+00 -3.256166559769492430e+00 0.000000000000000000e+00
-3.038209511574086363e+00 1.306377290357746368e+01 0.000000000000000000e+00
1.465366596503497654e+01 8.430060938165057749e+00 0.000000000000000000e+00
-1.850224254449977934e+01 8.717252950002998269e-01 0.000000000000000000e+00
-1.415760522611847705e+01 2.583775805884493959e+00 0.000000000000000000e+00
-2.919310668748549720e+00 -9.811432719122629820e+00 0.000000000000000000e+00
-7.821853018108808620e+00 -9.146984277136230190e+00 0.000000000000000000e+00
-4.963055589823051061e-01 8.143810918714514457e+00 0.000000000000000000e+00
-7.674071939352453686e-01 -1.621310596212088484e+01 0.000000000000000000e+00
1.085069741776436913e+01 -1.078527113683331606e+01 0.000000000000000000e+00
-1.280910119570670958e+01 -3.704948333964260598e+00 0.000000000000000000e+00
