-9.882223963742344353e+00 3.511284256945191196e+00 0.000000000000000000e+00
2.612548240836765068e+00 7.736335324398603497e+00 0.000000000000000000e+00
-8.598251740232107920e+00 6.691210955847703978e+00 0.000000000000000000e+00
4.023431498394886674e+00 -6.787396957727206193e+00 0.000000000000000000e+00
-6.799567212359125534e+00 8.904268010203690409e+00 0.000000000000000000e+00
-1.222305292214470995e+01 -1.246946358027650170e+01 0.000000000000000000e+00
6.201146975190546584e+00 -1.059634380785491992e+01 0.000000000000000000e+00
7.522744951937714752e+00 9.943089975244520318e+00 0.000000000000000000e+00
8.539036844870794285e-01 -1.011354269756390245e+01 0.000000000000000000e+00
1.032582052208413792e+01 -9.653213556237815851e+00 0.000000000000000000e+00
-1.024951137685100910e+01 -1.040205008822033683e+01 0.000000000000000000e+00
1.429845756351430452e+01 1.813405569996663802e+00 0.000000000000000000e+00
1.910198639981166124e+00 1.381745062333456708e+01 0.000000000000000000e+00
7.158060762219513595e-01 1.580548443291125160e+01 0.000000000000000000e+00
-1.232832759020589641e+01 7.846823582812434417e-01 0.000000000000000000e+00
-1.060997864720691730e+01 -3.601228748921222245e+00 0.000000000000000000e+00
1.017808301861216513e+01 1.021468977195429062e+01 0.000000000000000000e+00
5.990567219602518367e-01 -4.881961117369052694e+00 0.000000000000000000e+00
1.693286948539444481e+01 9.511927116239167201e-01 0.000000000000000000e+00
-1.946485850214394020e+00 1.510458114678521646e+01 0.000000000000000000e+00
4.850464715318058673e+00 -1.445323678385039123e+01 0.000000000000000000e+00
1.507217950890886948e+00 5.703691512417869092e+00 0.000000000000000000e+00
-8.799221846953578563e+00 -1.160101604968876821e+01 0.000000000000000000e+00
-1.167060845432011895e+01 2.320280201590235958e+00 0.000000000000000000e+00
1.608685995287451576e+01 -2.969122403175131097e+00 0.000000000000000000e+00
1.422511077145354541e+01 -1.100554345762369435e+00 0.000000000000000000e+00
-1.015659123911259343e+01 -6.170243548459708904e+00 0.000000000000000000e+00
2.988150578132367396e+00 3.196756448488135671e+00 0.000000000000000000e+00
1.136834525716322553e+01 -6.999998373968266963e-01 0.000000000000000000e+00
1.220256434478618957e+01 4.781244017068085661e+00 0.000000000000000000e+00
-1.270512520240217036e+01 1.027163364740426843e+01 0.000000000000000000e+00
1.460663554038612766e+01 -9.335963297913503212e+00 0.000000000000000000e+00
4.599904324962648339e+00 2.841075486628966029e+00 0.000000000000000000e+00
1.359669476483932549e+01 -2.837991021305646733e+00 0.000000000000000000e+00
1.848775995610016309e+01 -8.130774846885108209e-01 0.000000000000000000e+00
1.314057117538626507e+01 7.704257565620680204e+00 0.000000000000000000e+00
-1.661358056991215904e+01 8.508833337534344565e+00 0.000000000000000000e+00
1.599605663874333139e+01 -4.567277874395382575e+00 0.000000000000000000e+00
-4.106938243704180813e+00 9.518088198718634985e+00 0.000000000000000000e+00
1.748707927358837466e+01 -6.479174386285276199e+00 0.000000000000000000e+00
-1.650805650937843483e+00 8.959179831691571394e+00 0.000000000000000000e+00
-7.792455953360293286e+00 6.579086557982661843e-01 0.000000000000000000e+00
-1.337528299813213373e+01 5.854199312281997969e+00 0.000000000000000000e+00
-2.168959179115214297e+00 2.643042662852088220e+00 0.000000000000000000e+00
6.754553428541813176e+00 -6.669560830599876589e-01 0.000000000000000000e+00
-1.875242217501519759e+00 -1.548939719166030926e+01 0.000000000000000000e+00
2.831664058712782595e+00 -1.653236224941523247e+01 0.000000000000000000e+00
-1.711493044191365342e+01 2.871128883483458072e+00 0.000000000000000000e+00
8.015839211049406998e+00 1.499033920245306994e+01 0.000000000000000000e+00
-5.670790460441850200e+00 1.454757601561399305e+01 0.000000000000000000e+00
2.255813296608689955e-01 -7.405258859920682113e+00 0.000000000000000000e+00
-6.352522883966732481e-01 1.767897263713383893e+01 0.000000000000000000e+00
-5.198709043253781914e+00 -6.752402232945866167e+00 0.000000000000000000e+00
-1.588198166744240325e+01 -7.021529587927370919e+00 0.000000000000000000e+00
-1.210051617532011470e+01 1.434657010858603954e+01 0.000000000000000000e+00
7.327255986197493520e+00 7.047870427102378876e+00 0.000000000000000000e+00
6.542004998631552937e+00 8.689427963110455622e+00 0.000000000000000000e+00
1.074665393669010482e+00 2.046333574669314537e+00 0.000000000000000000e+00
2.433938015165105107e+00 -2.022802765937771419e+00 0.000000000000000000e+00
-1.199251608739309560e+01 3.796417526381480112e+00 0.000000000000000000e+00
7.594853575419858949e+00 4.166371453419520421e+00 0.000000000000000000e+00
-8.715298131814810390e-01 -1.399455032725796144e+01 0.000000000000000000e+00
-7.963968475664950475e+00 1.417232646357458137e+01 0.000000000000000000e+00
7.621510787156243083e+00 -4.107847121792615575e+00 0.000000000000000000e+00
-1.231755914261289675e+01 -4.494967541156404067e+00 0.000000000000000000e+00
2.691517346644527020e+00 -1.139308159620715521e+01 0.000000000000000000e+00
4.819856563792230375e+00 -2.938783294850187300e+00 0.000000000000000000e+00
-1.562556693941049879e+01 -3.913302872052760506e+00 0.000000000000000000e+00
6.102677069751015537e+00 -1.776817202896415537e+01 0.000000000000000000e+00
-8.114119892408817591e+00 -2.508562438206028755e+00 0.000000000000000000e+00
-1.600701918275008495e+01 5.837434483911465577e+00 0.000000000000000000e+00
-5.116784781813592531e+00 -1.647048753007561217e+01 0.000000000000000000e+00
1.271256528261722885e+01 -7.005330326692107867e+00 0.000000000000000000e+00
1.561739677493992851e+01 4.999025535903507844e+00 0.000000000000000000e+00
-2.405073086704344387e+00 -1.719140194526525178e+01 0.000000000000000000e+00
1.584859087034508462e+01 8.297568177887995944e+00 0.000000000000000000e+00
-1.205107084030372278e+01 6.829030133846209161e+00 0.000000000000000000e+00
4.092809759229424138e+00 5.699917928455161542e-01 0.000000000000000000e+00
1.463292917882390931e+01 -1.143039694529763040e+01 0.000000000000000000e+00
-1.374250018751246394e+01 -9.880572312932732970e+00 0.000000000000000000e+00
-2.791747556654134321e+00 -4.709945065482233240e+00 0.000000000000000000e+00
9.185936841254410012e+00 8.823217401971708895e+00 0.000000000000000000e+00
6.155678119514117697e+00 8.361375811463908070e-01 0.000000000000000000e+00
-1.645996306092722294e+00 5.564395086802963242e+00 0.000000000000000000e+00
-1.405166998368624043e+01 9.967273474307589698e-01 0.000000000000000000e+00
1.444783306154839941e+01 -5.892404310502803000e+00 0.000000000000000000e+00
1.239912235777393690e+01 1.258932892287492855e+01 0.000000000000000000e+00
-4.240439013698098059e+00 1.130342168686599713e+01 0.000000000000000000e+00
-1.325376062853300851e+01 -7.452543921523816728e+00 0.000000000000000000e+00
-9.877709011022826502e+00 -1.366185880006833564e+01 0.000000000000000000e+00
4.558172671084183669e+00 -8.575954357753833079e+00 0.000000000000000000e+00
-9.194564477246577994e+00 -1.578469415944901577e+01 0.000000000000000000e+00
-5.397017968686911304e-01 1.259937587409450543e+01 0.000000000000000000e+00
5.673530271830681926e+00 1.554966727163932383e+01 0.000000000000000000e+00
7.014994926035751810e+00 1.343363524298744061e+01 0.000000000000000000e+00
-6.327629119198261876e+00 5.536019065411604601e+00 0.000000000000000000e+00
-7.801867283873290537e-01 -1.785506738313014807e+01 0.000000000000000000e+00
2.806218681353465527e+00 -8.368641851778948038e+00 0.000000000000000000e+00
-1.091233598533617943e+01 1.313546671290156631e+01 0.000000000000000000e+00
-1.298003145217862730e+01 -8.723173920934783609e-01 0.000000000000000000e+00
-2.041412681397524853e+00 -2.898600412392948744e+00 0.000000000000000000e+00
-1.382760957982858407e+01 -1.231287508161023503e+01 0.000000000000000000e+00
1.417946393612954159e+00 1.776720405925151525e+01 0.000000000000000000e+00
-3.801433152867616627e+00 5.619123529685054130e+00 0.000000000000000000e+00
-3.081705225139046433e-01 3.990957791538407573e-01 0.000000000000000000e+00
-1.494369951488460480e+01 9.150459544330207251e+00 0.000000000000000000e+00
-7.180135353031544820e-01 -1.088085775859955184e+01 0.000000000000000000e+00
-2.209151037029116971e+00 5.183267919553069536e-01 0.000000000000000000e+00
1.231255969002870820e+01 -4.051061551586047749e+00 0.000000000000000000e+00
-6.129241901725318797e+00 -3.663240835040194820e+00 0.000000000000000000e+00
7.190570109904155238e+00 -1.546666020984333123e+01 0.000000000000000000e+00
-1.726511734069294945e+01 -5.835313175211994441e+00 0.000000000000000000e+00
-6.079503885678264830e+00 -1.473217380601482951e+01 0.000000000000000000e+00
9.465539158731274938e+00 -2.684581354699724365e+00 0.000000000000000000e+00
-6.812323864670762674e+00 1.282490760814020980e+01 0.000000000000000000e+00
-8.806471965034020633e-01 6.886472738146393269e+00 0.000000000000000000e+00
1.864231555076558777e+01 1.080503244480409464e+00 0.000000000000000000e+00
-4.521833149561537146e-01 4.473403195895360618e+00 0.000000000000000000e+00
-4.674847557186096125e+00 7.530012161216847133e+00 0.000000000000000000e+00
-3.109823594514956380e+00 1.687029910753579998e+01 0.000000000000000000e+00
-1.548436888095576336e+01 -1.062066357478446221e+01 0.000000000000000000e+00
-3.937054872995675137e+00 -1.307880911462367024e+01 0.000000000000000000e+00
1.429806254368443774e+01 1.082099052592803723e+01 0.000000000000000000e+00
1.175548640783328302e+01 9.162763425235562309e+00 0.000000000000000000e+00
8.222557511783753270e+00 1.193010210389665815e+01 0.000000000000000000e+00
-8.281827943882776211e+00 1.082282072839196907e+01 0.000000000000000000e+00
-1.693655869448359041e+01 -1.495839206999787230e+00 0.000000000000000000e+00
9.658982468509688113e-01 -3.015833903815942740e+00 0.000000000000000000e+00
9.381485366698726125e+00 -1.125456136152506836e+01 0.000000000000000000e+00
-1.292823943700949130e+01 1.283875727851580173e+01 0.000000000000000000e+00
3.876831899222098254e+00 -1.849083966397359546e+01 0.000000000000000000e+00
-4.698453692445981322e-01 -1.367753030138601167e+00 0.000000000000000000e+00
7.980452648451863418e+00 -6.340466427869460908e+00 0.000000000000000000e+00
2.209946352059474428e+00 9.964226201148955298e+00 0.000000000000000000e+00
-1.557263296371899663e+01 -2.411080299391077375e+00 0.000000000000000000e+00
1.777845515715745250e+01 3.182124447444239834e+00 0.000000000000000000e+00
-9.825502756303563956e+00 5.166102297207079808e+00 0.000000000000000000e+00
-1.222882691799755683e+01 -9.036677397203385809e+00 0.000000000000000000e+00
3.315580866891641332e+00 -4.842622392407743170e+00 0.000000000000000000e+00
4.493298422527564284e+00 9.801557768836181239e+00 0.000000000000000000e+00
-7.049701654011386154e+00 -6.056068978832960248e+00 0.000000000000000000e+00
-1.039030153454572947e+01 1.481826062781680164e+01 0.000000000000000000e+00
-9.284405609902433909e+00 1.281297615936350276e+01 0.000000000000000000e+00
1.142979091172419359e+01 -5.895072638924576225e+00 0.000000000000000000e+00
4.151773248936257765e+00 7.036174604126570920e+00 0.000000000000000000e+00
8.480557460406062731e+00 -1.418018597011777615e+01 0.000000000000000000e+00
-1.020754452055636818e+01 8.253036942542348042e-02 0.000000000000000000e+00
-6.270417028390717462e+00 7.379952849127127124e+00 0.000000000000000000e+00
-2.742992450216870992e+00 1.256400010197447514e+01 0.000000000000000000e+00
1.662385238468627735e+00 -1.807334976605708832e+01 0.000000000000000000e+00
4.755138269510837290e+00 1.801208035278805042e+01 0.000000000000000000e+00
9.137557998522202851e+00 4.124428488054955544e+00 0.000000000000000000e+00
-4.521805296621709935e+00 1.235493163725722043e+00 0.000000000000000000e+00
9.765200411692372739e+00 -5.169626529445346286e+00 0.000000000000000000e+00
-5.359796740621962652e-01 -2.997680024382906261e+00 0.000000000000000000e+00
1.419308478256168682e+00 2.400236755589607029e-01 0.000000000000000000e+00
5.707872297897913505e+00 1.164200815867381067e+01 0.000000000000000000e+00
-2.742327372395257368e-01 2.923221700427975023e+00 0.000000000000000000e+00
-6.996442588824209885e+00 -8.853660001175297722e+00 0.000000000000000000e+00
-6.368508034974427190e+00 2.023655037641034493e+00 0.000000000000000000e+00
1.677567026819397356e+01 -1.201421795603442311e+00 0.000000000000000000e+00
6.535419236758419181e+00 -2.927282446193582466e+00 0.000000000000000000e+00
-3.838448242998652837e+00 -2.014257201251838048e+00 0.000000000000000000e+00
3.505314824276037911e+00 1.570894880596080512e+01 0.000000000000000000e+00
-3.316368369425985119e+00 -1.865157528177766366e+01 0.000000000000000000e+00
-1.560262498171746159e+01 3.652199754254491282e+00 0.000000000000000000e+00
-4.982786632275815641e+00 1.650852179937960784e+01 0.000000000000000000e+00
1.748303090060279175e+01 6.616685643310209919e+00 0.000000000000000000e+00
7.531596482242364665e+00 -1.276638127034892101e+01 0.000000000000000000e+00
9.213796968653396036e+00 1.335917629628418801e+01 0.000000000000000000e+00
4.731263328908507759e+00 4.497439420792209930e+00 0.000000000000000000e+00
-9.390983445953295927e+00 2.055595169617666862e+00 0.000000000000000000e+00
4.373717250503434073e+00 -1.056749860140997122e+01 0.000000000000000000e+00
-1.407524623151250687e+01 -6.042074382529303733e+00 0.000000000000000000e+00
1.227621399973386396e+01 6.422227586250109255e+00 0.000000000000000000e+00
-4.356195922162709344e+00 -9.420216348527596040e+00 0.000000000000000000e+00
9.278528977179635318e-01 9.079478765209891833e+00 0.000000000000000000e+00
-1.795801687512834377e+01 -3.374214863430641476e+00 0.000000000000000000e+00
-1.677885844394230475e+01 4.053644875523481073e-01 0.000000000000000000e+00
1.365956890546571856e+01 5.403810796056176535e+00 0.000000000000000000e+00
1.108272891210820532e+01 1.108431791301283331e+00 0.000000000000000000e+00
2.378648699914609033e+00 -6.047715864981964451e+00 0.000000000000000000e+00
1.245625559160539808e+01 -1.271916532416315881e+01 0.000000000000000000e+00
1.610470966281803840e+01 2.240495929951114018e+00 0.000000000000000000e+00
-1.944335442373003597e-01 -9.029810757369244101e+00 0.000000000000000000e+00
9.992906678158416156e+00 -1.446436859605209513e+01 0.000000000000000000e+00
-1.472164078245999264e+01 6.670118336186503960e+00 0.000000000000000000e+00
1.815390760713325591e+01 -4.910611962592247082e+00 0.000000000000000000e+00
-1.486665833110080293e+01 -5.009568272651385712e-01 0.000000000000000000e+00
-6.770600200895880327e+00 -1.134274970964068352e+01 0.000000000000000000e+00
1.766200610544989757e+01 -2.490771993874421941e+00 0.000000000000000000e+00
-7.935222195513935262e+00 -4.003658697687489720e+00 0.000000000000000000e+00
1.026298185380497108e+00 -1.370990760489617699e+01 0.000000000000000000e+00
-8.158335969724578973e+00 1.655838194779926908e+01 0.000000000000000000e+00
-1.364387414383734232e+01 -2.751742924377828192e+00 0.000000000000000000e+00
-1.448644669859062972e+01 1.068265412961276617e+01 0.000000000000000000e+00
-2.120068466523675088e+00 -1.381713951554784270e+00 0.000000000000000000e+00
-1.739989318294006271e+00 -5.824761002179632108e+00 0.000000000000000000e+00
-1.816823045376902712e+01 1.530122339897775463e+00 0.000000000000000000e+00
5.857825263810433114e+00 -6.384185130074454761e+00 0.000000000000000000e+00
4.416826429695337453e+00 1.269897506431931511e+01 0.000000000000000000e+00
-7.569383870213876264e+00 -1.644347268252188599e+01 0.000000000000000000e+00
1.126346371261764290e+01 -1.171751560049118268e+01 0.000000000000000000e+00
5.352038023980176362e+00 -1.596704892175979751e+01 0.000000000000000000e+00
1.076788628381912716e+01 5.855261635895503858e+00 0.000000000000000000e+00
8.623850029019454411e+00 -9.314873137517677648e+00 0.000000000000000000e+00
-6.604761546139953587e+00 1.085011648458016609e+01 0.000000000000000000e+00
-3.695974517971855278e+00 1.417346362399136694e+01 0.000000000000000000e+00
1.297712015412776765e+01 -1.012310873294088509e+01 0.000000000000000000e+00
1.023998263409590770e+01 1.450943675179783909e+01 0.000000000000000000e+00
3.004964161233063979e+00 1.180402413313135135e+01 0.000000000000000000e+00
5.501500241847708139e+00 -1.563840013835591014e+00 0.000000000000000000e+00
-1.702341656160373251e+00 1.071656531762607401e+01 0.000000000000000000e+00
-6.984751123291525587e+00 -1.248346026409828502e+00 0.000000000000000000e+00
-9.964506108343691437e+00 -1.490812190216888933e+00 0.000000000000000000e+00
1.208446518177056817e+01 2.989939508560637282e+00 0.000000000000000000e+00
6.897076903722544117e+00 -8.814377541216535050e+00 0.000000000000000000e+00
5.895872013640001796e+00 -1.324012327952604373e+01 0.000000000000000000e+00
8.907721204184360531e+00 6.045974665533157655e+00 0.000000000000000000e+00
1.180893121594083794e+01 1.094409145118888738e+01 0.000000000000000000e+00
-3.396228993661826401e+00 -1.074439821683017193e+01 0.000000000000000000e+00
-1.213247252842518975e+01 8.442323909199352272e+00 0.000000000000000000e+00
1.026886436528016588e+00 1.246851368758498246e+01 0.000000000000000000e+00
-2.144651545057782549e+00 -9.534300064441012523e+00 0.000000000000000000e+00
9.646781583509579150e+00 -8.653021287746576196e-01 0.000000000000000000e+00
-1.735724513060533880e+01 6.820718619285817574e+00 0.000000000000000000e+00
-1.078414112616412801e+01 9.463230416677882673e+00 0.000000000000000000e+00
-1.106021441581339460e+01 -7.530018924015718262e+00 0.000000000000000000e+00
-8.364383105828087750e+00 -7.561606715265537737e+00 0.000000000000000000e+00
-2.501791564573139226e+00 7.172163814560602368e+00 0.000000000000000000e+00
1.025101904544212239e+01 7.318085559728450207e+00 0.000000000000000000e+00
9.371676305464964329e+00 2.570578630198272485e+00 0.000000000000000000e+00
-1.403243858473418726e+01 4.412850293592146755e+00 0.000000000000000000e+00
1.633859524651225925e+01 -9.371682989082771087e+00 0.000000000000000000e+00
5.501148996511620481e+00 6.276431799311762205e+00 0.000000000000000000e+00
-2.161430209392913415e+00 -1.298840150372829250e+01 0.000000000000000000e+00
1.493058419198295539e+01 -7.479608655503447778e+00 0.000000000000000000e+00
-3.795054777579128125e+00 3.498366272236855590e+00 0.000000000000000000e+00
-1.178821943153569762e+01 -2.529346947708454696e+00 0.000000000000000000e+00
3.914944933308487585e+00 -1.063831038878177759e+00 0.000000000000000000e+00
8.770018514056520331e+00 -1.679271604443174226e+01 0.000000000000000000e+00
8.088403181534294717e+00 -1.646440069737350020e+00 0.000000000000000000e+00
-1.649306421674851864e+00 -7.421909012143470541e+00 0.000000000000000000e+00
1.768447101634438212e+01 4.756442264219139737e+00 0.000000000000000000e+00
-4.715692389547854191e+00 -4.882572936652209705e+00 0.000000000000000000e+00
6.895623899556402314e-01 -1.634310008622250621e+01 0.000000000000000000e+00
9.755846763616508710e+00 -7.660458495799896461e+00 0.000000000000000000e+00
2.873015915071782445e+00 1.874344478874560238e+01 0.000000000000000000e+00
4.503710516563709021e+00 -1.240535189672995919e+01 0.000000000000000000e+00
6.069701877496987308e+00 3.404927242610717997e+00 0.000000000000000000e+00
-1.329519927967778337e+01 2.727093032815081308e+00 0.000000000000000000e+00
1.654168271124187584e+01 -7.664553924310634869e+00 0.000000000000000000e+00
-1.208087568286561186e+01 -6.042881039159443191e+00 0.000000000000000000e+00
1.429821796739533291e+01 3.997494787796423754e+00 0.000000000000000000e+00
-4.226298339200518783e-01 1.466209084303417676e+01 0.000000000000000000e+00
1.568546865295582649e+01 1.001174466265619323e+01 0.000000000000000000e+00
