-3.804663534318808882e+00 -1.813492481816350832e+01 0.000000000000000000e+00
-1.454216150186706535e+01 5.157424920622641906e+00 0.000000000000000000e+00
-6.146459929368265129e+00 -1.442460313412079920e+01 0.000000000000000000e+00
-8.762061903252389428e+00 1.931152151370132186e+00 0.000000000000000000e+00
1.032224861189552634e+01 5.104373295085074425e+00 0.000000000000000000e+00
5.167401133384238676e+00 -1.156927476149454215e+01 0.000000000000000000e+00
-7.213094124728272938e+00 4.973110154574668762e+00 0.000000000000000000e+00
-6.845820171098496054e+00 1.551846223970081518e+01 0.000000000000000000e+00
2.788755976357576216e+00 1.375035021109363598e+01 0.000000000000000000e+00
-7.277721172852017695e+00 -1.252986725027047221e+01 0.000000000000000000e+00
8.375909098793250518e-01 3.381507266508745335e+00 0.000000000000000000e+00
-3.060439780743556160e+00 1.737319268789941473e+00 0.000000000000000000e+00
1.102273260802312294e+01 -1.473795083666159078e+00 0.000000000000000000e+00
-1.066139254140892412e+01 1.836779486876698175e-01 0.000000000000000000e+00
-7.991221144180195246e+00 -9.080058816534132049e+00 0.000000000000000000e+00
-1.135854199469491022e+01 -8.001380278064246454e+00 0.000000000000000000e+00
1.327612808556393986e+01 1.030226729364487426e+01 0.000000000000000000e+00
-7.436539050514244131e+00 -1.746944281327954229e+01 0.000000000000000000e+00
-5.481760302586847544e+00 -1.003822221285077454e+01 0.000000000000000000e+00
1.038307958178335966e+01 9.530448912825018937e+00 0.000000000000000000e+00
-6.421791681185699652e+00 1.327412320759662201e+01 0.000000000000000000e+00
-8.146464047687148602e-01 -1.087042611939500025e+00 0.000000000000000000e+00
-8.232781110400435587e-01 3.761404017278699996e+00 0.000000000000000000e+00
-8.168314195529625010e+00 8.690956537167993545e+00 0.000000000000000000e+00
1.072859267292570973e+00 1.083637901276107840e+01 0.000000000000000000e+00
1.253233166329876624e+01 3.154907838351687310e+00 0.000000000000000000e+00
-6.820055638343253790e+00 -3.339317132618394579e-01 0.000000000000000000e+00
-9.894892649142863483e-01 1.641615501668233890e+01 0.000000000000000000e+00
-4.355626965191975231e+00 -1.142056242444257030e+01 0.000000000000000000e+00
8.786905223541257470e+00 -6.721973897214352789e+00 0.000000000000000000e+00
6.066690227180471240e+00 -8.789465080168124445e+00 0.000000000000000000e+00
3.785835869504242890e+00 -8.177540984303114158e+00 0.000000000000000000e+00
-1.636983104388453114e+01 -2.570772627958890055e+00 0.000000000000000000e+00
-7.981487984689028536e+00 -7.015912369482871114e+00 0.000000000000000000e+00
2.227166994683493328e+00 -4.241502161276776706e-01 0.000000000000000000e+00
1.491480061424486259e+01 -1.070552769641576862e+00 0.000000000000000000e+00
2.648840771474580524e+00 1.586788700309165456e+01 0.000000000000000000e+00
1.290774284737090127e+01 1.202649685567791416e+01 0.000000000000000000e+00
1.642068904156777620e+01 7.245606645780047650e+00 0.000000000000000000e+00
-1.316586374760837863e+01 -1.360279020238533043e+01 0.000000000000000000e+00
8.170815098086279704e+00 -4.049778592576026348e+00 0.000000000000000000e+00
8.066298816286559870e+00 -4.428851447371366379e-01 0.000000000000000000e+00
1.622404522343523681e+01 -3.543033679079083953e+00 0.000000000000000000e+00
3.715868592060470821e+00 -1.288131771848141760e+01 0.000000000000000000e+00
-1.311017349943392141e+01 -9.314558140147390475e+00 0.000000000000000000e+00
-1.164665656388852000e+01 -5.687770852203348326e+00 0.000000000000000000e+00
-2.425479482198609205e+00 1.799772834995453863e+01 0.000000000000000000e+00
-2.443647023884269576e+00 -1.111968173783693459e+01 0.000000000000000000e+00
8.092184410462310851e+00 -1.662913460577986413e+01 0.000000000000000000e+00
-1.193151767614994085e+01 2.668754731435301952e+00 0.000000000000000000e+00
1.729236868589801190e+01 -6.869584997808525273e+00 0.000000000000000000e+00
1.707911432941060070e+01 5.247153497626420915e+00 0.000000000000000000e+00
9.944316404606956539e+00 2.047397096810184003e+00 0.000000000000000000e+00
-3.857504238963584964e+00 1.736689976714450623e+01 0.000000000000000000e+00
-9.809843952710780357e+00 1.294783407440995227e+01 0.000000000000000000e+00
-1.219439515187896816e+01 7.752299555579224011e-01 0.000000000000000000e+00
1.270237501061465579e+01 -1.344093013757245281e+01 0.000000000000000000e+00
-4.948037974584225118e+00 1.385368088804142594e+01 0.000000000000000000e+00
3.716003214820788880e+00 -1.824149163954360020e+01 0.000000000000000000e+00
1.861579994609564892e+01 1.418354010343394700e+00 0.000000000000000000e+00
-1.500448717986537872e+01 2.338123968676005582e+00 0.000000000000000000e+00
9.250785514579902724e+00 -8.733614347367247177e+00 0.000000000000000000e+00
1.196964247576191909e+01 -4.387887781515020791e-02 0.000000000000000000e+00
4.446676066105693437e+00 1.796076345935950869e+01 0.000000000000000000e+00
-2.419900838976520863e+00 1.563144787754293930e+01 0.000000000000000000e+00
-1.811865648371076443e+00 -5.888848218247640709e+00 0.000000000000000000e+00
8.118141662219310106e+00 6.064851470568798142e+00 0.000000000000000000e+00
-1.612179245305933595e+00 5.698118728340012318e+00 0.000000000000000000e+00
-6.756847890850830929e+00 9.839268304725846903e+00 0.000000000000000000e+00
2.756894601832606817e-01 -1.437990160906587356e+01 0.000000000000000000e+00
-4.552591890455097712e+00 -1.496644313416460292e+01 0.000000000000000000e+00
-8.704855451550495005e+00 1.396380259742440799e+01 0.000000000000000000e+00
-3.851516021219069774e+00 3.064065190375676373e+00 0.000000000000000000e+00
6.655804209149280837e-01 -6.017258574572617036e+00 0.000000000000000000e+00
-2.527692843142310242e+00 -5.069111136194616625e-03 0.000000000000000000e+00
-1.931812288397097621e+00 1.226154954339651582e+01 0.000000000000000000e+00
1.580073486361595592e+01 9.963797677758366333e+00 0.000000000000000000e+00
1.331598466606461884e+01 5.053875140621697071e+00 0.000000000000000000e+00
5.973830336209372760e+00 1.267807746497321730e+01 0.000000000000000000e+00
5.332240472154675004e+00 -1.532277431906807941e+01 0.000000000000000000e+00
-6.239676229716474509e+00 7.736569705189827673e+00 0.000000000000000000e+00
1.005121701536557666e+01 7.997623200688125600e+00 0.000000000000000000e+00
-1.728833791749780602e+01 -8.030814013333816004e-02 0.000000000000000000e+00
1.469431947465682597e+01 -1.108772900339058332e+01 0.000000000000000000e+00
8.117749930613710418e+00 1.530170887269509628e+01 0.000000000000000000e+00
-1.354842369915511213e+01 7.041766327852766238e+00 0.000000000000000000e+00
-1.804162272086484364e+01 4.711922339687842687e+00 0.000000000000000000e+00
1.985159830920664836e+00 1.731710805258647312e+01 0.000000000000000000e+00
-2.264698593501786927e+00 -1.679578170886137656e+01 0.000000000000000000e+00
4.023372507634629613e+00 -4.001948449601307800e+00 0.000000000000000000e+00
-6.284394765113597570e-02 1.789667667445618093e+01 0.000000000000000000e+00
1.102246227533320022e+00 1.479405412454569024e+01 0.000000000000000000e+00
-6.575074224463477890e+00 -2.844768993784409172e+00 0.000000000000000000e+00
1.038705059163537747e+01 -7.606379348018665887e+00 0.000000000000000000e+00
9.360353860061190190e+00 1.378494094874744746e+01 0.000000000000000000e+00
1.406031033639122718e+01 -9.247958023997746579e+00 0.000000000000000000e+00
2.149467002925118386e+00 -1.335970002267735701e+01 0.000000000000000000e+00
1.035698430883966736e+01 -1.294773014464329286e+01 0.000000000000000000e+00
9.748534924955814418e+00 1.571821430729050384e+01 0.000000000000000000e+00
6.671282463649591321e+00 -1.309105924928200082e+01 0.000000000000000000e+00
4.996332154845541496e+00 8.288106506882813918e+00 0.000000000000000000e+00
3.889306359684000292e+00 -6.106737306789906228e+00 0.000000000000000000e+00
-1.233006897052709405e+01 8.908819358026741853e+00 0.000000000000000000e+00
-1.445574481289527924e+01 -1.246945227343268847e+00 0.000000000000000000e+00
1.428324628013650788e+00 -1.804384458631565025e+01 0.000000000000000000e+00
-2.770742260397543788e+00 -4.244539725472971980e+00 0.000000000000000000e+00
9.369231792067974851e+00 -2.572674834334779170e+00 0.000000000000000000e+00
-5.312083041850860887e+00 7.047294653623882299e-01 0.000000000000000000e+00
-3.184918023927167940e+00 1.043055432750388611e+01 0.000000000000000000e+00
-1.349151061227854242e+01 1.929139959497856882e+00 0.000000000000000000e+00
1.475454613139774018e+01 3.459988378636752238e+00 0.000000000000000000e+00
2.087679582209422069e+00 1.866514363529582443e+00 0.000000000000000000e+00
-1.035261021907771983e+01 1.529153337716397232e+01 0.000000000000000000e+00
7.736118674792810346e+00 1.137401741330660876e+01 0.000000000000000000e+00
4.083446777683488627e+00 1.301628499461934263e+00 0.000000000000000000e+00
1.393659416629055769e+01 7.096312723538671374e-01 0.000000000000000000e+00
1.090507211820218991e+01 -3.973618314397695972e+00 0.000000000000000000e+00
-1.021630227190457596e+01 7.416324371106724378e+00 0.000000000000000000e+00
3.286972295263318244e+00 3.940933649894982072e+00 0.000000000000000000e+00
-4.506462424605307326e+00 4.736503616076860546e+00 0.000000000000000000e+00
-8.608654592908237646e+00 6.576275737679538658e+00 0.000000000000000000e+00
-9.328808570826176094e+00 -1.162994380540499151e+01 0.000000000000000000e+00
9.389536193023250377e+00 -1.453050704098209778e+01 0.000000000000000000e+00
2.581851894347020338e+00 -1.013160220472447470e+01 0.000000000000000000e+00
-1.226980660213924956e+01 -3.695365103084837344e+00 0.000000000000000000e+00
-8.513627761223299117e+00 1.162379747214100867e+01 0.000000000000000000e+00
1.253725520543860661e+01 -1.140966417318278125e+01 0.000000000000000000e+00
6.824399482853825916e+00 -1.119695783767711283e+01 0.000000000000000000e+00
-1.334260414292129049e+01 -1.185302087001207560e+01 0.000000000000000000e+00
-9.201446927615160476e+00 5.157076152266482083e+00 0.000000000000000000e+00
5.960216827651182214e+00 5.551643445974961288e+00 0.000000000000000000e+00
1.408051738716642376e+01 7.906026442990026659e+00 0.000000000000000000e+00
1.847300072537415616e+01 -2.101373525750512172e+00 0.000000000000000000e+00
2.724928432643257015e+00 8.367239269395369661e+00 0.000000000000000000e+00
-1.356854205055935836e+01 -2.915367407715224957e+00 0.000000000000000000e+00
-2.175545626730261417e-01 7.435479749848589393e+00 0.000000000000000000e+00
-1.854836637052262560e+01 1.951748230783596494e+00 0.000000000000000000e+00
8.315805379673195219e+00 7.786615460173244685e+00 0.000000000000000000e+00
-2.757228667203222017e+00 7.109829201365352347e+00 0.000000000000000000e+00
-1.586847316103037286e+01 -9.945307324993239106e+00 0.000000000000000000e+00
-6.484464792371253949e+00 -7.742028105897354351e+00 0.000000000000000000e+00
-7.352582333169766393e+00 -4.509789519679265446e+00 0.000000000000000000e+00
8.011067929521166420e+00 3.359143539352286822e+00 0.000000000000000000e+00
-9.399276100541099410e+00 -9.664139995459754218e+00 0.000000000000000000e+00
7.363880756286528495e+00 1.707943769052154437e+01 0.000000000000000000e+00
-1.411311954604162544e+01 -7.715777726257704749e+00 0.000000000000000000e+00
-2.849344396199619212e+00 -1.370116709057580628e+01 0.000000000000000000e+00
-6.148784318064199894e+00 1.753955827339065365e+01 0.000000000000000000e+00
1.191336839585046548e+01 -9.150969950244387974e+00 0.000000000000000000e+00
5.926218478879206053e+00 1.102839327407295222e+01 0.000000000000000000e+00
4.087007439793750585e+00 1.464953848038409845e+01 0.000000000000000000e+00
-1.873821950325406505e+01 -1.751589357468386732e+00 0.000000000000000000e+00
-1.040973145045983017e+01 3.174121515849014141e+00 0.000000000000000000e+00
1.511671543515130978e+01 5.586985229960156119e+00 0.000000000000000000e+00
-1.286704659325991074e+01 -1.260338517647999090e+00 0.000000000000000000e+00
-1.412315248510640586e+01 9.874887921520430822e+00 0.000000000000000000e+00
-4.084571835285870200e+00 8.572842928120703476e+00 0.000000000000000000e+00
-1.140005289251481146e+00 -7.804859675374353323e+00 0.000000000000000000e+00
-9.052981516547637497e+00 -4.101678595643348579e+00 0.000000000000000000e+00
-4.751776573093238198e+00 1.120350100542519556e+01 0.000000000000000000e+00
1.570117355681225213e+01 5.112266733006766151e-01 0.000000000000000000e+00
2.111375857492992225e-01 5.716429352046272783e+00 0.000000000000000000e+00
7.587117534030553001e-01 -4.255794128239471341e+00 0.000000000000000000e+00
-1.172093531728946836e+01 -1.063422798103708367e+01 0.000000000000000000e+00
-1.640810873216202737e+01 -7.956142250236784896e+00 0.000000000000000000e+00
-8.399667342122370428e+00 1.635661779165760876e+01 0.000000000000000000e+00
1.041431024179848919e+01 -5.422922954454221234e+00 0.000000000000000000e+00
-3.083065168898485586e-01 1.210256418345949214e+01 0.000000000000000000e+00
-4.426335730140160685e+00 -6.981592355945846151e+00 0.000000000000000000e+00
-1.568108438450001074e+01 9.906113442062260077e+00 0.000000000000000000e+00
5.207865724931385998e+00 1.614274868404836383e+01 0.000000000000000000e+00
-8.673518366258480938e+00 -1.338514313832151004e+01 0.000000000000000000e+00
1.342652155508444078e+00 -1.128983379512371243e+01 0.000000000000000000e+00
-9.851427467802508886e+00 -5.720736964815016812e+00 0.000000000000000000e+00
1.229552458230010537e+01 8.953031510966892981e+00 0.000000000000000000e+00
-3.732371958512127996e+00 -9.751603072747293766e+00 0.000000000000000000e+00
-2.138374365456441328e+00 8.982741037414296414e+00 0.000000000000000000e+00
7.155233558469454636e+00 -1.973182956427614432e+00 0.000000000000000000e+00
-1.333609247498015549e+01 -5.051891110403959217e+00 0.000000000000000000e+00
8.252720784684600019e+00 -1.281356428936592984e+01 0.000000000000000000e+00
2.811308875106767857e+00 6.287708803021306636e+00 0.000000000000000000e+00
2.770442712945330843e+00 1.129006955898020337e+01 0.000000000000000000e+00
4.594334763269473321e+00 -1.433161264748389563e+00 0.000000000000000000e+00
-2.835160911270294015e+00 -8.224627965671988505e+00 0.000000000000000000e+00
4.447452815107800772e-01 3.398324844535818845e-01 0.000000000000000000e+00
1.364540688456804851e+01 -4.005460109247414024e+00 0.000000000000000000e+00
4.347206232642513157e+00 -1.650513299099525710e+01 0.000000000000000000e+00
2.618515036804430096e+00 -1.560678780439903868e+01 0.000000000000000000e+00
1.091179662180640975e+01 -1.439863821533826105e+01 0.000000000000000000e+00
-1.523761726211676049e+01 6.672816952899468745e+00 0.000000000000000000e+00
-1.270513174129225931e+01 1.211833761871035620e+01 0.000000000000000000e+00
-9.995770550162202284e+00 1.025894892603028552e+01 0.000000000000000000e+00
2.694829758394556851e+00 -1.916965191447157046e+00 0.000000000000000000e+00
-4.765800640722308579e+00 -2.908676630752322190e+00 0.000000000000000000e+00
-3.140387955579644341e-01 -1.095836917861039872e+01 0.000000000000000000e+00
-1.711147812840008609e+00 -1.862779602991427197e+01 0.000000000000000000e+00
6.405177722920921468e+00 9.181960171437092200e+00 0.000000000000000000e+00
-1.745388369067725165e+01 6.564601011874624525e+00 0.000000000000000000e+00
-3.976592988864501965e+00 1.505803626143188545e+01 0.000000000000000000e+00
-1.064889213273495017e+01 -2.248879553864941538e+00 0.000000000000000000e+00
-1.613370143275005120e+01 -5.301915167581231714e+00 0.000000000000000000e+00
1.289232474921969462e+01 -2.482169624550481846e+00 0.000000000000000000e+00
-9.167092656470662959e+00 -1.043808392189713663e+00 0.000000000000000000e+00
5.686723629255681089e+00 6.448109467147419283e-01 0.000000000000000000e+00
-1.829221804010644803e+01 -3.410214864116869471e+00 0.000000000000000000e+00
2.256370275797000335e+00 -5.955071267913005784e+00 0.000000000000000000e+00
9.760092367400472924e+00 -4.160523895615105272e-01 0.000000000000000000e+00
-2.588592256127508762e+00 -1.613561052716646405e+00 0.000000000000000000e+00
7.292781084408089143e+00 -7.193836556774841462e+00 0.000000000000000000e+00
-1.739603148277743827e+01 -6.522486190911683579e+00 0.000000000000000000e+00
-6.874936009939019321e+00 1.904466528754047205e+00 0.000000000000000000e+00
1.093693818959849962e+00 1.894424872191001086e+01 0.000000000000000000e+00
-1.063535212099302463e+00 -3.874084376770871252e+00 0.000000000000000000e+00
1.450221618412773061e+01 -7.247575146655997003e+00 0.000000000000000000e+00
2.316099011907317706e+00 -3.534668838616432218e+00 0.000000000000000000e+00
-9.272534948601551363e+00 -1.622648812752854042e+01 0.000000000000000000e+00
-6.278363524217246416e-01 1.856747325110695845e+00 0.000000000000000000e+00
1.737099305193898502e+01 -2.213034119126183752e-01 0.000000000000000000e+00
1.444829369108386175e+01 1.151509278279444004e+01 0.000000000000000000e+00
-1.191965011895998039e+01 -1.261641487793109739e+01 0.000000000000000000e+00
-6.529547097689071045e+00 -1.607844022002229067e+01 0.000000000000000000e+00
-1.135182473544832504e+01 1.341382463059465735e+01 0.000000000000000000e+00
6.448982421241092666e+00 -1.706139257306119106e+01 0.000000000000000000e+00
-3.070580439630149261e+00 1.348261058189451234e+01 0.000000000000000000e+00
6.270362260145811995e-01 -1.595863433137333942e+01 0.000000000000000000e+00
9.617160637246024990e+00 -1.057258211215345689e+01 0.000000000000000000e+00
-1.936074209070715479e+00 2.755137038898398227e+00 0.000000000000000000e+00
5.687493307745174143e+00 -5.740273612604664955e+00 0.000000000000000000e+00
1.178197804479818700e+00 8.527204960068624828e+00 0.000000000000000000e+00
-7.969470524039620196e-01 1.061969922768906116e+01 0.000000000000000000e+00
-1.620774456317081302e+01 5.508510862813014164e+00 0.000000000000000000e+00
5.567365888435800159e-01 -9.301870727544967465e+00 0.000000000000000000e+00
4.384073960748891885e+00 1.251352697342277764e+01 0.000000000000000000e+00
-1.664473386383758324e+01 8.610455980520006491e+00 0.000000000000000000e+00
1.747477938404584874e+00 5.123212841659358752e+00 0.000000000000000000e+00
8.421602704637456416e-01 -2.731244800375779658e+00 0.000000000000000000e+00
1.704249564614010026e+01 3.017702159428980568e+00 0.000000000000000000e+00
9.462902285683155057e+00 1.076992828070858543e+01 0.000000000000000000e+00
7.339132703896649623e+00 -5.537486144122929055e+00 0.000000000000000000e+00
-1.080170246257405076e+01 -1.549144920045355889e+01 0.000000000000000000e+00
1.637458699540482243e+01 -8.065452481331696788e+00 0.000000000000000000e+00
6.677046131867429679e+00 -1.465003015315148360e+01 0.000000000000000000e+00
-1.509429624679947501e+01 1.152164391677183986e+01 0.000000000000000000e+00
8.359759159530778305e+00 1.468970098759760257e+00 0.000000000000000000e+00
-4.043319447068608241e+00 -4.359324194228574312e-01 0.000000000000000000e+00
-8.298826736813600391e+00 3.300229609448781520e-01 0.000000000000000000e+00
7.486174037278469307e+00 1.385660934123714227e+01 0.000000000000000000e+00
-1.467455149658722391e+01 -5.781593590415822881e+00 0.000000000000000000e+00
5.564473709683429803e+00 1.422239665651812324e+01 0.000000000000000000e+00
-5.585421807304554953e+00 6.042178585623526388e+00 0.000000000000000000e+00
-5.454296974943047438e+00 -5.700809552747847953e+00 0.000000000000000000e+00
-1.310443734392945814e+01 4.049568776429660844e+00 0.000000000000000000e+00
-1.543252624052900046e+01 -3.859285567698075070e+00 0.000000000000000000e+00
-1.700613084284271537e+01 3.222791846448241238e+00 0.000000000000000000e+00
5.181688560216618278e+00 3.267992820270452903e+00 0.000000000000000000e+00
1.181627424820151617e+01 6.470958458078144737e+00 0.000000000000000000e+00
