-5.929098019757675919e-01 1.031676126093168477e+01 0.000000000000000000e+00
-9.017255431346438144e+00 -1.539020831490148389e+01 0.000000000000000000e+00
-1.352129618857391158e+01 -1.273584757169685133e+01 0.000000000000000000e+00
1.298309673857800828e+00 7.885753582674714046e+00 0.000000000000000000e+00
-1.095473797366755697e+01 -1.330435754490416755e+01 0.000000000000000000e+00
5.344911191791026361e+00 -1.103798537402648527e+01 0.000000000000000000e+00
-1.770067341912999481e+01 -1.209252843080731887e+00 0.000000000000000000e+00
-1.539730251506379943e+01 5.223933224885342952e+00 0.000000000000000000e+00
-3.896278467545394308e-01 -1.200895183991636905e+01 0.000000000000000000e+00
-1.813571426018242505e+01 -4.971118794702410248e+00 0.000000000000000000e+00
-8.159536186132853031e-01 -2.317972891574113348e+00 0.000000000000000000e+00
-6.057861279301267610e-01 1.801971620057437562e+01 0.000000000000000000e+00
-4.404540692480201081e+00 -5.965295832311658053e+00 0.000000000000000000e+00
-1.274414993756064618e+01 -2.005975142125736355e+00 0.000000000000000000e+00
-3.866287031252602091e+00 -8.882702301064618666e+00 0.000000000000000000e+00
-8.508397471186295746e+00 6.952783993674380270e+00 0.000000000000000000e+00
1.822950610191410448e+01 5.034616041697893785e+00 0.000000000000000000e+00
-7.957987775443681855e+00 -3.994437397615059115e+00 0.000000000000000000e+00
6.972926182469224798e+00 -1.760722499248917217e+01 0.000000000000000000e+00
4.576974427122901368e+00 -1.247207112527436834e+01 0.000000000000000000e+00
8.583521066356295748e+00 -1.146604657713292230e+00 0.000000000000000000e+00
-9.825233603949929950e-01 1.469679622669724139e+01 0.000000000000000000e+00
1.252581547335779355e+01 -3.605524451908650896e+00 0.000000000000000000e+00
-1.927754292587478213e+00 -1.769211205800957742e+01 0.000000000000000000e+00
1.168143020060353443e+01 6.572100570539590514e+00 0.000000000000000000e+00
-4.551217166244286183e+00 1.167180230609515235e+01 0.000000000000000000e+00
-2.885105212432662825e+00 5.877443151473324967e+00 0.000000000000000000e+00
-2.946916099919324683e+00 6.960916556481423489e-01 0.000000000000000000e+00
1.292625901230677954e+01 2.876139313948634424e+00 0.000000000000000000e+00
6.413748033467149057e+00 -1.402872835234778570e+01 0.000000000000000000e+00
-1.091298984359430690e+01 -5.403782282220197963e+00 0.000000000000000000e+00
-6.059138477459772076e+00 -1.475308815754430292e+01 0.000000000000000000e+00
-9.209819575709857986e+00 1.032233146240498201e+01 0.000000000000000000e+00
4.871851157510497465e+00 3.752112260708496461e+00 0.000000000000000000e+00
-1.541494626033411208e+01 -6.538983316144970637e+00 0.000000000000000000e+00
-6.371650428940237809e+00 -1.047148800135258995e+01 0.000000000000000000e+00
3.593450708037520869e+00 8.290438883348253185e+00 0.000000000000000000e+00
2.483178979763251082e+00 3.242620116522430873e+00 0.000000000000000000e+00
-8.567533650269481882e+00 -1.304793236336898588e+01 0.000000000000000000e+00
1.364123328684777148e+00 -6.313026964505557004e+00 0.000000000000000000e+00
1.120625094642692865e+01 4.999983233951857287e+00 0.000000000000000000e+00
1.014400987304527746e+01 -9.601287858304850431e+00 0.000000000000000000e+00
-1.704406310305809313e+01 5.676119414740735003e+00 0.000000000000000000e+00
4.769411820507457600e-01 -1.545398137196766264e+01 0.000000000000000000e+00
-1.038014237017577379e+01 9.195538710123968285e-01 0.000000000000000000e+00
-3.189849556856239499e+00 8.559812220979083008e+00 0.000000000000000000e+00
-2.571933025500122039e+00 -1.030332181287307414e+01 0.000000000000000000e+00
-3.804370765238090701e+00 -6.517320059796560816e-01 0.000000000000000000e+00
5.248755309902016997e+00 -4.930942375674227662e+00 0.000000000000000000e+00
9.332694768244278904e+00 1.263315364627074899e+01 0.000000000000000000e+00
5.019942369116964898e+00 1.802398910183786285e+01 0.000000000000000000e+00
-2.706329815598971678e+00 -1.241121336598393476e+01 0.000000000000000000e+00
2.720645312103474822e+00 1.596629551386090462e+01 0.000000000000000000e+00
-6.462031672317372077e+00 -7.745539740518216476e+00 0.000000000000000000e+00
1.133598859524855307e+01 1.073831101874404581e+01 0.000000000000000000e+00
-7.237302390415627507e+00 -5.568610562983687728e+00 0.000000000000000000e+00
-1.181234667869068211e+01 2.664225423600941056e+00 0.000000000000000000e+00
1.086701645898042301e+01 -2.319948257731556940e-01 0.000000000000000000e+00
-6.553262691938746443e+00 1.075773309789488819e+00 0.000000000000000000e+00
-3.640246350051636437e+00 -1.599932783742658771e+01 0.000000000000000000e+00
1.593230327942019464e+01 6.659023440122178172e+00 0.000000000000000000e+00
-2.340022257761849911e+00 1.269032002058052910e+01 0.000000000000000000e+00
-6.372494960850699997e+00 9.169223879102446517e+00 0.000000000000000000e+00
9.077111630353241978e+00 3.819466796709509282e+00 0.000000000000000000e+00
1.166864624524701632e+01 1.329537457303475989e+01 0.000000000000000000e+00
6.553498679052682796e+00 9.452579090949638996e+00 0.000000000000000000e+00
-2.910337009678719333e+00 -2.163808055093906280e+00 0.000000000000000000e+00
-9.578729765648464678e+00 1.206191124380374369e+01 0.000000000000000000e+00
3.612076311543896967e+00 -6.029540735224512282e+00 0.000000000000000000e+00
1.076730343048936511e+01 -1.307318477240867338e+01 0.000000000000000000e+00
7.114424095622467803e+00 -2.586886097303271903e+00 0.000000000000000000e+00
-1.294098793962423777e+01 1.222316061378697505e+01 0.000000000000000000e+00
-1.606605067348004212e+01 9.227281236250705732e+00 0.000000000000000000e+00
-1.477348573911858587e+01 -1.116576219636580980e+01 0.000000000000000000e+00
1.290808186845747763e+01 -6.328766744653111509e+00 0.000000000000000000e+00
-1.365318146208637451e+01 -8.050411912923292945e+00 0.000000000000000000e+00
1.481287169333173637e+01 1.423136772529855820e+00 0.000000000000000000e+00
1.375948558923971987e+01 -2.427907573023521781e+00 0.000000000000000000e+00
-9.264155842890993142e+00 -7.899335294129307350e+00 0.000000000000000000e+00
1.559374631585378523e+01 -9.489881242409332174e+00 0.000000000000000000e+00
-1.554599225050685263e+01 4.059953595115581848e-01 0.000000000000000000e+00
1.638470123742163054e+01 3.489180391267366232e+00 0.000000000000000000e+00
-5.565228233471479768e+00 -2.070544619340495274e+00 0.000000000000000000e+00
-5.807728772773546044e-01 -4.958903158913827852e-02 0.000000000000000000e+00
-5.945150948875111752e+00 -3.518505640650907984e-01 0.000000000000000000e+00
-1.123370505923214679e+01 1.229411143994765609e+01 0.000000000000000000e+00
-1.026511865791409628e+00 2.188039791190654615e+00 0.000000000000000000e+00
-1.065324514519498500e+01 1.520497905990390208e+01 0.000000000000000000e+00
1.305508401323499790e+01 4.687698525588901433e+00 0.000000000000000000e+00
2.237510606744692154e+00 1.763470168783869596e+01 0.000000000000000000e+00
9.116013647235240214e+00 -1.216515993466556900e+01 0.000000000000000000e+00
1.714157682300499985e+01 -4.861725519826196162e+00 0.000000000000000000e+00
-1.699680633122942552e+01 -8.043010146658536641e+00 0.000000000000000000e+00
1.646200315192953312e+01 9.413913158005384751e-01 0.000000000000000000e+00
1.618176235832986976e+01 -2.551919049347598722e+00 0.000000000000000000e+00
-8.869874673613145077e+00 2.673011075410096193e+00 0.000000000000000000e+00
-4.522514419748181247e+00 -1.248231755355360661e+01 0.000000000000000000e+00
4.965097998808511548e+00 1.401876297042489128e+01 0.000000000000000000e+00
-1.151120469871631663e-01 -9.391137448614044203e+00 0.000000000000000000e+00
1.794174821659611396e+01 -3.369899345570162463e+00 0.000000000000000000e+00
2.582822787869906378e+00 -1.513004717563848356e+00 0.000000000000000000e+00
-7.588785006356506990e+00 1.713315914115992911e+01 0.000000000000000000e+00
5.845798540083319672e+00 1.599089518016276301e+01 0.000000000000000000e+00
1.787546451921587121e+00 1.326068536180780377e+01 0.000000000000000000e+00
1.030793293730722260e+00 1.636695673466649481e+01 0.000000000000000000e+00
4.108697057765970939e-01 5.973583047045210925e+00 0.000000000000000000e+00
1.461583328103209034e+01 5.039815950780917042e+00 0.000000000000000000e+00
4.434212021413248550e-01 -1.751855588684870568e+01 0.000000000000000000e+00
-1.603447227731177094e+01 -1.386267994571564355e+00 0.000000000000000000e+00
-1.706474485337390945e+01 7.387054242158191286e+00 0.000000000000000000e+00
3.027137080933712809e+00 -1.858002357621798240e+01 0.000000000000000000e+00
7.874542821633905731e+00 -5.457768221026304545e+00 0.000000000000000000e+00
4.713707401486520787e+00 -1.245758064342914917e+00 0.000000000000000000e+00
-1.823758035225202434e+01 3.889658393865271790e+00 0.000000000000000000e+00
6.232026836614515730e+00 -9.368190152156548933e+00 0.000000000000000000e+00
1.517786456093822700e+01 -7.803025469576373219e+00 0.000000000000000000e+00
-1.927595115358087918e+00 -1.617303657364645630e+01 0.000000000000000000e+00
-1.182591429815353834e+01 7.851679354449147219e+00 0.000000000000000000e+00
6.986514314962307459e+00 1.471350017417017142e+01 0.000000000000000000e+00
-8.864056306086807169e+00 4.846333533881573175e+00 0.000000000000000000e+00
-3.284601639343239565e+00 2.443619867156173520e+00 0.000000000000000000e+00
1.768075499101826864e+01 -6.655640199664225598e-01 0.000000000000000000e+00
-8.519807781163061478e+00 -9.413344174347608728e-01 0.000000000000000000e+00
-1.248162212329851029e+00 -7.228163567078618179e+00 0.000000000000000000e+00
-5.942228093934375899e+00 1.792445330329761788e+01 0.000000000000000000e+00
-4.741224538821389167e+00 1.382070218569449160e+01 0.000000000000000000e+00
9.226349937820881308e+00 -4.399603628105574593e+00 0.000000000000000000e+00
-5.070792455201207360e-01 -5.658374924984905796e+00 0.000000000000000000e+00
-5.202839864571708745e-02 1.188012772417127572e+01 0.000000000000000000e+00
-1.022278343445186977e+01 -1.137325230239873264e+01 0.000000000000000000e+00
1.218928335558436160e+01 -1.403584658198612622e+01 0.000000000000000000e+00
-1.446008015591263884e+01 -2.871180722431809329e+00 0.000000000000000000e+00
5.878083171564192355e+00 1.242975085603733820e+00 0.000000000000000000e+00
5.270688796781671570e+00 1.211051011423480439e+01 0.000000000000000000e+00
-1.240066581079461905e+01 -1.407729632778056938e+01 0.000000000000000000e+00
-3.421923813404011305e+00 -4.709796161625885880e+00 0.000000000000000000e+00
-3.087602166975564000e+00 1.666813401191532051e+01 0.000000000000000000e+00
1.296557701968577803e+01 9.865436229772424070e+00 0.000000000000000000e+00
-4.263216370591361937e+00 1.555084551438346452e+01 0.000000000000000000e+00
-1.035756127745692190e+01 -1.778233251420385130e+00 0.000000000000000000e+00
1.049587639265587313e+01 2.727739924345369715e+00 0.000000000000000000e+00
5.351118063139354675e+00 -1.653307129452779023e+01 0.000000000000000000e+00
4.106229854907240018e+00 -9.598266955214853624e+00 0.000000000000000000e+00
7.545524762017907783e+00 -1.285112769053982618e+01 0.000000000000000000e+00
-1.586401031717749710e+01 -4.223707755939688724e+00 0.000000000000000000e+00
1.085534176306429188e+01 -4.596128151398045425e+00 0.000000000000000000e+00
-1.623182636466006024e+00 -4.105108779872685076e+00 0.000000000000000000e+00
-1.150253074333212133e+01 -1.035596738682142437e+01 0.000000000000000000e+00
-3.678455807293863788e+00 1.015688892053996817e+01 0.000000000000000000e+00
5.902682215537159216e+00 6.960116736669963444e+00 0.000000000000000000e+00
-1.271260178882184100e+01 3.905188580455726033e+00 0.000000000000000000e+00
-5.790773018834579844e+00 6.764246476975745104e+00 0.000000000000000000e+00
9.853134672154050477e+00 -7.385247282223325271e+00 0.000000000000000000e+00
-1.298596852212523700e+01 1.373335398837924792e+01 0.000000000000000000e+00
2.887221090725455852e+00 -1.645374515029909190e+01 0.000000000000000000e+00
4.127141119255355761e+00 -1.745352573790327355e+01 0.000000000000000000e+00
1.361290440930394086e+00 -2.849742689430920795e-01 0.000000000000000000e+00
-1.764726887860167626e+00 3.583569360272048421e+00 0.000000000000000000e+00
-7.529296346452351685e+00 5.658640042753153132e+00 0.000000000000000000e+00
-1.280849245978127371e+01 1.047470092204751069e+01 0.000000000000000000e+00
-5.656724090750087974e+00 1.613584908198298606e+01 0.000000000000000000e+00
-1.353321945320613651e+01 8.718749302043750760e+00 0.000000000000000000e+00
7.936965325613813071e+00 -7.241270689480668210e+00 0.000000000000000000e+00
1.453596040216038965e+01 1.199057790985466454e+01 0.000000000000000000e+00
-5.801255383462357251e+00 3.294831199232324259e+00 0.000000000000000000e+00
-6.376520972641514184e+00 -1.199540243559988539e+01 0.000000000000000000e+00
3.082118476500310233e+00 3.182693620573071036e-01 0.000000000000000000e+00
9.031062064464279615e+00 9.148467745921802674e+00 0.000000000000000000e+00
-1.129342081437529011e+01 1.381525027045844389e+01 0.000000000000000000e+00
-7.477388032550066344e-01 7.310400896909217572e+00 0.000000000000000000e+00
7.231687529416611859e+00 1.683483213839843629e+01 0.000000000000000000e+00
-1.366254536095660299e+01 -6.156856899788134108e+00 0.000000000000000000e+00
-2.126936349437873019e+00 1.858567768601960779e+01 0.000000000000000000e+00
1.407135291488342510e+01 -1.052953290953093202e+01 0.000000000000000000e+00
2.387037000853393653e+00 -8.857137082290883257e+00 0.000000000000000000e+00
-1.700166337994086874e+01 1.899217069163071203e+00 0.000000000000000000e+00
-4.671225401217320439e+00 7.800860735045417549e+00 0.000000000000000000e+00
9.061801018213961001e+00 1.100372987328183072e+01 0.000000000000000000e+00
5.136207571423995866e+00 -6.976258391411318094e+00 0.000000000000000000e+00
1.192348563478351409e+01 -1.122154044557424868e+01 0.000000000000000000e+00
-4.523685499353583772e+00 5.253474432149017659e+00 0.000000000000000000e+00
2.516186098299120655e+00 -1.356810823461489512e+01 0.000000000000000000e+00
5.198186955237479312e-01 1.236770314424163741e+00 0.000000000000000000e+00
-1.496043873915597189e+01 7.977802177083352042e+00 0.000000000000000000e+00
-2.621750562977385179e+00 -6.176249547868722267e+00 0.000000000000000000e+00
-1.519739005680811239e+01 3.718115684279203137e+00 0.000000000000000000e+00
1.034773050113884807e+01 -1.113010759275481121e+01 0.000000000000000000e+00
1.829791320851265723e+01 2.755323028448303457e+00 0.000000000000000000e+00
1.155829987035079931e+01 -1.945659899568230156e+00 0.000000000000000000e+00
8.598279412708260239e+00 6.197841881190711000e+00 0.000000000000000000e+00
1.087995204623070578e+01 1.484830404500910817e+01 0.000000000000000000e+00
-1.128517493317009546e+01 5.511088090456129684e+00 0.000000000000000000e+00
1.072391434091900031e+01 8.058796185943183588e+00 0.000000000000000000e+00
1.320228520274177697e+00 -4.426895373638865649e+00 0.000000000000000000e+00
8.489871563486524053e+00 1.524043067789897243e+01 0.000000000000000000e+00
1.514145411569709276e+00 -2.839586537385425657e+00 0.000000000000000000e+00
3.105841236445590070e+00 -3.035681926090296301e+00 0.000000000000000000e+00
2.650331788999656268e+00 1.065270404416362027e+01 0.000000000000000000e+00
-1.792494105039462582e+01 2.976873134425538359e-01 0.000000000000000000e+00
-1.127077123755438848e+01 9.341197344262527125e+00 0.000000000000000000e+00
9.174856898158950669e-01 2.921760911108204350e+00 0.000000000000000000e+00
-6.412441281483598488e+00 -4.237399144585179300e+00 0.000000000000000000e+00
8.953184174473515000e+00 2.219476915247545090e+00 0.000000000000000000e+00
1.667483523257293854e+01 8.777528324024046924e+00 0.000000000000000000e+00
7.684554616134474436e+00 8.028274022889499761e+00 0.000000000000000000e+00
1.347259981541035501e+01 8.177505067373516567e+00 0.000000000000000000e+00
-3.122806329194823149e+00 -1.406853651096874458e+01 0.000000000000000000e+00
2.835745245411314119e+00 4.989899302126736380e+00 0.000000000000000000e+00
-1.103578350935195473e+01 3.999622025483933641e+00 0.000000000000000000e+00
4.014680650108002347e+00 6.290178247231556163e+00 0.000000000000000000e+00
7.765199568143807518e+00 1.138815575158494964e+00 0.000000000000000000e+00
-4.118109748860571351e+00 -1.085217065783257873e+01 0.000000000000000000e+00
-1.398749561740148906e+01 2.515850934984511511e-01 0.000000000000000000e+00
-6.254522845715989376e+00 1.201337077662624608e+01 0.000000000000000000e+00
7.311107194856018232e+00 4.169642305023630868e+00 0.000000000000000000e+00
-1.050411346647992339e+01 -3.517584163330946811e+00 0.000000000000000000e+00
-8.542987175875920158e+00 1.537461676469591332e+01 0.000000000000000000e+00
-6.268066205613167519e+00 -1.724818007979379431e+01 0.000000000000000000e+00
1.244605654160178076e+01 -5.744792980532469340e-01 0.000000000000000000e+00
-7.681468411613179725e+00 1.141675250018064069e+01 0.000000000000000000e+00
7.645724665922320362e+00 -1.037047229127992587e+01 0.000000000000000000e+00
1.177017869360642877e+01 -9.384894481232311847e+00 0.000000000000000000e+00
-7.339177426168521201e+00 1.344943727788706056e+01 0.000000000000000000e+00
-1.359035254844686946e+01 5.874430523338392440e+00 0.000000000000000000e+00
9.358157333404792055e+00 -2.635369142721329272e+00 0.000000000000000000e+00
5.671554407766505879e-01 -1.575212650437185058e+00 0.000000000000000000e+00
8.233891761804999376e+00 -1.444165123121521432e+01 0.000000000000000000e+00
2.555625723916304270e+00 -7.289944416564157592e+00 0.000000000000000000e+00
-6.901692857345599341e-01 -1.358135726194538684e+01 0.000000000000000000e+00
1.340310835627723662e+01 6.537193926052872861e+00 0.000000000000000000e+00
-1.465995908900958433e+01 1.150042022777024897e+01 0.000000000000000000e+00
2.734055470153888834e+00 -1.098939438752985254e+01 0.000000000000000000e+00
-1.232704934980483102e+01 -3.761069152686108197e+00 0.000000000000000000e+00
-8.690445566881463080e+00 9.044359094346846595e-01 0.000000000000000000e+00
1.488330246132893819e+01 -6.027862232131374398e+00 0.000000000000000000e+00
7.215106505227635303e+00 1.196028796540812245e+01 0.000000000000000000e+00
-1.570317446043660192e+00 -8.736447288209689077e+00 0.000000000000000000e+00
-9.309934992583844604e+00 -4.728504035618263934e+00 0.000000000000000000e+00
-3.630539896265949640e+00 -1.786667440609692292e+01 0.000000000000000000e+00
8.122451721412726755e+00 1.360705976848632304e+01 0.000000000000000000e+00
-4.613094131839234002e+00 -3.475449780590583959e+00 0.000000000000000000e+00
-8.207621380767864849e+00 -9.700738120783288565e+00 0.000000000000000000e+00
-1.298505117005893883e+00 8.725855775099143230e+00 0.000000000000000000e+00
-3.244937882716064093e-01 -1.897259573347134420e+01 0.000000000000000000e+00
8.473163863186291778e+00 -1.693399923890776293e+01 0.000000000000000000e+00
5.529512644908794350e+00 -2.895352026093607645e+00 0.000000000000000000e+00
1.072150308246582995e+01 -1.459851076220868826e+01 0.000000000000000000e+00
5.260262890236420574e+00 8.554169188599821894e+00 0.000000000000000000e+00
-1.598598250570797497e+01 -9.238393711669916186e+00 0.000000000000000000e+00
3.972962134706901072e+00 -1.400165301243185567e+01 0.000000000000000000e+00
2.050267804847078157e+00 6.583929807739416162e+00 0.000000000000000000e+00
4.478554921952382806e+00 1.058595200474150566e+01 0.000000000000000000e+00
2.315328715669316972e-01 1.376922815058835425e+01 0.000000000000000000e+00
6.736948410852331648e+00 -5.752758275771949759e-01 0.000000000000000000e+00
1.476816753301126184e+01 3.044928947180707723e+00 0.000000000000000000e+00
-4.940147640650116578e+00 -7.653144063262429242e+00 0.000000000000000000e+00
