-1.502691014903792599e+01 -5.199243492086771390e+00 0.000000000000000000e+00
7.061663364155727152e+00 -1.919413464205645958e+00 0.000000000000000000e+00
4.514036948059305665e+00 -2.435461842852266301e+00 0.000000000000000000e+00
-1.102420472456881839e+01 -5.230484933487103971e-01 0.000000000000000000e+00
7.512947762433003218e-01 1.147066889815622481e+01 0.000000000000000000e+00
1.388947585357714942e+01 -2.603610890605465578e+00 0.000000000000000000e+00
1.208380035970147759e+01 -7.044718715052240121e+00 0.000000000000000000e+00
-1.293181848674789336e+01 1.161751122685373971e+01 0.000000000000000000e+00
-3.864260117185547738e+00 1.225085912007980937e+01 0.000000000000000000e+00
3.757349916443978088e+00 6.828046964279638864e+00 0.000000000000000000e+00
6.773657614356118906e+00 -1.254115682669114484e+01 0.000000000000000000e+00
4.912153064613000719e-02 1.577035471196452576e+01 0.000000000000000000e+00
1.046658596145584852e+01 -6.387236813998992346e+00 0.000000000000000000e+00
-1.138072479658356784e+00 -9.469107301763823870e+00 0.000000000000000000e+00
1.273019233705242570e+01 1.404044965061918671e+00 0.000000000000000000e+00
1.154093409049395724e+01 3.357834944713958159e+00 0.000000000000000000e+00
2.183538741029390273e+00 -7.724095960046555298e+00 0.000000000000000000e+00
1.019432943061649688e+01 1.280878771960426654e+01 0.000000000000000000e+00
1.250708860860902938e+01 4.661623972892324552e+00 0.000000000000000000e+00
1.050145846694570828e+01 5.937432637652157119e+00 0.000000000000000000e+00
5.821816868332435391e+00 -1.004810806451069993e+01 0.000000000000000000e+00
-1.282460868749980243e+01 -1.911190094348556578e-01 0.000000000000000000e+00
-1.343786160641814043e+01 -6.987808125565727835e+00 0.000000000000000000e+00
1.324439955893615961e+00 -1.742317670784033723e+01 0.000000000000000000e+00
-3.445218394363490866e+00 4.207779277738919355e+00 0.000000000000000000e+00
1.618766127195725701e+01 2.232878552260368910e+00 0.000000000000000000e+00
1.178763442855519195e+01 -1.202054621387224209e+01 0.000000000000000000e+00
-1.185955037676120094e+00 9.256506267526129150e+00 0.000000000000000000e+00
7.594387504443909087e+00 1.438698541783425355e+01 0.000000000000000000e+00
-8.558786062371035896e+00 -8.172306440214081036e+00 0.000000000000000000e+00
-3.988312278745753114e-01 1.702539282050196556e+00 0.000000000000000000e+00
-5.286798271239832481e+00 1.129138744662761340e+01 0.000000000000000000e+00
-1.052430205112977646e+01 1.327777149034269932e+01 0.000000000000000000e+00
-4.494215843950730260e+00 -6.927699929605800833e+00 0.000000000000000000e+00
1.736158650458429165e+01 -7.255116686894343969e-01 0.000000000000000000e+00
-2.207727833733671652e+00 1.134133975305158337e+01 0.000000000000000000e+00
-9.627136149115915753e-01 -2.246700855613720460e+00 0.000000000000000000e+00
3.997623294649678805e+00 -1.324067797599841967e+01 0.000000000000000000e+00
-9.563453955354358271e+00 4.445233787902886924e+00 0.000000000000000000e+00
-1.239777815872126254e+01 2.904094014884305075e+00 0.000000000000000000e+00
-1.199206960155369828e+01 -1.154457685417395574e+01 0.000000000000000000e+00
1.441154720908818554e+01 7.123547364473620247e-01 0.000000000000000000e+00
8.544930465158918409e+00 1.017750929818805439e+01 0.000000000000000000e+00
-2.776103969515282266e+00 1.224483264396597271e+00 0.000000000000000000e+00
-6.880896995266205352e+00 6.516100774219819591e+00 0.000000000000000000e+00
4.608554428237503942e+00 -1.171725178383790933e+01 0.000000000000000000e+00
-1.333922469621862783e+00 -1.189327599130176516e+01 0.000000000000000000e+00
1.126259330034261552e+01 -4.416343491888189199e+00 0.000000000000000000e+00
-5.517381670136237481e+00 4.559695656502732675e+00 0.000000000000000000e+00
4.044251854585228401e+00 1.235077665267751712e+01 0.000000000000000000e+00
-6.048230637462129522e+00 2.722042845113613052e-01 0.000000000000000000e+00
-1.063477216448339391e+01 -6.899418775524774894e+00 0.000000000000000000e+00
1.336038307987702112e+01 1.039638897551047769e+01 0.000000000000000000e+00
-2.239642245560028666e+00 -6.297113382131462878e+00 0.000000000000000000e+00
2.628417079461664141e+00 -1.935791132920068769e+00 0.000000000000000000e+00
-3.343744582326301451e+00 -1.085162873781075987e+01 0.000000000000000000e+00
1.205361390455132842e+01 -2.104139503921778953e+00 0.000000000000000000e+00
4.157818560191405943e+00 -1.486729134679673159e+01 0.000000000000000000e+00
-7.625557451944418474e+00 -1.320918236725754902e+01 0.000000000000000000e+00
-1.403178662571477719e+00 1.411354778628772344e+01 0.000000000000000000e+00
-2.831306434300858488e+00 -3.847467861857475357e-01 0.000000000000000000e+00
8.649208357476640074e+00 -7.031310913058733014e+00 0.000000000000000000e+00
3.679461778641622161e+00 -1.695446297418854087e+01 0.000000000000000000e+00
-1.180312007413190578e+01 -3.252964133125941792e+00 0.000000000000000000e+00
-8.408053083413671303e+00 -1.111389611154270618e+01 0.000000000000000000e+00
1.692959768465873083e+01 -2.842748514848232322e+00 0.000000000000000000e+00
2.655214903110988622e+00 -9.281451341082723516e+00 0.000000000000000000e+00
1.322796080337266922e+01 6.842622669748230635e+00 0.000000000000000000e+00
-5.604531584721196502e+00 1.746588592298823128e+00 0.000000000000000000e+00
-1.709123496435881862e+01 -1.919576907548162570e+00 0.000000000000000000e+00
1.270904188442217198e+01 8.330956700476770393e+00 0.000000000000000000e+00
1.915396594792988960e+00 2.056082023630116939e+00 0.000000000000000000e+00
7.385358760616443696e+00 1.245177411960536240e+01 0.000000000000000000e+00
-5.900711494781483157e-01 -1.369036308058508489e+01 0.000000000000000000e+00
-6.893431099462438816e+00 -2.255853808177533892e+00 0.000000000000000000e+00
2.477550478794168232e+00 -4.417634886774226999e+00 0.000000000000000000e+00
-8.036269106744590829e+00 4.628827086093100895e+00 0.000000000000000000e+00
2.712341338309814720e+00 -6.256610858880425674e+00 0.000000000000000000e+00
9.959258953555805149e+00 -3.578681268543947969e+00 0.000000000000000000e+00
1.910867691747646813e+00 1.511426925096357898e+01 0.000000000000000000e+00
-1.628853117483030033e+01 2.123550812732179605e+00 0.000000000000000000e+00
1.056091863020815680e+01 -1.293263566576870538e+01 0.000000000000000000e+00
-1.288562227719166664e+01 7.856326215752192255e+00 0.000000000000000000e+00
-4.780253286334160023e+00 -1.162708759143597703e+01 0.000000000000000000e+00
1.562869042395452190e+01 7.094576642825979107e+00 0.000000000000000000e+00
5.032201293054550106e-01 5.390099236749231082e+00 0.000000000000000000e+00
-1.287657337726172990e+01 -5.445091859932376543e+00 0.000000000000000000e+00
-7.166200386185371585e+00 1.575771268130573866e+01 0.000000000000000000e+00
-7.670366654062659606e+00 1.269763707616394299e+01 0.000000000000000000e+00
4.079512258019388327e+00 3.256568542100729546e-01 0.000000000000000000e+00
5.642463123515217838e+00 4.452186083545659478e+00 0.000000000000000000e+00
-1.772641234434189972e+00 -4.364940544391983757e+00 0.000000000000000000e+00
-1.111574541432115915e+01 -1.016565459342061573e+01 0.000000000000000000e+00
5.221616192865133677e+00 -6.142421120403743551e+00 0.000000000000000000e+00
-4.475674758350941751e+00 1.543872101053008805e+01 0.000000000000000000e+00
-1.071755995962253571e+01 -1.379434496104154384e+01 0.000000000000000000e+00
1.549260035908270616e+01 -6.809427572543813589e+00 0.000000000000000000e+00
-8.433898098528178622e+00 -1.431103379545315635e+00 0.000000000000000000e+00
5.917594752178147566e+00 1.449796136618862308e+00 0.000000000000000000e+00
-1.642788001972502698e+01 -3.382080408037801522e+00 0.000000000000000000e+00
-3.510506255594031177e+00 -1.258795085900264965e+01 0.000000000000000000e+00
-1.021657828993764383e+01 -1.187290185159722533e+01 0.000000000000000000e+00
-6.095000986419764288e+00 1.262878103791944184e+01 0.000000000000000000e+00
-2.989221737991287764e+00 1.635624334669932622e+01 0.000000000000000000e+00
1.360796922798422770e+01 2.836703169490689458e+00 0.000000000000000000e+00
1.020854491823951626e+01 -1.426191662405626337e+00 0.000000000000000000e+00
-1.074019376936096215e+01 6.542490894800070400e+00 0.000000000000000000e+00
-1.416534358886033473e+01 9.592997119439704790e+00 0.000000000000000000e+00
-3.864055177580506317e+00 -1.427159833220360952e+01 0.000000000000000000e+00
-6.274980720799764100e+00 -1.040154807175361285e+01 0.000000000000000000e+00
7.140122543517049891e+00 6.898365243976861017e+00 0.000000000000000000e+00
9.825673092419767718e-01 -4.625550272339051361e+00 0.000000000000000000e+00
3.570335451056601439e+00 2.322827013544555452e+00 0.000000000000000000e+00
1.235993270840189062e+01 -9.379322327634312728e+00 0.000000000000000000e+00
1.006398982969609168e+00 -9.315259631758017633e+00 0.000000000000000000e+00
-9.019193507002324139e+00 8.828113229754139368e+00 0.000000000000000000e+00
-7.861225585205169786e+00 1.106272332600437025e+01 0.000000000000000000e+00
-1.318498864051095509e+01 5.106871453094905533e+00 0.000000000000000000e+00
5.697645680610105012e-01 -1.518810193314657830e+01 0.000000000000000000e+00
7.348266841357959933e+00 -1.087257085235152765e+01 0.000000000000000000e+00
8.547312930057577418e+00 -1.306175283232307649e+01 0.000000000000000000e+00
-8.930387733966295372e+00 -1.418445767563353499e+01 0.000000000000000000e+00
1.018189619016105851e+01 9.891762909744819865e+00 0.000000000000000000e+00
8.566835967505479488e+00 -5.001418585690709406e+00 0.000000000000000000e+00
-1.336264617607452720e+01 -3.539968475024276362e+00 0.000000000000000000e+00
-1.249642564199330508e+01 -8.204075147827543546e+00 0.000000000000000000e+00
5.746137183200533016e+00 1.366462364887971148e+01 0.000000000000000000e+00
7.298459024989240262e+00 -4.005169687087954067e+00 0.000000000000000000e+00
5.938981089089344634e-01 8.172015202309232507e+00 0.000000000000000000e+00
7.257070293198094824e+00 -1.418651840778156803e+01 0.000000000000000000e+00
7.460606618189535855e-02 -7.105928400445477244e+00 0.000000000000000000e+00
1.376587377189095918e+01 -7.203634392831678390e+00 0.000000000000000000e+00
2.030800717501470398e+00 6.860915360791136841e+00 0.000000000000000000e+00
1.275920031040337754e+01 -5.658856911743073148e-01 0.000000000000000000e+00
9.719804311044569545e+00 -8.141371592678824598e+00 0.000000000000000000e+00
1.342539316141371408e+01 -5.047217565978223242e+00 0.000000000000000000e+00
1.631285924326618542e+01 5.425778335433111721e+00 0.000000000000000000e+00
-1.073356559879054428e+00 3.610770706379024197e+00 0.000000000000000000e+00
1.510151752309850970e+01 -8.626698544494669108e+00 0.000000000000000000e+00
8.301637562133459269e+00 2.300691871920477194e+00 0.000000000000000000e+00
-1.637812296810657742e+01 4.068210344159155945e+00 0.000000000000000000e+00
6.975453808578354398e+00 9.693360217160341463e+00 0.000000000000000000e+00
-2.147627542556322933e+00 7.478157393185230539e+00 0.000000000000000000e+00
3.185121958808089904e+00 8.749388888758916849e+00 0.000000000000000000e+00
-5.078831876162305470e+00 -1.662556462274232771e+01 0.000000000000000000e+00
2.297482259428662132e+00 3.944669477664698665e+00 0.000000000000000000e+00
4.875135254586544953e+00 -8.381352155731235598e+00 0.000000000000000000e+00
9.739427587460779634e+00 1.435846238182988799e+01 0.000000000000000000e+00
1.474325457397399930e+01 -1.246301892749298146e+00 0.000000000000000000e+00
5.230930385435364371e+00 9.910626917678692749e+00 0.000000000000000000e+00
6.035774102375403238e+00 -4.472162930741939157e-01 0.000000000000000000e+00
1.088528320297917951e+01 7.514185176592118154e+00 0.000000000000000000e+00
-2.738454946637953746e+00 -2.456788347857847832e+00 0.000000000000000000e+00
-8.291026623135751450e+00 3.024241558171885114e+00 0.000000000000000000e+00
-8.954073264246915187e+00 6.025466926713657578e+00 0.000000000000000000e+00
-1.217939795939196124e+01 9.973684286480709815e+00 0.000000000000000000e+00
-1.479177429395377352e+01 6.655314732834480829e+00 0.000000000000000000e+00
7.841890755407686653e-01 3.213803373793782114e+00 0.000000000000000000e+00
-4.130588130870519237e+00 6.604229449124067841e+00 0.000000000000000000e+00
-6.651491749205023396e+00 -6.680154810819747269e+00 0.000000000000000000e+00
-1.162619412671866526e+00 -1.540002529344856086e+01 0.000000000000000000e+00
-7.571568650545358992e+00 -5.363835596783604664e+00 0.000000000000000000e+00
1.519436561677189879e+01 3.849249397556699037e+00 0.000000000000000000e+00
-5.406699708121930348e-01 1.742600239149523489e+01 0.000000000000000000e+00
8.326014563186169282e-01 -1.197039976617450208e+01 0.000000000000000000e+00
7.356159350293000720e+00 2.805924282683892601e-01 0.000000000000000000e+00
-1.388963324156226165e+01 -9.340560614133499584e+00 0.000000000000000000e+00
9.373889315256450416e+00 3.846473321241135945e+00 0.000000000000000000e+00
6.533290266733191132e+00 3.186939707139475608e+00 0.000000000000000000e+00
5.894277966638564514e+00 1.192561115692059026e+01 0.000000000000000000e+00
2.163962262222689947e+00 -1.569655177210736596e+01 0.000000000000000000e+00
7.832228572316887849e+00 4.377553216930194502e+00 0.000000000000000000e+00
-3.378939390710494095e+00 1.012733489267288434e+01 0.000000000000000000e+00
-3.729831017390250469e+00 -4.066503103921596640e+00 0.000000000000000000e+00
-6.881607464263860052e+00 3.599566338712063995e+00 0.000000000000000000e+00
-5.518919038232512619e+00 8.987582407419633768e+00 0.000000000000000000e+00
-1.000873954032858038e+01 2.472182829585669595e+00 0.000000000000000000e+00
3.414012555125347070e+00 1.448826394655812599e+01 0.000000000000000000e+00
5.689276756709977789e-01 -8.993455792627785828e-01 0.000000000000000000e+00
-2.227367452902028755e-01 1.262837890720443568e+01 0.000000000000000000e+00
1.806996557930139247e+00 1.302638712947273092e+01 0.000000000000000000e+00
-5.356680742211903379e+00 -3.754795578116845611e+00 0.000000000000000000e+00
-5.322863298084055117e+00 -8.757253836816643044e+00 0.000000000000000000e+00
1.529770484309336354e+01 -4.675839354805382264e+00 0.000000000000000000e+00
-9.231117807195140301e+00 -9.712094630232725123e+00 0.000000000000000000e+00
-1.513771714259623025e+01 8.340989050959599638e+00 0.000000000000000000e+00
-3.145531934418788200e+00 -8.737577163077155262e+00 0.000000000000000000e+00
8.583361757662055780e+00 -2.448546258481138604e+00 0.000000000000000000e+00
-1.450647532641266935e+01 -1.105977337186520248e+00 0.000000000000000000e+00
-1.003168734139321749e+01 -5.043066807215573988e+00 0.000000000000000000e+00
1.805805549773419338e+00 9.581586416232619641e+00 0.000000000000000000e+00
1.969245044245189424e+00 1.684256456320882833e+01 0.000000000000000000e+00
-1.628283709477277341e+01 -6.366808197283416959e+00 0.000000000000000000e+00
7.831201638085962813e+00 -8.916878177156004170e+00 0.000000000000000000e+00
-1.400915886627328533e+01 2.227668347484317302e+00 0.000000000000000000e+00
-9.150468143882784844e+00 1.221926617421650363e+01 0.000000000000000000e+00
-1.028278462268743709e+01 1.060447815902336899e+01 0.000000000000000000e+00
-1.057827341105930685e+01 8.599980254877792163e+00 0.000000000000000000e+00
1.165963600310802661e+01 1.211785119569110591e+01 0.000000000000000000e+00
-5.463283711720823277e-01 -5.458641845885294330e+00 0.000000000000000000e+00
2.564194469445124192e+00 -1.192995754590957524e+01 0.000000000000000000e+00
9.750904886849626862e+00 -1.004482700968273434e+01 0.000000000000000000e+00
8.326550661806772169e+00 7.821406249853519732e+00 0.000000000000000000e+00
5.650332087820816973e+00 6.158353638585384537e+00 0.000000000000000000e+00
-1.479863746894742071e+01 7.599227306794895664e-01 0.000000000000000000e+00
6.472456529220966814e+00 -8.015106355965327722e+00 0.000000000000000000e+00
5.757016226784331003e+00 -4.562757990552970710e+00 0.000000000000000000e+00
3.983734378361674544e+00 -4.022893647943373452e+00 0.000000000000000000e+00
-9.399273485026274244e+00 -3.024701018276650721e+00 0.000000000000000000e+00
8.564548764805929082e+00 5.735431712729099019e+00 0.000000000000000000e+00
1.090598395737263182e+01 1.036522283531226885e+00 0.000000000000000000e+00
-3.605293955025476560e+00 -1.593301268762303735e+01 0.000000000000000000e+00
-5.904077493379925379e+00 -1.312936580450725721e+01 0.000000000000000000e+00
1.379153045909391917e+00 -1.367700088155610594e+01 0.000000000000000000e+00
-7.068395938078920082e+00 -1.555631268861218786e+01 0.000000000000000000e+00
-5.652365078359678385e+00 -1.493038795600726054e+01 0.000000000000000000e+00
-5.806658486904753502e+00 1.446397925889225533e+01 0.000000000000000000e+00
-1.706792218456642019e+01 -1.466785584962525257e-01 0.000000000000000000e+00
-5.410113885274110856e+00 7.448003310428671142e+00 0.000000000000000000e+00
9.175991414471237562e+00 2.007240576910030994e-01 0.000000000000000000e+00
-9.309966786470138089e+00 1.437139430243470350e+01 0.000000000000000000e+00
-2.714593054734193434e+00 5.675745400080474568e+00 0.000000000000000000e+00
-1.486305034591063556e+00 1.595038340829110801e+01 0.000000000000000000e+00
-1.521462548714125118e+00 -1.713500709109606746e+01 0.000000000000000000e+00
1.460416738534144621e+01 5.603181987112015427e+00 0.000000000000000000e+00
9.347608094155844816e-01 -2.438540888494430181e+00 0.000000000000000000e+00
1.334138431333276209e+01 -1.090478421304973189e+01 0.000000000000000000e+00
7.451305735103475492e+00 -1.577080838763840731e+01 0.000000000000000000e+00
-1.473076353852628628e+01 4.330164105443955691e+00 0.000000000000000000e+00
-7.050079297411480539e+00 9.310352102549979136e+00 0.000000000000000000e+00
1.122771086724955936e+01 -8.364838157630664739e+00 0.000000000000000000e+00
-1.476894203656019933e+01 -2.670553389574875425e+00 0.000000000000000000e+00
3.211335559199452572e+00 1.063642147943596150e+01 0.000000000000000000e+00
-9.914066249844980527e-01 -1.040407696744825167e-01 0.000000000000000000e+00
-8.524198131175650062e+00 1.134296750092928630e+00 0.000000000000000000e+00
1.449161003879413023e+01 8.688531425473748016e+00 0.000000000000000000e+00
6.102869605566088040e+00 1.557913216908738185e+01 0.000000000000000000e+00
9.732978166851230739e+00 -1.431661661739394376e+01 0.000000000000000000e+00
-2.798901936362073517e+00 1.486309056696748598e+01 0.000000000000000000e+00
3.624351858725944453e+00 1.690270443684799417e+01 0.000000000000000000e+00
-4.851925843828327700e+00 -1.508208188825585827e+00 0.000000000000000000e+00
6.966062820918192955e+00 -6.169886126970431484e+00 0.000000000000000000e+00
-4.563753247011574032e+00 2.872612968266898600e-03 0.000000000000000000e+00
-5.129200612350881983e+00 -5.260910763138122448e+00 0.000000000000000000e+00
-1.065786131789077373e+01 1.065262565480416868e+00 0.000000000000000000e+00
-1.151964279945620184e+01 4.824508847622658081e+00 0.000000000000000000e+00
-8.770974024151211301e-01 6.558212998498210489e+00 0.000000000000000000e+00
-1.477708256427086297e+01 -7.698497101815069854e+00 0.000000000000000000e+00
5.750615287745815429e+00 -1.478452803915172176e+01 0.000000000000000000e+00
-6.742330502702071016e+00 -1.187016336461265986e+01 0.000000000000000000e+00
1.581457444686197178e+01 2.796427763610856779e-02 0.000000000000000000e+00
1.156645278167956015e+01 1.051549893963943205e+01 0.000000000000000000e+00
-4.230662676028751790e+00 1.387808630926446796e+01 0.000000000000000000e+00
-7.536737822693142519e+00 -9.505731694429501388e+00 0.000000000000000000e+00
-1.049284499529732884e+01 -1.966519170894664104e+00 0.000000000000000000e+00
4.607627915093978288e+00 8.205647091659356462e+00 0.000000000000000000e+00
