1.823377832244474694e+00 4.204332756445602115e+00 0.000000000000000000e+00
-8.080732040051385567e+00 -1.434137543135005899e+01 0.000000000000000000e+00
-1.522754459746124667e+01 4.226093929790472714e+00 0.000000000000000000e+00
-5.668274969414276443e-01 -1.370733408550115051e+01 0.000000000000000000e+00
-1.167338776237454923e+01 8.334803962238270358e+00 0.000000000000000000e+00
-2.349469814058095629e+00 -1.142940072647666128e+01 0.000000000000000000e+00
3.910100054191735452e+00 1.542072297093735145e+01 0.000000000000000000e+00
-1.701157504032137879e+01 -3.531222008625916509e+00 0.000000000000000000e+00
-2.623169086816612428e+00 -1.603885471843932109e+01 0.000000000000000000e+00
-1.240406780695275657e+01 -1.077114323346840230e+01 0.000000000000000000e+00
-1.346454894403355240e+01 5.149776270133408218e+00 0.000000000000000000e+00
2.363631834770659967e+00 8.848464831294519328e+00 0.000000000000000000e+00
-5.713551440842100426e+00 8.780430819456746860e+00 0.000000000000000000e+00
7.482781443069399074e+00 -7.516374294495688169e+00 0.000000000000000000e+00
3.396718015535177049e+00 1.691247766990316848e+01 0.000000000000000000e+00
5.487730805455192318e+00 8.770124559821971033e+00 0.000000000000000000e+00
8.004170208579010071e-01 1.705834195194357861e+01 0.000000000000000000e+00
-7.948402695541807894e+00 -7.300935806528175753e+00 0.000000000000000000e+00
7.515712953823504350e+00 -9.425562460365592699e-02 0.000000000000000000e+00
1.436396909011920719e+01 9.907183092459804996e+00 0.000000000000000000e+00
-1.719559386536524670e+01 2.162481711627959324e+00 0.000000000000000000e+00
-1.246178545957675254e+01 -6.575314746989740833e+00 0.000000000000000000e+00
-1.144188969637325393e+01 1.286134164853540973e+01 0.000000000000000000e+00
1.391244484646367496e+01 -9.158481188938885964e+00 0.000000000000000000e+00
4.887578361440221286e-01 -1.710478565241468019e+01 0.000000000000000000e+00
1.692118606713143958e+00 1.436367573292277022e+01 0.000000000000000000e+00
3.287885714979350116e+00 -6.477419092948669466e+00 0.000000000000000000e+00
1.696731237233975731e-01 1.421531568443183069e+01 0.000000000000000000e+00
-1.645928603348370700e+01 5.594629118843189808e+00 0.000000000000000000e+00
-6.123843968521595293e+00 1.087484494510581534e+01 0.000000000000000000e+00
-3.075620771600443781e+00 -4.346740027312272048e+00 0.000000000000000000e+00
-1.374728050577856919e+01 1.001846415529467471e+01 0.000000000000000000e+00
6.963436912378945465e+00 3.428101935174260095e+00 0.000000000000000000e+00
-5.543752905889840932e+00 2.729988412284963584e+00 0.000000000000000000e+00
-9.259481940005084510e+00 -1.332338134332930224e+01 0.000000000000000000e+00
9.176695999675226645e+00 -6.949268025712939334e+00 0.000000000000000000e+00
1.475031269778087584e+01 -2.922391009461396738e+00 0.000000000000000000e+00
-2.113514702980403115e+00 1.078651008326469452e+01 0.000000000000000000e+00
6.482990663660087804e+00 6.679178348184794167e+00 0.000000000000000000e+00
9.679423205265718977e+00 1.324663382486299135e+01 0.000000000000000000e+00
-1.076004508795713122e+01 -6.449027354304289972e+00 0.000000000000000000e+00
-4.511671575638948717e+00 -7.589092705584740806e+00 0.000000000000000000e+00
8.386698192253103201e+00 4.231729295944147040e+00 0.000000000000000000e+00
4.205111887604772392e+00 -1.397167276837518379e+01 0.000000000000000000e+00
1.542802444255234606e+00 -1.036203980343784359e+01 0.000000000000000000e+00
-3.331606442687765401e+00 1.559344693832458262e+01 0.000000000000000000e+00
-1.571595279601490258e+00 -8.950611471124428675e+00 0.000000000000000000e+00
1.382472444355625107e+00 -1.082746227831397290e+00 0.000000000000000000e+00
-4.064673219148446037e+00 -1.253721153924086273e+01 0.000000000000000000e+00
-8.988290537632414257e+00 -1.038579494479978749e+01 0.000000000000000000e+00
4.768359965395937650e+00 1.291179630590918492e+01 0.000000000000000000e+00
8.552737865681771245e-02 -1.672069340101796919e-01 0.000000000000000000e+00
1.307713938940987974e+00 2.526809651012074998e+00 0.000000000000000000e+00
-4.509852480959197329e+00 1.217857184248830649e+01 0.000000000000000000e+00
-7.586325892143094052e+00 -1.123590871141379743e+01 0.000000000000000000e+00
-5.840828391890823923e+00 -1.029803227340862115e+01 0.000000000000000000e+00
-1.558390097068278468e-01 -1.187393772258863045e+01 0.000000000000000000e+00
1.074996441258977420e+01 -1.184890407720435412e+01 0.000000000000000000e+00
6.343438571114689672e+00 -1.152724060946683871e+01 0.000000000000000000e+00
-1.042683826549866666e+01 -1.046329139401085850e+00 0.000000000000000000e+00
2.941659924354284250e+00 -1.180523370743996203e+01 0.000000000000000000e+00
-1.483774237526102802e+01 7.725204359293925904e+00 0.000000000000000000e+00
-7.145800856059907780e+00 6.696435888171185791e-02 0.000000000000000000e+00
3.596463121157844167e+00 5.362048452276230392e+00 0.000000000000000000e+00
8.611046098760350986e+00 -1.105820457532279733e+01 0.000000000000000000e+00
1.290736432398721512e+01 -7.822605817055398703e+00 0.000000000000000000e+00
1.021532751841378328e+01 -2.932832079391701541e+00 0.000000000000000000e+00
-2.655202343331144466e+00 4.701551278785448540e-02 0.000000000000000000e+00
-4.577966863722560120e+00 7.437991964639267373e+00 0.000000000000000000e+00
1.068016552204902325e+01 -1.411149569107109203e+00 0.000000000000000000e+00
-3.942242734610119204e+00 8.945577978685044229e+00 0.000000000000000000e+00
5.295711272665400982e-01 -2.685351368461721844e+00 0.000000000000000000e+00
-9.195391039769715391e+00 1.435390219798365408e+01 0.000000000000000000e+00
1.709586357907856424e+01 1.077380334903700998e+00 0.000000000000000000e+00
1.030231772836047810e+01 4.357363173258420375e+00 0.000000000000000000e+00
-9.071040645425624049e+00 9.606267602629902314e+00 0.000000000000000000e+00
1.496461929473083785e+01 8.206042832110176377e+00 0.000000000000000000e+00
-5.748864833200904023e+00 -5.490084203874527446e+00 0.000000000000000000e+00
1.113092484540835336e+01 -5.240431519570911689e+00 0.000000000000000000e+00
1.076117050219315274e+01 2.091153761448353965e+00 0.000000000000000000e+00
-7.901941907437718626e+00 4.843146912204516319e+00 0.000000000000000000e+00
8.975597645325271046e+00 -8.475115327879313432e-01 0.000000000000000000e+00
1.575878382314243176e+01 3.352705802853916506e+00 0.000000000000000000e+00
1.026250769102700033e+01 8.057589261096815392e+00 0.000000000000000000e+00
1.736787306988159330e+01 -1.422272276636368904e+00 0.000000000000000000e+00
1.286517108270251519e+01 -4.774300548594434979e+00 0.000000000000000000e+00
6.427719346263895517e+00 -1.485298923086759260e+01 0.000000000000000000e+00
5.331544673582023997e+00 -1.587709305597066489e+01 0.000000000000000000e+00
-1.515608311783837969e+01 -3.445314325710047143e-01 0.000000000000000000e+00
1.190243086913779180e+01 -1.019576386485900521e+01 0.000000000000000000e+00
-3.442215395608949069e-01 -5.017169955361303835e+00 0.000000000000000000e+00
-7.234018307799654046e+00 1.521607145202077938e+01 0.000000000000000000e+00
3.107682487334787247e+00 -1.673330953964443646e-01 0.000000000000000000e+00
3.052116831268782526e+00 -1.901240905349421695e+00 0.000000000000000000e+00
1.611825008716723673e+01 5.804568753257619562e+00 0.000000000000000000e+00
-4.747111256208760288e+00 -1.597291285835470553e+01 0.000000000000000000e+00
-1.073510592085772597e+00 5.468082678338103797e+00 0.000000000000000000e+00
1.406621413850607105e+01 6.034032447445366820e+00 0.000000000000000000e+00
-1.512095076551304551e+01 -2.135712589556305829e+00 0.000000000000000000e+00
8.538940463442065365e+00 7.072682926825738292e+00 0.000000000000000000e+00
9.728844798601429034e+00 5.527466126277050806e-01 0.000000000000000000e+00
8.436635862051245383e+00 1.204616851804866329e+01 0.000000000000000000e+00
-5.055745421892836156e+00 -6.469905882017652488e-01 0.000000000000000000e+00
-1.428395879907865540e+00 1.688990223061743379e+01 0.000000000000000000e+00
4.961804610370918134e+00 -2.212660854084374407e+00 0.000000000000000000e+00
1.652701161176217681e+01 -4.847637100176949154e+00 0.000000000000000000e+00
-2.522287915592073659e+00 -1.432111255596905686e+01 0.000000000000000000e+00
-1.141884481130403195e+01 9.954374489984941121e+00 0.000000000000000000e+00
-5.388961226446469688e+00 1.410809618138961952e+01 0.000000000000000000e+00
9.579755789422821355e-01 -7.567175149672074497e+00 0.000000000000000000e+00
-4.733844771565652643e+00 -2.788214610136778848e+00 0.000000000000000000e+00
-8.519974480809599626e+00 1.279014474397678391e+01 0.000000000000000000e+00
-6.396238332903295465e+00 6.838209194582494987e+00 0.000000000000000000e+00
7.454604930353508685e+00 8.389065122311883727e+00 0.000000000000000000e+00
4.383756866249601813e+00 -5.429765753129645489e+00 0.000000000000000000e+00
9.057112567728120567e-01 6.141545036381425682e+00 0.000000000000000000e+00
9.982125854964243317e-01 9.693633331894666583e+00 0.000000000000000000e+00
1.136971837057558998e+00 -1.394485727269263364e+01 0.000000000000000000e+00
-2.706565898354277522e+00 6.252185900700237831e+00 0.000000000000000000e+00
-4.032575621177730163e+00 -5.936304322636361874e+00 0.000000000000000000e+00
-8.912365596775167376e+00 2.739312103003930687e+00 0.000000000000000000e+00
4.563486692835469150e+00 -1.039349919549808732e+01 0.000000000000000000e+00
5.037990934818935784e+00 3.496823020701864237e+00 0.000000000000000000e+00
9.764822276693019276e+00 1.071237731093125944e+01 0.000000000000000000e+00
1.156027652706904796e+01 6.954422315171671087e+00 0.000000000000000000e+00
1.216778112316732319e+01 1.251509025225387184e+01 0.000000000000000000e+00
1.276762169047559503e+01 -1.134321336836839889e+00 0.000000000000000000e+00
7.147229053571921398e+00 -1.974658726898085304e+00 0.000000000000000000e+00
1.382273630270122311e+01 3.615708841381634731e+00 0.000000000000000000e+00
8.980373578519857958e+00 -5.073728898228768713e+00 0.000000000000000000e+00
4.758069904900450453e+00 5.784104267895452400e-01 0.000000000000000000e+00
-6.124451036552340355e+00 -8.559389963457160633e+00 0.000000000000000000e+00
3.342426316859663959e+00 -1.678205281429663742e+01 0.000000000000000000e+00
-9.850226715630146401e+00 1.227650452845596041e+00 0.000000000000000000e+00
6.727064506698447133e+00 1.300090982619220092e+01 0.000000000000000000e+00
3.262392953259070527e+00 1.369806592553930180e+01 0.000000000000000000e+00
3.904081080581464747e+00 1.855754540595069058e+00 0.000000000000000000e+00
-7.200379564359582485e-01 8.777912022249509505e+00 0.000000000000000000e+00
2.826758571135540077e+00 1.117604299708421856e+01 0.000000000000000000e+00
3.983785023141996895e+00 -8.023607179247193244e+00 0.000000000000000000e+00
1.413637599341624806e+01 1.670348381315740260e+00 0.000000000000000000e+00
7.198097112409642229e+00 1.469429776096887608e+01 0.000000000000000000e+00
-1.080963459637161250e+01 3.255650788178096722e+00 0.000000000000000000e+00
7.731487954312010746e-01 1.227945412285747828e+01 0.000000000000000000e+00
-1.342051681817410902e+01 2.354052781418703777e+00 0.000000000000000000e+00
-8.478547766024064458e+00 7.240824926759007241e+00 0.000000000000000000e+00
-7.025767761561311886e+00 -2.909829951425145111e+00 0.000000000000000000e+00
1.662611935800387020e+00 -1.603885863270356538e+01 0.000000000000000000e+00
-1.347141291831317034e+01 -9.146355340534453759e+00 0.000000000000000000e+00
6.319799736390478984e+00 -8.974461565425139398e+00 0.000000000000000000e+00
-1.264206920643716536e+01 -2.574989243855201337e+00 0.000000000000000000e+00
-1.747794446024273141e+00 -6.348176095527707119e+00 0.000000000000000000e+00
-1.171728898151008735e+01 4.750458857027972215e+00 0.000000000000000000e+00
6.238761696304029769e+00 -6.174445567232170973e+00 0.000000000000000000e+00
-1.784744432157484573e+00 2.113530044281733300e+00 0.000000000000000000e+00
-5.340868569308717007e+00 -1.375695926392919155e+01 0.000000000000000000e+00
-1.660985555436257854e+01 -1.305241792703890624e+00 0.000000000000000000e+00
-4.636578429112986122e+00 4.802751902248544980e+00 0.000000000000000000e+00
5.550391876419423554e+00 1.622965943697625590e+01 0.000000000000000000e+00
1.010074005294410071e+01 -1.361953060600158771e+01 0.000000000000000000e+00
1.491339745643197823e+01 -7.669433812325284983e+00 0.000000000000000000e+00
8.117924454760963471e+00 -1.457068403015399660e+01 0.000000000000000000e+00
3.475474963881224344e+00 7.060404316399368163e+00 0.000000000000000000e+00
1.625954907750845280e+01 -2.915926851570159961e+00 0.000000000000000000e+00
-1.377539305517184509e+01 4.096400674184924040e-01 0.000000000000000000e+00
6.197592595410865712e+00 4.992826917575931667e+00 0.000000000000000000e+00
-1.289933799578707330e+01 -4.222995800685843015e+00 0.000000000000000000e+00
8.975899727236136272e+00 -8.499508749903688098e+00 0.000000000000000000e+00
-7.315118702264451933e+00 -5.089257606184987459e+00 0.000000000000000000e+00
-3.645981875273192951e+00 -1.649649667098834538e+00 0.000000000000000000e+00
-1.726626710834435485e+01 2.183650813288826320e-01 0.000000000000000000e+00
-1.548751496519925386e+00 1.326106497901122161e+01 0.000000000000000000e+00
-7.292291036542987825e+00 2.328804976980055841e+00 0.000000000000000000e+00
-1.541435638053811275e+01 -7.367838047037849059e+00 0.000000000000000000e+00
-3.972131512024931865e+00 -9.864341269687017189e+00 0.000000000000000000e+00
-7.467646418798782548e+00 1.001813173542918456e+01 0.000000000000000000e+00
-1.167670851533236132e+01 -1.670800408881027987e-01 0.000000000000000000e+00
5.799287529591568457e+00 -5.161844523823594377e-01 0.000000000000000000e+00
5.929009778427156263e+00 -3.793880927116551227e+00 0.000000000000000000e+00
-1.501852740487846383e+01 -3.860140054580574187e+00 0.000000000000000000e+00
-2.104472077492373749e+00 -2.887354797367339021e+00 0.000000000000000000e+00
1.073972129664309350e+01 9.498412339223030187e+00 0.000000000000000000e+00
-2.541804842473145865e+00 -7.623267297127073405e+00 0.000000000000000000e+00
-5.779917212244369829e+00 1.577765215795830045e+01 0.000000000000000000e+00
-1.072576356079164661e+01 -1.169965475864068694e+01 0.000000000000000000e+00
1.233070392476762578e+01 1.034338024936122480e+01 0.000000000000000000e+00
2.708446308064647923e+00 -9.155120740250287881e+00 0.000000000000000000e+00
-1.029117062928158255e+01 7.335755746989078396e+00 0.000000000000000000e+00
1.232472396562428152e+01 7.833370996692198274e-01 0.000000000000000000e+00
1.185417824328575520e+01 -2.705614848416299179e+00 0.000000000000000000e+00
-2.650273418943662751e+00 4.589138537451754374e+00 0.000000000000000000e+00
-5.158326976357483495e+00 9.062004422906484447e-01 0.000000000000000000e+00
-1.384726527177667421e+01 -5.673124372394247494e+00 0.000000000000000000e+00
-1.026976956004495456e+01 -8.777509977655530093e+00 0.000000000000000000e+00
1.900073135344339859e+00 -5.370622638871737742e+00 0.000000000000000000e+00
2.709109353392459063e+00 -1.484572019325427483e+01 0.000000000000000000e+00
-7.511586156144340887e-01 -1.596659195119256580e+01 0.000000000000000000e+00
-8.620797217676970381e-02 1.960889711315989548e+00 0.000000000000000000e+00
-1.278999204846200888e+00 -1.313127449010949244e+00 0.000000000000000000e+00
6.569066406728061303e+00 1.451626869130144604e+00 0.000000000000000000e+00
-1.337821672127884298e+01 7.029671301456899002e+00 0.000000000000000000e+00
1.070744147717459960e+01 -8.323576653583232954e+00 0.000000000000000000e+00
1.356510380372091795e+01 7.500087223394850788e+00 0.000000000000000000e+00
-6.330619640134053761e+00 1.249135945994134822e+01 0.000000000000000000e+00
-8.875713545499628765e+00 -5.750424543810987998e+00 0.000000000000000000e+00
5.688339356533554714e+00 1.154150417344503587e+01 0.000000000000000000e+00
-3.624653876799419638e+00 1.373529572951306044e+01 0.000000000000000000e+00
-6.345339086712726839e+00 5.111527530510703521e+00 0.000000000000000000e+00
-1.002698018041932215e+01 1.223754064122442209e+01 0.000000000000000000e+00
-9.191557320599384795e+00 -3.569862942445921394e+00 0.000000000000000000e+00
7.002787245011609762e+00 1.069305119128366144e+01 0.000000000000000000e+00
8.110585577316243189e+00 1.840425854788231952e+00 0.000000000000000000e+00
-8.767397391559791586e+00 -6.624868443603740831e-01 0.000000000000000000e+00
1.506305841835117043e+01 -8.012976699833604943e-01 0.000000000000000000e+00
5.252942866478781392e-01 -9.170246185175660258e+00 0.000000000000000000e+00
1.485649831402720977e+01 -4.849347007093718354e+00 0.000000000000000000e+00
2.132643255796357273e+00 1.592359722687046997e+01 0.000000000000000000e+00
-1.046022931957320701e+01 -2.740970060664841057e+00 0.000000000000000000e+00
1.338521322511404854e+01 -1.056407026427785034e+01 0.000000000000000000e+00
-1.486545607861280693e+01 1.587210372116585777e+00 0.000000000000000000e+00
-1.707066395790415747e+00 1.520536264747927468e+01 0.000000000000000000e+00
-9.760675583701740265e+00 4.423472049480731805e+00 0.000000000000000000e+00
-1.086901594832417928e+01 -4.408874871737075374e+00 0.000000000000000000e+00
-1.148786770123490797e+01 1.387665805999027002e+00 0.000000000000000000e+00
1.004414828141569238e+01 6.371219331273514364e+00 0.000000000000000000e+00
-1.192391738641377863e+01 -9.164945809170719215e+00 0.000000000000000000e+00
7.138770494868071914e+00 -1.292940757620529268e+01 0.000000000000000000e+00
1.231861279726336988e+01 4.105259292547453143e+00 0.000000000000000000e+00
-3.803806858729327445e+00 3.033368066071973068e+00 0.000000000000000000e+00
1.993346250895932759e+00 1.157695000276366404e+00 0.000000000000000000e+00
8.173567983901323331e+00 -3.637284510764768886e+00 0.000000000000000000e+00
-1.283299656077330653e+01 1.132854341844940116e+01 0.000000000000000000e+00
-5.807571216128139646e+00 -3.911084655442884639e+00 0.000000000000000000e+00
-6.439824999979741449e+00 -1.551968046724461203e+01 0.000000000000000000e+00
-6.187974132601614663e-01 3.912386135281160637e+00 0.000000000000000000e+00
7.404951038867310764e+00 -5.075354172387452678e+00 0.000000000000000000e+00
-1.664317537323082519e+01 -5.060539053331125636e+00 0.000000000000000000e+00
-3.041159440619107812e-01 1.062487365450041743e+01 0.000000000000000000e+00
-1.112250443613178064e+01 -1.338582073056609723e+01 0.000000000000000000e+00
1.233763717314883124e+01 2.311624578240196737e+00 0.000000000000000000e+00
1.263386486733296543e+01 8.786718069257783981e+00 0.000000000000000000e+00
5.615279680758895609e-01 7.789871941004945732e+00 0.000000000000000000e+00
-7.014019476545128029e+00 -1.274291133400154230e+01 0.000000000000000000e+00
5.266820050369643624e+00 1.475102667440512327e+01 0.000000000000000000e+00
-1.704651668767753847e+01 3.691008262684266406e+00 0.000000000000000000e+00
1.388479682123345604e+01 -6.530227724930971256e+00 0.000000000000000000e+00
-6.521516788455836711e+00 -6.832585966324445259e+00 0.000000000000000000e+00
-8.663605212952031565e+00 1.112933634255721316e+01 0.000000000000000000e+00
-1.499687915761877877e+00 -1.728719240755280140e+01 0.000000000000000000e+00
4.966181634430763658e+00 6.400928717445738769e+00 0.000000000000000000e+00
2.738218453313256084e+00 -3.478996468313778845e+00 0.000000000000000000e+00
-5.592337929540825314e+00 -1.204581420415547832e+01 0.000000000000000000e+00
9.937469845667216362e+00 -9.685977511175762444e+00 0.000000000000000000e+00
1.237424027568688167e+01 -1.235950522045879829e+01 0.000000000000000000e+00
9.171037979431371667e+00 1.467207165607794472e+01 0.000000000000000000e+00
3.473951964434641049e+00 3.347151806545103359e+00 0.000000000000000000e+00
