7.727846728727280734e+00 -7.944256868115157744e+00 0.000000000000000000e+00
1.184424696207325489e+01 -4.924664914902286306e+00 0.000000000000000000e+00
1.535359987093490197e+00 -1.661623374633875017e+01 0.000000000000000000e+00
-3.528324387166085874e+00 5.294963477029097199e+00 0.000000000000000000e+00
3.539959742098754969e+00 5.164089974280408946e+00 0.000000000000000000e+00
1.392024014004232058e+01 -1.001029525421224475e+00 0.000000000000000000e+00
2.993902139126427553e+00 9.469384253265044293e+00 0.000000000000000000e+00
2.072759323545426025e+00 -3.406307878129614775e+00 0.000000000000000000e+00
4.466859919608870300e+00 -4.866994973435440741e+00 0.000000000000000000e+00
-1.187845194122026626e+01 -7.148628643920478254e+00 0.000000000000000000e+00
3.073718882577554101e+00 3.263424513546386851e+00 0.000000000000000000e+00
-2.517431273950907045e+00 -3.286895359926259808e+00 0.000000000000000000e+00
1.634775036764659006e+01 3.701709101204870844e+00 0.000000000000000000e+00
1.041832818489930190e+01 9.890405267819161850e+00 0.000000000000000000e+00
-3.302222635982176691e+00 1.491162523787444272e+01 0.000000000000000000e+00
-8.760257522500641159e+00 5.659323281985402687e+00 0.000000000000000000e+00
7.362659255928198476e+00 -2.348764134556029948e+00 0.000000000000000000e+00
-6.804717149822486988e+00 1.499606689513345437e+01 0.000000000000000000e+00
-1.057132253594120996e+01 8.438159045230012367e+00 0.000000000000000000e+00
-4.905001154483824344e+00 4.541011268167044257e+00 0.000000000000000000e+00
2.466737744945803001e+00 -1.411422794812984094e+01 0.000000000000000000e+00
-7.514582991086057540e+00 3.888945036795146581e+00 0.000000000000000000e+00
-6.647444352395602607e+00 1.722340504008980977e+00 0.000000000000000000e+00
1.325823900800646271e+01 1.726916136089186704e+00 0.000000000000000000e+00
-9.020336308276810655e+00 3.191352927741627710e+00 0.000000000000000000e+00
-1.438836682991656879e+01 -6.889276452799560246e+00 0.000000000000000000e+00
-5.235969974047121056e+00 -9.919241628801795940e+00 0.000000000000000000e+00
9.700753376522827764e+00 8.473074645688157602e+00 0.000000000000000000e+00
1.208898797416557258e+01 -1.789595571678452846e+00 0.000000000000000000e+00
6.050855748151548141e+00 -4.249784213382204356e+00 0.000000000000000000e+00
-3.899750761001491206e+00 -4.003999862618614181e+00 0.000000000000000000e+00
-6.155998928386819280e+00 -2.024021893362163205e+00 0.000000000000000000e+00
-9.387300603539024735e+00 -6.221489262718963964e+00 0.000000000000000000e+00
-1.467032411585159402e+01 2.058570525674933371e+00 0.000000000000000000e+00
-1.617869568343272002e+00 -1.020668681731812732e+01 0.000000000000000000e+00
-6.853439632756053612e+00 -1.596979162071086478e+01 0.000000000000000000e+00
-1.139501934858255794e+01 5.414955850826640216e+00 0.000000000000000000e+00
-1.260251424344515980e+00 -1.292914546266638176e+01 0.000000000000000000e+00
6.350041255851113675e+00 -1.557775502690462943e+01 0.000000000000000000e+00
1.462385591725005796e+01 2.452065482205731950e+00 0.000000000000000000e+00
5.796901023498230110e+00 5.325797048554916202e+00 0.000000000000000000e+00
-3.473584562523069241e+00 1.162282180139870746e+01 0.000000000000000000e+00
-7.786566471167631676e+00 -1.099866069762169474e+01 0.000000000000000000e+00
-1.305896134382066620e+01 -5.804689390239324176e+00 0.000000000000000000e+00
-9.066420905830820942e+00 -4.081416478229356493e+00 0.000000000000000000e+00
-2.263861198223378057e-01 -8.922068192452240476e-01 0.000000000000000000e+00
1.673797083095888816e+00 8.408803251283947233e+00 0.000000000000000000e+00
-7.246718679971679844e-01 1.014722856386413419e+01 0.000000000000000000e+00
1.241871617321446486e+01 8.558735763787757023e+00 0.000000000000000000e+00
-5.040671956686309407e+00 -6.193046181474119116e+00 0.000000000000000000e+00
8.369254561876882548e+00 9.216497685397877504e+00 0.000000000000000000e+00
9.245752582120514873e+00 -1.162659292346836359e+01 0.000000000000000000e+00
-8.604661642657058351e+00 1.195140573022776387e+01 0.000000000000000000e+00
2.551722594806804523e+00 -1.077238648526354581e+01 0.000000000000000000e+00
1.352504639923321506e+01 -2.824455037793420331e+00 0.000000000000000000e+00
-8.650988498263705750e+00 1.004976591174523115e+01 0.000000000000000000e+00
-1.440539980704201195e+00 -5.422319202474419342e+00 0.000000000000000000e+00
1.614574077838640820e+00 1.611462019254413747e+01 0.000000000000000000e+00
1.085564813366598536e+01 1.684115365688368726e+00 0.000000000000000000e+00
7.268898571715864065e+00 -4.461550993686445032e-01 0.000000000000000000e+00
8.489906071419758282e-01 -1.226011178118003464e+01 0.000000000000000000e+00
-7.599266668480759712e+00 -1.435186170497753366e+01 0.000000000000000000e+00
1.291308485377787862e+00 1.194391035690187231e+01 0.000000000000000000e+00
-8.562082324310120285e+00 1.450319937630882094e+01 0.000000000000000000e+00
-9.088306327711652699e+00 -1.112678804545055966e+00 0.000000000000000000e+00
4.662531947267431143e+00 -1.199419920422972474e+01 0.000000000000000000e+00
6.652907000239705937e+00 1.130417059748246622e+01 0.000000000000000000e+00
-7.124237547045263241e+00 -7.036854031738270621e+00 0.000000000000000000e+00
-6.826480157424287931e+00 7.479202326748188412e+00 0.000000000000000000e+00
-1.083620683671099805e+01 -3.874324611266286578e+00 0.000000000000000000e+00
-1.457181025384268480e+01 6.390847320518705743e+00 0.000000000000000000e+00
9.455581222124617824e+00 -1.699991310350387641e+00 0.000000000000000000e+00
-1.085688880613225749e+01 1.764950689113084836e+00 0.000000000000000000e+00
3.220597167477909917e+00 -8.150625875557841127e+00 0.000000000000000000e+00
5.342508563391729304e+00 -1.433039720437576037e+01 0.000000000000000000e+00
1.009400760659012164e+01 7.004019322132102765e+00 0.000000000000000000e+00
-1.789966564546989325e+00 -1.550437118356972732e+01 0.000000000000000000e+00
-1.315577747967234323e+01 1.649201890387763214e+00 0.000000000000000000e+00
-7.669579274440540217e+00 -3.364379953566371206e+00 0.000000000000000000e+00
-4.102018881709172504e+00 2.478272087434440607e+00 0.000000000000000000e+00
-1.023517889543649240e+01 1.193996847763563096e+01 0.000000000000000000e+00
1.634240146342505184e+01 2.017193258620180618e+00 0.000000000000000000e+00
-1.108706812826961929e+01 -1.084622652425497513e+01 0.000000000000000000e+00
-1.541527536193079939e+01 4.567145642710894293e+00 0.000000000000000000e+00
-1.053971041567792888e+01 -8.698764038277433386e+00 0.000000000000000000e+00
9.646172750857110595e-03 1.672085061351425495e+01 0.000000000000000000e+00
3.305050100220673137e+00 1.535859158182519613e+00 0.000000000000000000e+00
4.648041885019611463e+00 1.420166827498844420e+01 0.000000000000000000e+00
4.508765021472824763e+00 -2.489391074964010020e+00 0.000000000000000000e+00
-2.530948075210292525e-01 2.751176029381735777e+00 0.000000000000000000e+00
1.242630349461126116e+01 1.039200299533588456e+01 0.000000000000000000e+00
-8.799373700961220734e+00 1.339537738324479310e+00 0.000000000000000000e+00
-2.759116328331092660e-01 1.165910014532374639e+01 0.000000000000000000e+00
8.224458983166853088e+00 6.248951508842059965e+00 0.000000000000000000e+00
-1.317732102341078715e+01 8.318936013207943958e+00 0.000000000000000000e+00
-2.176073283893652732e+00 8.271404399727766421e-01 0.000000000000000000e+00
8.072360998621661565e+00 -1.037793223140552534e+01 0.000000000000000000e+00
5.198171421024089689e+00 1.065972284653149948e+01 0.000000000000000000e+00
1.612366323882676156e+01 -4.550916028972765481e+00 0.000000000000000000e+00
1.166797943520414371e+01 -7.112373329130835309e+00 0.000000000000000000e+00
-7.156189217383265522e+00 5.887805684862621902e+00 0.000000000000000000e+00
-5.236060625397097823e+00 1.641304850723963327e+01 0.000000000000000000e+00
-1.987128489323861213e+00 -7.599242317749569153e+00 0.000000000000000000e+00
5.090088407073576349e+00 -9.096451497880302384e+00 0.000000000000000000e+00
7.246406709609013674e+00 7.455601858091827516e+00 0.000000000000000000e+00
-1.300244105224780178e+01 -3.439213357459771192e+00 0.000000000000000000e+00
1.430984652498258214e+01 -4.902873144101958403e+00 0.000000000000000000e+00
-1.221393892897259548e+01 3.492778273908413444e-01 0.000000000000000000e+00
-9.207076952964952099e+00 -1.329033057256991768e+01 0.000000000000000000e+00
-4.652368309582298522e+00 -1.294198111172604193e+01 0.000000000000000000e+00
6.983857029129013350e-02 -9.617316169698218786e+00 0.000000000000000000e+00
1.084291383473039261e+01 -8.880449389539016636e+00 0.000000000000000000e+00
3.759761698736606483e+00 -1.629085300893869359e+01 0.000000000000000000e+00
7.000306988127587893e+00 -1.373649548169917267e+01 0.000000000000000000e+00
1.498876412430233884e+01 -3.230522989466210415e+00 0.000000000000000000e+00
8.387092844886579357e+00 1.662863505370784756e+00 0.000000000000000000e+00
-1.017132301976585218e+01 1.650074414974945503e-01 0.000000000000000000e+00
-6.373591025611877292e+00 -8.677547536009976525e+00 0.000000000000000000e+00
-1.486499673572804348e+01 -5.921928652031368534e-01 0.000000000000000000e+00
3.023345613686900357e+00 -7.484291002369016788e-01 0.000000000000000000e+00
-2.384650948068008702e+00 1.016478476182327739e+01 0.000000000000000000e+00
1.635175530818619327e+00 5.911904806543669011e+00 0.000000000000000000e+00
-4.414119515680695827e+00 7.885597721807533489e+00 0.000000000000000000e+00
1.603245476676667636e+01 -1.752885956813367008e+00 0.000000000000000000e+00
9.936597255275362528e+00 -2.199518115862719725e-01 0.000000000000000000e+00
1.362760730227378936e+01 -7.752739425685848396e+00 0.000000000000000000e+00
-6.422792796941688032e+00 1.234186088006343418e+01 0.000000000000000000e+00
4.121394099092655416e+00 8.017167664635000079e+00 0.000000000000000000e+00
-1.564093793365000629e+01 -4.339689658221373314e+00 0.000000000000000000e+00
-3.082407057322023025e+00 -1.687898241929515564e+01 0.000000000000000000e+00
1.020984024287671055e+01 1.243807855428821973e+01 0.000000000000000000e+00
-1.716923871780586097e+01 2.592485442501213377e+00 0.000000000000000000e+00
-1.856895980705395743e+00 1.348123702497686516e+01 0.000000000000000000e+00
-1.492841680305735941e-01 -6.375948526854678278e+00 0.000000000000000000e+00
1.406456210159677411e+01 6.043488628004308971e+00 0.000000000000000000e+00
-4.411809766695670376e+00 -1.747764237890055083e+00 0.000000000000000000e+00
-1.131122675470282068e+01 3.816100303023032492e+00 0.000000000000000000e+00
-1.698047873040656341e+01 -2.710315083563244354e+00 0.000000000000000000e+00
1.417505012059751124e+01 -9.946396464467619936e+00 0.000000000000000000e+00
-1.316704324108589219e+01 3.917278011810046312e+00 0.000000000000000000e+00
1.561785243595809192e+01 7.261103132519324710e+00 0.000000000000000000e+00
1.291733422495970807e+01 3.653870202558741287e+00 0.000000000000000000e+00
7.967594792517546765e+00 3.517742075812131830e+00 0.000000000000000000e+00
-3.975193897495689743e+00 -8.632574282562808676e+00 0.000000000000000000e+00
9.985980669139335575e+00 3.879270746951350102e+00 0.000000000000000000e+00
-1.401176420799095546e+01 9.884151977428155433e+00 0.000000000000000000e+00
9.296855767419595296e+00 -1.475444324228343085e+01 0.000000000000000000e+00
5.012163370429880693e+00 8.595171707962036625e-03 0.000000000000000000e+00
-3.120814038150724112e+00 -1.096735998724091132e+01 0.000000000000000000e+00
-7.038714797190878114e-01 5.816696989747624613e+00 0.000000000000000000e+00
1.171831308107625524e+01 7.071603467230481499e+00 0.000000000000000000e+00
6.237681797342971013e-01 -4.136873448930124653e+00 0.000000000000000000e+00
-1.264082978126371515e+01 -1.134757142125272544e+01 0.000000000000000000e+00
-1.264304248766896244e+01 -8.607115843072497441e+00 0.000000000000000000e+00
2.979534233051358338e+00 -6.146701945346621621e+00 0.000000000000000000e+00
-5.902065604185485093e+00 1.378968498561068756e+01 0.000000000000000000e+00
1.119792308850890628e+01 -1.137579859315690278e+01 0.000000000000000000e+00
-8.890952657543730098e+00 7.448944334320568572e+00 0.000000000000000000e+00
-3.044198080316756538e+00 1.719246472496929456e+01 0.000000000000000000e+00
7.584651257260951240e+00 -3.872056476614783804e+00 0.000000000000000000e+00
7.309401767560327556e+00 -1.206811984882451405e+01 0.000000000000000000e+00
-1.444348214551765208e+00 1.612457400404654351e+01 0.000000000000000000e+00
7.826835245751787573e-01 1.468091347652991097e+01 0.000000000000000000e+00
1.640691724658990935e+01 5.668930896027294608e+00 0.000000000000000000e+00
5.028490628860426526e+00 3.458715789736362733e+00 0.000000000000000000e+00
9.450071783006041670e+00 -7.359691832306050507e+00 0.000000000000000000e+00
-1.503572338900472372e-01 -1.468031215076246276e+01 0.000000000000000000e+00
-9.231685834159861770e-01 8.345865408353372317e+00 0.000000000000000000e+00
-1.146989336738634790e+01 -2.475084695463307227e+00 0.000000000000000000e+00
1.398399704565459700e+00 -7.094798013781944412e-01 0.000000000000000000e+00
-1.405076633314269507e+01 -9.172603803413771573e+00 0.000000000000000000e+00
-5.004659285136223712e-01 9.640081149816255301e-01 0.000000000000000000e+00
9.554687126226586003e+00 -1.319085946779650165e+01 0.000000000000000000e+00
-1.652162730699633997e+01 1.103275096628124174e+00 0.000000000000000000e+00
1.719158807228944852e+01 -7.109132122150978450e-01 0.000000000000000000e+00
3.131159229061968752e+00 6.627329214526591628e+00 0.000000000000000000e+00
-6.968091286956547004e-01 -2.333224582401905334e+00 0.000000000000000000e+00
-6.034210738180258105e+00 1.027757971745822196e+01 0.000000000000000000e+00
1.115220303746549213e+01 -1.323601103758420017e+01 0.000000000000000000e+00
6.213210514870996626e+00 1.364924066780627498e+01 0.000000000000000000e+00
-1.400455977284161158e+01 -2.089587170435364349e+00 0.000000000000000000e+00
1.700271226758639065e+00 1.680919440767463691e+00 0.000000000000000000e+00
-5.493200549813421318e+00 -4.074396159101943304e+00 0.000000000000000000e+00
8.069288583677726834e+00 1.357834901616162782e+01 0.000000000000000000e+00
9.502368055928732460e+00 -5.379750449682255464e+00 0.000000000000000000e+00
1.491077056950758006e+01 4.616237399578994705e+00 0.000000000000000000e+00
1.075091749950550124e+01 -2.477312253346803050e+00 0.000000000000000000e+00
1.288809640285133895e+01 -1.073280753641996377e+01 0.000000000000000000e+00
-1.194286561259275992e+01 1.114259712196151320e+01 0.000000000000000000e+00
1.282840424996469686e+01 1.056095222767892694e-01 0.000000000000000000e+00
4.737524947504623718e+00 1.683412224297753923e+01 0.000000000000000000e+00
-1.578959762322022398e+00 -1.733582962182522991e+01 0.000000000000000000e+00
1.602922313895773954e+01 -6.162202504716476348e+00 0.000000000000000000e+00
-1.035555589178780700e+01 6.820225935471040835e+00 0.000000000000000000e+00
1.524572389356858793e+01 -8.556961416884771410e+00 0.000000000000000000e+00
-1.178849467058823208e+01 7.309338501227712115e+00 0.000000000000000000e+00
1.219830003436122823e+01 5.318535498800618377e+00 0.000000000000000000e+00
1.343913588125155378e+00 -5.644666603720037479e+00 0.000000000000000000e+00
1.445832584593034831e+01 8.898156390346494860e+00 0.000000000000000000e+00
9.350463259873247779e+00 -3.639305290912976609e+00 0.000000000000000000e+00
2.656007786589487107e+00 1.108504431490140618e+01 0.000000000000000000e+00
2.608492984469775511e+00 1.277329345090496027e+01 0.000000000000000000e+00
-3.047083004037297815e+00 -6.101189478108820730e+00 0.000000000000000000e+00
-9.677659889217345324e+00 -2.608924211915087277e+00 0.000000000000000000e+00
-7.709563797952990072e+00 -4.949194958592629590e+00 0.000000000000000000e+00
5.933105071149475052e+00 9.065578635707904454e+00 0.000000000000000000e+00
6.093241060976977153e+00 1.948147323164233224e+00 0.000000000000000000e+00
-1.725389497915957548e+01 -1.093523764856037639e+00 0.000000000000000000e+00
-5.273140901000952674e+00 -1.507518212770494692e+01 0.000000000000000000e+00
4.728960305968692879e+00 -7.215209807077566317e+00 0.000000000000000000e+00
-1.097871747040916546e+01 9.926086291464836009e+00 0.000000000000000000e+00
-1.740361756038518060e+00 7.057988595660539488e+00 0.000000000000000000e+00
-5.437461078723213603e+00 -5.110487942563193275e-01 0.000000000000000000e+00
6.806070535584658465e+00 -5.758438200592290279e+00 0.000000000000000000e+00
1.165815362494025464e+01 1.184103310302672085e+01 0.000000000000000000e+00
-9.310780373242202757e+00 -9.569348476621369670e+00 0.000000000000000000e+00
-2.929664618994450187e+00 -1.448957330347558603e+01 0.000000000000000000e+00
-6.536579811262189565e+00 -1.198748109448592913e+01 0.000000000000000000e+00
-4.083093480384920149e+00 9.635099145708384327e+00 0.000000000000000000e+00
8.790047031564350632e+00 1.144827186148401488e+01 0.000000000000000000e+00
-4.127709520174896340e+00 1.323150050335786432e+01 0.000000000000000000e+00
-1.576693842268956303e+01 7.466282447451700222e+00 0.000000000000000000e+00
-9.479828306465165610e+00 -1.172750405316969236e+01 0.000000000000000000e+00
3.235241264002270078e+00 1.537350803105680974e+01 0.000000000000000000e+00
6.580273065785734232e+00 1.578795310629636894e+01 0.000000000000000000e+00
-1.857129284599585706e+00 -1.322221595814664363e+00 0.000000000000000000e+00
1.279835164512606704e+00 3.422473300736403434e+00 0.000000000000000000e+00
-7.241024377677657498e+00 2.585911202741325576e-01 0.000000000000000000e+00
7.561199712278152685e-01 9.788559175997336936e+00 0.000000000000000000e+00
1.164225409174184794e-01 -1.714838656373965975e+01 0.000000000000000000e+00
-4.866844426413718949e+00 -1.653763411365395442e+01 0.000000000000000000e+00
1.036889995095854777e+00 -7.926476356913169319e+00 0.000000000000000000e+00
-2.229745473079532747e+00 3.956273414010430312e+00 0.000000000000000000e+00
6.168805991396058452e+00 -1.024547677181899452e+01 0.000000000000000000e+00
1.536606366128094869e+01 8.163167244420228563e-01 0.000000000000000000e+00
3.419612300222992229e-01 1.313251197041394391e+01 0.000000000000000000e+00
-5.580082175489026186e-01 -1.158458404143108744e+01 0.000000000000000000e+00
1.008607194822651998e+01 -1.029687091306356450e+01 0.000000000000000000e+00
5.725652687963318499e+00 7.281619890219015012e+00 0.000000000000000000e+00
-9.155602459121334746e+00 -7.890145273303968310e+00 0.000000000000000000e+00
1.351844514544229980e+01 -6.198247023745762974e+00 0.000000000000000000e+00
-1.098799876266706832e+01 -1.322409797364191242e+01 0.000000000000000000e+00
-9.630412959294311293e+00 1.336649031531136345e+01 0.000000000000000000e+00
4.354724142210872451e+00 1.232846481948769224e+01 0.000000000000000000e+00
-5.843133835945391930e+00 8.633961923519063220e+00 0.000000000000000000e+00
-1.556347718334364671e+01 -7.972128831629869516e+00 0.000000000000000000e+00
2.650516713954324199e+00 -1.244889593900455615e+01 0.000000000000000000e+00
1.011178358176103664e+01 1.426443454979226466e+01 0.000000000000000000e+00
6.505339977475085078e+00 3.942117810745077833e+00 0.000000000000000000e+00
8.271146689330334922e+00 1.517071734810814831e+01 0.000000000000000000e+00
3.902710529376705040e+00 -1.354026354824963008e+01 0.000000000000000000e+00
3.048397953951965444e+00 1.714059017749410074e+01 0.000000000000000000e+00
6.156707724643609048e+00 -7.781863519421825082e+00 0.000000000000000000e+00
-3.869346183303927322e+00 6.408626631077281310e-02 0.000000000000000000e+00
-1.298009266504019088e+01 5.684619197109999966e+00 0.000000000000000000e+00
-7.657264650435607223e+00 -1.845687352232792788e+00 0.000000000000000000e+00
