2.415561241642635082e+00 1.399159171031988613e+01 0.000000000000000000e+00
-1.373369453777683091e+01 -7.939382462670105056e+00 0.000000000000000000e+00
1.408887411425525293e+01 -1.014829570846757711e+01 0.000000000000000000e+00
-1.139905818629526912e+01 2.097060471371556378e+00 0.000000000000000000e+00
1.476703342870097124e+01 5.548522046028885768e+00 0.000000000000000000e+00
-5.057354258982773132e+00 3.759904739822300002e+00 0.000000000000000000e+00
7.078816565426145901e-01 -4.464717825066039092e-01 0.000000000000000000e+00
1.873222000827971412e+00 1.086351534323682699e+01 0.000000000000000000e+00
4.807692723986470185e+00 5.172939055879068881e+00 0.000000000000000000e+00
-1.204065985568413488e+01 -9.003805580826698574e+00 0.000000000000000000e+00
-1.269951736050009394e+01 1.027340647774918203e+01 0.000000000000000000e+00
-1.008640736752801992e+01 5.616437644050806810e+00 0.000000000000000000e+00
3.248873743649403512e+00 1.653692396859610270e+01 0.000000000000000000e+00
9.430194031942258803e+00 -6.141644378671309745e+00 0.000000000000000000e+00
9.737294778565978026e-01 -1.490504212666928829e+01 0.000000000000000000e+00
-1.605947800006907045e+01 -4.613031039380428133e+00 0.000000000000000000e+00
-7.590384799168806929e+00 3.457991001125975128e+00 0.000000000000000000e+00
1.277866880473926869e+01 5.537522832328402700e+00 0.000000000000000000e+00
8.723769001759654529e+00 -8.534667023247301643e+00 0.000000000000000000e+00
1.058221747336255625e+01 -2.782880520216435727e+00 0.000000000000000000e+00
-1.367135538254918004e+01 -1.062852897594092205e+01 0.000000000000000000e+00
3.932075978070993738e+00 -1.264832448915396590e+01 0.000000000000000000e+00
-3.115635163030249455e+00 -5.170698130154470995e+00 0.000000000000000000e+00
1.031270399202202981e+01 -1.011109947527990904e+01 0.000000000000000000e+00
-2.423410210652035879e+00 1.495659332237066685e+01 0.000000000000000000e+00
1.003425149742073508e+01 4.618795909096055752e+00 0.000000000000000000e+00
-1.126528365669528187e+00 1.187437218744724277e+01 0.000000000000000000e+00
-8.928463923674132552e-01 -2.306920446200527941e+00 0.000000000000000000e+00
-7.478927605790739896e+00 -2.185594093866501275e+00 0.000000000000000000e+00
3.483720111344640991e+00 -2.418185736187461909e+00 0.000000000000000000e+00
-2.191858186587561264e+00 -1.331582744585811184e+01 0.000000000000000000e+00
4.620500283220473570e+00 -1.442173627872549879e+01 0.000000000000000000e+00
1.463602774913678672e+01 8.452888768993252810e+00 0.000000000000000000e+00
8.783932104007892150e+00 -4.439000923969759205e-01 0.000000000000000000e+00
1.333102141645211347e+01 1.362580098020344188e+00 0.000000000000000000e+00
1.236527836054613516e+01 -2.273647712656954312e-01 0.000000000000000000e+00
1.569271698102989276e+01 -1.961131929109268590e+00 0.000000000000000000e+00
1.810256759776198265e+00 -5.492341505619257269e+00 0.000000000000000000e+00
-3.277991181940869581e+00 -3.344822117710104514e+00 0.000000000000000000e+00
-2.319260186848826066e+00 -1.577779193419485537e+01 0.000000000000000000e+00
4.245667181029090465e+00 -8.109058810865652944e+00 0.000000000000000000e+00
-1.794306529799144512e+00 5.181688680646605594e-01 0.000000000000000000e+00
9.961127010611251720e+00 1.392683790398318955e+01 0.000000000000000000e+00
7.797509357231166227e+00 2.337201031638486803e+00 0.000000000000000000e+00
2.865226567595460794e-02 7.180841241134469755e+00 0.000000000000000000e+00
-4.150871513510913324e+00 2.932987085928717708e-01 0.000000000000000000e+00
-1.593445217444906348e+01 6.766990309832713102e+00 0.000000000000000000e+00
3.866337703818064853e+00 3.473851255869782051e+00 0.000000000000000000e+00
7.171874169930663179e+00 6.026041622950442544e+00 0.000000000000000000e+00
7.799805334862005779e+00 -4.588318499364842928e+00 0.000000000000000000e+00
-3.742720070740938709e+00 1.216699833382573104e+01 0.000000000000000000e+00
6.138131162210263447e+00 1.064973687022805215e+01 0.000000000000000000e+00
1.156823379401461160e+01 1.149111597951086949e+01 0.000000000000000000e+00
1.250489805149722677e+01 2.676217821663420704e+00 0.000000000000000000e+00
3.617196097282070255e+00 1.429104044406409368e+00 0.000000000000000000e+00
1.158090764216965418e+01 4.030742088654959865e+00 0.000000000000000000e+00
2.357702331025048448e+00 3.928969098284672778e+00 0.000000000000000000e+00
-9.634012107623865617e+00 -1.982443426242528062e-01 0.000000000000000000e+00
-7.528547705165213877e+00 9.579137858783143500e+00 0.000000000000000000e+00
5.481110576467600026e+00 1.347159109741662775e+01 0.000000000000000000e+00
-7.711269617286266254e+00 1.234502302236376359e+01 0.000000000000000000e+00
7.128255554173537512e+00 -7.515566131130246852e+00 0.000000000000000000e+00
1.124719597304530616e+01 6.759071768586919049e+00 0.000000000000000000e+00
-9.081218836634686653e+00 -1.242776878127922835e+01 0.000000000000000000e+00
-1.470542261190071898e+01 -2.527195420569528839e+00 0.000000000000000000e+00
6.149882533957923947e+00 -1.381228994362527729e+01 0.000000000000000000e+00
1.257186533202997447e+00 -2.711959418135192923e+00 0.000000000000000000e+00
-1.187546147730584245e+01 4.942260090288100649e+00 0.000000000000000000e+00
-7.500463730431828679e+00 -1.282550742048128711e+01 0.000000000000000000e+00
-1.086261754991660844e+01 8.143885619427956968e+00 0.000000000000000000e+00
-4.953775531214582806e+00 -1.047481010899101728e+00 0.000000000000000000e+00
-1.131325194099693476e+01 -1.020113147269090303e+00 0.000000000000000000e+00
-5.047180625972479184e+00 -1.057820016270386709e+01 0.000000000000000000e+00
-1.497257350147065047e+01 2.328434776339667334e+00 0.000000000000000000e+00
1.292025797298723155e+01 8.250733816533081466e+00 0.000000000000000000e+00
-5.259390088028824906e+00 -1.304269781466288691e+01 0.000000000000000000e+00
-4.070523886920546452e+00 -1.539831460291246223e+01 0.000000000000000000e+00
-1.714781363576495521e-01 -1.626760154603726960e+01 0.000000000000000000e+00
-1.704145485494753487e+01 3.257659753801452229e+00 0.000000000000000000e+00
-1.429551403028353462e+01 5.741693750165999255e+00 0.000000000000000000e+00
-9.706441890269935868e+00 1.240883925939070309e+01 0.000000000000000000e+00
-1.307504407744333896e+01 -2.889735996556447528e+00 0.000000000000000000e+00
-1.278923015585879064e+01 -6.693596761861207334e+00 0.000000000000000000e+00
7.088096595322682880e+00 -5.779347650377915091e-01 0.000000000000000000e+00
-1.639701695700482409e+00 9.810321457169893122e+00 0.000000000000000000e+00
8.212580757031847867e+00 1.106715030527022670e+01 0.000000000000000000e+00
1.281942537644906466e+01 -7.130167696319158033e+00 0.000000000000000000e+00
-1.048520637094239127e+01 -5.850772415479699617e+00 0.000000000000000000e+00
1.850833049681208431e+00 6.188941736299440777e+00 0.000000000000000000e+00
1.432492042332903992e+01 3.800804417364769261e+00 0.000000000000000000e+00
-1.764151801491521177e+00 3.607131131049698514e+00 0.000000000000000000e+00
4.308770455929326282e+00 -6.476387364644549116e+00 0.000000000000000000e+00
-1.677282078226890016e+00 -6.266651169078788719e+00 0.000000000000000000e+00
1.276113602816620052e+01 -8.891916505989170716e+00 0.000000000000000000e+00
-1.359268846015697818e+01 7.860326241921110402e+00 0.000000000000000000e+00
2.154598204404455153e+00 -1.068183541019389260e+01 0.000000000000000000e+00
8.184210081199632114e-01 -9.680086898003292362e+00 0.000000000000000000e+00
-1.076058272990576903e+01 -1.099874265186949174e+01 0.000000000000000000e+00
-9.421129333637066949e+00 -3.849746146761406695e+00 0.000000000000000000e+00
1.687248405955710950e+01 -4.406988185157091342e-01 0.000000000000000000e+00
3.847540117160064277e+00 6.879631954604019661e+00 0.000000000000000000e+00
7.686846436018352158e+00 9.270030515728590714e+00 0.000000000000000000e+00
-4.599993318971214995e-01 -1.120441262859929665e+01 0.000000000000000000e+00
-6.124710381458887021e+00 -8.950456386121794949e+00 0.000000000000000000e+00
1.496942376729347712e+00 -7.529376593618152036e+00 0.000000000000000000e+00
2.032307052194256280e-01 1.019795168998460611e+01 0.000000000000000000e+00
8.150431417006240409e+00 -1.436148086126052803e+01 0.000000000000000000e+00
2.656824186957728262e+00 -1.387766570886853934e+01 0.000000000000000000e+00
-2.843373669445659502e+00 8.273576310445195148e+00 0.000000000000000000e+00
-4.748492489066466149e+00 -5.374829990904411936e+00 0.000000000000000000e+00
7.151725067447540773e+00 -9.509543360168748904e+00 0.000000000000000000e+00
5.812545031470633283e+00 -1.560087295480750091e+00 0.000000000000000000e+00
7.372121947988884649e+00 1.522807558064372913e+01 0.000000000000000000e+00
-5.413908979415069211e+00 1.181195052586803840e+01 0.000000000000000000e+00
-6.450432522009539760e+00 1.924610600734262891e-02 0.000000000000000000e+00
-1.358889089444682874e+01 3.326266431011118740e+00 0.000000000000000000e+00
-1.296708971079178596e+01 9.534495326958515315e-01 0.000000000000000000e+00
1.944094692545296765e-01 2.928040809983581738e+00 0.000000000000000000e+00
1.096309421164424158e+01 -1.300851880949682382e+01 0.000000000000000000e+00
9.462094632372116010e+00 -1.301413627735755973e+01 0.000000000000000000e+00
8.583393310334502813e-01 -1.299174968330718016e+01 0.000000000000000000e+00
1.167012468831629235e+01 -1.645393998296618143e+00 0.000000000000000000e+00
4.883935577254534088e+00 2.281325327775921785e+00 0.000000000000000000e+00
1.235653741044911236e+01 -5.111088788253401738e+00 0.000000000000000000e+00
-1.652907865703305390e+01 6.509821016152448347e-01 0.000000000000000000e+00
4.352764246711013030e+00 -4.756826142655012468e+00 0.000000000000000000e+00
6.120002427465645489e+00 8.013912302459730297e-01 0.000000000000000000e+00
1.046963468532804420e+01 -4.992022573018123133e+00 0.000000000000000000e+00
6.746087858925939873e-01 1.536298553466250638e+01 0.000000000000000000e+00
1.726135822599422909e+01 -2.493316876854939856e+00 0.000000000000000000e+00
1.561222218210937562e+01 6.982638632553404001e+00 0.000000000000000000e+00
-7.962946324008843391e+00 1.519355800238913723e+01 0.000000000000000000e+00
-3.508372295525511997e-01 -4.608576812319383542e+00 0.000000000000000000e+00
-9.194143203061109659e+00 -1.006583281274375707e+01 0.000000000000000000e+00
-9.854887400823047372e+00 3.193368729974667808e+00 0.000000000000000000e+00
-4.589631337704790148e+00 1.420857731350951347e+01 0.000000000000000000e+00
1.472061526765320849e+01 -3.912609319313295586e+00 0.000000000000000000e+00
9.388643004693507876e+00 8.874752599799123232e+00 0.000000000000000000e+00
-5.101881338021383883e+00 7.287314326158652378e+00 0.000000000000000000e+00
5.768935886895322440e+00 7.654076158603749569e+00 0.000000000000000000e+00
6.665412207506693498e+00 -5.677281546804629819e+00 0.000000000000000000e+00
8.601231706833571522e+00 6.709643194858995408e+00 0.000000000000000000e+00
-9.020858875548126932e+00 7.752052748698727846e+00 0.000000000000000000e+00
1.645730525805709021e+01 4.164286350929507385e+00 0.000000000000000000e+00
5.613979514766115564e+00 -9.349505557013753076e+00 0.000000000000000000e+00
-6.006255664252766024e+00 -4.195083465887607943e+00 0.000000000000000000e+00
-1.549975313492456941e+01 4.832619175019934765e+00 0.000000000000000000e+00
-7.137315070779539639e+00 -5.727774175859525307e+00 0.000000000000000000e+00
1.562013793744834622e+01 -5.494124869093858443e+00 0.000000000000000000e+00
-7.882293114224388830e+00 -4.016084582338791620e+00 0.000000000000000000e+00
3.136805524182531890e+00 -1.660521002761548104e+01 0.000000000000000000e+00
7.258910046636676938e+00 -1.159512710821796766e+01 0.000000000000000000e+00
-6.224407633561874320e+00 -7.419886728329249337e+00 0.000000000000000000e+00
-5.495581103056087713e+00 -1.594054532507846744e+01 0.000000000000000000e+00
1.227813283812366407e+01 -1.156594338889115647e+01 0.000000000000000000e+00
-2.899600278306643464e+00 -8.047258460371471855e+00 0.000000000000000000e+00
-9.657712478141364798e+00 1.424251043657241134e+01 0.000000000000000000e+00
-4.751959695741969192e+00 -2.866994012603282904e+00 0.000000000000000000e+00
1.596010634422328245e+01 1.057146377150373073e+00 0.000000000000000000e+00
3.380817673307479510e+00 1.063826297747252703e+01 0.000000000000000000e+00
2.925949152536847730e+00 -5.772257342873287067e-01 0.000000000000000000e+00
-1.046163179095757201e+01 -2.490596882464100936e+00 0.000000000000000000e+00
-3.529992008112766477e+00 -1.090642432773298864e+01 0.000000000000000000e+00
-5.814944345575010054e+00 5.428565696152628739e+00 0.000000000000000000e+00
-9.123463969810293506e+00 -7.997919316902160070e+00 0.000000000000000000e+00
1.097920583512509474e+01 -8.554530267273349864e+00 0.000000000000000000e+00
5.786566990079268891e+00 -3.299275253732061319e+00 0.000000000000000000e+00
-1.461665872448819492e+01 1.941478429508680659e-01 0.000000000000000000e+00
-4.313313799120495062e+00 -8.840322613766607773e+00 0.000000000000000000e+00
2.600327337992888399e+00 8.009884217755146807e+00 0.000000000000000000e+00
-1.904895081187602424e+00 5.440808065283441408e+00 0.000000000000000000e+00
1.274195023440934982e+01 9.989321043069740114e+00 0.000000000000000000e+00
-6.602179023001298219e+00 1.403649355704057022e+01 0.000000000000000000e+00
-1.450930189233679668e+00 -9.999202143348330907e+00 0.000000000000000000e+00
4.303263881828025106e+00 1.516765248925766585e+01 0.000000000000000000e+00
-4.101432824549886114e+00 1.627991017680780672e+01 0.000000000000000000e+00
-9.002303590634117114e+00 -1.440517229977023028e+01 0.000000000000000000e+00
4.084080069518891243e+00 1.245510836772815288e+01 0.000000000000000000e+00
-1.480895652273253837e+01 8.891056263609492305e+00 0.000000000000000000e+00
1.851974434381696843e+00 1.056561165177891892e+00 0.000000000000000000e+00
1.455355220020536500e+01 -7.957593146874746282e+00 0.000000000000000000e+00
-7.925609215048262435e+00 1.769944430244399625e+00 0.000000000000000000e+00
-3.455364804188102212e+00 5.634787689399299637e+00 0.000000000000000000e+00
8.417238852507713531e+00 -1.033830634312913332e+01 0.000000000000000000e+00
4.786592079113070497e+00 -1.602033918328428186e+01 0.000000000000000000e+00
-4.224002272455847695e+00 9.854833450300498399e+00 0.000000000000000000e+00
-1.527084870246543602e+01 -8.534626008631912342e+00 0.000000000000000000e+00
6.497136368742665091e+00 3.913568447150083340e+00 0.000000000000000000e+00
8.130442273500655403e+00 -2.556451811206776004e+00 0.000000000000000000e+00
-1.692296935555481596e+01 -2.014686674410258060e+00 0.000000000000000000e+00
-6.024341970088840093e+00 9.868297486824932463e+00 0.000000000000000000e+00
8.902189227904582225e+00 3.546876753584683239e+00 0.000000000000000000e+00
-6.128082912442523345e+00 2.664808000961985890e+00 0.000000000000000000e+00
5.187147912220610557e+00 -1.169482984316390350e+01 0.000000000000000000e+00
1.062158294828227412e+01 1.003501069438387816e+01 0.000000000000000000e+00
1.312927161410684551e+00 -1.712731768175574487e+01 0.000000000000000000e+00
-7.548683540548760007e+00 -1.103209423853402882e+01 0.000000000000000000e+00
6.759090649980515897e-01 1.289729074688502841e+01 0.000000000000000000e+00
-1.659039951331540808e+00 1.626216985194994180e+01 0.000000000000000000e+00
1.004551491035722499e+01 2.291154882549807592e+00 0.000000000000000000e+00
4.712518406562115736e+00 9.254639095742486887e+00 0.000000000000000000e+00
-8.685527353591511457e-02 -7.246886246479657956e+00 0.000000000000000000e+00
-1.481547858030842413e+01 -5.838277834851370862e+00 0.000000000000000000e+00
1.462810982112368130e+01 1.728493272437659212e-01 0.000000000000000000e+00
2.865207322782441501e+00 -8.943755682638203197e+00 0.000000000000000000e+00
8.916721838377830167e+00 1.243966434672008603e+01 0.000000000000000000e+00
1.227864891589542573e+01 -3.106888548685295959e+00 0.000000000000000000e+00
-2.897621754057999599e+00 -1.346885387388308208e+00 0.000000000000000000e+00
7.334586931078643346e+00 7.561460219410138350e+00 0.000000000000000000e+00
-7.922481753241969571e+00 -3.827600119489452113e-01 0.000000000000000000e+00
8.191481299504566493e+00 4.888629593815612573e+00 0.000000000000000000e+00
-1.631212758211341196e+01 -6.098568838307130591e+00 0.000000000000000000e+00
7.121100807750998740e+00 1.282752962335696800e+01 0.000000000000000000e+00
-1.123893173104703536e+01 -4.106029239724629853e+00 0.000000000000000000e+00
1.164846855544149307e+01 1.123926431601162790e+00 0.000000000000000000e+00
2.802657425100215427e+00 -6.632561358294016607e+00 0.000000000000000000e+00
7.116550231437443585e+00 -1.564586420779131437e+01 0.000000000000000000e+00
-9.882817030551739990e+00 1.074220996004306095e+01 0.000000000000000000e+00
-1.109743530782697940e+00 -1.453701483566776176e+01 0.000000000000000000e+00
1.373923225364440004e+00 1.728219375100596622e+01 0.000000000000000000e+00
-1.612709622234160811e+00 7.259211578410726062e+00 0.000000000000000000e+00
3.669755136159675857e+00 -1.115563511675442498e+01 0.000000000000000000e+00
-6.694965977183113814e+00 6.792561932824185078e+00 0.000000000000000000e+00
1.072673965528002205e+00 8.699272263405246619e+00 0.000000000000000000e+00
-1.283887684908125060e+01 6.265182282539772274e+00 0.000000000000000000e+00
1.556979003081516666e+01 2.685705594758807102e+00 0.000000000000000000e+00
-3.469694485657910832e+00 2.837180949100097660e+00 0.000000000000000000e+00
-1.233491906406114325e+01 -1.144558180498905386e+01 0.000000000000000000e+00
1.363856950431978454e+01 -1.209399000347824327e+00 0.000000000000000000e+00
-7.435432415863987288e+00 5.284317919110102402e+00 0.000000000000000000e+00
-2.787271599131253996e+00 1.091267515089288054e+01 0.000000000000000000e+00
-3.875715796537019031e+00 -1.366951906019780338e+01 0.000000000000000000e+00
-1.059778333858599098e+01 -9.498998317416676329e+00 0.000000000000000000e+00
-1.187305468818355436e+01 1.247991561065839328e+01 0.000000000000000000e+00
-4.028901222257503356e+00 -6.808345206161565244e+00 0.000000000000000000e+00
3.232590247207006162e-01 1.394223166514442225e+00 0.000000000000000000e+00
2.634131559014456059e+00 -3.733132207229986399e+00 0.000000000000000000e+00
-8.666521553155961399e+00 -5.300666261338656149e+00 0.000000000000000000e+00
-1.127027598768069439e+01 -1.330899694766671537e+01 0.000000000000000000e+00
-2.051442538326198495e+00 -1.154323137840693647e+01 0.000000000000000000e+00
1.636219241286949355e+01 -4.106739869010339383e+00 0.000000000000000000e+00
-7.342736140004207934e-01 8.556284915433030491e+00 0.000000000000000000e+00
1.097696962931993347e+01 8.267331567394194280e+00 0.000000000000000000e+00
5.685684905579124759e+00 1.579694753931224938e+01 0.000000000000000000e+00
-7.623432350607297181e+00 -1.565857472873040734e+01 0.000000000000000000e+00
1.711404914883707562e+01 2.291589574461006862e+00 0.000000000000000000e+00
-3.914541718703548612e-01 4.677333001048349814e+00 0.000000000000000000e+00
1.128298357965218202e+01 -6.407424546611234284e+00 0.000000000000000000e+00
-2.814812794690697562e+00 -1.723600745812068524e+01 0.000000000000000000e+00
-6.443599561640005469e+00 1.626404823839393288e+01 0.000000000000000000e+00
-1.359917333767318581e+01 -4.752433817947900430e+00 0.000000000000000000e+00
-1.119037787543138096e+00 1.379085915910221871e+01 0.000000000000000000e+00
1.038370914836296244e+01 -1.161907744844380908e+01 0.000000000000000000e+00
-4.071817638815117824e-01 1.730456622333236538e+01 0.000000000000000000e+00
4.653573903866509376e+00 -3.202322237212301692e-01 0.000000000000000000e+00
-1.146709575296366701e+01 -7.538905496286107955e+00 0.000000000000000000e+00
