-1.297436622425252928e+01 -1.097020996923820135e+01 0.000000000000000000e+00
-1.378541749352484658e+01 1.416657275291655305e+00 0.000000000000000000e+00
-9.790436710688990019e+00 8.091870937554269005e+00 0.000000000000000000e+00
6.708672633616709291e+00 1.148097639902294276e+01 0.000000000000000000e+00
-1.352356116979302314e+01 -3.804287265087372916e+00 0.000000000000000000e+00
-2.826201604441818560e+00 -5.721371155236322004e+00 0.000000000000000000e+00
8.280008620400217012e+00 -2.373705999077391215e+00 0.000000000000000000e+00
8.510014744973984691e+00 7.678359170558183289e-01 0.000000000000000000e+00
-5.333685716990244963e+00 -1.266893291982565728e+01 0.000000000000000000e+00
6.832011315529695317e+00 -9.627375242462772320e+00 0.000000000000000000e+00
6.560060153654302395e-01 8.087189784399624770e+00 0.000000000000000000e+00
8.056336218581375164e+00 1.309401682475265005e+01 0.000000000000000000e+00
3.076690863781351482e+00 -1.017059491430641061e-01 0.000000000000000000e+00
-1.589496172642413896e+01 -4.609438711801635336e+00 0.000000000000000000e+00
5.423879240780413724e+00 1.331432860332827239e+01 0.000000000000000000e+00
5.060446867262984760e+00 -4.225738180150618639e+00 0.000000000000000000e+00
7.756997123523316162e+00 7.986485759687375285e+00 0.000000000000000000e+00
-5.844043830010636320e+00 -7.825906732299634072e+00 0.000000000000000000e+00
6.706165913057944294e-01 -7.617443392230278221e+00 0.000000000000000000e+00
7.078794624530426738e-01 -3.845971367382616246e-01 0.000000000000000000e+00
-7.730499491018782976e+00 4.392716479671140206e+00 0.000000000000000000e+00
-3.265484680006121465e+00 4.720034515283408894e+00 0.000000000000000000e+00
1.407426089442335382e+01 5.682627892935826708e+00 0.000000000000000000e+00
3.324999202985177704e-01 1.677864411440831205e+01 0.000000000000000000e+00
8.865502589490738217e+00 -7.380390258846739826e+00 0.000000000000000000e+00
-1.189665220931252954e+01 4.683752358545993033e+00 0.000000000000000000e+00
6.047437370113263100e+00 -7.333791420237655068e+00 0.000000000000000000e+00
-6.587650180433116454e+00 -5.481934256398432126e+00 0.000000000000000000e+00
8.844395421597422313e+00 -8.997428251386812903e+00 0.000000000000000000e+00
1.081487371500542949e+01 2.982536074050875285e+00 0.000000000000000000e+00
-8.335968865768883518e+00 -8.936086800044495959e+00 0.000000000000000000e+00
-6.478502472095484244e+00 -2.322051880788967626e+00 0.000000000000000000e+00
-5.458771224166722114e+00 8.366435084578416337e+00 0.000000000000000000e+00
-6.075848133251868788e+00 5.204713816651190816e-01 0.000000000000000000e+00
-8.520210032348236595e+00 -1.242092449617553385e+01 0.000000000000000000e+00
-4.129102108204440569e+00 -1.560591421701978732e+01 0.000000000000000000e+00
7.104495552256787083e-02 -1.494649278887628618e+01 0.000000000000000000e+00
7.372918616061381769e+00 5.597797114352607295e+00 0.000000000000000000e+00
1.377551671912354259e+01 8.615725563321211311e+00 0.000000000000000000e+00
-3.530197872123945313e+00 7.102151393722428985e+00 0.000000000000000000e+00
1.133902748496519397e+00 1.433557458360726145e+01 0.000000000000000000e+00
9.750019023644611593e+00 9.171548667163703428e+00 0.000000000000000000e+00
-1.101625038781692290e+01 -8.989393296095746777e+00 0.000000000000000000e+00
2.774979977404486764e+00 -8.083798204554817346e+00 0.000000000000000000e+00
1.074228190263885629e+01 -2.491605638556090074e+00 0.000000000000000000e+00
-6.161706634949030814e+00 6.538613914248634806e+00 0.000000000000000000e+00
-3.823584693064595308e-02 9.679979329180016023e+00 0.000000000000000000e+00
3.641936630446652057e+00 -2.104765571843126182e+00 0.000000000000000000e+00
-4.207893101211603870e-01 1.794665558679081840e+00 0.000000000000000000e+00
1.146700747898937500e+01 -8.176967470178979625e+00 0.000000000000000000e+00
1.145619657657025137e+01 9.110667834706287493e+00 0.000000000000000000e+00
1.396878219035083468e+01 4.833266336266069385e-01 0.000000000000000000e+00
-6.758203646811055343e+00 1.110665413852812300e+01 0.000000000000000000e+00
-2.038373058865110110e+00 1.626686038500464448e+01 0.000000000000000000e+00
-5.671569983237954027e+00 1.570718627819820234e+01 0.000000000000000000e+00
8.924051425850921149e+00 -1.401191161689541431e+01 0.000000000000000000e+00
8.570660793581929227e+00 1.141378062089935241e+01 0.000000000000000000e+00
-1.287735494613854836e+00 -1.244771131181338575e+01 0.000000000000000000e+00
1.120480717555322769e+01 7.621752024193700903e-01 0.000000000000000000e+00
-1.898840719662173715e+00 -1.581639761443394399e+01 0.000000000000000000e+00
6.852654536267620777e+00 -1.274589652097844450e+01 0.000000000000000000e+00
1.268387064050757074e+00 -3.142613882034912542e+00 0.000000000000000000e+00
1.582701426143454704e+01 7.115943224087882157e+00 0.000000000000000000e+00
-1.729664569441827338e+00 -1.144473768344801634e+00 0.000000000000000000e+00
-9.722744122555036839e+00 5.043425301769748792e+00 0.000000000000000000e+00
-1.456964887152503074e+01 -9.314240226971445935e+00 0.000000000000000000e+00
-1.187092013988848471e+01 6.550046815075520890e+00 0.000000000000000000e+00
-3.812147295345641229e+00 3.167513600516128847e+00 0.000000000000000000e+00
-2.490402542533497687e+00 5.044104458593544615e-01 0.000000000000000000e+00
-7.846817600924230973e+00 4.882807818885766538e-01 0.000000000000000000e+00
1.725143317765056850e+01 -1.353688597722647824e+00 0.000000000000000000e+00
6.361325205606573441e+00 -6.501211942414231171e-01 0.000000000000000000e+00
-1.070476650669224838e+01 -6.286311019432599956e+00 0.000000000000000000e+00
7.711630174321566500e-01 -1.724283657161909034e+01 0.000000000000000000e+00
2.674930761739173768e+00 -6.173371948109517504e+00 0.000000000000000000e+00
2.587997529714966216e+00 -3.929416942073023389e+00 0.000000000000000000e+00
-1.185973307194693760e+01 -4.715737305782743860e+00 0.000000000000000000e+00
1.205680822959792065e-01 -1.083562340597714524e+01 0.000000000000000000e+00
4.278769417438183176e+00 -6.005971691280863389e+00 0.000000000000000000e+00
2.160573729989968772e+00 -1.531018313612017856e+01 0.000000000000000000e+00
1.539162515029824796e+01 2.373702563653466324e+00 0.000000000000000000e+00
-1.518410952050324703e+01 5.163940697432738425e+00 0.000000000000000000e+00
3.664122511298333329e+00 1.402170771158690421e+01 0.000000000000000000e+00
-3.019542539096720102e-01 -9.302806429124478527e+00 0.000000000000000000e+00
-1.481099108793489716e+00 8.565669398072310869e+00 0.000000000000000000e+00
-4.469803959772677082e+00 -1.051703180580123309e+01 0.000000000000000000e+00
9.636910695326827536e+00 1.321222994776768189e+01 0.000000000000000000e+00
-1.196052216734282503e+01 -2.271836980120660876e-01 0.000000000000000000e+00
1.516936157695627685e+01 -8.438784143422482842e+00 0.000000000000000000e+00
-1.437810964143286618e+01 -7.309465220850370315e+00 0.000000000000000000e+00
3.982479140153940556e+00 7.848167088684035342e+00 0.000000000000000000e+00
-1.226987411834177166e+01 2.412787444492063393e+00 0.000000000000000000e+00
-1.993327265881091659e+00 -1.026341115401240778e+01 0.000000000000000000e+00
1.126324301245948689e+01 -1.239435654406022991e+01 0.000000000000000000e+00
-5.573479007247815531e+00 -1.505434802954696494e+01 0.000000000000000000e+00
1.025823360692706521e+00 3.582432713783691103e+00 0.000000000000000000e+00
1.740749809762229106e+01 3.531833924590310203e-01 0.000000000000000000e+00
1.578293982546424701e+01 -5.659213313723085115e+00 0.000000000000000000e+00
1.164956235054390454e+01 5.552405085427573717e+00 0.000000000000000000e+00
5.890352750887831057e+00 -1.430194758753658668e+01 0.000000000000000000e+00
4.640441763696314670e-01 5.059497407825928050e+00 0.000000000000000000e+00
-8.718924161546828699e+00 -6.760173209276806539e+00 0.000000000000000000e+00
-8.812672913678598619e+00 -1.478575512997053742e+01 0.000000000000000000e+00
4.322272860752959467e+00 3.588755788244939904e+00 0.000000000000000000e+00
-1.648712574259893593e+00 -4.192861120408499787e+00 0.000000000000000000e+00
-8.422862414649028295e+00 -1.087726363843289690e+01 0.000000000000000000e+00
8.116753170579412924e+00 -1.189957811373036911e+01 0.000000000000000000e+00
1.363925991310380859e+01 -9.932453962700391159e+00 0.000000000000000000e+00
7.050561635973950025e+00 1.554654578347680172e+01 0.000000000000000000e+00
6.567192373188115440e+00 2.532310559894542124e+00 0.000000000000000000e+00
-1.596664667901761270e+01 1.818280821821774529e+00 0.000000000000000000e+00
-9.669603579193459808e+00 3.081613573720321408e+00 0.000000000000000000e+00
3.662783308576178509e+00 -1.657005282226868559e+01 0.000000000000000000e+00
1.579475242803389712e+01 -2.683520394011186472e+00 0.000000000000000000e+00
-8.896855002830379888e+00 1.285474149708868730e+01 0.000000000000000000e+00
-1.080664151106070214e+01 -1.291523536283889717e+00 0.000000000000000000e+00
3.626580471962509655e+00 -9.993119815801279060e+00 0.000000000000000000e+00
-1.078044437740910588e+01 1.376206583420659157e+01 0.000000000000000000e+00
-1.637887312423928776e+01 -1.286244378943448785e+00 0.000000000000000000e+00
1.217062215003441139e+01 -3.908500727112708351e+00 0.000000000000000000e+00
1.047015939379320670e+01 1.135063812094958458e+01 0.000000000000000000e+00
1.023376101796658588e+01 -4.267493325635278723e+00 0.000000000000000000e+00
-8.532117076166382930e+00 -3.022450965575607551e+00 0.000000000000000000e+00
-1.075633372702998969e+01 -1.071688119538198514e+01 0.000000000000000000e+00
-1.675451804811192957e+01 -2.926607854895199257e+00 0.000000000000000000e+00
9.700202945448943126e+00 7.130954356035775099e+00 0.000000000000000000e+00
-1.050494178057501493e+01 1.033624166387045840e+01 0.000000000000000000e+00
-3.480567790497518299e+00 1.291235409921860722e+01 0.000000000000000000e+00
-6.998065901192872751e+00 -1.040492653295603631e+01 0.000000000000000000e+00
1.231459155048288956e+01 7.281501885732080126e+00 0.000000000000000000e+00
-1.475218397508224921e+00 -1.731064349441548345e+01 0.000000000000000000e+00
-1.502485335642778308e+00 -6.919715041691628876e+00 0.000000000000000000e+00
-8.187945342389140180e+00 1.446951600495176571e+01 0.000000000000000000e+00
2.305340878692979434e+00 -1.368069800925115764e+01 0.000000000000000000e+00
8.316552050085540770e+00 -4.477778172794218747e+00 0.000000000000000000e+00
-1.870280407785280152e+00 6.528296650096008236e+00 0.000000000000000000e+00
-1.068233904330627260e+00 1.481518941093038855e+01 0.000000000000000000e+00
4.102876035765135931e+00 -1.237058756271193083e+01 0.000000000000000000e+00
-7.372151951945088655e+00 2.249117849489682630e+00 0.000000000000000000e+00
2.054072098874613062e+00 1.260862085742096994e+01 0.000000000000000000e+00
1.650288527335700861e+00 -1.166513134900790938e+01 0.000000000000000000e+00
6.553602957427922426e+00 -4.464702321737463286e+00 0.000000000000000000e+00
-1.216032117981223060e+01 9.582213838397532157e+00 0.000000000000000000e+00
-4.741923537705532432e+00 1.005058558697768767e+01 0.000000000000000000e+00
-7.932320490714367622e+00 7.047201664587576353e+00 0.000000000000000000e+00
-4.530459378583429064e+00 -1.484930448988671881e+00 0.000000000000000000e+00
8.111395516085773139e+00 9.882107981188179124e+00 0.000000000000000000e+00
-1.475667309579435660e+01 -2.690193145865396929e+00 0.000000000000000000e+00
-1.361300970145939004e+01 -5.440328723682753775e+00 0.000000000000000000e+00
9.450872968486331516e+00 -8.181459510531305934e-01 0.000000000000000000e+00
4.711993803046982343e+00 3.740797312482502246e-01 0.000000000000000000e+00
8.618246107598665162e+00 3.437586110902178138e+00 0.000000000000000000e+00
-4.839003413881344251e+00 5.025366674639194287e+00 0.000000000000000000e+00
-4.132457983304695048e+00 1.528891464116705734e+01 0.000000000000000000e+00
-1.791685765298080657e+00 1.141843239865434256e+01 0.000000000000000000e+00
5.370642802717507713e+00 -2.195045844875954444e+00 0.000000000000000000e+00
-5.320107766204428934e+00 1.279456596658590861e+01 0.000000000000000000e+00
1.419895232448085665e+01 -1.390703408586964285e+00 0.000000000000000000e+00
1.292103496912063498e+01 -6.880795788975076377e+00 0.000000000000000000e+00
-1.487819179565795835e+01 8.256206332200594744e+00 0.000000000000000000e+00
-1.248269548767298787e+01 -1.991268793848237628e+00 0.000000000000000000e+00
-1.211377296029828798e+01 -7.512873104017390169e+00 0.000000000000000000e+00
1.577924327550618955e+01 4.259184486149528048e+00 0.000000000000000000e+00
1.740969892861319090e+00 2.020315614782466351e+00 0.000000000000000000e+00
-1.025989121441269702e+01 -1.302869155049132921e+01 0.000000000000000000e+00
1.495443519117684028e+00 -4.989285277796343010e+00 0.000000000000000000e+00
-2.859302332104364464e+00 -1.276038593814239519e+01 0.000000000000000000e+00
-9.710430527034814574e+00 -4.522620653685863523e+00 0.000000000000000000e+00
-2.834866266238811328e+00 9.364415545855619527e+00 0.000000000000000000e+00
-5.051325375940933782e+00 -6.161963849474436650e+00 0.000000000000000000e+00
1.232582963039015134e+01 2.311899331994658802e+00 0.000000000000000000e+00
5.107147282290203982e+00 -1.102438669771753865e+01 0.000000000000000000e+00
3.660785128386196075e+00 1.695627974221304868e+01 0.000000000000000000e+00
5.705068926735616053e+00 5.550546340904475962e+00 0.000000000000000000e+00
-9.221351518169736750e+00 -8.709185226612913278e-01 0.000000000000000000e+00
3.660984513183432210e+00 6.263834153826378426e+00 0.000000000000000000e+00
4.727125039021529140e+00 9.917961477615657273e+00 0.000000000000000000e+00
-3.169514839735671163e+00 -3.772629641541522361e+00 0.000000000000000000e+00
-2.394501296474760565e-01 -4.918087763959059444e+00 0.000000000000000000e+00
2.130871419800067113e+00 1.082693359352619922e+01 0.000000000000000000e+00
1.061430838250134023e+01 -1.025889165525846103e+01 0.000000000000000000e+00
5.522017914744536959e+00 1.625997121789615818e+01 0.000000000000000000e+00
-1.436193949400399639e+01 -2.167081800689349136e-01 0.000000000000000000e+00
-3.790340951296269800e+00 -8.446374437144966052e+00 0.000000000000000000e+00
-4.407979716180182805e+00 1.313285941277341218e+00 0.000000000000000000e+00
1.270442490021100745e+01 3.971062260616312400e+00 0.000000000000000000e+00
-8.743061954382365997e+00 1.114825419200843193e+01 0.000000000000000000e+00
-1.023563761340328426e+01 7.706960863887909463e-01 0.000000000000000000e+00
1.211849959417400235e+01 -1.066022546920310532e+01 0.000000000000000000e+00
1.204849758792733816e+01 1.100657855226854132e+01 0.000000000000000000e+00
-2.942683741060003300e+00 -1.462809995116270656e+01 0.000000000000000000e+00
7.093437387886241119e+00 -1.590048878506678598e+01 0.000000000000000000e+00
-1.102419919373275770e+00 4.786755547797084454e+00 0.000000000000000000e+00
-6.741671530232922649e+00 1.333096353083336005e+01 0.000000000000000000e+00
3.656093528509483104e+00 1.115241932707459860e+01 0.000000000000000000e+00
-1.736371608554074442e+01 5.986093001470358388e-01 0.000000000000000000e+00
1.915160731408377615e+00 -9.935641573662072901e+00 0.000000000000000000e+00
2.036447122550571365e+00 9.017648312304231695e+00 0.000000000000000000e+00
4.958168023986531670e-01 1.235031250257241986e+01 0.000000000000000000e+00
-1.585223234590142738e+01 -6.388748487686834565e+00 0.000000000000000000e+00
-1.824936859524302346e-01 6.521173235062775575e+00 0.000000000000000000e+00
-1.320126911564035055e+00 3.092559240834546141e+00 0.000000000000000000e+00
-1.213993582760486767e+01 1.258059192524557801e+01 0.000000000000000000e+00
1.388396280683060446e+01 -4.925062760292128416e+00 0.000000000000000000e+00
-1.347505559606530134e+01 1.049897159902042887e+01 0.000000000000000000e+00
7.662630157541687748e-01 -1.361588188483732509e+01 0.000000000000000000e+00
-1.575043226393908036e+01 6.766996078335703046e+00 0.000000000000000000e+00
-1.396988839932979509e+01 3.845425138224956907e+00 0.000000000000000000e+00
6.842180229782998668e-02 -1.852036936810131484e+00 0.000000000000000000e+00
8.623168109693962080e+00 1.482326317157439100e+01 0.000000000000000000e+00
-7.680039428165168047e+00 9.017122102838111886e+00 0.000000000000000000e+00
1.127805292201644427e+01 -6.519630854314134361e+00 0.000000000000000000e+00
-7.123145872886746055e+00 -3.774751095253760624e+00 0.000000000000000000e+00
-1.644204857130374364e+01 3.917269410987670231e+00 0.000000000000000000e+00
-1.209415326444297101e+01 -1.230003007685650118e+01 0.000000000000000000e+00
-7.295541794483725972e+00 -9.419330650255524073e-01 0.000000000000000000e+00
-5.713997465244507801e+00 3.344518510939890277e+00 0.000000000000000000e+00
5.850214456172390776e+00 8.672030956698776549e+00 0.000000000000000000e+00
2.516935432754371593e+00 4.788843730749760219e+00 0.000000000000000000e+00
-5.209090405082552167e+00 -3.730147851795354352e+00 0.000000000000000000e+00
4.009799264142052344e+00 1.823972189189852378e+00 0.000000000000000000e+00
6.541633441662200177e+00 4.073366954074942647e+00 0.000000000000000000e+00
1.563121549696528056e+01 -7.291941801903977227e-01 0.000000000000000000e+00
-1.278840111946835334e+00 -2.734938387911679758e+00 0.000000000000000000e+00
1.421651932613241076e+00 6.513688332640862555e+00 0.000000000000000000e+00
-9.079261513701966990e+00 9.664980571509389051e+00 0.000000000000000000e+00
5.195403940400612264e+00 -1.644060146357990959e+01 0.000000000000000000e+00
-1.202834715087695905e+00 -1.413679792349887521e+01 0.000000000000000000e+00
-9.846044174808941563e+00 6.540655276996122147e+00 0.000000000000000000e+00
-1.064327645544603840e+01 1.188423184450618919e+01 0.000000000000000000e+00
1.039378124833291217e+01 -1.370790257051156402e+01 0.000000000000000000e+00
-5.621790172216325487e+00 -9.354331089127416732e+00 0.000000000000000000e+00
1.003592622789358835e+01 5.086719051848531237e+00 0.000000000000000000e+00
1.670364064861889375e+01 -4.128967217378071375e+00 0.000000000000000000e+00
2.124204685844810481e+00 1.695345356642023305e+01 0.000000000000000000e+00
7.328109638492544597e+00 -5.948778770722590536e+00 0.000000000000000000e+00
1.356677992798809562e+01 1.019155580101502245e+01 0.000000000000000000e+00
-1.385529864064971761e+01 6.899545359041423964e+00 0.000000000000000000e+00
1.260796363180305057e+01 -7.812810126264803090e-01 0.000000000000000000e+00
-7.141341058839266509e+00 -1.399684481278061021e+01 0.000000000000000000e+00
-1.742764035250247812e+00 1.340828711562507358e+01 0.000000000000000000e+00
-2.801236351307081041e+00 -2.297339095272487253e+00 0.000000000000000000e+00
-7.204953947741482345e+00 -1.557418185797548915e+01 0.000000000000000000e+00
9.662096650333854342e+00 -1.237312085319815402e+01 0.000000000000000000e+00
-2.961045879647274948e+00 -1.699499801849684388e+01 0.000000000000000000e+00
-2.101948853758709657e+00 -8.322840115572459396e+00 0.000000000000000000e+00
1.693648034186783136e+01 2.523611793729192421e+00 0.000000000000000000e+00
-1.027058819972033632e+01 -3.091092523009608684e+00 0.000000000000000000e+00
1.162236621154958982e+01 1.297393580707923277e+01 0.000000000000000000e+00
9.129638146887470995e+00 -5.842094292037238290e+00 0.000000000000000000e+00
4.300469717936164393e+00 -1.397905258053935285e+01 0.000000000000000000e+00
1.284518864591550269e+01 -2.446256135958922329e+00 0.000000000000000000e+00
1.585255428341933204e+01 8.024295554956724086e-01 0.000000000000000000e+00
-6.660864721257557797e+00 -1.188843107738808946e+01 0.000000000000000000e+00
5.255794253029184127e+00 -9.480818247056356896e+00 0.000000000000000000e+00
-1.260603207628100009e+01 -9.062799530094835632e+00 0.000000000000000000e+00
