-2.409998776095968687e+00 -4.283013606014189456e+00 0.000000000000000000e+00
9.088416399938397561e+00 -2.362095978538068852e+00 0.000000000000000000e+00
3.045333103533866215e+00 -6.657110830732341888e+00 0.000000000000000000e+00
4.534264311576631457e+00 -1.007974599838324714e+01 0.000000000000000000e+00
-8.423828091071868807e-01 1.652231251810947299e+01 0.000000000000000000e+00
-1.273968511328856934e+01 -6.298493485115780999e+00 0.000000000000000000e+00
1.106826466962272093e+01 -6.597685443707399955e+00 0.000000000000000000e+00
9.649277336290147389e+00 1.494879430999681791e+00 0.000000000000000000e+00
9.975148974114873113e+00 1.198857009388949990e+01 0.000000000000000000e+00
6.422668116679705719e+00 -6.573380455275021461e+00 0.000000000000000000e+00
7.732165897425046452e+00 1.106253714526058474e+01 0.000000000000000000e+00
-9.643721750048042551e+00 6.028998257829337071e+00 0.000000000000000000e+00
7.599667069413070131e+00 -5.508316330639527747e-01 0.000000000000000000e+00
-7.432477788079324910e+00 -1.161100646132969239e+01 0.000000000000000000e+00
-1.435550883106216347e+01 -3.892985258546046712e+00 0.000000000000000000e+00
9.123085972334530336e-01 1.089298233144996786e+01 0.000000000000000000e+00
-7.962098461224703660e-01 -3.316358191759239737e+00 0.000000000000000000e+00
-1.062542210124651731e+01 3.104844806973111382e+00 0.000000000000000000e+00
-1.447875686408783835e+01 6.634531456889612322e+00 0.000000000000000000e+00
4.668277130226959670e+00 5.777982100069419147e+00 0.000000000000000000e+00
-3.876566235647615155e+00 1.188295173077446165e+01 0.000000000000000000e+00
3.232036207670053063e+00 1.329833525921401893e+01 0.000000000000000000e+00
-1.422271958376225065e+01 2.996089509546004503e+00 0.000000000000000000e+00
1.306649559555215312e+01 -8.205439626231273209e+00 0.000000000000000000e+00
3.161965658694255943e+00 -1.500024110765381202e+01 0.000000000000000000e+00
-6.032812715328592645e+00 1.328184322661788386e+01 0.000000000000000000e+00
1.193061572977188334e+01 4.753558592519627979e+00 0.000000000000000000e+00
-4.548535131502426054e+00 -1.632360677621820244e+01 0.000000000000000000e+00
1.073142624535526224e+00 6.071005357170223604e+00 0.000000000000000000e+00
4.622104320472744554e+00 4.143005960471037419e+00 0.000000000000000000e+00
-1.445501780378783074e+01 -6.163259743065403029e+00 0.000000000000000000e+00
1.732614940546983462e+01 2.413801275539456448e+00 0.000000000000000000e+00
-2.020690953548405222e+00 3.056973913991685610e+00 0.000000000000000000e+00
-2.316878408061138650e+00 5.521418964819341246e-01 0.000000000000000000e+00
6.607284139937268819e+00 -2.665082326570205939e+00 0.000000000000000000e+00
6.265945767833805746e+00 1.580897974922615568e+01 0.000000000000000000e+00
-1.071310144572229106e+01 -2.132090097098349624e+00 0.000000000000000000e+00
-1.068968250632559247e+01 1.019953580984160268e+01 0.000000000000000000e+00
1.491802695923959377e+01 2.980288217596932299e+00 0.000000000000000000e+00
8.944354833887133704e-01 -7.829607709659812009e+00 0.000000000000000000e+00
-5.474403454228946586e+00 -3.176505000644211485e+00 0.000000000000000000e+00
4.818551173834525692e+00 -6.387674013434400777e+00 0.000000000000000000e+00
-1.528953193571752855e+00 -1.059777971303529398e+01 0.000000000000000000e+00
-2.330442179870061969e-01 4.158664300047897555e+00 0.000000000000000000e+00
1.061425831516748808e+01 -4.671220256707138141e+00 0.000000000000000000e+00
8.361663522357106970e+00 4.763286529471844055e+00 0.000000000000000000e+00
-8.816219859156117167e+00 -9.099909254701774586e+00 0.000000000000000000e+00
7.031859027085708425e-01 -5.640443718363854053e+00 0.000000000000000000e+00
-8.306666174112967482e+00 9.819288921875635623e+00 0.000000000000000000e+00
-2.941965870812409456e+00 -1.167098100947887795e+00 0.000000000000000000e+00
-3.781807385005696798e+00 -1.013846145863566761e+01 0.000000000000000000e+00
-8.001069362938336482e+00 1.248210117451193746e+01 0.000000000000000000e+00
5.723268330358257661e-01 -1.408089507731076040e+01 0.000000000000000000e+00
1.391321436851438342e+01 7.578976347527637714e+00 0.000000000000000000e+00
-8.618320979212212407e+00 -6.898308934436079731e+00 0.000000000000000000e+00
-6.342319818877119708e+00 3.086326246609365498e-01 0.000000000000000000e+00
-1.134818064827293504e+01 5.831202767460304415e+00 0.000000000000000000e+00
-1.167336993814964785e+01 8.479843894760124456e+00 0.000000000000000000e+00
-6.242211219117947074e+00 7.083897007924710998e+00 0.000000000000000000e+00
-1.500006645670653782e+01 -7.882455701586248864e+00 0.000000000000000000e+00
-8.685665250459960518e+00 8.291118228292573278e+00 0.000000000000000000e+00
1.595401810051468949e+01 1.485805951826955296e+00 0.000000000000000000e+00
-8.581700766510165224e+00 -1.390294438841459979e+00 0.000000000000000000e+00
-1.175063472333443215e+01 -3.765326089358374873e+00 0.000000000000000000e+00
1.578440588835843705e+01 -6.774039537932387667e+00 0.000000000000000000e+00
-9.693030583693705182e+00 1.388808617948647495e+01 0.000000000000000000e+00
9.506696567003688259e+00 -7.046615044451235654e+00 0.000000000000000000e+00
-2.443001143542000708e+00 -1.318096252029182480e+01 0.000000000000000000e+00
2.287557094450998640e+00 7.500922036249292546e+00 0.000000000000000000e+00
6.161901387580392075e+00 -9.133293155061496194e+00 0.000000000000000000e+00
-4.412256928373548881e+00 5.810164057524863424e+00 0.000000000000000000e+00
3.595195366268060244e+00 1.535909259645340441e+01 0.000000000000000000e+00
-3.730468246242596209e+00 1.327650192418882602e+00 0.000000000000000000e+00
3.520205305776937355e+00 -1.663539453034022486e+01 0.000000000000000000e+00
4.544158150690615905e+00 -1.611886352358924968e-01 0.000000000000000000e+00
-8.000291208645771590e+00 6.089468344505882591e+00 0.000000000000000000e+00
-1.455929933714267932e+00 -1.679051964903836902e+00 0.000000000000000000e+00
-1.283432127964112901e+01 -6.778755369805178344e-01 0.000000000000000000e+00
5.076800152010807032e+00 9.432345510090517138e+00 0.000000000000000000e+00
-9.748271608269030608e+00 -2.682826215690019001e-01 0.000000000000000000e+00
-1.464027580538399498e+01 8.154257121979425094e+00 0.000000000000000000e+00
4.596626623231241382e+00 1.201128618198660725e+01 0.000000000000000000e+00
7.165732042011495828e+00 -5.242613823274804297e+00 0.000000000000000000e+00
-3.214489983291047182e+00 -6.649886557967866096e+00 0.000000000000000000e+00
9.216512567979496140e+00 1.008116336578237515e+01 0.000000000000000000e+00
-4.614943538519563404e+00 3.449625435891507497e+00 0.000000000000000000e+00
7.384281372317855308e+00 -1.081248086143800258e+01 0.000000000000000000e+00
7.282662660186539405e+00 3.251417671026394451e+00 0.000000000000000000e+00
1.525876941292852429e+01 -8.386556404572257151e+00 0.000000000000000000e+00
-1.448114920051273558e+01 -1.691299127750842957e-01 0.000000000000000000e+00
-2.842379823614764600e+00 1.591717211553510047e+01 0.000000000000000000e+00
1.342643349862188096e+01 -3.334587254449292715e+00 0.000000000000000000e+00
-1.445824378484531270e+00 1.484171472576080042e+01 0.000000000000000000e+00
1.097862543068755560e-02 1.219132646433535605e+01 0.000000000000000000e+00
-7.546063060025048230e+00 2.337949831627028630e+00 0.000000000000000000e+00
-5.611634769754624941e+00 -1.315044681239492874e+01 0.000000000000000000e+00
1.260969413856480692e+01 1.066622690504559934e+00 0.000000000000000000e+00
-4.650468799063181891e+00 4.208723959730999858e-02 0.000000000000000000e+00
1.126708193713070116e+01 2.271318974859277695e+00 0.000000000000000000e+00
9.820270731998371971e+00 8.680947746363287365e+00 0.000000000000000000e+00
-5.445985106008275345e-01 -1.638330221870081971e+01 0.000000000000000000e+00
8.570393347852645505e+00 -9.318522181129861082e+00 0.000000000000000000e+00
9.581385176321029817e+00 3.068610128153704153e+00 0.000000000000000000e+00
2.156351598590848351e+00 -1.112898508814659593e+01 0.000000000000000000e+00
1.302949007748215982e+00 -1.837205866288276424e+00 0.000000000000000000e+00
-6.471165534206797965e+00 -4.648189982788019314e+00 0.000000000000000000e+00
-9.043437463061286152e+00 2.506950511519999036e+00 0.000000000000000000e+00
-1.189062140249642319e+01 4.093862822789430922e+00 0.000000000000000000e+00
-1.511324102755525622e+01 4.993776618548034563e+00 0.000000000000000000e+00
9.061646753745911553e+00 1.431939228494875316e+01 0.000000000000000000e+00
-9.559237124857187240e-01 -4.890065250938163466e+00 0.000000000000000000e+00
6.104783609519879306e+00 -8.185756791788307840e-01 0.000000000000000000e+00
9.437686597442437986e+00 -1.255725627736129013e+01 0.000000000000000000e+00
1.470179560411646413e+01 2.866898176572509893e-01 0.000000000000000000e+00
1.251491025244817834e+01 -1.068038550382976837e+01 0.000000000000000000e+00
1.538403713820374108e+01 -2.410319733325252844e+00 0.000000000000000000e+00
1.545340102505325497e+01 7.134463139531032283e+00 0.000000000000000000e+00
-8.129642223581624805e+00 -5.061481936323623643e+00 0.000000000000000000e+00
4.932229150684539043e+00 -1.282293894294440584e+01 0.000000000000000000e+00
-2.299821035713327966e+00 5.225168105783264849e+00 0.000000000000000000e+00
-7.268630851710256913e+00 3.920167134433528933e+00 0.000000000000000000e+00
-2.720374475480750842e+00 -2.696626567017226694e+00 0.000000000000000000e+00
3.884021949573383647e+00 -8.201627265781141318e+00 0.000000000000000000e+00
-9.624685729257606681e+00 -1.247758939057207250e+01 0.000000000000000000e+00
-3.962281786656021598e+00 -1.416153585192778230e+01 0.000000000000000000e+00
1.431675970113845286e+00 -1.260913899174563291e+01 0.000000000000000000e+00
-2.042927445285213306e+00 -1.500708615885735853e+01 0.000000000000000000e+00
1.317199670164760583e+01 9.149072340483847654e+00 0.000000000000000000e+00
-8.826344448142152688e-01 -4.883971551755939000e-02 0.000000000000000000e+00
1.912772599211695068e+00 4.789400931542528994e+00 0.000000000000000000e+00
-5.409625821418914349e+00 2.083007684488797917e+00 0.000000000000000000e+00
-1.301242266452610075e+01 -2.463798145304652909e+00 0.000000000000000000e+00
1.508990582031196936e+01 -4.966687693873081955e+00 0.000000000000000000e+00
1.249194277207571346e+01 -4.833472585344147809e+00 0.000000000000000000e+00
-1.199995001815274698e+01 7.345673852165064410e-01 0.000000000000000000e+00
-1.653836467830409163e+00 1.226412574823883972e+01 0.000000000000000000e+00
1.573282577911257807e+00 1.539962903125968374e+01 0.000000000000000000e+00
3.806776457824417648e+00 -3.845960039852292400e+00 0.000000000000000000e+00
-7.423945652565858033e+00 -7.964398937566682157e+00 0.000000000000000000e+00
5.689339994573986203e+00 -4.385752395975636375e+00 0.000000000000000000e+00
-1.300782697513603203e+01 -4.644528710686748774e+00 0.000000000000000000e+00
1.197211936786944619e+01 -2.077859455015508949e+00 0.000000000000000000e+00
1.142553345659360708e+01 1.105148286139029778e+01 0.000000000000000000e+00
1.141888135735416121e+01 8.733726642051797384e+00 0.000000000000000000e+00
2.281298383673868280e+00 1.191760407214856343e+01 0.000000000000000000e+00
-1.694009748206299681e+00 6.964094573818880640e+00 0.000000000000000000e+00
-1.728817587925265187e+00 9.105790302066397501e+00 0.000000000000000000e+00
-7.344383296533499639e+00 -1.577029804212049413e+01 0.000000000000000000e+00
-8.139652938580978159e+00 -3.435172933856562416e+00 0.000000000000000000e+00
-8.479826941568182619e+00 1.497368879571678413e+01 0.000000000000000000e+00
-5.965286546952791369e+00 -8.890320838752749921e+00 0.000000000000000000e+00
-1.570631916737918354e+00 -8.560066903352662848e+00 0.000000000000000000e+00
7.287056391948484979e+00 7.250864963925402584e+00 0.000000000000000000e+00
-1.619960442327746009e+01 6.272647107623575025e+00 0.000000000000000000e+00
-1.558559345583361377e+01 8.793111172643047757e-01 0.000000000000000000e+00
7.283554435679882033e+00 -1.456595068586691433e+01 0.000000000000000000e+00
-9.625559863731515620e+00 -4.460707373973185064e+00 0.000000000000000000e+00
3.190550964168692882e+00 -1.248541196518155516e+01 0.000000000000000000e+00
-6.253502426477097309e+00 5.396400893261922960e+00 0.000000000000000000e+00
1.133623187522882603e+01 -9.247550709797678792e+00 0.000000000000000000e+00
-1.289498479923778440e+01 -7.910867946748765256e+00 0.000000000000000000e+00
-6.173117890554687293e+00 -1.456255309908149087e+01 0.000000000000000000e+00
-1.306354426268295477e+01 7.677479428692956631e+00 0.000000000000000000e+00
-1.113445107281634172e+01 -1.038771149713267050e+01 0.000000000000000000e+00
-3.075910197495444365e+00 1.014162359139461067e+01 0.000000000000000000e+00
-3.695011308686697138e+00 -8.479049459434152780e+00 0.000000000000000000e+00
5.539266914101641959e+00 -1.423714591888421843e+01 0.000000000000000000e+00
-1.019263679760791796e-01 -9.776707765739798717e+00 0.000000000000000000e+00
-6.387291192022566122e-01 1.745670860715326622e+00 0.000000000000000000e+00
1.129981589708097367e+01 6.621319019231382441e+00 0.000000000000000000e+00
-1.299102797190500702e+01 5.762513300204660460e+00 0.000000000000000000e+00
-4.227283865769632776e+00 1.674043807730067357e+01 0.000000000000000000e+00
9.009291866081827749e+00 -3.946393919294523656e+00 0.000000000000000000e+00
1.805746932938263161e+00 1.475977654746890799e+00 0.000000000000000000e+00
-6.598044408990220155e+00 -1.549739907128209637e+00 0.000000000000000000e+00
-1.513861321009889416e+01 -2.101329643665982072e+00 0.000000000000000000e+00
-3.362221840493730962e+00 7.458634035426658038e+00 0.000000000000000000e+00
-4.169813075124194413e+00 1.345420601502011415e+01 0.000000000000000000e+00
-9.389115963101797746e+00 4.501995497688881187e+00 0.000000000000000000e+00
-8.828678768280594724e+00 -1.068139702258940105e+01 0.000000000000000000e+00
6.113285165865435467e+00 1.134422214385220329e+01 0.000000000000000000e+00
-1.408417170714730204e+01 9.784992176265102870e+00 0.000000000000000000e+00
-1.362083102565910586e+01 -1.065146568610281896e+01 0.000000000000000000e+00
6.407113813036011685e+00 5.652761561930025991e+00 0.000000000000000000e+00
-1.705652939407887914e+01 -9.327205014921198245e-01 0.000000000000000000e+00
-1.339790336467735621e+01 1.123944412182255448e+01 0.000000000000000000e+00
2.020084285600300511e+00 -3.825984718058813794e+00 0.000000000000000000e+00
-1.712518948748994418e+01 3.411696631494600673e+00 0.000000000000000000e+00
-4.092334621161682229e+00 -1.195720331527441083e+01 0.000000000000000000e+00
7.812073928971008385e+00 1.367818586223440880e+00 0.000000000000000000e+00
-9.394556086033777342e-01 -1.327436069225468884e+01 0.000000000000000000e+00
1.427150427345318029e+01 -9.551473137070274788e+00 0.000000000000000000e+00
-9.578379735321105315e+00 1.143906647099027651e+01 0.000000000000000000e+00
-1.148137277496837960e+01 -1.249046349775079712e+01 0.000000000000000000e+00
8.065885231653725285e+00 -7.477009974028856476e+00 0.000000000000000000e+00
7.583284142453508458e+00 -1.258882913959399197e+01 0.000000000000000000e+00
-1.598921802988526819e+00 -6.532792492341863877e+00 0.000000000000000000e+00
5.503322579817421456e+00 1.361947032494225240e+01 0.000000000000000000e+00
1.372812932472389846e+01 -6.676666094081156189e+00 0.000000000000000000e+00
5.453922180558357979e+00 1.479865669430090014e+00 0.000000000000000000e+00
1.328232735707123968e+00 1.696711938817116661e+01 0.000000000000000000e+00
1.681687436741992414e+01 -1.452000583290832925e+00 0.000000000000000000e+00
4.045525097670059189e+00 7.324482154940985978e+00 0.000000000000000000e+00
-5.891968378416302166e+00 1.520257378982100427e+01 0.000000000000000000e+00
-1.114367670082923389e+01 -6.067013373803560761e+00 0.000000000000000000e+00
2.787682269392656842e+00 9.109064307793657278e+00 0.000000000000000000e+00
1.676678244930883466e+01 2.179379550910034991e-01 0.000000000000000000e+00
1.679151352888076332e+01 -3.381641875732092295e+00 0.000000000000000000e+00
-6.334666381251789602e+00 -6.441175536676478686e+00 0.000000000000000000e+00
-5.019501829976081630e+00 -5.355717895873182144e+00 0.000000000000000000e+00
4.205331344325602849e+00 -1.905612987288720417e+00 0.000000000000000000e+00
-1.079877677367555439e-01 1.373427168639584117e+01 0.000000000000000000e+00
1.527160755812697879e+01 5.602949124970427519e+00 0.000000000000000000e+00
-1.006838924090772736e+01 1.285358000105052190e+00 0.000000000000000000e+00
3.501064340577122014e+00 2.202176693720155676e+00 0.000000000000000000e+00
-7.759088096929845690e+00 -1.318620850312845860e+01 0.000000000000000000e+00
4.841443771367867299e+00 1.641957141267823417e+01 0.000000000000000000e+00
1.319086353889122876e-01 7.787546180999267875e+00 0.000000000000000000e+00
1.318012167189638317e+00 -1.738755965871510156e+01 0.000000000000000000e+00
8.401359641787881083e-01 -1.566307976720543493e+01 0.000000000000000000e+00
1.121925284704083836e+01 -1.240253650290408238e+01 0.000000000000000000e+00
-9.781083683637843862e+00 -7.890802917464184496e+00 0.000000000000000000e+00
-1.135514927345045955e+01 -8.520192436082870913e+00 0.000000000000000000e+00
-1.370018776133372418e+00 1.065305776283367578e+01 0.000000000000000000e+00
1.321413424806883086e+01 2.792072980110412939e+00 0.000000000000000000e+00
1.119348120846035854e+01 -4.439249142164840289e-02 0.000000000000000000e+00
9.016637328720880973e+00 6.979929356362086779e+00 0.000000000000000000e+00
-5.136550690057429591e+00 9.189024823320421476e+00 0.000000000000000000e+00
5.993187084515958496e+00 -1.627823370284803772e+01 0.000000000000000000e+00
-5.742682318145500453e+00 -1.111907433300211068e+01 0.000000000000000000e+00
1.351959125052291277e+01 4.278772470934343097e+00 0.000000000000000000e+00
-1.112312323090133503e+01 1.198005792584154605e+01 0.000000000000000000e+00
-1.299234720092353079e+01 1.923719895781113687e+00 0.000000000000000000e+00
-1.585159758980548084e+01 -4.481534659045948388e+00 0.000000000000000000e+00
-8.442189105245839542e+00 1.061488447228068566e+00 0.000000000000000000e+00
7.888014818814295559e+00 9.226629132462623062e+00 0.000000000000000000e+00
2.272640445121046238e+00 -9.331133679323246000e+00 0.000000000000000000e+00
-9.897125793372776315e+00 -1.396047469564158305e+01 0.000000000000000000e+00
7.050278681563799665e+00 1.378512214258399915e+01 0.000000000000000000e+00
-1.714019575827738251e+01 1.276818085130933200e+00 0.000000000000000000e+00
-8.661697138579926403e+00 -1.498676838267700262e+01 0.000000000000000000e+00
7.802973364166309045e-01 -2.778118752816221559e-01 0.000000000000000000e+00
-1.661579164252193053e+01 -2.648854720920706285e+00 0.000000000000000000e+00
-1.464510225568476720e+01 -9.520890569192628661e+00 0.000000000000000000e+00
-5.783815140778131969e+00 1.106524875561177090e+01 0.000000000000000000e+00
8.750099409913410398e+00 -1.403485176514469046e+01 0.000000000000000000e+00
5.873859539996479029e+00 -1.104847297655093641e+01 0.000000000000000000e+00
-2.923075104655083134e+00 -1.649049721076367092e+01 0.000000000000000000e+00
1.390808973946223581e+01 -1.705533900377871115e+00 0.000000000000000000e+00
-6.775614279699298415e+00 8.829055729837415711e+00 0.000000000000000000e+00
1.140784940853584395e+01 1.308798151255994213e+01 0.000000000000000000e+00
1.326670042154133178e+01 1.094353175199993800e+01 0.000000000000000000e+00
2.354593844990754761e-02 -1.134877963500359677e+01 0.000000000000000000e+00
2.933895895511544172e+00 -1.076639656352116559e+00 0.000000000000000000e+00
3.082287616381960138e+00 5.673780005260818937e-01 0.000000000000000000e+00
1.044833340827569756e+01 -1.078878221883477195e+01 0.000000000000000000e+00
