3.220431884070160677e+00 2.017143708204485630e+00 0.000000000000000000e+00
-8.319094006656481355e+00 -5.072504295120983109e+00 0.000000000000000000e+00
-3.157872572018603829e+00 8.087188264539673099e+00 0.000000000000000000e+00
-2.412681275775680145e+00 2.672301897624747458e+00 0.000000000000000000e+00
-1.379763706163382686e+01 -7.142637904766669266e+00 0.000000000000000000e+00
-1.301630162654140221e+01 4.469277246227511546e-01 0.000000000000000000e+00
2.927540380961493494e+00 -2.402458594725353613e+00 0.000000000000000000e+00
-1.409956448140189877e+01 8.518282956261788996e+00 0.000000000000000000e+00
2.066618572440735768e+00 1.624411832145864665e+01 0.000000000000000000e+00
1.571259151490845829e+00 -1.298068463070678824e+01 0.000000000000000000e+00
1.122260730711457555e+01 1.222481289595828535e+01 0.000000000000000000e+00
6.738022941036473590e+00 -1.493340211626090408e+01 0.000000000000000000e+00
-1.596992530397231569e+01 5.532652392962376098e+00 0.000000000000000000e+00
6.391145867456201835e+00 6.573179800974724429e-01 0.000000000000000000e+00
8.917633968573301928e+00 -1.309617843262902781e+01 0.000000000000000000e+00
4.895869172400653113e+00 6.508008590598307386e+00 0.000000000000000000e+00
9.068538033891966332e-01 -7.956888344939600621e+00 0.000000000000000000e+00
9.357578940055631733e+00 1.226485041078452909e+01 0.000000000000000000e+00
1.481294557583928473e+01 8.323792056392148808e+00 0.000000000000000000e+00
-1.963903592092088868e+00 -1.539867930346427727e+01 0.000000000000000000e+00
-2.490862821037914954e-01 1.242279736161591153e+01 0.000000000000000000e+00
6.434915809676607701e+00 1.418215989966542345e+01 0.000000000000000000e+00
-9.395853579745264028e+00 -7.411201876900956442e+00 0.000000000000000000e+00
-1.119861399684170777e+01 1.231843575097180299e+01 0.000000000000000000e+00
1.616396287157197875e+01 -4.546520422036581799e+00 0.000000000000000000e+00
-6.460593654492606142e+00 -5.287622901306719747e+00 0.000000000000000000e+00
-7.624659872901990987e+00 -8.470310180671758005e+00 0.000000000000000000e+00
-7.919971219953426456e+00 6.886298102880049399e+00 0.000000000000000000e+00
-3.078685846890411026e-01 -3.069892326724994014e+00 0.000000000000000000e+00
-2.368437803976918943e+00 -2.766038241331089775e+00 0.000000000000000000e+00
-5.200658392967150156e+00 6.903190118604462633e+00 0.000000000000000000e+00
-9.814522424743120865e+00 4.610656651552893059e+00 0.000000000000000000e+00
-3.071060075064325545e+00 1.488615312037624605e+01 0.000000000000000000e+00
-7.920594321999963938e+00 1.041721622273926684e+01 0.000000000000000000e+00
-1.619094416397328118e+01 -4.414252338017416122e+00 0.000000000000000000e+00
5.203390477951412407e+00 -5.860359100667308141e+00 0.000000000000000000e+00
7.028198903990457325e+00 -1.141093880429537144e+01 0.000000000000000000e+00
2.559935704828109060e+00 4.653555628272150635e+00 0.000000000000000000e+00
1.398510757567405838e+00 -5.682291963578000704e+00 0.000000000000000000e+00
-5.569711438009203874e+00 2.675671225438626344e+00 0.000000000000000000e+00
3.168107296992556332e+00 8.961816168804190852e+00 0.000000000000000000e+00
8.507605520851171832e+00 8.290161519295535797e+00 0.000000000000000000e+00
1.095519031275988731e+01 -4.145311386673648180e+00 0.000000000000000000e+00
1.363678987279711663e+01 6.255673667308427888e+00 0.000000000000000000e+00
-9.862284436760125672e+00 7.653674326637087688e+00 0.000000000000000000e+00
2.892400766317837491e+00 -1.007548739513162595e+01 0.000000000000000000e+00
-1.728903365770870226e-01 6.034541521439684253e+00 0.000000000000000000e+00
-6.742510243031895278e+00 -1.109006613995635249e+01 0.000000000000000000e+00
4.547210112857049680e+00 -3.737822185616564319e+00 0.000000000000000000e+00
-1.134813728115233999e+01 8.326601882675014110e+00 0.000000000000000000e+00
-9.404489117895245442e+00 -1.052416250285758004e+01 0.000000000000000000e+00
-1.187109284487225480e+01 -2.339558887956174171e+00 0.000000000000000000e+00
-8.298798755945135497e+00 -1.256762212760974862e+01 0.000000000000000000e+00
1.072959471730130154e+01 -1.190627244296330822e+01 0.000000000000000000e+00
-7.051840717301475436e+00 2.101587816752503279e+00 0.000000000000000000e+00
-9.194841029966841717e+00 -3.232891019834219115e+00 0.000000000000000000e+00
6.092875660059911880e+00 9.084817274024686640e+00 0.000000000000000000e+00
-8.010519272141198854e+00 8.499964947956227590e+00 0.000000000000000000e+00
-5.092178133583664668e+00 1.572532619029096601e+01 0.000000000000000000e+00
-1.265819514847389193e+01 -8.824961910459816039e+00 0.000000000000000000e+00
-1.724933144242773508e+01 1.713291025540836010e+00 0.000000000000000000e+00
3.429384925412120588e-01 1.545081058860001910e+00 0.000000000000000000e+00
1.388859416470426922e+01 -1.313723932617567147e+00 0.000000000000000000e+00
-1.521940382901602362e+01 2.200190948120984924e+00 0.000000000000000000e+00
1.420236774588129336e+01 -2.944326856754500454e+00 0.000000000000000000e+00
7.458698553114656349e+00 -5.324837500469068452e+00 0.000000000000000000e+00
4.968028790594152255e-01 -8.018771804893525257e-01 0.000000000000000000e+00
-1.663104479137843938e+01 -2.573455148568690287e+00 0.000000000000000000e+00
-1.163721825791865427e+01 -4.529532611739726100e+00 0.000000000000000000e+00
-5.007091278944565182e+00 4.650620879432223909e+00 0.000000000000000000e+00
-1.090331880518834318e+01 -7.317259605236897002e+00 0.000000000000000000e+00
3.160668657997231179e+00 -1.247483374411924650e+01 0.000000000000000000e+00
3.539104616988522967e+00 -1.464236715682376300e+01 0.000000000000000000e+00
-2.485045227475510821e+00 1.281318442652906775e+01 0.000000000000000000e+00
-5.337217938302040388e+00 8.409281830955574577e+00 0.000000000000000000e+00
1.227365918668074762e+01 1.089265249959274762e+01 0.000000000000000000e+00
-1.187718825980153525e+01 2.068378784401802672e+00 0.000000000000000000e+00
1.265179184020924552e+01 8.810256664315826214e+00 0.000000000000000000e+00
1.007142373182318806e+01 4.406727928973118935e+00 0.000000000000000000e+00
1.428607909820097710e+01 3.523394395774634980e+00 0.000000000000000000e+00
1.416032328864580592e+01 1.190629415022640414e+00 0.000000000000000000e+00
-1.822870137639378552e+00 -1.223622508586831081e+00 0.000000000000000000e+00
5.353181016863302055e-01 -1.739340511396363098e+01 0.000000000000000000e+00
-1.152385837524420786e+01 -4.035096966644420857e-01 0.000000000000000000e+00
7.588116704978681071e+00 1.283533831314424489e+01 0.000000000000000000e+00
3.984446162428584071e+00 1.578731661050771429e+01 0.000000000000000000e+00
-2.340609426740862808e+00 1.698283806118080363e+01 0.000000000000000000e+00
-5.024929026125254161e+00 -4.323886856500777642e-01 0.000000000000000000e+00
-8.510270200309891564e+00 1.132609614307605428e+00 0.000000000000000000e+00
5.112789173828816480e+00 -6.200471950794043119e-01 0.000000000000000000e+00
-1.002920583382157460e+01 -1.264528916235737910e+01 0.000000000000000000e+00
-5.283025582576000190e+00 -1.626069921159444220e+01 0.000000000000000000e+00
-4.729452448762610395e+00 -1.208989976601690941e+01 0.000000000000000000e+00
6.847375001271472250e+00 -2.800090785775330104e+00 0.000000000000000000e+00
-8.005708099078599815e+00 4.944949782951837847e+00 0.000000000000000000e+00
-1.257527394043624369e+01 4.453754741855808774e+00 0.000000000000000000e+00
5.560661335567441910e+00 1.233254119349077271e+01 0.000000000000000000e+00
5.192527817807233603e+00 -9.215076526689445657e+00 0.000000000000000000e+00
-3.474561502038412630e+00 -1.468643584762346421e+01 0.000000000000000000e+00
1.300281242192145470e+01 -1.116630408632976312e+01 0.000000000000000000e+00
-2.334699268497544722e+00 -7.694396846252441691e+00 0.000000000000000000e+00
8.607724108179569456e+00 -8.690184715454373210e-01 0.000000000000000000e+00
-2.489615637285705674e+00 1.124464178796120883e+01 0.000000000000000000e+00
3.266230538467097322e+00 1.157440729705188787e+01 0.000000000000000000e+00
-3.247970213948054852e-01 -1.508826866990872873e+01 0.000000000000000000e+00
1.276828464334977120e+01 -6.311985857744353723e+00 0.000000000000000000e+00
1.543512742027376428e+00 1.362540002913309856e+01 0.000000000000000000e+00
1.263963506780260282e+01 9.256893716884007084e-01 0.000000000000000000e+00
6.855936978786285607e+00 2.363066868941174459e+00 0.000000000000000000e+00
2.212623894473413788e+00 7.930151922546312404e-01 0.000000000000000000e+00
-1.275326919755001143e+01 9.759451321542078617e+00 0.000000000000000000e+00
7.919990687549486985e+00 5.986197864802757174e+00 0.000000000000000000e+00
-5.886672226855969470e+00 -1.765207123382850574e+00 0.000000000000000000e+00
1.486574182897686169e+00 -3.228749702059434679e+00 0.000000000000000000e+00
-4.393951029266707664e+00 -7.879350022075054305e+00 0.000000000000000000e+00
-1.203095748592121161e+01 -1.249165423484458337e+01 0.000000000000000000e+00
-1.695635322750622365e+01 -9.981491314420238847e-01 0.000000000000000000e+00
1.012672949656537469e+01 -9.143336157963778632e+00 0.000000000000000000e+00
1.643683532919655121e+01 4.733310094282895619e+00 0.000000000000000000e+00
-2.098612789863756323e+00 -1.690778315985230762e+01 0.000000000000000000e+00
4.516404622798178892e+00 2.822946520014219196e+00 0.000000000000000000e+00
9.226150257903338314e+00 -1.109684026349345132e+01 0.000000000000000000e+00
-1.020361857488780721e+01 1.497464843870187412e+00 0.000000000000000000e+00
-2.665509045532488130e+00 -1.287017162268827164e+01 0.000000000000000000e+00
-1.322395700513469841e+01 1.127206484099264650e+01 0.000000000000000000e+00
9.400120577495069796e+00 2.162478178592027511e+00 0.000000000000000000e+00
1.564309544211232783e+01 1.459318155683431817e+00 0.000000000000000000e+00
-7.990281156790923767e+00 -1.056963913845905934e+00 0.000000000000000000e+00
-4.232546519341648050e+00 1.123665026182791316e+01 0.000000000000000000e+00
-6.746180940999658482e+00 1.144577599560314773e+01 0.000000000000000000e+00
7.890893344649406949e+00 -9.629526465868442742e+00 0.000000000000000000e+00
-9.811430124463459634e+00 -8.925212876416690477e+00 0.000000000000000000e+00
2.433269397851901772e+00 -7.658968894273298744e+00 0.000000000000000000e+00
-7.825581527571302543e-01 1.706632460775420412e+01 0.000000000000000000e+00
-5.308730741844666312e+00 -1.025563971102185334e+01 0.000000000000000000e+00
1.612305607940561547e+00 1.011337765685163248e+01 0.000000000000000000e+00
1.052072538168115301e+01 9.507533610104898614e+00 0.000000000000000000e+00
-5.854903708493793602e+00 -7.007924822736650405e+00 0.000000000000000000e+00
1.624148261788931080e+01 -6.270210864233387582e+00 0.000000000000000000e+00
-6.659018269082438657e+00 5.100146481757952266e-01 0.000000000000000000e+00
7.451515301812422720e+00 3.841698067900930269e+00 0.000000000000000000e+00
1.176545435929446626e+01 4.908038161707995783e+00 0.000000000000000000e+00
1.668147352212744572e+00 6.633157636976878990e+00 0.000000000000000000e+00
-1.123416654878255372e+01 -1.010117710293792825e+01 0.000000000000000000e+00
6.406060355131200978e+00 5.081881215953356623e+00 0.000000000000000000e+00
-1.292072369230879580e+01 -3.564855250827292821e+00 0.000000000000000000e+00
-4.876470773816396154e+00 -1.368454573975125932e+01 0.000000000000000000e+00
3.088648537439592889e+00 -1.713771469350265875e+01 0.000000000000000000e+00
-4.487598119600893831e+00 1.416258929542610545e+01 0.000000000000000000e+00
1.012677062948962892e+01 -1.413204765250990702e+00 0.000000000000000000e+00
1.034312989539896854e+01 5.901950269000661109e+00 0.000000000000000000e+00
9.247075369398221056e+00 -5.534658323718324446e+00 0.000000000000000000e+00
1.104158382022255935e+01 -6.108176268168134193e+00 0.000000000000000000e+00
1.159672558963234046e+01 2.891221835692094011e+00 0.000000000000000000e+00
1.388153134184255677e+01 -5.200995081543354104e+00 0.000000000000000000e+00
1.408892197978184413e+01 -9.124358242137764918e+00 0.000000000000000000e+00
-1.533216687631744080e+01 -1.547843815681253288e+00 0.000000000000000000e+00
1.179090023092209094e+01 7.326002138073239855e+00 0.000000000000000000e+00
-4.311979724587883922e+00 -4.109119248371683852e+00 0.000000000000000000e+00
-1.437963263419847593e+01 -5.284839045230122601e+00 0.000000000000000000e+00
1.723406440523991989e+01 -2.528363254664715232e+00 0.000000000000000000e+00
1.236427987350917945e+01 -7.988684653224369825e+00 0.000000000000000000e+00
-1.762682156928456978e+00 -1.041138215822826751e+01 0.000000000000000000e+00
-8.206877158735800037e+00 3.452752585485680648e+00 0.000000000000000000e+00
-1.220747531472430092e+00 8.180821897366071127e+00 0.000000000000000000e+00
2.885016730830001652e+00 -5.459972938162616529e+00 0.000000000000000000e+00
1.258471750159201896e+01 -3.655222877271191884e+00 0.000000000000000000e+00
5.213127583837548151e+00 1.034723611735003423e+01 0.000000000000000000e+00
7.743640623219393504e+00 1.538117252404938107e+01 0.000000000000000000e+00
8.913083151935031756e-01 -1.148676809014797406e+01 0.000000000000000000e+00
1.662284742058054210e+00 2.546415646793508181e+00 0.000000000000000000e+00
-9.815434217608251188e+00 1.290509291972260897e+01 0.000000000000000000e+00
-1.011305701656593925e+01 -5.850997633623340022e+00 0.000000000000000000e+00
-8.493664626113657246e-01 -1.260252265406460559e+01 0.000000000000000000e+00
8.155920432262066200e+00 -6.981527058529132468e+00 0.000000000000000000e+00
4.006357201780355481e+00 -6.917727603590476448e+00 0.000000000000000000e+00
-8.494463186458897086e-01 -5.189252373204317870e+00 0.000000000000000000e+00
-1.331003118851416644e+01 6.115389907881743525e+00 0.000000000000000000e+00
-6.156579254550297975e+00 1.347876910054392319e+01 0.000000000000000000e+00
-6.197665757445929735e+00 -1.285907097206425398e+01 0.000000000000000000e+00
-9.690944936022917844e+00 9.318994225082354532e+00 0.000000000000000000e+00
1.451738937818128627e-01 4.250182189631833474e+00 0.000000000000000000e+00
-7.977296865351789279e+00 -1.454293699188331246e+01 0.000000000000000000e+00
-3.415468899378129031e+00 3.509451538576061624e-01 0.000000000000000000e+00
-5.502119799118424526e-01 9.726993326777186866e+00 0.000000000000000000e+00
-1.302877652740040659e+01 -1.134269203334068443e+01 0.000000000000000000e+00
-1.120404754369094569e+01 3.552267750434328963e+00 0.000000000000000000e+00
-1.113895479480724759e+00 1.000832251180881149e+00 0.000000000000000000e+00
-5.513131669156227099e-01 -9.239970161823448436e+00 0.000000000000000000e+00
1.241258897991145815e+01 -1.829766419750460837e+00 0.000000000000000000e+00
-2.916168782602467147e+00 -6.194586769192002684e+00 0.000000000000000000e+00
4.557692430437229270e+00 1.387090830350199333e+01 0.000000000000000000e+00
5.150297886637222433e+00 -1.640186881658202012e+01 0.000000000000000000e+00
1.127396375175490206e+01 -1.030340833210910745e+01 0.000000000000000000e+00
-3.509343964018281969e+00 5.245804738796748801e+00 0.000000000000000000e+00
-1.128168072798802629e-01 -6.504031189946019254e+00 0.000000000000000000e+00
-9.750735814826198222e+00 -1.732972604449491305e+00 0.000000000000000000e+00
1.365500277751750779e+01 1.005565318574752709e+01 0.000000000000000000e+00
1.018474214051915894e+01 -7.467885266043893466e+00 0.000000000000000000e+00
1.641973221010122685e+01 -1.146000900181221915e+00 0.000000000000000000e+00
-1.615129774502986493e+01 -6.068263709777868442e+00 0.000000000000000000e+00
-6.094498884809888217e+00 1.007234061748424558e+01 0.000000000000000000e+00
-1.931984869920883918e+00 5.155742802827066207e+00 0.000000000000000000e+00
6.112562840736350367e+00 1.585213182985125080e+01 0.000000000000000000e+00
1.718600555246382910e+01 2.345701620626365891e+00 0.000000000000000000e+00
-1.574377442178769826e+01 2.250451380608801677e-01 0.000000000000000000e+00
-1.494778372664878496e+01 -8.937000099132443864e+00 0.000000000000000000e+00
5.251783448350481720e+00 -1.459356610197857407e+01 0.000000000000000000e+00
-3.534052385583662748e+00 9.893332096963659339e+00 0.000000000000000000e+00
9.107325224312632361e-01 -9.622469298880110600e+00 0.000000000000000000e+00
6.980438514745874734e-01 1.494274182094381942e+01 0.000000000000000000e+00
-1.314483904062734076e+00 1.387484381957239954e+01 0.000000000000000000e+00
-7.547648603924012711e+00 -6.477727949496316917e+00 0.000000000000000000e+00
8.852013172505953875e+00 -1.502584233664517122e+01 0.000000000000000000e+00
6.391297155332935631e+00 -1.336682131359796522e+01 0.000000000000000000e+00
1.467407158287992530e+01 4.999566810606218326e+00 0.000000000000000000e+00
1.282291936160777190e+00 8.164865370953924284e+00 0.000000000000000000e+00
-1.643691960576255795e+01 3.078446777872688056e+00 0.000000000000000000e+00
8.240947908432726621e+00 -3.663692604489316995e+00 0.000000000000000000e+00
6.982187341169621142e+00 -8.914677835136651796e-01 0.000000000000000000e+00
1.668926665870642534e+00 -1.504679394976970030e+01 0.000000000000000000e+00
8.821939901433102804e+00 -8.328286240283524933e+00 0.000000000000000000e+00
3.617098880808279127e+00 1.329410947243355456e-01 0.000000000000000000e+00
-8.265771588370547818e+00 1.490680602777123021e+01 0.000000000000000000e+00
-4.717312091837404076e+00 -5.674143075756217236e+00 0.000000000000000000e+00
1.474766575167156724e+01 -7.142938910821554188e+00 0.000000000000000000e+00
-1.355300866221915257e+01 2.876186427133190726e+00 0.000000000000000000e+00
-4.320827206107447083e+00 -2.030318894577488820e+00 0.000000000000000000e+00
-7.840448288446723701e+00 -1.004324037924042656e+01 0.000000000000000000e+00
-1.067592361881290053e+01 6.365226708649167620e+00 0.000000000000000000e+00
1.577018230262719811e+01 3.202977630802502862e+00 0.000000000000000000e+00
-1.478183238202078087e+01 7.059537665014885555e+00 0.000000000000000000e+00
-3.738501591260686485e+00 -1.667660015118197947e+01 0.000000000000000000e+00
-4.817071909517293804e+00 1.169339770133389411e+00 0.000000000000000000e+00
1.003160681623175421e+01 7.658760389795286727e+00 0.000000000000000000e+00
1.310424883126071371e+01 2.577925590624533747e+00 0.000000000000000000e+00
5.939686129138433301e+00 -4.406147844664595858e+00 0.000000000000000000e+00
8.891918114506935922e+00 6.505849482191859989e-01 0.000000000000000000e+00
-9.737628846190293785e+00 3.280461074496965335e-02 0.000000000000000000e+00
-1.359394683939669690e+01 -2.119756922742655370e+00 0.000000000000000000e+00
9.798153863932359542e+00 1.372937900570583025e+01 0.000000000000000000e+00
8.864480654649579350e+00 1.037677688257862485e+01 0.000000000000000000e+00
1.560206814213739968e+01 6.470586635309527601e+00 0.000000000000000000e+00
4.712651201962994918e+00 4.736929852986856204e+00 0.000000000000000000e+00
-3.058097282981476095e+00 -9.491301701450041151e+00 0.000000000000000000e+00
6.905647574227301355e+00 1.120185049768494601e+01 0.000000000000000000e+00
4.554173124131652095e+00 -1.323899354618245283e+01 0.000000000000000000e+00
-2.512365996160983883e+00 -4.322347115584333821e+00 0.000000000000000000e+00
-8.299944656993169190e+00 1.314431105358536911e+01 0.000000000000000000e+00
-1.514214370972506174e+01 -3.131511234155303747e+00 0.000000000000000000e+00
6.396903659718668145e+00 6.668394322091651283e+00 0.000000000000000000e+00
-3.657457844639292688e+00 3.682395986460714088e+00 0.000000000000000000e+00
1.047823279103589300e+01 5.824832158739565863e-02 0.000000000000000000e+00
-6.209973107006939941e+00 -1.446644016595380400e+01 0.000000000000000000e+00
1.733608798065368362e+01 6.019723475495942777e-01 0.000000000000000000e+00
2.342524051996679013e+00 -1.009843795625817719e+00 0.000000000000000000e+00
