8.941513690188038765e+00 1.084515984730507476e+01 0.000000000000000000e+00
4.821334315245489499e+00 9.326030524319337545e+00 0.000000000000000000e+00
2.086015232438442002e+00 -9.754278936049551874e+00 0.000000000000000000e+00
3.594084124544059122e+00 5.539272488824849017e-01 0.000000000000000000e+00
-1.167629247600802067e+01 -1.022152138010911315e+01 0.000000000000000000e+00
1.650163908955726200e+01 -7.625221651795677236e-01 0.000000000000000000e+00
-9.563520043916273750e+00 7.206016353698063703e+00 0.000000000000000000e+00
9.512908418154133461e-01 1.050838325690042208e+00 0.000000000000000000e+00
-1.112155042891721024e+01 -2.274610537171598779e+00 0.000000000000000000e+00
1.002537012522607007e+01 5.145822909609159446e+00 0.000000000000000000e+00
8.265834409673068706e+00 8.970068999095726525e+00 0.000000000000000000e+00
-1.376792752903085670e+01 9.049688216025428389e+00 0.000000000000000000e+00
-6.992958618708257745e+00 8.403949227416779522e+00 0.000000000000000000e+00
1.289999635645191711e+00 2.710798452798238056e+00 0.000000000000000000e+00
-1.330063827398690002e+01 -6.929991012732073408e+00 0.000000000000000000e+00
-1.515382546691376042e+01 2.328703317677050411e+00 0.000000000000000000e+00
8.266603544196028608e+00 1.375690333426343770e+01 0.000000000000000000e+00
-2.806249908904458135e+00 -1.429907285639724179e+01 0.000000000000000000e+00
-4.946021591265883366e+00 8.187273109916045399e+00 0.000000000000000000e+00
-1.510131247627962203e+01 5.187889005453976132e+00 0.000000000000000000e+00
1.575969249002839234e+01 4.303180297250020381e+00 0.000000000000000000e+00
1.176139407839131579e+01 -2.865027507086212566e+00 0.000000000000000000e+00
1.018465353475406054e+01 -1.114308876599432097e+01 0.000000000000000000e+00
2.223388823130033831e+00 9.281242994980351213e+00 0.000000000000000000e+00
-9.766716581234502925e+00 -4.413431455450168850e-02 0.000000000000000000e+00
-5.316264988095998234e+00 1.258754889105212804e+01 0.000000000000000000e+00
1.545286098418486986e+01 -7.042364588222946864e+00 0.000000000000000000e+00
-8.135138818259573412e+00 -8.796356094751155652e+00 0.000000000000000000e+00
1.543093415574714733e+01 -5.081294909923729008e+00 0.000000000000000000e+00
1.148890020106929200e+01 6.429321122301470126e+00 0.000000000000000000e+00
-1.135972310111715444e+01 1.162192707689617599e+01 0.000000000000000000e+00
-7.043725483027020395e+00 -4.851063648050050858e+00 0.000000000000000000e+00
1.237928814363833396e+01 -1.184089342406831058e+01 0.000000000000000000e+00
-1.308705243983084188e+01 5.406364622326076841e+00 0.000000000000000000e+00
1.001573483797196751e+01 1.943429016722469926e+00 0.000000000000000000e+00
1.332881018400653517e+01 -4.347154300350045020e+00 0.000000000000000000e+00
9.345605980256323164e+00 -2.975309782756272003e+00 0.000000000000000000e+00
-4.343365680779437632e+00 -1.462135453157833709e+01 0.000000000000000000e+00
1.176176642394559835e+01 -5.834656028363566227e-01 0.000000000000000000e+00
2.909443190946181979e+00 -1.318448000014998378e+01 0.000000000000000000e+00
-9.963212012016740005e-01 -1.359551460617708651e-01 0.000000000000000000e+00
9.158273265793358320e+00 7.760613883064318430e-02 0.000000000000000000e+00
-5.581513389730736741e+00 5.376965035237875057e+00 0.000000000000000000e+00
5.219432013838333440e+00 1.495790622655351854e+01 0.000000000000000000e+00
1.172036028338293434e+01 -9.195524568246941755e+00 0.000000000000000000e+00
4.802935758695001667e+00 -3.406974921415855562e+00 0.000000000000000000e+00
1.523042617904633467e+01 7.060715461027512241e+00 0.000000000000000000e+00
7.347018461141886725e+00 -3.280796379019535802e+00 0.000000000000000000e+00
-4.076852019370437397e+00 -3.606239206955286214e+00 0.000000000000000000e+00
9.758466938252922773e+00 -7.963325427659341926e+00 0.000000000000000000e+00
-1.480687543062398248e+01 -2.596346871527296152e+00 0.000000000000000000e+00
2.264294110460066456e+00 1.311014286154671460e+01 0.000000000000000000e+00
-4.921314373322035252e+00 1.404716609675772077e+01 0.000000000000000000e+00
4.151069787208440331e+00 1.152095483997391057e+01 0.000000000000000000e+00
1.098082760339287667e+01 -6.327595255510885863e+00 0.000000000000000000e+00
2.685547409901344551e+00 6.733311086981678351e+00 0.000000000000000000e+00
-2.581341463273352232e+00 1.186347529399787426e+01 0.000000000000000000e+00
-1.139015859597904523e+01 -7.430167035603183479e+00 0.000000000000000000e+00
-2.563566441305332955e+00 -4.545365584375626433e+00 0.000000000000000000e+00
-1.142048507869106189e+01 -4.141275180340414863e+00 0.000000000000000000e+00
-3.129182638516547321e+00 -1.116670015659891035e+01 0.000000000000000000e+00
-7.054278371652453750e+00 1.511718505396092382e+01 0.000000000000000000e+00
-4.287877026136607483e+00 1.604164410064747059e+01 0.000000000000000000e+00
-1.228823477374597495e+01 7.763709055708363671e+00 0.000000000000000000e+00
-9.260947414325272575e+00 -1.266425135387265577e+01 0.000000000000000000e+00
5.117333339984092788e+00 4.243835943253981391e+00 0.000000000000000000e+00
1.307790967922643155e+01 -1.049578297497814994e+01 0.000000000000000000e+00
3.362398151641845967e+00 -1.101695339226989212e+01 0.000000000000000000e+00
9.325024709379479970e-02 -1.521163974448983325e+01 0.000000000000000000e+00
2.854809634686624964e+00 -1.476178834039603949e+01 0.000000000000000000e+00
1.191416260690642304e+01 -7.523834794330822362e+00 0.000000000000000000e+00
4.657971623543640582e+00 -8.219264167754202433e+00 0.000000000000000000e+00
-1.189074471167451819e+01 4.189380906524654335e+00 0.000000000000000000e+00
-5.879347399592981915e+00 -1.454902270196183878e+01 0.000000000000000000e+00
-6.128612188515105252e+00 -1.222389077594094964e+01 0.000000000000000000e+00
-6.119094582216355604e-02 -1.725427014522642111e+01 0.000000000000000000e+00
1.298475079590459735e+01 9.524329879323294890e+00 0.000000000000000000e+00
-7.546067685560246652e+00 1.199099209271873434e+01 0.000000000000000000e+00
-3.486573506668481093e-01 -2.332001594589649507e+00 0.000000000000000000e+00
9.270689024335116102e+00 -1.413086633766556943e+01 0.000000000000000000e+00
-1.364445510842356590e+01 -4.276581510907240258e+00 0.000000000000000000e+00
8.122727462328178660e+00 -8.687336503172572222e+00 0.000000000000000000e+00
-9.703977734674328559e+00 1.158478854572596894e+01 0.000000000000000000e+00
6.642226052773784417e+00 -1.375658470807285916e+01 0.000000000000000000e+00
-7.889566587652583785e+00 2.764637843458528366e+00 0.000000000000000000e+00
-8.018804491253561650e+00 -2.053772749800548969e-01 0.000000000000000000e+00
1.118514032504344158e+01 9.252359539857206272e+00 0.000000000000000000e+00
-4.525366400655426169e+00 1.759634699113553413e+00 0.000000000000000000e+00
1.465350807627891250e+01 9.304959914233080553e+00 0.000000000000000000e+00
-3.517669975310937058e+00 -9.596934952539951880e+00 0.000000000000000000e+00
-5.407068357100730083e+00 3.852598780993692351e+00 0.000000000000000000e+00
9.494022592621773060e-02 -5.434988625096249137e+00 0.000000000000000000e+00
-2.735192284149068787e+00 6.016460114631255962e+00 0.000000000000000000e+00
1.572491355564562632e+01 7.482247235246425321e-01 0.000000000000000000e+00
6.057372626995198850e+00 -1.179893033851161732e+01 0.000000000000000000e+00
6.056407513653776498e+00 1.130566975987414757e+01 0.000000000000000000e+00
-4.794176178838164937e+00 -1.613420437763812387e+00 0.000000000000000000e+00
1.310057070964958115e+01 1.761693424975963873e-01 0.000000000000000000e+00
-1.098678202422126127e+01 -1.167124137510592696e+01 0.000000000000000000e+00
3.966708781935566641e+00 1.625572110047169261e+01 0.000000000000000000e+00
1.083164430502398545e+01 1.116389704774272218e+01 0.000000000000000000e+00
-2.673944432670484872e+00 -8.159089484118841051e-01 0.000000000000000000e+00
-9.603076940957588903e+00 9.031069840784887504e+00 0.000000000000000000e+00
-5.823824074173028498e-01 9.675813580613548126e+00 0.000000000000000000e+00
4.881635755134254850e+00 -1.347966785330920381e+01 0.000000000000000000e+00
1.683794367458842345e+01 -2.379962040619378438e+00 0.000000000000000000e+00
4.043471020453990761e+00 1.397886031405368001e+01 0.000000000000000000e+00
-8.956033040977642301e+00 -4.655931841897436918e+00 0.000000000000000000e+00
2.195661780540047570e+00 1.114387503925775924e+01 0.000000000000000000e+00
-2.066860625239242411e-01 4.972676509661717148e+00 0.000000000000000000e+00
1.374914963504286769e+00 1.459367344552435419e+01 0.000000000000000000e+00
-3.732672714429561278e+00 3.339265045902628959e+00 0.000000000000000000e+00
-9.088117423334324485e+00 1.492483562848652667e+01 0.000000000000000000e+00
-9.778742671340223680e+00 -9.276522499751779449e+00 0.000000000000000000e+00
8.449660120303693844e+00 1.524971477731067671e+00 0.000000000000000000e+00
2.093961860557330024e+00 -1.619451004966931151e+01 0.000000000000000000e+00
1.438522007913334910e+01 -1.239536184560013465e+00 0.000000000000000000e+00
4.309622694226880490e+00 -1.673010187821551753e+01 0.000000000000000000e+00
8.085768757861108824e+00 7.463402683816982019e+00 0.000000000000000000e+00
-9.895170349401864129e+00 5.289628255882117713e+00 0.000000000000000000e+00
4.312433583213362454e+00 -6.547823454078042893e+00 0.000000000000000000e+00
-1.673307981176174408e+01 -5.110856851668188483e+00 0.000000000000000000e+00
1.255306991813202266e+01 3.100209612801855030e+00 0.000000000000000000e+00
-1.458101704404603360e+01 -8.581918823429319332e+00 0.000000000000000000e+00
-5.990083773748119178e+00 -8.247855504404041582e+00 0.000000000000000000e+00
8.070332640212816600e+00 -1.476999326559779169e+00 0.000000000000000000e+00
-2.032889133335884502e+00 4.202564566125794876e+00 0.000000000000000000e+00
1.376740158068834852e+01 -6.664265244139234490e+00 0.000000000000000000e+00
8.467123784761045047e-02 -1.255984810561013632e+01 0.000000000000000000e+00
1.780481753433045711e+00 -1.282487587234332205e+00 0.000000000000000000e+00
1.991056668598093493e+00 -8.058246204991826644e+00 0.000000000000000000e+00
4.986229097661873388e-02 -1.036233007143519735e+01 0.000000000000000000e+00
-8.099030661837351985e+00 -1.054628249216117020e+01 0.000000000000000000e+00
1.413865028030554605e+01 5.314343193375404617e+00 0.000000000000000000e+00
1.345853694216306451e+01 -8.751178586793388448e+00 0.000000000000000000e+00
-7.553938117293658827e+00 -1.272396318865893861e+01 0.000000000000000000e+00
7.719831414257334323e+00 -6.962317606176028129e+00 0.000000000000000000e+00
-7.624138020816878303e+00 -1.501803939574456059e+01 0.000000000000000000e+00
-4.476600256932155908e+00 -5.795407360421584997e+00 0.000000000000000000e+00
-1.078488384231930608e+00 1.192037080867448573e+01 0.000000000000000000e+00
2.817315755686842227e+00 2.342585715007046598e+00 0.000000000000000000e+00
7.612880479474029904e+00 -5.351975257160646926e+00 0.000000000000000000e+00
6.948778023532903525e+00 2.309397066817167943e+00 0.000000000000000000e+00
-1.953072922543332535e+00 1.287199422590400877e+00 0.000000000000000000e+00
4.629066969200795079e+00 7.603395682867742700e+00 0.000000000000000000e+00
2.772745615870158886e+00 -3.124285197815686921e+00 0.000000000000000000e+00
-3.457494785886499944e+00 -7.718409540390066326e+00 0.000000000000000000e+00
3.996667678876578145e-02 6.564068168335576381e+00 0.000000000000000000e+00
-1.504999449153699054e+01 -6.886394505527229093e+00 0.000000000000000000e+00
-1.431335020834117344e+01 7.260507743793358060e+00 0.000000000000000000e+00
-6.089241962027561961e+00 -1.047890355898933024e+01 0.000000000000000000e+00
6.613495320222641638e+00 8.478661643310315910e+00 0.000000000000000000e+00
-7.778046455491413269e+00 1.031230993071734225e+01 0.000000000000000000e+00
-2.992649662482762096e+00 1.381466545423266012e+01 0.000000000000000000e+00
-1.732416211039052101e+01 -1.332360715304446996e+00 0.000000000000000000e+00
-9.453572031462552872e+00 -6.720140867223638459e+00 0.000000000000000000e+00
-1.290995655586014834e+01 1.163023002638771608e+01 0.000000000000000000e+00
1.325435643447227996e+01 7.138096889675367152e+00 0.000000000000000000e+00
8.433153470221011361e+00 -1.207544288213419748e+01 0.000000000000000000e+00
-2.635420598622317812e+00 9.058970088375417617e+00 0.000000000000000000e+00
-1.928827182098686865e+00 1.509277687042131788e+01 0.000000000000000000e+00
5.862279920574542835e+00 5.680115596154904800e+00 0.000000000000000000e+00
-1.573165447435800957e+01 -9.257532521833463646e-01 0.000000000000000000e+00
-1.114258930890047017e+00 8.017549355935472022e+00 0.000000000000000000e+00
2.161484314680500507e+00 -4.835684781236557761e+00 0.000000000000000000e+00
-1.145067787386514446e+01 -7.269024820017182531e-01 0.000000000000000000e+00
-1.642042203040425008e+01 -3.260255347548240756e+00 0.000000000000000000e+00
4.631705153259757957e+00 2.111199919476084208e+00 0.000000000000000000e+00
-1.203539735472355154e+01 1.021819486114696751e+01 0.000000000000000000e+00
-7.441895692970661891e+00 -7.419829996111783288e+00 0.000000000000000000e+00
4.730590191454363769e+00 -1.037512022002781542e+01 0.000000000000000000e+00
-1.196033638863747761e+01 2.578366579501850886e+00 0.000000000000000000e+00
3.372361956145377704e-01 1.668939898869985683e+01 0.000000000000000000e+00
-1.179903349106833588e+01 6.263267040273882813e+00 0.000000000000000000e+00
-2.434685587391623329e+00 -6.599714908482646081e+00 0.000000000000000000e+00
3.809689031611608989e+00 5.601079227504850877e+00 0.000000000000000000e+00
6.461161561590440527e+00 3.811501280864971336e-02 0.000000000000000000e+00
8.528870584443025038e+00 3.129811526621054885e+00 0.000000000000000000e+00
1.599332984581430672e+01 2.393004958893345080e+00 0.000000000000000000e+00
-1.049842429252070453e+01 1.886618398391827878e+00 0.000000000000000000e+00
1.497922282215636614e+01 -8.574214716592930330e+00 0.000000000000000000e+00
-8.259828650844196929e+00 5.707228709918498843e+00 0.000000000000000000e+00
1.526834724279525091e+01 -2.711636970259518886e+00 0.000000000000000000e+00
-7.251551814899093173e-01 1.342564460816300986e+01 0.000000000000000000e+00
-9.439998710394338355e-01 -9.197028280659239385e+00 0.000000000000000000e+00
7.522784423503187767e+00 -1.008898639896767691e+01 0.000000000000000000e+00
1.160081081194971908e+01 -4.673647680551582084e+00 0.000000000000000000e+00
1.106486863704116708e+01 1.338985772045108646e+01 0.000000000000000000e+00
-2.901202337028631728e+00 -1.674307590335048346e+01 0.000000000000000000e+00
7.531350548147937474e+00 4.498685851084711196e+00 0.000000000000000000e+00
-1.565369822676512435e+01 7.047429685218641326e-01 0.000000000000000000e+00
6.703518003013442250e-01 -8.827322489196554045e+00 0.000000000000000000e+00
2.829749711514263355e-01 -7.336700926958328317e+00 0.000000000000000000e+00
-5.683952163773057009e+00 -2.838301151742540274e+00 0.000000000000000000e+00
-9.085338890768262843e+00 -2.757143964141824721e+00 0.000000000000000000e+00
1.397458707302060121e+00 -1.376583476195166611e+01 0.000000000000000000e+00
-5.780842407246896464e+00 -1.610710607580726261e+01 0.000000000000000000e+00
-2.363902513304762532e-01 2.765065049955739873e+00 0.000000000000000000e+00
-1.321626239386414703e+01 3.424344257000868641e+00 0.000000000000000000e+00
-1.086610486526651442e+01 1.321453461489536885e+01 0.000000000000000000e+00
-1.354095391454054775e+00 -1.138020010725471742e+01 0.000000000000000000e+00
8.357867131154446128e+00 1.224328227218283338e+01 0.000000000000000000e+00
-1.356792879851242795e+01 8.247810485119192458e-01 0.000000000000000000e+00
-9.242452170370945908e+00 1.329322977551288254e+01 0.000000000000000000e+00
-1.785643157217244648e+00 -1.305743922676838942e+01 0.000000000000000000e+00
9.930832835933868452e+00 6.819726980256499260e+00 0.000000000000000000e+00
-6.882101819190512337e+00 1.346716049192212417e+01 0.000000000000000000e+00
2.113202793144469460e+00 1.731857099460401272e+01 0.000000000000000000e+00
1.358495432257067037e+01 -2.799727361698066019e+00 0.000000000000000000e+00
-1.281710914161925885e+01 -8.808450409216169064e+00 0.000000000000000000e+00
3.264686181693006617e+00 4.165385394038427336e+00 0.000000000000000000e+00
9.758208554105802790e+00 1.417274669274216059e+01 0.000000000000000000e+00
-1.566080067711437707e+00 1.725020409945081568e+01 0.000000000000000000e+00
4.765188915218002919e+00 -4.957452193223662817e+00 0.000000000000000000e+00
-1.234847095036958109e+01 -5.495743663799870227e+00 0.000000000000000000e+00
7.568576779318859415e+00 -1.569762297045484090e+01 0.000000000000000000e+00
-1.101648087757447492e+00 -4.065270466280654915e+00 0.000000000000000000e+00
-5.186094628628308278e+00 6.144121850952829339e-02 0.000000000000000000e+00
-5.613468997379470693e+00 1.056181543290225733e+01 0.000000000000000000e+00
1.315329193059784796e+00 -3.502326837610966415e+00 0.000000000000000000e+00
-1.740903290357422861e+01 2.100431713961695979e-01 0.000000000000000000e+00
3.637569296766743676e+00 -1.443054978210418948e+00 0.000000000000000000e+00
1.207010904855872901e+01 1.212903466679662046e+01 0.000000000000000000e+00
-7.101280700385874667e+00 -1.412865743324789092e+00 0.000000000000000000e+00
-9.985260330995537004e+00 3.564209855290766171e+00 0.000000000000000000e+00
-8.981522384751766452e+00 -1.416938825393944512e+01 0.000000000000000000e+00
5.692836082657430019e+00 1.336902136972928723e+01 0.000000000000000000e+00
6.779045532077246250e+00 1.456584586502811085e+01 0.000000000000000000e+00
9.862008444414531283e+00 -1.267609736462503101e+01 0.000000000000000000e+00
1.663997844882932142e+01 -3.989735698069535097e+00 0.000000000000000000e+00
-1.328413028505461391e+01 -1.255915932583517858e+00 0.000000000000000000e+00
1.464398250808859991e+00 4.303575184761943007e+00 0.000000000000000000e+00
6.057775977609969331e+00 -8.848018572150218475e+00 0.000000000000000000e+00
1.388572573091171947e+01 3.826203249014875407e+00 0.000000000000000000e+00
-4.017213248815578730e+00 -1.267058122605068959e+01 0.000000000000000000e+00
1.603411671109096881e+00 -1.203967575375149224e+01 0.000000000000000000e+00
-1.084145317296477273e+01 -1.332419660318118382e+01 0.000000000000000000e+00
4.389148843208428019e-01 1.096317512865362431e+01 0.000000000000000000e+00
9.759728831063481991e+00 8.541159755527070629e+00 0.000000000000000000e+00
1.150413697473756969e+01 1.416149762848944338e+00 0.000000000000000000e+00
-4.661699053103759205e+00 -1.111640873415568720e+01 0.000000000000000000e+00
-1.585506942480107107e+01 7.273440863679427437e+00 0.000000000000000000e+00
-6.959786442660740313e+00 6.776091075042375067e+00 0.000000000000000000e+00
-1.351104817134302749e+01 -1.061616468427772020e+01 0.000000000000000000e+00
-6.069344476136488531e+00 1.629271637368679393e+01 0.000000000000000000e+00
-2.742394766573357678e+00 -2.377549176091590333e+00 0.000000000000000000e+00
6.124369273834056493e+00 -1.792131730457102279e+00 0.000000000000000000e+00
5.958821602022628561e+00 -6.395023113234318934e+00 0.000000000000000000e+00
-1.250364396915963816e+01 -1.191588082081735500e+01 0.000000000000000000e+00
1.408353795128176822e+00 7.805390209694024861e+00 0.000000000000000000e+00
-6.219789729370928555e+00 2.053773871992548017e+00 0.000000000000000000e+00
9.407333419003228059e+00 -4.886377420034818009e+00 0.000000000000000000e+00
1.412580369466327213e+01 1.981533455339103744e+00 0.000000000000000000e+00
-4.489201892572124208e+00 6.701788537550104508e+00 0.000000000000000000e+00
1.176023590213534575e+01 4.889030489067912377e+00 0.000000000000000000e+00
-1.682772033883867024e+01 4.218650991538578587e+00 0.000000000000000000e+00
