-8.932238157564958314e+00 -1.577972419373986490e+01 0.000000000000000000e+00
-1.044841345880396943e+01 -5.993758427370203812e+00 0.000000000000000000e+00
-4.235681646884643214e+00 1.801556586676223148e-01 0.000000000000000000e+00
8.178738986199389771e+00 -1.365276325564691362e+01 0.000000000000000000e+00
-6.214685887013513543e+00 1.061464436517062104e+01 0.000000000000000000e+00
7.202747076296056594e-01 -9.354395050948152601e+00 0.000000000000000000e+00
9.452738555185309366e+00 3.523945917192077726e+00 0.000000000000000000e+00
7.922845064867129139e+00 8.475802720100643839e+00 0.000000000000000000e+00
-2.011442080961169387e-01 1.280412427813823051e+01 0.000000000000000000e+00
4.743861861319769724e-01 1.731331551539893709e+01 0.000000000000000000e+00
8.500902161909246857e+00 1.873911091131442497e+00 0.000000000000000000e+00
7.360987639513196790e-01 1.266054380352684028e+00 0.000000000000000000e+00
9.355158426642002922e+00 -7.833893797407098347e+00 0.000000000000000000e+00
-5.772684620509247466e+00 -1.182714133682023316e+01 0.000000000000000000e+00
-7.841160195793713150e+00 -1.254766015307282778e+01 0.000000000000000000e+00
-8.532375398409582701e+00 -7.060844042505595830e+00 0.000000000000000000e+00
1.245604350798574522e+01 1.112714967289799972e+01 0.000000000000000000e+00
-4.624458796729172150e+00 -1.297773392463310138e+01 0.000000000000000000e+00
2.475569900728982198e+00 1.060132857145519836e+01 0.000000000000000000e+00
9.640379867916642809e+00 9.650049967908413961e+00 0.000000000000000000e+00
-2.704843904539316224e+00 -2.251521811758937730e+00 0.000000000000000000e+00
-1.189463962596636293e+01 -4.112977521765243338e+00 0.000000000000000000e+00
-1.683978618922069259e+01 7.643334020348211411e+00 0.000000000000000000e+00
-7.865357704139445127e-01 -1.211790614363424545e+01 0.000000000000000000e+00
9.984332279412764244e-01 7.769960535742782781e+00 0.000000000000000000e+00
-3.126312357315301771e+00 1.490208382357725547e+01 0.000000000000000000e+00
-1.026300501666388243e+01 -3.642858251081574128e+00 0.000000000000000000e+00
-2.918614923071408018e+00 -1.394721954105466288e+01 0.000000000000000000e+00
1.100506082388702289e+01 7.615304844133736317e+00 0.000000000000000000e+00
3.264623031838148060e-01 -4.323730490637510471e+00 0.000000000000000000e+00
1.546643152696041135e+01 9.227096835606854341e+00 0.000000000000000000e+00
2.307181502257269923e+00 1.553029527719988812e+00 0.000000000000000000e+00
-1.358104081901212368e+01 -8.406540961906973308e+00 0.000000000000000000e+00
7.485680720323696136e+00 -4.673639877576177604e+00 0.000000000000000000e+00
-1.429513657303411556e+01 -9.825319623489187748e+00 0.000000000000000000e+00
4.094931669562374310e+00 1.372381554406516635e+01 0.000000000000000000e+00
1.797657809330075906e+01 -5.812866981658035392e+00 0.000000000000000000e+00
8.935186572595586796e+00 -4.001226932455587360e+00 0.000000000000000000e+00
-2.093536719187196748e+00 -1.842493028089099383e+01 0.000000000000000000e+00
5.180317659021348220e+00 1.610712869810866721e+01 0.000000000000000000e+00
4.717523448013232645e+00 1.777203670577972261e+01 0.000000000000000000e+00
-3.902938524239793483e-02 4.342238047577488658e+00 0.000000000000000000e+00
-1.288213339577699657e+01 -5.664184600105928169e-01 0.000000000000000000e+00
-2.276775141471773622e+00 -8.707842411751524736e+00 0.000000000000000000e+00
-7.185858728263228912e+00 -1.419561873467038460e+01 0.000000000000000000e+00
2.129101252487361595e+00 1.649111746093347364e+01 0.000000000000000000e+00
5.702774478774951028e+00 1.184182830957710131e+01 0.000000000000000000e+00
8.948297243958094782e+00 1.244940773574450077e+01 0.000000000000000000e+00
8.666405133836160957e+00 -1.491440672295788250e+00 0.000000000000000000e+00
-9.931012305975574606e+00 -1.210278540505876599e+01 0.000000000000000000e+00
1.212849280455637135e+01 4.071872055230345566e+00 0.000000000000000000e+00
-9.143881329541560632e+00 -9.826539314617249943e+00 0.000000000000000000e+00
-5.968544588524089534e+00 1.976665982636760521e+00 0.000000000000000000e+00
1.245436804399416841e+00 1.449965939165555184e+01 0.000000000000000000e+00
-1.117811092105764281e+01 3.958536888505213902e+00 0.000000000000000000e+00
-1.348572293048331971e+01 1.178223642433163043e+01 0.000000000000000000e+00
2.264821457692669071e+00 -4.647574811070678713e+00 0.000000000000000000e+00
2.149490185624975958e+00 -1.262617483655871808e+01 0.000000000000000000e+00
-4.683286630859815780e+00 -5.783086924905959769e+00 0.000000000000000000e+00
4.571274528975263429e+00 -1.140989446575622601e+01 0.000000000000000000e+00
-1.836712415389220965e+01 -3.720974658281588798e+00 0.000000000000000000e+00
-3.224180527729324730e+00 3.968726313607978451e+00 0.000000000000000000e+00
-1.298993883594680021e+01 2.470387403492617207e+00 0.000000000000000000e+00
1.415277164380044184e+01 1.673002882641956734e+00 0.000000000000000000e+00
1.706905071572872501e+01 4.029125072221116932e-01 0.000000000000000000e+00
-8.030463454197368733e+00 -4.116772766553989271e+00 0.000000000000000000e+00
-5.168717178621897723e+00 1.171773996640324533e+01 0.000000000000000000e+00
1.465640281180410120e+01 4.583037570278076345e+00 0.000000000000000000e+00
-1.646455630463502828e+01 -2.841672925316720555e+00 0.000000000000000000e+00
-1.627713396080051567e+01 5.457519430167334207e+00 0.000000000000000000e+00
1.512762499157723539e+01 -6.768482153411768287e+00 0.000000000000000000e+00
1.617161156527530963e+01 -8.397406795193969486e+00 0.000000000000000000e+00
4.790061650395153414e+00 -1.499385001238298898e+01 0.000000000000000000e+00
-8.557160943013623067e-01 -5.884772922961006181e+00 0.000000000000000000e+00
6.683642215605699377e+00 -2.371409878379752367e+00 0.000000000000000000e+00
1.253757549467938404e+01 -3.103137849090070066e+00 0.000000000000000000e+00
5.847590286877477617e+00 -6.328895277146608045e+00 0.000000000000000000e+00
8.106631252778779384e+00 -1.673269774627793183e+01 0.000000000000000000e+00
-1.749231308312431210e+01 2.006062972404415223e+00 0.000000000000000000e+00
1.032823147685201448e+01 -9.730291233857593980e+00 0.000000000000000000e+00
1.059365657489686185e+01 2.570205425497383844e-01 0.000000000000000000e+00
1.659595682623809765e+01 -3.281606608913685719e+00 0.000000000000000000e+00
-4.290758715246957067e+00 -4.274950716264070749e+00 0.000000000000000000e+00
-3.592653806268094829e+00 -9.577236815658530134e+00 0.000000000000000000e+00
-3.002040668628393583e+00 -1.694484095593492867e+01 0.000000000000000000e+00
-7.831869349878063380e-01 -1.675006983261879023e+00 0.000000000000000000e+00
-8.247845010145420375e+00 5.851551620308563351e+00 0.000000000000000000e+00
-1.027176470523916407e+01 1.297866788288817652e+01 0.000000000000000000e+00
2.740547422750796436e+00 -6.860667355212447305e+00 0.000000000000000000e+00
-1.385881935508970564e+01 -5.732385518282526071e+00 0.000000000000000000e+00
-1.196990164628413389e+01 -9.662294380324995657e+00 0.000000000000000000e+00
7.239570181780340619e+00 1.537394519362288747e+01 0.000000000000000000e+00
5.688335893815968269e+00 -4.372888210003295306e+00 0.000000000000000000e+00
5.715246920359401628e+00 -1.750756482611613407e+01 0.000000000000000000e+00
-1.414454126540886492e+01 -1.220421401278796836e+01 0.000000000000000000e+00
-1.573078438112204935e+00 4.877845072242012137e+00 0.000000000000000000e+00
-5.878960695297045902e+00 4.431527212585466557e-01 0.000000000000000000e+00
-1.347150144129437344e+01 -3.559476618746761023e+00 0.000000000000000000e+00
1.747254189158367055e+01 4.920017382970462982e+00 0.000000000000000000e+00
1.826933621031457733e+01 2.831952214974722715e+00 0.000000000000000000e+00
4.522535823281872425e-01 -1.583199452424293696e+01 0.000000000000000000e+00
-1.237360857073921672e+01 -7.409392324575613031e+00 0.000000000000000000e+00
-7.578431904846763878e+00 -2.011934509427736995e+00 0.000000000000000000e+00
1.565810245219260821e+01 7.116454096258152617e+00 0.000000000000000000e+00
-6.917912659185721402e+00 1.678532244387246308e+01 0.000000000000000000e+00
6.474700918554553652e+00 3.642167051131650624e+00 0.000000000000000000e+00
4.049392809082723588e+00 -3.779593181233749988e+00 0.000000000000000000e+00
-7.001274363127460099e+00 1.205750611560791619e+01 0.000000000000000000e+00
-1.686420996606929279e+01 -7.523301536128898626e+00 0.000000000000000000e+00
5.719761128087444746e+00 1.676237984888921673e-01 0.000000000000000000e+00
1.539198270149503500e+00 -2.509062306109579588e+00 0.000000000000000000e+00
4.685258039029485566e+00 -8.190318573763510912e+00 0.000000000000000000e+00
1.126827730102453806e+01 -4.584246706933376991e+00 0.000000000000000000e+00
2.537907202931179995e+00 3.144480739328502139e+00 0.000000000000000000e+00
-4.084389255672133956e+00 7.839793439865147207e+00 0.000000000000000000e+00
-1.739717453953592141e+01 3.901352307593038304e+00 0.000000000000000000e+00
-1.133114939709663105e+01 1.083529437815841767e+01 0.000000000000000000e+00
2.922256436967322735e+00 -9.409042653892530694e+00 0.000000000000000000e+00
-2.100598076775111345e+00 1.310962598205067486e+01 0.000000000000000000e+00
-5.415340608554247481e+00 5.656946756347243976e+00 0.000000000000000000e+00
2.689391424888821991e+00 -1.576768560501423622e+01 0.000000000000000000e+00
1.277715180407042972e+01 6.608985965310202104e+00 0.000000000000000000e+00
-1.506002160957294400e+01 3.851245939356612302e-01 0.000000000000000000e+00
1.393915976798239953e+01 -6.967613578484980197e-01 0.000000000000000000e+00
-5.570031974525231355e+00 -9.154188717537332209e+00 0.000000000000000000e+00
-1.461152099601164700e+01 8.785674834061746097e+00 0.000000000000000000e+00
-4.000756683466187846e-01 -1.865594543917627135e+01 0.000000000000000000e+00
5.320730521345013564e+00 9.335872620997985649e+00 0.000000000000000000e+00
8.694961567689764692e+00 6.053345704974121055e+00 0.000000000000000000e+00
-1.921001021772344775e+00 -6.160766209950019334e-01 0.000000000000000000e+00
8.247705672440833524e+00 -1.154753515204783021e+01 0.000000000000000000e+00
4.804452281719464146e+00 2.717184296525024578e+00 0.000000000000000000e+00
7.403927577797473347e-01 -2.971229403567093308e-01 0.000000000000000000e+00
1.103047642172849230e+01 -7.949639551754295930e+00 0.000000000000000000e+00
-7.266302354691598353e+00 3.916153336631929882e+00 0.000000000000000000e+00
-1.577915893723130125e+00 1.701754437856082802e+01 0.000000000000000000e+00
-1.413747406321250111e+01 3.680312380113833104e+00 0.000000000000000000e+00
-1.121649042728854795e+01 7.054816686742130472e+00 0.000000000000000000e+00
4.978193208476761278e+00 -2.138229580224450199e+00 0.000000000000000000e+00
1.206563218147493899e+01 -1.106269896218930171e+01 0.000000000000000000e+00
-8.991609346812998727e-01 -9.354005321968946518e+00 0.000000000000000000e+00
1.029355978161497909e+01 -1.251755862607836001e+01 0.000000000000000000e+00
-9.287449304950541773e+00 -1.795953407292217641e+00 0.000000000000000000e+00
1.422929547056284427e+01 -8.326122083124731788e+00 0.000000000000000000e+00
1.362758116475767878e+01 8.210946865597886557e+00 0.000000000000000000e+00
3.420036036982061045e+00 -1.400243183797507918e+01 0.000000000000000000e+00
9.011237636900444770e+00 3.861908342079749534e-01 0.000000000000000000e+00
-1.526630283090652895e+01 -7.913573513191378694e+00 0.000000000000000000e+00
-9.829865430672304782e+00 4.599776809672983524e-01 0.000000000000000000e+00
-5.166935553846470075e-01 9.640774406877484992e+00 0.000000000000000000e+00
1.212255661829426145e+01 1.286297405644423897e+01 0.000000000000000000e+00
-8.364550816185333915e+00 1.928034464048879348e+00 0.000000000000000000e+00
6.448431489678351447e+00 -1.364289328764511389e+01 0.000000000000000000e+00
-5.074338411440963981e+00 1.698414840911700807e+01 0.000000000000000000e+00
1.834466674671851649e+00 -1.702862800119141085e+01 0.000000000000000000e+00
1.038819373225967624e+01 -1.951270789748059009e+00 0.000000000000000000e+00
-1.121008568497325975e+01 2.041262194261839635e+00 0.000000000000000000e+00
-1.819833014789028169e+01 -1.992808139297560288e+00 0.000000000000000000e+00
-8.413546967590374237e+00 9.943604861830822372e+00 0.000000000000000000e+00
-7.138297916815816713e+00 -1.072148353506450924e+01 0.000000000000000000e+00
1.347011511019828411e+01 -5.094267750720826271e+00 0.000000000000000000e+00
1.513939998610352333e+01 3.105203139952848801e+00 0.000000000000000000e+00
2.775748736208272671e+00 6.264504149815560474e+00 0.000000000000000000e+00
7.791692841211022902e+00 -9.599792882156327423e+00 0.000000000000000000e+00
-1.063270940104582074e+01 -7.569878106826635644e+00 0.000000000000000000e+00
-1.325974776266041388e+01 6.261462651076156405e+00 0.000000000000000000e+00
1.848681241436192479e+01 -2.902247635355248878e+00 0.000000000000000000e+00
1.112166729660133946e+01 -1.418544218001284030e+01 0.000000000000000000e+00
-1.383065062967047565e+00 -1.557416382003863298e+01 0.000000000000000000e+00
1.383383315378892142e+01 1.202332990088429021e+01 0.000000000000000000e+00
-5.673664739472464191e+00 -1.606726071443357284e+01 0.000000000000000000e+00
-6.585785535356529330e+00 7.251654694748902230e+00 0.000000000000000000e+00
-2.547290282995438471e+00 1.139217830766827788e+01 0.000000000000000000e+00
-1.490425287083835038e+01 -2.039828573691144786e+00 0.000000000000000000e+00
-1.188413525471507270e+01 -1.380349210768150847e+01 0.000000000000000000e+00
-1.227596580457519870e+01 -1.144205083645122301e+01 0.000000000000000000e+00
7.961746868081871042e+00 4.546071975080377747e+00 0.000000000000000000e+00
-6.545227450405555203e+00 -5.098320195751317563e+00 0.000000000000000000e+00
-3.451704841956387160e+00 1.744639721846704106e+01 0.000000000000000000e+00
-1.512084999393341711e+01 1.126227402338752270e+01 0.000000000000000000e+00
-5.358260540655019000e+00 -7.505229265959226126e+00 0.000000000000000000e+00
1.673988008574687214e+01 2.476344474119548611e+00 0.000000000000000000e+00
3.255611717144332840e+00 8.447057352837827437e+00 0.000000000000000000e+00
-7.763873576631581841e+00 -1.690306609774543389e+01 0.000000000000000000e+00
-9.686377182962585763e+00 7.952248913376735118e+00 0.000000000000000000e+00
-1.788901735085733691e+01 6.038357887976611771e+00 0.000000000000000000e+00
-3.168865980169961905e+00 1.249887425457854695e+00 0.000000000000000000e+00
-2.341909462461624791e+00 8.972632312403936439e+00 0.000000000000000000e+00
2.166412304697750812e+00 1.292495680417526138e+01 0.000000000000000000e+00
3.702127681563843531e+00 1.159951581471129423e+01 0.000000000000000000e+00
5.585913136581495131e+00 5.437074082448748236e+00 0.000000000000000000e+00
-1.013425691075359403e+01 1.496829356987240445e+01 0.000000000000000000e+00
-4.012913511119620580e+00 9.383525160840468615e+00 0.000000000000000000e+00
-1.649618067523121567e+01 -5.547211968730053400e+00 0.000000000000000000e+00
6.593916575478654174e+00 -1.609191800902446445e+01 0.000000000000000000e+00
1.264031418123277106e+01 -8.474264045414519941e+00 0.000000000000000000e+00
9.422929650435854398e+00 1.605463161486069268e+01 0.000000000000000000e+00
-2.532762748089848248e+00 6.818014691788564008e+00 0.000000000000000000e+00
1.717885142048302427e+01 7.670563860698539571e+00 0.000000000000000000e+00
-1.658789359497659532e+01 -9.003114016313505275e+00 0.000000000000000000e+00
-8.920012089092070440e+00 -1.383872740252684963e+01 0.000000000000000000e+00
6.160878113198913653e+00 -1.008535731415297398e+01 0.000000000000000000e+00
-1.222638646980100852e+01 1.307123813586537331e+01 0.000000000000000000e+00
-1.227958179798461913e+01 8.719854839125767754e+00 0.000000000000000000e+00
8.541239491893358959e+00 1.442809990335175918e+01 0.000000000000000000e+00
6.044842249801175349e+00 7.646143170668081801e+00 0.000000000000000000e+00
-1.729623682639098803e+01 6.496843208442602824e-02 0.000000000000000000e+00
2.684966862426689360e+00 1.847392226363681544e+01 0.000000000000000000e+00
-2.442695565104292310e+00 -1.079492793295238506e+01 0.000000000000000000e+00
7.661091153573412527e+00 1.090206631323947484e+01 0.000000000000000000e+00
6.907115559915760095e+00 -7.856546510236677605e+00 0.000000000000000000e+00
-6.411858845701748244e+00 1.428838279433019842e+01 0.000000000000000000e+00
1.127391031969662549e+01 1.750525031349920768e+00 0.000000000000000000e+00
-1.050375760739296993e+01 -1.047574981230919100e+01 0.000000000000000000e+00
-1.532861704188401042e+01 -1.095119848756630176e+01 0.000000000000000000e+00
-4.639293021439296005e+00 -1.768416731763139538e+01 0.000000000000000000e+00
-1.605623205750638149e+01 2.992119271247844381e+00 0.000000000000000000e+00
-5.473046003167130635e+00 4.118608041551190091e+00 0.000000000000000000e+00
-1.021443850794969244e+01 9.697054174283453065e+00 0.000000000000000000e+00
-7.979711555544747981e+00 1.346820155856851819e+01 0.000000000000000000e+00
1.844826517340049676e+01 1.090392382367075363e+00 0.000000000000000000e+00
1.278994475087175253e+01 -6.665936474249082089e+00 0.000000000000000000e+00
1.453105916038924406e+01 -2.808377689961642165e+00 0.000000000000000000e+00
-2.621732249583651697e+00 -6.167625283488550103e+00 0.000000000000000000e+00
-1.242645949053658772e+00 -1.406297490407102657e+01 0.000000000000000000e+00
-7.674240405971743506e+00 1.527881675971629072e+01 0.000000000000000000e+00
1.698237531032946634e+01 -1.217037418317982844e+00 0.000000000000000000e+00
3.914669198929221494e-01 5.815198362750788164e+00 0.000000000000000000e+00
-3.747897157051501615e+00 1.351378246156662222e+01 0.000000000000000000e+00
4.046391711813296932e-01 -7.734896689577089646e+00 0.000000000000000000e+00
-1.644164098735456037e+01 9.441394631967881423e+00 0.000000000000000000e+00
3.999725996259472005e+00 2.560043083773409500e-01 0.000000000000000000e+00
-1.156211120900154832e+01 -2.482184849923701364e+00 0.000000000000000000e+00
6.227526608114750672e-01 1.147509233243484239e+01 0.000000000000000000e+00
1.340405341697659303e+01 -1.028729387982507504e+01 0.000000000000000000e+00
-1.629800838519491180e+01 -1.294104646875407383e+00 0.000000000000000000e+00
1.525308100520650001e+01 1.105546879798019155e+01 0.000000000000000000e+00
-2.791193715845914358e+00 -4.372728159203425058e+00 0.000000000000000000e+00
4.361816168901466284e+00 6.423644365996959316e+00 0.000000000000000000e+00
1.623926628712181142e+01 -5.759805287457525402e+00 0.000000000000000000e+00
1.177976725567332350e+00 1.880518827500409174e+01 0.000000000000000000e+00
8.947728077105974176e-01 -1.408585850380896609e+01 0.000000000000000000e+00
9.447281629652772850e+00 -1.605250191433144025e+01 0.000000000000000000e+00
1.071265885965624243e+01 1.222838387641160196e+01 0.000000000000000000e+00
4.245391712743436408e+00 -6.603857303214548224e+00 0.000000000000000000e+00
1.206898931016795018e+01 -6.700419809830360229e-01 0.000000000000000000e+00
-1.003271483148827414e+01 5.951186712404622270e+00 0.000000000000000000e+00
-8.726142786620113556e-01 7.379823903023302378e+00 0.000000000000000000e+00
-7.756537543445610083e+00 -8.879293990461592401e+00 0.000000000000000000e+00
7.595370389493213636e+00 1.693424896531977808e+01 0.000000000000000000e+00
-8.663983402508396381e+00 1.176276997562631621e+01 0.000000000000000000e+00
1.163489940618609353e+01 9.595130192461054364e+00 0.000000000000000000e+00
1.159854306077169639e+01 1.478208910644137042e+01 0.000000000000000000e+00
1.396662603944229808e+01 -1.244571012565510948e+01 0.000000000000000000e+00
3.781924200457843277e+00 -1.832940909345444425e+01 0.000000000000000000e+00
-1.593124853234406668e+00 1.216455651054515918e+00 0.000000000000000000e+00
