1.335999794281405251e+01 -7.258764855092180390e+00 0.000000000000000000e+00
1.720601696058248820e+01 -6.388751984431642050e+00 0.000000000000000000e+00
1.280414296593533230e+01 1.560606920819356258e+00 0.000000000000000000e+00
-9.352264213805382198e+00 8.703600486655258095e+00 0.000000000000000000e+00
-5.094453943892978565e+00 -1.269346512771905466e+01 0.000000000000000000e+00
1.284828591313666724e-01 1.381823374069799648e+01 0.000000000000000000e+00
-1.018965633357617140e+00 1.505003417886161898e+01 0.000000000000000000e+00
-1.756780720952703589e+01 1.544376319831512134e+00 0.000000000000000000e+00
-9.156115551752410653e+00 1.570182244168911945e+00 0.000000000000000000e+00
-3.863216970565487962e+00 -1.031037647741871410e+01 0.000000000000000000e+00
3.109137622817561120e+00 -2.519322486055048937e+00 0.000000000000000000e+00
-6.922693518454258843e+00 1.617010095054724417e+01 0.000000000000000000e+00
9.237958953691737918e+00 -1.571277422048618000e+01 0.000000000000000000e+00
-9.313695273689454268e+00 -8.667201105512974735e+00 0.000000000000000000e+00
3.232056125283830461e+00 -1.786444464298237023e+01 0.000000000000000000e+00
-6.780986457693454206e+00 1.453945736197730376e+01 0.000000000000000000e+00
4.513226307051727559e+00 1.237386343663804489e+01 0.000000000000000000e+00
-6.170766318744417056e+00 -1.428787367148798282e+01 0.000000000000000000e+00
1.493135842516651657e+01 -9.679764323287047389e+00 0.000000000000000000e+00
1.550718540422602665e+01 -3.262939158785290950e+00 0.000000000000000000e+00
-8.144503414638231575e+00 1.117685129701212787e+01 0.000000000000000000e+00
-1.224372854541607047e+01 5.289557795892332770e+00 0.000000000000000000e+00
6.039067853093480487e-01 3.846045383567561871e+00 0.000000000000000000e+00
-1.828745571384832402e+00 -8.445524366166528907e+00 0.000000000000000000e+00
7.754587239576931523e+00 -1.689731347431393749e+00 0.000000000000000000e+00
6.228878093872006083e+00 -1.010624001277156125e+01 0.000000000000000000e+00
6.205927418587204869e+00 1.200088785280899195e+01 0.000000000000000000e+00
-1.777659327000720713e-01 1.090158768587643578e+01 0.000000000000000000e+00
5.178533657325701256e+00 -1.440611724211033540e+01 0.000000000000000000e+00
-1.834145524952184658e+01 4.273895347497023600e+00 0.000000000000000000e+00
1.624751493135550362e+01 5.746615828739320087e+00 0.000000000000000000e+00
3.588414694011175854e+00 -4.117048258257542948e+00 0.000000000000000000e+00
-2.771008276607668019e+00 1.287220412240641743e+01 0.000000000000000000e+00
4.109100117984277212e+00 1.782006921357637452e+01 0.000000000000000000e+00
-1.157323492160305278e+01 3.760867471615622293e+00 0.000000000000000000e+00
-5.046139228784328523e+00 -1.368006589172555909e+00 0.000000000000000000e+00
-3.853597297768562857e+00 -3.306498473493674428e+00 0.000000000000000000e+00
-3.356886578517373376e+00 7.730878078806812326e+00 0.000000000000000000e+00
7.133327909161359059e+00 -1.243699230464006256e+01 0.000000000000000000e+00
-7.991490769004051309e+00 -1.201392526262204363e+01 0.000000000000000000e+00
-2.513818659657450993e+00 -4.926277858229177298e+00 0.000000000000000000e+00
-4.772373766382442817e+00 -1.591674131398636582e+01 0.000000000000000000e+00
-9.246895692345519890e+00 -1.456853040580030800e+01 0.000000000000000000e+00
1.919491469564999164e+00 -1.207531256099727024e+01 0.000000000000000000e+00
2.365638278216992685e-01 1.776749281532298497e+01 0.000000000000000000e+00
-1.126548181486523070e+01 -5.092168130886709498e+00 0.000000000000000000e+00
7.516624720408298543e+00 1.006552389544348181e+01 0.000000000000000000e+00
-1.428982149345288377e+01 -8.486431024558028113e+00 0.000000000000000000e+00
-6.637639287374423880e+00 -5.877330234325237157e+00 0.000000000000000000e+00
1.239207171044222022e+01 1.137728742218382472e+01 0.000000000000000000e+00
-1.536856655004555883e+01 3.132999980645912785e+00 0.000000000000000000e+00
9.037930774209980811e+00 1.584545065502951111e+01 0.000000000000000000e+00
1.454137581614056884e+01 -9.845956562307384141e-01 0.000000000000000000e+00
-7.370511801024097309e+00 -1.613199931755584515e+01 0.000000000000000000e+00
4.765276585792248554e+00 9.675305623316619474e+00 0.000000000000000000e+00
-8.577981515327767426e+00 1.478819527698512992e+01 0.000000000000000000e+00
-1.687200361408351057e+01 3.030143969685717309e+00 0.000000000000000000e+00
7.627120926996240335e+00 9.653745901493234749e-01 0.000000000000000000e+00
-1.133565433334424633e+01 9.834687151573813679e+00 0.000000000000000000e+00
1.386815863247794489e+01 -1.078878686195234238e+01 0.000000000000000000e+00
-1.193814609780200087e+01 -1.806422562526939446e+00 0.000000000000000000e+00
8.601523041448370321e+00 -1.134587373302067626e+01 0.000000000000000000e+00
-1.478116593206067186e+01 5.977292663613720691e+00 0.000000000000000000e+00
-2.104130061362909476e+00 3.078703580918388472e+00 0.000000000000000000e+00
-4.144591868900029397e+00 -5.233807315709617214e+00 0.000000000000000000e+00
9.453856520432747601e+00 1.123581912538465843e+01 0.000000000000000000e+00
-6.591139016615246149e+00 6.702347394462629393e-02 0.000000000000000000e+00
-5.509317665619184012e+00 4.745927578058724450e+00 0.000000000000000000e+00
1.914206749409941732e+00 8.568332024430429072e+00 0.000000000000000000e+00
6.286783452426821128e+00 -2.492225753258405230e-01 0.000000000000000000e+00
4.509600711997434175e+00 -1.592454851011559391e+01 0.000000000000000000e+00
1.313292762999010677e+01 9.067406261398849310e+00 0.000000000000000000e+00
9.871876267980445263e+00 -8.603774941634210194e+00 0.000000000000000000e+00
-1.008403257905454531e+01 4.188273923706227642e+00 0.000000000000000000e+00
-7.312935467422867930e+00 6.937747726567033979e+00 0.000000000000000000e+00
-4.051821631288845538e+00 1.400254891861782447e+01 0.000000000000000000e+00
5.742677667301740563e+00 -6.801161820489449283e+00 0.000000000000000000e+00
-7.201902138766486772e+00 -8.672607033477801153e+00 0.000000000000000000e+00
6.400351511231743729e+00 1.416652144975337890e+01 0.000000000000000000e+00
7.369524424626980874e+00 5.067475725152205790e+00 0.000000000000000000e+00
-1.893190599334008084e+01 -9.455515632627439215e-01 0.000000000000000000e+00
2.526954408127767504e+00 1.079749982765812000e+01 0.000000000000000000e+00
-1.596204956468441871e+01 -2.986967584455059097e-02 0.000000000000000000e+00
9.490001323536198186e+00 -1.707324569742263209e+00 0.000000000000000000e+00
1.088223803453469429e+01 7.078203257639457568e+00 0.000000000000000000e+00
1.440385019911665943e+01 7.550081813216322768e-01 0.000000000000000000e+00
-4.862380303099088863e+00 1.661701355080655063e+01 0.000000000000000000e+00
-2.474268122084522403e+00 1.198204030810605003e+00 0.000000000000000000e+00
3.610886104940237429e-01 9.120809735989342248e-02 0.000000000000000000e+00
1.538098138078129118e+01 4.457642526735213551e+00 0.000000000000000000e+00
-2.771825764911914014e+00 -7.052402800211131639e-01 0.000000000000000000e+00
2.640476133894632316e+00 1.110692582403907114e+00 0.000000000000000000e+00
8.875407230019050075e+00 1.415274490152918219e+01 0.000000000000000000e+00
-1.230981403085965198e+01 -7.706902320739235535e+00 0.000000000000000000e+00
-9.027318296909284001e+00 5.466393137140122427e+00 0.000000000000000000e+00
7.041381597126432190e+00 -1.681829311964174778e+01 0.000000000000000000e+00
1.730490810508808863e+01 -3.650999858130126619e+00 0.000000000000000000e+00
-5.376038533993131585e-01 4.980326500508723164e+00 0.000000000000000000e+00
-1.377909088637758117e+01 3.429888616466865159e+00 0.000000000000000000e+00
9.180124843913494814e+00 -1.370873922362905439e+01 0.000000000000000000e+00
7.513930612436810819e+00 1.676730041905833346e+01 0.000000000000000000e+00
5.242169677227137115e+00 3.945115772721109249e+00 0.000000000000000000e+00
1.736234025213293819e+01 -1.954760169373747081e+00 0.000000000000000000e+00
-2.445959900134098586e+00 1.854174315201059642e+01 0.000000000000000000e+00
8.380142233631087123e+00 8.225734683304393613e+00 0.000000000000000000e+00
-1.155536746342949339e+00 -1.800028186008654529e+01 0.000000000000000000e+00
1.681142339488625570e+00 -1.381593423592573977e+01 0.000000000000000000e+00
-1.706552564229200541e+00 9.980915840185282661e+00 0.000000000000000000e+00
2.805289870311787670e+00 -5.711821725475841660e+00 0.000000000000000000e+00
-9.659869356760509618e+00 -5.515135127092121614e+00 0.000000000000000000e+00
1.085573722166428112e+01 -6.336707466692855784e-01 0.000000000000000000e+00
-1.126330045665696389e+01 -1.143936882640481123e+01 0.000000000000000000e+00
1.058456544967903312e+01 8.568077711596245649e+00 0.000000000000000000e+00
3.754803615035826603e+00 4.211058607850906021e+00 0.000000000000000000e+00
1.470448433021629597e+01 7.671206023342487690e+00 0.000000000000000000e+00
8.395643573222407952e+00 -9.650378366256910923e+00 0.000000000000000000e+00
-1.000980110840302117e+01 1.590682485914905975e+01 0.000000000000000000e+00
-8.529229222264710586e+00 1.291435391165288671e+01 0.000000000000000000e+00
-5.168921089769991539e+00 -1.753845043806137483e+01 0.000000000000000000e+00
7.141029648905431237e+00 2.594190129782096843e+00 0.000000000000000000e+00
1.244966328232208852e+01 -2.345139831939707875e+00 0.000000000000000000e+00
-3.738625125172966968e+00 3.478147250670109436e+00 0.000000000000000000e+00
-3.828891803445445774e+00 -1.838390419209927984e+01 0.000000000000000000e+00
-1.196684765769622238e+01 -1.282698707516894032e+01 0.000000000000000000e+00
1.287315067531325496e+01 -9.574123144030505017e+00 0.000000000000000000e+00
1.402003267460559810e+00 -4.924922564693305027e+00 0.000000000000000000e+00
4.140736598732353890e+00 1.572348230637469868e+01 0.000000000000000000e+00
1.086873059874989167e+01 -1.004171278368852782e+01 0.000000000000000000e+00
1.438020124804517685e+01 1.155677802998629566e+01 0.000000000000000000e+00
-1.587246388838194022e+00 -2.302666838202750643e+00 0.000000000000000000e+00
5.449078688951265903e+00 -8.515849594781101928e+00 0.000000000000000000e+00
-1.740632647117942966e+01 -6.820502103545575956e+00 0.000000000000000000e+00
-7.563818956393849824e+00 -1.856205000758764267e+00 0.000000000000000000e+00
-1.676853685474502953e+01 6.480847840437166774e+00 0.000000000000000000e+00
5.618911686808609751e+00 -1.846693109301703828e+00 0.000000000000000000e+00
1.031735491555749640e+01 2.232638981064515082e+00 0.000000000000000000e+00
1.204212403941084730e+01 -5.702721861891124178e+00 0.000000000000000000e+00
-1.441232263659175850e+01 9.122523248426953613e-01 0.000000000000000000e+00
-1.925973747313425299e+00 -1.213346870328098071e+01 0.000000000000000000e+00
-5.747083245691309017e-01 -6.028690641899761893e+00 0.000000000000000000e+00
-1.352724790457704351e+01 -4.037486035593589762e+00 0.000000000000000000e+00
-6.618956737565104831e+00 1.288299885915941445e+01 0.000000000000000000e+00
2.589457380122147434e+00 1.817291309479769623e+01 0.000000000000000000e+00
-1.476615837231225470e+01 -5.270281302035525250e+00 0.000000000000000000e+00
5.644391937899189138e+00 6.598659624579704008e+00 0.000000000000000000e+00
1.234220252849250299e+00 1.661916604410021847e+01 0.000000000000000000e+00
-1.275608657856690620e+01 2.117851550333129218e+00 0.000000000000000000e+00
1.617082132300048158e+01 1.760785725646034194e+00 0.000000000000000000e+00
1.018170466541663721e+01 5.213728046002324312e+00 0.000000000000000000e+00
1.353156883661186072e+01 4.411619577515076607e+00 0.000000000000000000e+00
-4.967733728081998201e+00 6.366692508591779820e+00 0.000000000000000000e+00
-1.850107189013907671e+01 -4.181529622476460872e+00 0.000000000000000000e+00
9.111400577394668687e+00 -3.741167334311192860e+00 0.000000000000000000e+00
5.861929770497010805e-01 -1.498497454302659193e+01 0.000000000000000000e+00
1.181215544603208834e+01 -1.295465244780506886e+01 0.000000000000000000e+00
-8.099300620771300530e+00 3.273497124804801928e+00 0.000000000000000000e+00
2.190275211260031440e+00 -4.680738834972243967e-01 0.000000000000000000e+00
1.201274113547921907e+00 -6.422109102783545964e+00 0.000000000000000000e+00
1.007448994198604453e+01 -5.979465057707997744e+00 0.000000000000000000e+00
8.563828718874129109e+00 6.034320665375875414e+00 0.000000000000000000e+00
2.546179236968531434e+00 -8.772181297735411221e+00 0.000000000000000000e+00
-1.295236461943800421e+01 -1.002835444233071271e+01 0.000000000000000000e+00
1.446301742887826158e+01 -5.180875747187777769e+00 0.000000000000000000e+00
4.964681280533460139e+00 -1.186996267192415466e+01 0.000000000000000000e+00
1.440493783617008461e+01 5.633816995962485308e+00 0.000000000000000000e+00
-1.440689530346325675e+01 8.759205370389498313e+00 0.000000000000000000e+00
8.594975228170278925e+00 -5.216642743938936455e+00 0.000000000000000000e+00
4.326063251040973334e+00 -6.017930461392771768e+00 0.000000000000000000e+00
8.108977526414401282e+00 -7.990757066609808668e+00 0.000000000000000000e+00
1.762817976981162005e+01 1.233076857293116779e+00 0.000000000000000000e+00
-6.480805232257536908e+00 9.715513920832359318e+00 0.000000000000000000e+00
-1.743881009092577727e+01 -2.342314396012505462e+00 0.000000000000000000e+00
-1.090141390215154971e+01 -9.044051237557773959e+00 0.000000000000000000e+00
1.282503717882400807e+01 7.236998459007669915e+00 0.000000000000000000e+00
1.090171488168803648e+01 3.818027244225231431e+00 0.000000000000000000e+00
-6.391116672398434062e+00 -3.476047242754059408e+00 0.000000000000000000e+00
3.428117716126059200e+00 1.384344514107984558e+01 0.000000000000000000e+00
4.521980077714409241e+00 -7.368745414037558561e-01 0.000000000000000000e+00
-2.384556434435141536e+00 4.625791511567017622e+00 0.000000000000000000e+00
-3.635260459323233384e+00 9.732150089114705693e+00 0.000000000000000000e+00
1.818655086885536321e+01 -2.388172936028800097e-01 0.000000000000000000e+00
4.251162805960695401e+00 -9.565849650723958320e+00 0.000000000000000000e+00
-1.179239765395156292e+00 -1.006378077463429221e+01 0.000000000000000000e+00
-1.454925408305653711e+01 -1.089791425369348232e+01 0.000000000000000000e+00
-1.507992252481666817e+01 -2.095840116890717475e+00 0.000000000000000000e+00
-1.627110857158216461e+01 8.860766962175379291e+00 0.000000000000000000e+00
-1.329359495472668051e+01 1.197977918053389601e+01 0.000000000000000000e+00
2.184730450934741164e+00 -1.643332025312383493e+01 0.000000000000000000e+00
7.325178035980056457e+00 -6.242302954157948669e+00 0.000000000000000000e+00
-4.074762456775786745e+00 1.581150731444796342e+00 0.000000000000000000e+00
-8.979753718631389159e-01 -9.361909490506805653e-01 0.000000000000000000e+00
1.081642211069546100e+01 -2.739275673852575643e+00 0.000000000000000000e+00
1.382473177201815950e+00 -2.036672656385233537e+00 0.000000000000000000e+00
-9.063850537207132518e+00 -1.028429617124301565e+01 0.000000000000000000e+00
-1.001900082054062580e+01 -1.267808987862367065e+00 0.000000000000000000e+00
-4.558149673208992780e+00 -8.176830383361201271e+00 0.000000000000000000e+00
-1.044275452967590390e+01 -1.359937245435751763e+01 0.000000000000000000e+00
-2.562894193567238244e+00 1.603767271542952599e+01 0.000000000000000000e+00
-4.896476979226724424e+00 1.088056355240126472e+01 0.000000000000000000e+00
-6.351463341577023414e+00 2.241792310149414824e+00 0.000000000000000000e+00
1.788601387535551313e+00 6.512181318002519426e+00 0.000000000000000000e+00
9.601461916218266834e-01 -1.081328077689379974e+01 0.000000000000000000e+00
1.801670651742082851e+00 -1.883367711825985324e+01 0.000000000000000000e+00
-3.142143405397778810e+00 -6.837746778401007752e+00 0.000000000000000000e+00
1.636816588970846809e+01 8.722014822951786428e+00 0.000000000000000000e+00
-1.074013817362275081e+00 7.657741541669951246e+00 0.000000000000000000e+00
-1.183617407752116435e+01 1.133663386135267359e+01 0.000000000000000000e+00
5.677520005342984177e+00 -4.789025803723941266e+00 0.000000000000000000e+00
-1.146753955576881268e+01 1.487455618732363427e-01 0.000000000000000000e+00
-1.365742604493567036e+01 7.309267191188009605e+00 0.000000000000000000e+00
-5.133598900870595116e+00 -6.743794097999683324e+00 0.000000000000000000e+00
1.626469334701668856e+01 -5.930201887638468783e-01 0.000000000000000000e+00
-8.391741000222873836e+00 -3.424778695883499147e+00 0.000000000000000000e+00
5.649158251855815216e+00 1.745097406414253527e+01 0.000000000000000000e+00
1.291006430507895963e+01 1.350416707862435395e+01 0.000000000000000000e+00
6.912150912496420219e+00 -3.397939811043508396e+00 0.000000000000000000e+00
-1.292257583068091975e+01 -5.805052597439214424e+00 0.000000000000000000e+00
-2.544786530242559852e-01 -1.670997665509359109e+01 0.000000000000000000e+00
-1.493520703815067030e+01 1.091584230494745356e+01 0.000000000000000000e+00
4.779425046330014304e+00 7.993226142103059040e+00 0.000000000000000000e+00
-4.312745248455183145e+00 1.814659268860345520e+01 0.000000000000000000e+00
2.642157347727198680e+00 1.579204047655352028e+01 0.000000000000000000e+00
-1.525157454003268676e+01 -3.789937888460185977e+00 0.000000000000000000e+00
8.344406179255990708e+00 1.225293305163564206e+01 0.000000000000000000e+00
1.358727489882397776e+01 -3.910107823356665957e+00 0.000000000000000000e+00
-9.870225180629072170e+00 6.788537179674777100e+00 0.000000000000000000e+00
-1.314590115657207114e+01 -1.166408373247852381e+01 0.000000000000000000e+00
1.262346923972622470e+01 -6.668335359485809688e-01 0.000000000000000000e+00
1.169431618545098672e+01 -1.137958323947504269e+01 0.000000000000000000e+00
3.746765452656925621e+00 5.733521987107738305e+00 0.000000000000000000e+00
-1.043799066212060112e+01 1.434694718823208781e+01 0.000000000000000000e+00
-3.431014362620188773e+00 5.824787768807579091e+00 0.000000000000000000e+00
-2.651944260892104666e+00 1.120387258899806504e+01 0.000000000000000000e+00
1.909764410680015789e+00 2.780580289659623894e+00 0.000000000000000000e+00
-1.824490354659184244e-01 -4.529309188660735508e+00 0.000000000000000000e+00
5.261657100161830414e+00 9.893897295415103876e-01 0.000000000000000000e+00
3.472253090797567499e+00 -1.213069255337551766e+01 0.000000000000000000e+00
6.938172767412986275e+00 -1.526748608096711379e+01 0.000000000000000000e+00
-6.105662375978655021e+00 -1.009968840964021553e+01 0.000000000000000000e+00
1.119621292655045841e-01 -9.112571235349488319e+00 0.000000000000000000e+00
-1.298591378176117317e+01 1.385759056720589655e+01 0.000000000000000000e+00
-3.181960685142785739e+00 -1.447014142416169413e+01 0.000000000000000000e+00
1.069783341645418595e+01 1.502275252765612912e+01 0.000000000000000000e+00
-3.021942880296561551e+00 -1.642643063883923915e+01 0.000000000000000000e+00
1.526536249986044069e+01 -7.025117874147039032e+00 0.000000000000000000e+00
1.162566522839197880e+01 -8.733147282657194310e+00 0.000000000000000000e+00
-1.108029124112485242e+01 2.303770835033312814e+00 0.000000000000000000e+00
1.139443697702230551e+01 1.264092644610011185e+01 0.000000000000000000e+00
-1.358124712996347405e+01 -1.435640623306622121e+00 0.000000000000000000e+00
5.785897725340253261e-01 1.233428915221431232e+01 0.000000000000000000e+00
5.399872738276134676e+00 -1.755027662158275703e+01 0.000000000000000000e+00
1.234454030208129360e+01 3.353217987594479865e+00 0.000000000000000000e+00
1.106322273765355213e+01 -4.442862892737102776e+00 0.000000000000000000e+00
3.007116258786997065e+00 1.235262581426336581e+01 0.000000000000000000e+00
-1.329995988540931329e+01 9.957234543960964857e+00 0.000000000000000000e+00
1.021098907705143866e+01 -1.183602615162849503e+01 0.000000000000000000e+00
