1.997741028501283767e+00 -1.728187898317989379e+01 0.000000000000000000e+00
3.828078000232447153e-01 1.348836951098322068e+01 0.000000000000000000e+00
-1.418813281516655600e+01 5.458465509441595698e-01 0.000000000000000000e+00
-1.165540467006812797e+01 2.381026936678834360e+00 0.000000000000000000e+00
8.173270489818976969e+00 3.809009213752176493e+00 0.000000000000000000e+00
-3.504780756042128687e+00 -1.005716825089634092e+01 0.000000000000000000e+00
3.812670145175468539e-01 -1.117617878586784030e+01 0.000000000000000000e+00
8.913545972400585882e+00 1.484670290163680484e+01 0.000000000000000000e+00
9.971535268485443027e+00 -8.461910317425195061e+00 0.000000000000000000e+00
4.463106727255126138e-01 5.968713219411798221e+00 0.000000000000000000e+00
7.896998434889341389e+00 -6.750361630836311022e+00 0.000000000000000000e+00
-2.465478974759957254e+00 1.736569215714086312e+01 0.000000000000000000e+00
-1.749788836589364127e+00 1.096114809903114384e+01 0.000000000000000000e+00
1.117015636565418113e+01 -1.259146957651590126e+00 0.000000000000000000e+00
-2.583226376722078221e+00 -5.885781361000308465e+00 0.000000000000000000e+00
-5.586321005179434529e+00 7.534289460251306636e+00 0.000000000000000000e+00
-1.292437530009977209e+01 1.052363470269136059e+01 0.000000000000000000e+00
-1.893337848862755735e+01 8.096182578739278268e-01 0.000000000000000000e+00
-4.218077670003293811e+00 1.658789643669157599e+01 0.000000000000000000e+00
1.304179804870953063e+01 6.123839637687481741e+00 0.000000000000000000e+00
1.486092999552142579e+01 6.215969830768583115e+00 0.000000000000000000e+00
9.104247249564501487e+00 -9.908707735235235958e+00 0.000000000000000000e+00
1.312522883145031116e+01 2.883740649989243732e+00 0.000000000000000000e+00
1.744885305883092741e+01 -3.644841030933168913e+00 0.000000000000000000e+00
-1.630732745671397410e+01 4.654383992320317631e+00 0.000000000000000000e+00
1.222119787055722639e+01 -1.386412362430970191e+01 0.000000000000000000e+00
-2.570159371286444561e-01 -5.165557574147755737e+00 0.000000000000000000e+00
1.086162574249533641e+01 1.005752005227647494e+01 0.000000000000000000e+00
-1.556017012494597829e+01 -7.421291465779696672e+00 0.000000000000000000e+00
-6.926896882280067835e+00 3.024499654336137766e+00 0.000000000000000000e+00
-1.424033492326258532e+01 4.340338900573248004e+00 0.000000000000000000e+00
-3.012808569822981397e+00 1.455440952270902599e+01 0.000000000000000000e+00
-1.572747701384008501e+01 7.783366314413488141e+00 0.000000000000000000e+00
1.127827916200916469e+01 1.254137479705640601e+01 0.000000000000000000e+00
1.023252878849816838e+01 -2.971134820467029591e+00 0.000000000000000000e+00
6.219209375523655936e+00 -1.399373829572938277e+01 0.000000000000000000e+00
-5.050999643580295739e+00 -1.025013990392436902e+00 0.000000000000000000e+00
2.184037539260983984e-01 7.661531115045698392e+00 0.000000000000000000e+00
-1.012498453783262597e+01 5.082841954010623997e-01 0.000000000000000000e+00
1.554611338669119469e+01 -6.696766608276258914e+00 0.000000000000000000e+00
1.101936659876382762e+01 -1.136269614729543598e+01 0.000000000000000000e+00
2.961387910758725983e+00 1.729823731432880152e+01 0.000000000000000000e+00
-6.472438501247539389e-01 1.105321601193806513e+00 0.000000000000000000e+00
-2.240927806714463622e-01 1.617376062670600945e+01 0.000000000000000000e+00
-1.088788053611551732e+01 1.148612175183593997e+01 0.000000000000000000e+00
3.835469375650159218e+00 -1.324380563321627413e+01 0.000000000000000000e+00
-1.577776961663736799e+01 -1.025240506272901442e+01 0.000000000000000000e+00
3.581813858832742170e+00 6.343984901587370828e+00 0.000000000000000000e+00
1.811317615021562355e-01 9.829708318376939147e+00 0.000000000000000000e+00
5.702711339605414764e+00 1.720864646515381624e+00 0.000000000000000000e+00
-1.695949736493647775e+00 3.379872179175695823e+00 0.000000000000000000e+00
-1.948106013129933034e+00 -1.808834283133018062e+01 0.000000000000000000e+00
-1.790705618523270104e+01 -2.911150934328837092e+00 0.000000000000000000e+00
-9.878537187196773317e+00 -1.040569665424056645e+01 0.000000000000000000e+00
-1.400461503406416419e+01 -8.807746607864247679e+00 0.000000000000000000e+00
-3.382000190313741772e+00 -1.462256778500684362e+01 0.000000000000000000e+00
-1.787788197613521746e+01 5.419955582952505679e+00 0.000000000000000000e+00
-5.577945261643151298e+00 5.950216987864793694e+00 0.000000000000000000e+00
-2.528600774690447750e+00 -1.260388120840245652e+00 0.000000000000000000e+00
-2.344622847376522046e+00 -1.208866370933198731e+01 0.000000000000000000e+00
7.356657144523299330e+00 -2.567764920163703390e+00 0.000000000000000000e+00
-8.785594165278856948e+00 4.818817903790674428e+00 0.000000000000000000e+00
1.020676511003739506e+01 6.938953594134570579e+00 0.000000000000000000e+00
6.277546106776952684e+00 1.650474154037897989e+01 0.000000000000000000e+00
1.471612903019651242e+01 8.499021423213662274e+00 0.000000000000000000e+00
6.920593997546139464e-01 -1.505073064249990189e+01 0.000000000000000000e+00
3.334989375563998770e+00 -1.477106843015021909e+01 0.000000000000000000e+00
-1.416611180832555483e+01 7.543631833762974637e+00 0.000000000000000000e+00
1.929072176358234136e+00 -8.927978364405360523e+00 0.000000000000000000e+00
-1.120638252849688676e+01 3.872782008010076993e+00 0.000000000000000000e+00
-1.253515952775272702e+01 8.988867623511120897e+00 0.000000000000000000e+00
1.249827704044218102e+01 4.087849093760229091e-01 0.000000000000000000e+00
9.940752179458499427e+00 3.837927866871140736e+00 0.000000000000000000e+00
-2.433093082951728103e+00 5.853988864478335330e+00 0.000000000000000000e+00
-8.836498702674029815e+00 8.346252033314344843e+00 0.000000000000000000e+00
3.178366321782011283e+00 -6.451678117264980195e+00 0.000000000000000000e+00
1.310271826278950869e+01 -1.146040450705750935e+01 0.000000000000000000e+00
1.063685056240218030e+00 -1.289638905368733290e+01 0.000000000000000000e+00
-1.844259181578198570e+00 1.580463180174003313e+01 0.000000000000000000e+00
2.029853213432066372e+00 1.289937575599335595e+01 0.000000000000000000e+00
4.337388419037316645e+00 -8.167621181346826020e+00 0.000000000000000000e+00
1.600987765735343871e+01 -2.608890120879987506e-01 0.000000000000000000e+00
1.747921164849047315e+01 -6.160737643547387066e+00 0.000000000000000000e+00
1.671675290345597986e+01 7.096153104439451020e+00 0.000000000000000000e+00
-1.547945276654272284e+01 2.443715535992510013e+00 0.000000000000000000e+00
1.028212905429696278e+01 -5.747490488497419392e+00 0.000000000000000000e+00
1.094935788912711594e+01 5.577304029472935021e+00 0.000000000000000000e+00
1.529372894817245587e+01 -1.616935465087946389e+00 0.000000000000000000e+00
5.478968247004774916e+00 -2.727382644494892983e+00 0.000000000000000000e+00
-7.480427016585331934e+00 -8.857868301248741361e+00 0.000000000000000000e+00
-1.729215429143371807e+01 2.551589485637794308e+00 0.000000000000000000e+00
-8.316055385040424852e+00 1.264243926708465970e+01 0.000000000000000000e+00
-2.664725124110460364e+00 -3.996476213858907833e+00 0.000000000000000000e+00
1.639318425421059899e+01 8.937028750102298247e+00 0.000000000000000000e+00
-1.243190466861425492e+01 -1.325676198199366773e+01 0.000000000000000000e+00
-5.691354756705153228e+00 -1.030304918039821516e+01 0.000000000000000000e+00
1.715385784073686892e+01 3.020753603487721151e+00 0.000000000000000000e+00
1.873268791755781093e+00 -1.421245764095181219e+00 0.000000000000000000e+00
-7.774852244609521179e+00 -2.214303890602235647e+00 0.000000000000000000e+00
1.615412747585991937e+01 -8.182725278463145457e+00 0.000000000000000000e+00
-1.648245812948979605e+01 -2.378440649236194027e+00 0.000000000000000000e+00
-5.627030683515984677e+00 -1.694758583405484487e+01 0.000000000000000000e+00
-4.685240965590406148e+00 1.304875856241696397e+01 0.000000000000000000e+00
-1.426890552692046832e+01 -1.218533659280353909e+01 0.000000000000000000e+00
-5.405649609940088141e+00 -7.110852226068768545e+00 0.000000000000000000e+00
-3.151969626108672262e+00 -1.635146236729750768e+01 0.000000000000000000e+00
-2.444175829891561236e+00 8.871061540171556459e+00 0.000000000000000000e+00
-9.440645461012904249e+00 -1.572374847340642390e+01 0.000000000000000000e+00
6.299638373634191879e+00 -7.635332688263657630e+00 0.000000000000000000e+00
-1.062378967434718646e+01 -4.405350186464053408e+00 0.000000000000000000e+00
-7.612829639912882307e+00 -1.213750977335944903e+01 0.000000000000000000e+00
4.662858338862425178e+00 -5.597303685366597392e+00 0.000000000000000000e+00
1.224870847276640617e+01 -4.021878700785848082e+00 0.000000000000000000e+00
9.513173681739981902e+00 -1.513583563468191606e+01 0.000000000000000000e+00
4.758707589615749356e+00 -1.689850729975444921e+01 0.000000000000000000e+00
3.959868677725953745e+00 -1.837188979058078431e+01 0.000000000000000000e+00
-5.164234869115537307e+00 -1.210573542477761677e+01 0.000000000000000000e+00
-1.612741192225175979e+01 1.014853838796420771e+00 0.000000000000000000e+00
-1.292339894240731901e+01 -4.972645602816101906e+00 0.000000000000000000e+00
5.128080229528848122e+00 1.339016776857256197e+01 0.000000000000000000e+00
4.440560041600343233e+00 1.563876181388590503e+01 0.000000000000000000e+00
8.365817161868411844e+00 8.714834820241160074e+00 0.000000000000000000e+00
1.349043228279963458e+01 1.143343718794231911e+01 0.000000000000000000e+00
-1.516797996050926189e-01 -8.335818843046926219e+00 0.000000000000000000e+00
2.098849857758930515e+00 1.090421332073072591e+01 0.000000000000000000e+00
4.980655845547208749e+00 4.642606986835799532e+00 0.000000000000000000e+00
8.235462870094886867e+00 -8.222353352254723191e+00 0.000000000000000000e+00
1.381361010310682680e+01 -5.455270751902034476e+00 0.000000000000000000e+00
4.983869030276680157e+00 -7.359614079499483819e-03 0.000000000000000000e+00
1.467174869194260189e+01 -3.574448579952710592e+00 0.000000000000000000e+00
1.044961559452703348e+01 4.404673673560955960e-01 0.000000000000000000e+00
-9.584325545254868572e+00 2.141796550480971284e+00 0.000000000000000000e+00
-5.103400821613465199e-01 -1.746090577443109382e+01 0.000000000000000000e+00
-6.850530597787187759e+00 1.179033169786862878e+01 0.000000000000000000e+00
8.221805168495162519e+00 -4.134487560075373658e+00 0.000000000000000000e+00
1.346631618772579841e+01 -8.369138217787822853e+00 0.000000000000000000e+00
-1.116205669143974610e+01 6.270077088155425749e+00 0.000000000000000000e+00
1.133575356699540926e+01 -1.510493529982015204e+01 0.000000000000000000e+00
-1.159960704011041877e+01 -1.198498231367898725e+01 0.000000000000000000e+00
-7.923377984804575114e+00 -1.678094439128321014e+01 0.000000000000000000e+00
-1.380339075263852955e+01 -2.010593525989107011e+00 0.000000000000000000e+00
-3.556295212957764740e+00 -2.626354559011800927e+00 0.000000000000000000e+00
1.463794244611682238e+01 1.695237219811101426e+00 0.000000000000000000e+00
-7.700871306483817236e+00 1.505211986880035191e+01 0.000000000000000000e+00
8.434240467150154075e+00 -1.379074393604373405e+01 0.000000000000000000e+00
1.558802098938809522e+01 1.063998733257262153e+01 0.000000000000000000e+00
-1.826502388650076369e+01 -1.259312406241355875e+00 0.000000000000000000e+00
-5.671061902115774878e+00 1.741936344895703570e+01 0.000000000000000000e+00
-1.027431693346214026e+01 -1.375627781668782212e+01 0.000000000000000000e+00
-1.474061561881626048e+01 -3.897510877801786400e+00 0.000000000000000000e+00
-1.561581710709563353e+01 9.283818991302728918e+00 0.000000000000000000e+00
6.513853776125873019e+00 1.443688908824783823e+01 0.000000000000000000e+00
7.923075995479448963e+00 -1.656173716027041820e+01 0.000000000000000000e+00
-1.153031671030850092e+01 1.426510021628468827e+01 0.000000000000000000e+00
-5.781264467276082675e-01 -3.122781817358652123e+00 0.000000000000000000e+00
1.849168958024935705e+01 4.213546059148748135e+00 0.000000000000000000e+00
-7.057567662503375416e+00 5.513864133677553347e+00 0.000000000000000000e+00
-2.615525948512938736e+00 7.714111528437831433e-01 0.000000000000000000e+00
-4.787812629909629081e+00 9.462551258585191860e+00 0.000000000000000000e+00
1.229794067230926435e+00 1.534182016398177062e+01 0.000000000000000000e+00
-1.062758942844747700e+00 -1.547908870651204616e+01 0.000000000000000000e+00
1.832774000869559439e+00 -2.936478631434151332e+00 0.000000000000000000e+00
-8.280103285448348061e+00 -1.448704725984830510e+01 0.000000000000000000e+00
8.868642763195609291e+00 5.936608174742747934e+00 0.000000000000000000e+00
4.202159608263834834e+00 1.391343839300259955e+00 0.000000000000000000e+00
5.291785482683901698e+00 8.149914935653566062e+00 0.000000000000000000e+00
1.180352414821201634e+01 -7.198120927365168953e+00 0.000000000000000000e+00
-6.613660224093404594e+00 9.015797941122002612e+00 0.000000000000000000e+00
1.884008618813701830e+01 -1.764205229895114746e+00 0.000000000000000000e+00
-9.349158504281968263e+00 -1.191166168412792814e+01 0.000000000000000000e+00
-6.275825605579651301e-01 -5.729380817865102893e-01 0.000000000000000000e+00
9.392756634348597089e+00 1.650512131127590720e+01 0.000000000000000000e+00
-1.074789205349475907e+01 -7.833939828884678214e+00 0.000000000000000000e+00
-8.538025532080379065e+00 -7.648579489368844797e+00 0.000000000000000000e+00
9.288681312276604984e+00 -1.170374776391343907e+00 0.000000000000000000e+00
7.520353953099299993e+00 8.253393821009613607e-01 0.000000000000000000e+00
-1.202039783652961269e+01 -8.828811420571945234e+00 0.000000000000000000e+00
-4.870736963515360229e-01 -1.268588015052170093e+01 0.000000000000000000e+00
1.974561537015487644e+00 3.258672722085049767e+00 0.000000000000000000e+00
7.636211085602325532e+00 -1.044742252480420852e+01 0.000000000000000000e+00
1.863756854655237305e+01 7.784683987532579064e-01 0.000000000000000000e+00
-1.030610971862806302e+01 -1.241248168574670352e+00 0.000000000000000000e+00
5.501013081774306368e-01 1.889826622207713314e+01 0.000000000000000000e+00
1.183788536772277666e+01 -9.512716806769415001e+00 0.000000000000000000e+00
1.762969181507012451e+01 -6.597051456652336388e-01 0.000000000000000000e+00
7.577452887584087193e+00 6.802772347691018240e+00 0.000000000000000000e+00
-9.097564574583405062e+00 1.625467342148316874e+01 0.000000000000000000e+00
-3.069720702129395296e+00 1.230896824739633999e+01 0.000000000000000000e+00
7.840660656035939979e+00 1.061968258968435386e+01 0.000000000000000000e+00
-1.717488945665168742e+01 -5.622615448542011229e+00 0.000000000000000000e+00
4.338481504039848780e+00 1.030298214714799698e+01 0.000000000000000000e+00
-4.795935271096536390e+00 4.652859572523944109e+00 0.000000000000000000e+00
-5.992841346456769358e+00 -5.512529335365197625e+00 0.000000000000000000e+00
-7.972505139507163330e-01 -9.891349289817279455e+00 0.000000000000000000e+00
-5.902849147024700649e+00 -3.515753308644735231e+00 0.000000000000000000e+00
-4.354305254853710672e+00 1.137221534579184024e+01 0.000000000000000000e+00
-7.503326446476833667e+00 -5.513072113296050070e+00 0.000000000000000000e+00
9.410610459079974177e+00 -1.218163192361971880e+01 0.000000000000000000e+00
-3.392876862947822314e+00 -1.860390456326943109e+01 0.000000000000000000e+00
6.283407653250661973e+00 -1.647569013970827712e+01 0.000000000000000000e+00
-4.403339846648929523e+00 -8.373031026136610322e+00 0.000000000000000000e+00
-2.955551451787999273e+00 -7.631166766312458272e+00 0.000000000000000000e+00
4.520504943371848050e+00 1.841320992002180290e+01 0.000000000000000000e+00
1.043959375558736546e+01 1.459692317921936500e+01 0.000000000000000000e+00
-7.547464366262207847e+00 1.024449312994905448e+01 0.000000000000000000e+00
-3.751397868537224234e+00 1.828473973276377507e+00 0.000000000000000000e+00
-8.916928372763262445e+00 1.120287771395605425e+01 0.000000000000000000e+00
2.528601923293420040e+00 -1.240903050976880273e+01 0.000000000000000000e+00
5.151890517802132585e+00 -1.059655549499950489e+01 0.000000000000000000e+00
1.430255868769141570e+00 -5.811030285024383346e+00 0.000000000000000000e+00
-1.395635087944184960e+01 -6.136173857275784904e+00 0.000000000000000000e+00
3.547001039601391348e+00 -9.522630389139431273e+00 0.000000000000000000e+00
1.364059772527709313e+01 -1.876838383303743196e+00 0.000000000000000000e+00
2.287376372984155193e+00 7.624276091427188540e+00 0.000000000000000000e+00
3.245616911441243868e+00 -4.328597113433231058e+00 0.000000000000000000e+00
-7.057902778781851794e+00 -3.670187566127370848e-01 0.000000000000000000e+00
1.609504667222103080e+01 -2.987938396277135755e+00 0.000000000000000000e+00
-1.330880758387355023e+01 1.214785924756314728e+01 0.000000000000000000e+00
-9.798300019464813104e+00 -6.458862877985336759e+00 0.000000000000000000e+00
1.209967435563505234e+01 4.555081419206521431e+00 0.000000000000000000e+00
-1.742840004353209693e+01 1.989772475476852542e-01 0.000000000000000000e+00
-1.237518009681230247e+01 2.087925810708463059e-01 0.000000000000000000e+00
-1.562352385754259210e+01 -5.281926650235932996e+00 0.000000000000000000e+00
7.562858802907906686e+00 -1.217020331764755170e+01 0.000000000000000000e+00
6.395263467518364386e+00 -4.058227966871675640e+00 0.000000000000000000e+00
9.844686106414890503e+00 1.208354123084460063e+01 0.000000000000000000e+00
-1.602517786205361716e+01 -8.765114953100485717e-01 0.000000000000000000e+00
3.656996201770282617e+00 3.674032032667390091e+00 0.000000000000000000e+00
-1.529692937939318931e+01 5.966374181943984389e+00 0.000000000000000000e+00
1.470927605451855591e+01 -1.143633354275981517e+01 0.000000000000000000e+00
-1.081582740655258590e+01 7.808271103239956545e+00 0.000000000000000000e+00
-1.036598685644607265e+01 1.532629507376922895e+01 0.000000000000000000e+00
-5.586704128745410891e+00 1.574316518558360833e+01 0.000000000000000000e+00
-7.723669553688397471e+00 1.686249196130522776e+01 0.000000000000000000e+00
-1.042298619357548439e+01 1.318176778414098393e+01 0.000000000000000000e+00
6.066068030658619215e+00 1.158094769261213131e+01 0.000000000000000000e+00
1.596185372377564171e+01 -5.046888704455612995e+00 0.000000000000000000e+00
2.309734429097032749e+00 5.303224945913541433e+00 0.000000000000000000e+00
-5.913081639761902153e+00 8.089824511654100103e-01 0.000000000000000000e+00
7.196161013384156924e+00 -8.593946066589870370e-01 0.000000000000000000e+00
8.534281092022530935e-01 -1.837515391195505998e+01 0.000000000000000000e+00
-8.620665398326542217e+00 3.176363130912205901e-01 0.000000000000000000e+00
-1.231298051388906911e+00 1.252320500313701679e+01 0.000000000000000000e+00
-1.386545396592918244e+01 2.887916866103930058e+00 0.000000000000000000e+00
2.332704845719022035e+00 6.871481729429236296e-01 0.000000000000000000e+00
3.046187129394194226e+00 9.143638167780204995e+00 0.000000000000000000e+00
-1.053512846874795450e+01 9.336159233355260767e+00 0.000000000000000000e+00
-1.731244668644107065e+01 -7.190327340916589982e+00 0.000000000000000000e+00
3.265101757356197787e+00 -1.102619287474384357e+01 0.000000000000000000e+00
1.057419008434151309e+01 -1.330444032789958442e+01 0.000000000000000000e+00
1.586977257167293054e+01 4.946488747978892597e+00 0.000000000000000000e+00
-5.446822221042116219e+00 2.408000892775530755e+00 0.000000000000000000e+00
1.388368703847956454e+01 4.499829489656983483e+00 0.000000000000000000e+00
-1.334099391156052938e+01 -1.019542049058859412e+01 0.000000000000000000e+00
-1.478459296952064683e+01 1.122984312748587143e+01 0.000000000000000000e+00
1.035006071940750694e+01 2.305049893234892622e+00 0.000000000000000000e+00
