1.057232855666761395e+00 -1.797340212364445744e+00 0.000000000000000000e+00
6.902300046008241985e+00 -3.776209540138702359e+00 0.000000000000000000e+00
9.336165384759489427e+00 1.584300719996284412e+00 0.000000000000000000e+00
1.635058074750445911e+01 5.886490144515755141e+00 0.000000000000000000e+00
-1.248164792158035930e+01 -6.300025836244971700e+00 0.000000000000000000e+00
-3.048450367236167580e+00 6.927562566150132106e+00 0.000000000000000000e+00
1.097322492898339874e+01 1.196846635161030115e+01 0.000000000000000000e+00
1.550146332307984132e+01 -8.241767526875048988e-01 0.000000000000000000e+00
-1.805775232783559403e+01 4.414864358565938396e+00 0.000000000000000000e+00
-8.072348019569373534e+00 1.187949248703523963e+01 0.000000000000000000e+00
1.274767851194743606e+01 1.056057950916529098e+00 0.000000000000000000e+00
1.312396863143632686e+01 -2.543552754974528263e+00 0.000000000000000000e+00
1.158771123359753474e+01 -1.189695238690746315e+01 0.000000000000000000e+00
5.680560282266137406e+00 4.866775275130843958e+00 0.000000000000000000e+00
2.557799791629546959e+00 -2.861263085925243477e+00 0.000000000000000000e+00
5.521146357365675605e+00 -1.196975697159331053e+00 0.000000000000000000e+00
-1.596493309265974858e+01 1.004219358348523627e+01 0.000000000000000000e+00
-1.480188370346222726e+01 -6.747090971407034843e+00 0.000000000000000000e+00
4.700006994400789395e+00 1.806126266037179917e+01 0.000000000000000000e+00
1.068167213021729545e+01 9.694967160130300243e+00 0.000000000000000000e+00
-2.832846535638339436e+00 -1.300205890569267986e+01 0.000000000000000000e+00
1.663295959164697191e+00 -9.658534492284026385e+00 0.000000000000000000e+00
-1.131597879231329706e+01 -8.318116395381377259e+00 0.000000000000000000e+00
1.183657182756620863e+01 -1.485431161214606277e+01 0.000000000000000000e+00
-8.730206631433109266e+00 -6.989268022577368455e+00 0.000000000000000000e+00
-3.257940290453347765e-01 5.787444601261384491e+00 0.000000000000000000e+00
-9.710315811769216765e+00 -5.493951282864988350e+00 0.000000000000000000e+00
1.116688277249390460e+01 -4.201524896344425386e+00 0.000000000000000000e+00
1.672417680703073062e+00 -6.634148500478813659e+00 0.000000000000000000e+00
-2.503633786439597220e+00 -1.791069781231992408e+01 0.000000000000000000e+00
-1.608658459392569240e+00 8.467752777266371211e+00 0.000000000000000000e+00
-1.251214143869943030e+01 2.858404348594071998e+00 0.000000000000000000e+00
1.806040137174020188e+01 -1.093163116168738958e+00 0.000000000000000000e+00
6.010079915078055945e-01 4.333195300435003894e+00 0.000000000000000000e+00
-1.228522697011558940e+01 9.018356944677412557e+00 0.000000000000000000e+00
1.747581590311750332e+01 8.731148087807184544e-01 0.000000000000000000e+00
-1.035701073567395980e+01 9.621748978443035227e+00 0.000000000000000000e+00
1.236791177304324485e+01 8.697526945784979091e+00 0.000000000000000000e+00
-7.182046602077398312e+00 -1.144996943381129384e+01 0.000000000000000000e+00
-8.356547820667069360e+00 1.361191457092837709e+01 0.000000000000000000e+00
1.372067345383522374e+00 1.531218529858232991e+01 0.000000000000000000e+00
4.079712313331143037e+00 -6.921858508876479910e+00 0.000000000000000000e+00
-1.631734537665077767e+01 -9.057127395109665358e+00 0.000000000000000000e+00
-3.378493773332300609e+00 -1.520139611215656750e+01 0.000000000000000000e+00
-1.660966440717715287e+01 6.312261822206072459e+00 0.000000000000000000e+00
-1.428720504538151026e+01 4.872268172446164058e+00 0.000000000000000000e+00
-7.294111995983696417e+00 1.531312605068269272e+00 0.000000000000000000e+00
9.488556827246451775e+00 3.144270419314068032e+00 0.000000000000000000e+00
-1.467225384786910425e+01 -4.009834992866494474e+00 0.000000000000000000e+00
-9.332994330090873092e+00 -8.679240784750557935e+00 0.000000000000000000e+00
2.093875356951258482e+00 -1.698545975107306560e+01 0.000000000000000000e+00
-7.173009090272216781e+00 -1.334930128542585770e+01 0.000000000000000000e+00
-5.646982322023466061e+00 -1.620850501833606572e+01 0.000000000000000000e+00
-8.564467484108422290e-01 -1.484915078978999858e+01 0.000000000000000000e+00
1.209283967275219851e+01 1.465031993660681131e+01 0.000000000000000000e+00
-3.847265474723164047e+00 -6.699402470571148349e+00 0.000000000000000000e+00
-7.523152970656148852e+00 -8.951911442726792956e+00 0.000000000000000000e+00
-1.402546010884031702e+01 -9.550731176471039419e+00 0.000000000000000000e+00
1.451209621054490917e+01 -8.299717703374378530e+00 0.000000000000000000e+00
1.457695898556121072e+01 1.051957472267345928e+01 0.000000000000000000e+00
1.582329237382796450e+01 -6.807432734456705603e+00 0.000000000000000000e+00
3.975803666893576782e+00 -3.767599766216802148e+00 0.000000000000000000e+00
-9.534040087913352224e+00 -1.077398486109585463e+01 0.000000000000000000e+00
6.392470668636038411e+00 -1.628207641998224275e+01 0.000000000000000000e+00
6.204613536512522565e+00 -1.149276631382376301e+01 0.000000000000000000e+00
-4.058370167419879770e+00 1.754873235618497507e+00 0.000000000000000000e+00
-2.244486542405268459e+00 -9.334669811899631853e+00 0.000000000000000000e+00
-9.329866182386087559e+00 -6.890191415466851987e-01 0.000000000000000000e+00
-5.626763134216631990e+00 -6.605206580181580023e+00 0.000000000000000000e+00
-1.125377221947883122e+01 -3.635800067637479316e+00 0.000000000000000000e+00
-1.098530998685863791e+00 -1.092574683279292636e+01 0.000000000000000000e+00
-9.803072793045760847e+00 3.303989789938235333e+00 0.000000000000000000e+00
7.378307861794429101e+00 -6.656894684109046167e+00 0.000000000000000000e+00
3.763103684071009702e+00 -1.287530801730414254e+01 0.000000000000000000e+00
-1.288694269583846719e+01 -4.317324448094492340e+00 0.000000000000000000e+00
1.029422284607122506e+01 5.606809613877978826e+00 0.000000000000000000e+00
1.582382577273614821e+01 1.835525216052993125e+00 0.000000000000000000e+00
1.356496189824901499e+01 4.536086217490899131e+00 0.000000000000000000e+00
-1.204548348937810509e+01 7.367523146921268307e+00 0.000000000000000000e+00
-5.095095599576089374e-01 2.916494263227956463e+00 0.000000000000000000e+00
-1.003665721830542878e+01 7.182046431279078824e+00 0.000000000000000000e+00
8.368488136854942638e+00 -6.814949555137055359e-01 0.000000000000000000e+00
6.613637026499890936e+00 -5.317384048330957569e+00 0.000000000000000000e+00
7.104659115404892589e+00 8.713128557188093426e-01 0.000000000000000000e+00
-2.317579530318243375e+00 5.316473930399551184e-01 0.000000000000000000e+00
1.529100115225461387e+01 -3.986238045426580445e+00 0.000000000000000000e+00
-5.495932712012196575e+00 9.418672899804368726e+00 0.000000000000000000e+00
-8.254449078500835313e+00 -3.866460492010885375e+00 0.000000000000000000e+00
6.268386770404598352e+00 1.395333271584744139e+01 0.000000000000000000e+00
1.006301620447542122e+00 1.127494273881467990e+01 0.000000000000000000e+00
2.384452191072154115e+00 -1.378338110589926124e+01 0.000000000000000000e+00
-7.713529334557597039e+00 4.420745055085037123e+00 0.000000000000000000e+00
-4.510147543277876814e+00 1.429610963849138727e+01 0.000000000000000000e+00
9.361594306762560436e+00 1.122323357563293378e+01 0.000000000000000000e+00
-5.312767705590980327e+00 3.144787053719305892e+00 0.000000000000000000e+00
1.298439131054930407e+01 -7.800902822012917959e+00 0.000000000000000000e+00
-1.697380352929545566e+01 -6.776356696657643397e+00 0.000000000000000000e+00
4.366863653864705874e+00 -1.646790976829106512e+01 0.000000000000000000e+00
9.552142986315773854e+00 -5.163545032634188736e+00 0.000000000000000000e+00
-4.233306326656304464e+00 -3.393399778298511471e+00 0.000000000000000000e+00
-1.463644945345164672e+01 3.184317896909488521e+00 0.000000000000000000e+00
-1.763605661454368700e+01 2.009089787598821175e+00 0.000000000000000000e+00
1.678002319683163535e+01 4.232440205007148570e+00 0.000000000000000000e+00
9.797246448773085703e+00 -1.141301664896655765e+01 0.000000000000000000e+00
-1.116344837791646860e+01 1.587386084134141839e+00 0.000000000000000000e+00
-2.090406373056091116e+00 4.801116450177751460e+00 0.000000000000000000e+00
1.117098915562021899e+00 6.285882658518273658e+00 0.000000000000000000e+00
5.158442402741033384e+00 2.563656162769762492e+00 0.000000000000000000e+00
-3.744370679139534808e+00 -1.130645262697277609e+01 0.000000000000000000e+00
8.834632506299879395e+00 4.571488234035657072e+00 0.000000000000000000e+00
-2.440849914884407612e-01 -3.159962095826957640e+00 0.000000000000000000e+00
1.755014537999925039e+01 -5.569619850486810186e+00 0.000000000000000000e+00
3.048056262935880500e+00 -8.691450309313282219e+00 0.000000000000000000e+00
-1.601229976522184240e+00 -1.249275190812202840e+00 0.000000000000000000e+00
-1.953138295160248283e+00 1.145880787382181865e+01 0.000000000000000000e+00
1.061340420825500352e+01 1.405647200370993311e+01 0.000000000000000000e+00
-8.006239011221385482e+00 1.661153886298129834e+01 0.000000000000000000e+00
3.670178022156809217e+00 -1.479627361977048317e+01 0.000000000000000000e+00
1.285010743862521032e+01 1.274164591615962827e+01 0.000000000000000000e+00
1.053669010819993801e+01 -1.393375041684224058e+01 0.000000000000000000e+00
-1.434155747827632865e+01 1.085182912413648282e+01 0.000000000000000000e+00
-1.445160247670156295e+01 6.892719557645829553e+00 0.000000000000000000e+00
-4.777405041714755107e+00 -8.267257512515810092e+00 0.000000000000000000e+00
1.852073080689046636e+00 9.884100357696125272e+00 0.000000000000000000e+00
1.053091642180955745e+01 -1.554269463699474496e+00 0.000000000000000000e+00
5.057921946306635164e+00 1.646777061667573250e+01 0.000000000000000000e+00
6.912626987630803299e+00 -2.254908456435370301e+00 0.000000000000000000e+00
1.109789531446715660e+00 2.436890382187958670e-01 0.000000000000000000e+00
3.707177201145126944e+00 1.139528233024441173e+00 0.000000000000000000e+00
1.777949786649331188e+01 6.595316466972673375e+00 0.000000000000000000e+00
7.882402969143681659e+00 3.155013350909915193e+00 0.000000000000000000e+00
6.639702295268176790e+00 1.234784946873672595e+01 0.000000000000000000e+00
1.340304455021915087e-01 -1.607037911982697409e+01 0.000000000000000000e+00
-7.906283923338403241e+00 -1.486577611619780726e+01 0.000000000000000000e+00
1.168471329579335816e+01 2.543835593475528789e+00 0.000000000000000000e+00
-1.175381635799407221e+01 -1.423789832376261622e+01 0.000000000000000000e+00
-1.253869661338847408e+01 -2.840071865818542207e+00 0.000000000000000000e+00
-5.159240571504006390e+00 5.149611482282661079e+00 0.000000000000000000e+00
8.996329247161561904e-01 -7.970293249909082611e+00 0.000000000000000000e+00
-4.526527556713625167e+00 -1.421018170161724825e+01 0.000000000000000000e+00
6.445418031480821597e+00 1.725707283965751770e+01 0.000000000000000000e+00
-1.701596584944335433e+01 -6.347339258246204041e-01 0.000000000000000000e+00
9.584560343127355608e+00 -7.716756510613377529e+00 0.000000000000000000e+00
-2.964441631124146714e-01 1.673763903594947067e+01 0.000000000000000000e+00
1.060412694518312327e+00 7.945701622334584435e+00 0.000000000000000000e+00
8.688711662087477805e+00 8.041064421227339665e+00 0.000000000000000000e+00
-7.434953953718594910e+00 6.384405856561516046e+00 0.000000000000000000e+00
1.365879577520049892e+01 -1.319221993722561947e+01 0.000000000000000000e+00
-5.865286014176651186e+00 1.323068530377443430e+01 0.000000000000000000e+00
-8.546079484546346805e+00 9.061662414676051824e+00 0.000000000000000000e+00
-1.832931637760975008e+01 -2.388622103274685049e+00 0.000000000000000000e+00
1.119028779645412897e+01 -9.872780278543332955e+00 0.000000000000000000e+00
-3.516863510876689691e+00 1.836658377091439576e+01 0.000000000000000000e+00
-4.689870466388059711e+00 1.738225461626304025e+01 0.000000000000000000e+00
2.560249228412837752e+00 5.012002829200951304e+00 0.000000000000000000e+00
7.040882342803829630e+00 -1.015366706647228234e+01 0.000000000000000000e+00
9.036682747141981054e+00 -1.374313998471702192e+01 0.000000000000000000e+00
8.031680593082175079e+00 -8.840037325576385996e+00 0.000000000000000000e+00
7.852016966576790047e+00 5.903990528017525108e+00 0.000000000000000000e+00
-1.091190557277410633e+01 1.517140510804762243e+01 0.000000000000000000e+00
1.440368339402757236e+01 3.604132255353615921e-01 0.000000000000000000e+00
-1.154111938286970895e+00 -7.852326965549272231e+00 0.000000000000000000e+00
2.981867142609279764e+00 1.534820357849326733e+01 0.000000000000000000e+00
-1.150240804455298438e+01 -1.098272878982596090e+01 0.000000000000000000e+00
5.333814123595276513e+00 9.958149381684801682e+00 0.000000000000000000e+00
1.538365453042741926e+01 -1.072796208570729348e+01 0.000000000000000000e+00
-3.053161118786595907e+00 1.471302470201575474e+01 0.000000000000000000e+00
2.826666193028642748e+00 -1.832859436158121014e+01 0.000000000000000000e+00
7.730983136543974510e+00 1.483417511378054776e+01 0.000000000000000000e+00
1.360298757509315415e+01 -9.537597628390974691e+00 0.000000000000000000e+00
-1.876269284003485893e+01 -3.189012122490264556e-01 0.000000000000000000e+00
3.051643373419702154e+00 -1.154438554638939074e+01 0.000000000000000000e+00
-1.656343894862609645e+01 -4.010651925225769077e+00 0.000000000000000000e+00
-1.504029027328934021e+01 -1.087710447821610593e+01 0.000000000000000000e+00
-1.214023767729338843e+01 1.369463789422747801e+01 0.000000000000000000e+00
-5.924064244415699898e-02 1.836676020382446239e+01 0.000000000000000000e+00
2.177365970701851339e+00 -4.977464876744154942e+00 0.000000000000000000e+00
-1.374059629811375194e+00 -1.685669533773107887e+01 0.000000000000000000e+00
1.237378589900149883e+01 6.684407748848804509e+00 0.000000000000000000e+00
-2.847054548514551531e-01 -1.295828380075806230e+01 0.000000000000000000e+00
-4.970128753518548770e+00 -1.795645981911690825e+01 0.000000000000000000e+00
-3.592044880604484014e+00 -1.747399910542605905e+00 0.000000000000000000e+00
-3.826921101602412278e+00 1.033096476486991833e+01 0.000000000000000000e+00
1.681081547729268522e+01 -2.170330141239838362e+00 0.000000000000000000e+00
-1.268659230955057460e+01 6.449221808839176173e-01 0.000000000000000000e+00
2.731339194756022160e+00 7.299101317415610524e+00 0.000000000000000000e+00
-6.448677916869750781e+00 -1.906814382659889118e+00 0.000000000000000000e+00
-2.212966056281692406e+00 -4.503221691016529249e+00 0.000000000000000000e+00
-1.121587684260969731e+01 1.175236050005984367e+01 0.000000000000000000e+00
-5.128126122371631013e+00 6.344819837353780079e-01 0.000000000000000000e+00
-1.542983582556199629e+01 -1.426045940316938432e-01 0.000000000000000000e+00
1.381157245464393490e+01 -5.558457616683631031e+00 0.000000000000000000e+00
-1.345251269765066837e+01 -1.287928497311911258e+01 0.000000000000000000e+00
9.385597635304842257e+00 -9.557638138362246849e+00 0.000000000000000000e+00
-6.935128818966066255e+00 -7.458107478907125554e+00 0.000000000000000000e+00
-1.610952488550145745e+01 2.667867686113498227e+00 0.000000000000000000e+00
4.560903474381743372e+00 -9.999881676351776605e+00 0.000000000000000000e+00
-1.776776117203437311e+00 1.864396172223517922e+01 0.000000000000000000e+00
1.834283824899410220e+01 -3.234054982529099398e+00 0.000000000000000000e+00
-2.825576377795237182e+00 2.813915622103603464e+00 0.000000000000000000e+00
5.641270967100253664e+00 -1.479005539571876326e+01 0.000000000000000000e+00
-6.325771524194002460e+00 -3.481513759532113728e+00 0.000000000000000000e+00
-1.136931523102136765e+01 4.377045601902143090e+00 0.000000000000000000e+00
-6.835125670543376941e+00 1.546076965363896072e+01 0.000000000000000000e+00
-1.420456628990578629e+01 -1.403672142746776208e+00 0.000000000000000000e+00
1.554180577073230474e+01 8.983982199454137785e+00 0.000000000000000000e+00
8.409380157681992429e+00 -1.607271328639060926e+01 0.000000000000000000e+00
7.202461842038142548e-01 -1.881005250731685408e+01 0.000000000000000000e+00
3.889474641736855975e+00 3.708604021455073507e+00 0.000000000000000000e+00
1.167404448227627733e-01 9.859554382553630703e+00 0.000000000000000000e+00
9.371982545883920324e+00 -2.686403483496160760e+00 0.000000000000000000e+00
4.953822603618472264e+00 1.174769753036133757e+01 0.000000000000000000e+00
4.444188099335043773e+00 7.991477547515312807e+00 0.000000000000000000e+00
-1.007640545209706673e+01 -1.599708485316098638e+01 0.000000000000000000e+00
8.125142128672671049e+00 -1.132513042643852152e+01 0.000000000000000000e+00
-6.386990343514965751e+00 1.723215606648641796e+01 0.000000000000000000e+00
6.811831634691958293e+00 -1.364082063368599052e+01 0.000000000000000000e+00
6.749560679409374764e+00 8.616171200162714428e+00 0.000000000000000000e+00
5.385394270169874709e+00 4.557006740011849133e-01 0.000000000000000000e+00
-1.834089452436764855e-01 -5.812931484397776849e+00 0.000000000000000000e+00
-2.726953361032604661e-01 1.188636605849441308e+00 0.000000000000000000e+00
1.224254811303988433e+01 -5.523878896381996917e+00 0.000000000000000000e+00
1.154472511707039217e+01 4.215895627061554407e+00 0.000000000000000000e+00
1.906756956197394715e+00 3.134484710353679038e+00 0.000000000000000000e+00
-5.278199805722827875e+00 -8.821891064587390474e-01 0.000000000000000000e+00
-3.550769565183045984e+00 1.276970662190490557e+01 0.000000000000000000e+00
-5.368654511321709677e+00 7.606486733034037329e+00 0.000000000000000000e+00
-1.585089332599686651e+00 1.589152425685377423e+01 0.000000000000000000e+00
4.070711984322704424e+00 6.409038992121407929e+00 0.000000000000000000e+00
1.600880172100698928e+01 -8.665739497879238584e+00 0.000000000000000000e+00
5.739917073366896716e+00 -8.879565508316257905e+00 0.000000000000000000e+00
-8.810794699499043148e+00 1.344569660544488787e+00 0.000000000000000000e+00
-6.618299097503003381e+00 -5.337895137995893435e+00 0.000000000000000000e+00
-1.562205253931502646e+01 8.209260446102870645e+00 0.000000000000000000e+00
-1.452767536170694651e+00 1.390965052051556050e+01 0.000000000000000000e+00
5.590549029820855331e+00 6.428888981905693356e+00 0.000000000000000000e+00
-1.502683279328131860e+01 1.463155793265402238e+00 0.000000000000000000e+00
8.297259204143857758e+00 1.699994018691405273e+01 0.000000000000000000e+00
-5.320684166856095132e+00 1.163925229255384330e+01 0.000000000000000000e+00
1.272820384937167404e+01 -1.089249167969313703e+01 0.000000000000000000e+00
-9.770807481843624132e+00 -1.423640078290505961e+01 0.000000000000000000e+00
2.734387087653352921e+00 -9.714391930788327523e-01 0.000000000000000000e+00
-3.536697666927671513e+00 5.334621539299034154e+00 0.000000000000000000e+00
-1.017734527798124411e+01 1.308698110778052381e+01 0.000000000000000000e+00
-1.294943290292798466e+01 1.144165291179343846e+01 0.000000000000000000e+00
-9.105598419043799296e+00 -2.301407827577491183e+00 0.000000000000000000e+00
-1.276718886434534106e+01 5.696370223275509126e+00 0.000000000000000000e+00
-7.010313908567527008e+00 9.189088437519211894e+00 0.000000000000000000e+00
1.887754342253895601e+01 2.010736651669750019e-01 0.000000000000000000e+00
-4.717636499825422547e+00 1.584246985982971268e+01 0.000000000000000000e+00
-6.868291082846751827e+00 -1.767706616897201854e+01 0.000000000000000000e+00
1.431469849636205360e+01 5.902338079540126792e+00 0.000000000000000000e+00
1.928643877807981521e+00 1.869420860582221167e+01 0.000000000000000000e+00
-8.918248780068603887e-01 -1.894390574768819846e+01 0.000000000000000000e+00
1.306043279618694619e+01 1.106137799625488505e+01 0.000000000000000000e+00
-1.984981388617371278e+00 -6.166738234513483796e+00 0.000000000000000000e+00
