-9.674157818079356375e+00 -2.648022016229202524e+00 0.000000000000000000e+00
9.119989978592373703e+00 -1.025537796893091347e+01 0.000000000000000000e+00
-1.017193087576077914e+01 1.000511007625726023e+01 0.000000000000000000e+00
1.281104690775175214e+01 1.129541435059685028e+01 0.000000000000000000e+00
-1.148700300685402098e+01 -4.423362389334706712e+00 0.000000000000000000e+00
-9.246750051385868474e+00 -6.886444821554539963e+00 0.000000000000000000e+00
1.410963324330682944e+01 -4.077246206902658265e+00 0.000000000000000000e+00
-5.367867907815111472e+00 -8.953371358356553955e+00 0.000000000000000000e+00
2.390605366479516825e+00 -1.062639549064676636e+01 0.000000000000000000e+00
3.663616990622584169e+00 -1.168412019201106311e+01 0.000000000000000000e+00
-1.081870214944988007e+01 4.088596664396018099e+00 0.000000000000000000e+00
-5.931134450223328747e-01 -1.017180763522036901e+00 0.000000000000000000e+00
4.287494884866228873e+00 1.149706944108959128e+01 0.000000000000000000e+00
1.296968396916011379e+01 7.834279647165019789e+00 0.000000000000000000e+00
-5.747649441161279960e+00 7.270022530219971912e+00 0.000000000000000000e+00
-5.803133707130172070e+00 1.188852611743112675e+01 0.000000000000000000e+00
-2.661069845866419037e+00 -1.542397695844374539e+01 0.000000000000000000e+00
1.397217091435173053e+01 -7.173650179152968320e+00 0.000000000000000000e+00
5.119804962005255256e+00 -1.659046580235664337e+01 0.000000000000000000e+00
-3.766579932250183393e+00 1.215035322189700651e+01 0.000000000000000000e+00
-4.797626787853182861e+00 -4.958066119967985408e+00 0.000000000000000000e+00
-1.121936382176278357e+01 2.510283736083516182e+00 0.000000000000000000e+00
1.600897601265142711e+01 3.499543665447029106e+00 0.000000000000000000e+00
-4.250834554360276130e+00 5.980228164133115643e-01 0.000000000000000000e+00
1.592544456289668453e+01 -4.518751349840549381e+00 0.000000000000000000e+00
6.577223838538428069e+00 -8.635991106596204503e+00 0.000000000000000000e+00
1.381932798732273682e+01 -2.037081108433576926e+00 0.000000000000000000e+00
-6.730667003937682580e+00 8.908421364348182436e+00 0.000000000000000000e+00
-8.069697116647837731e+00 1.536620163541575490e-01 0.000000000000000000e+00
-7.013070971402981524e-01 -1.112246205265230437e+01 0.000000000000000000e+00
-7.999462246077827743e+00 6.518145226232582523e+00 0.000000000000000000e+00
1.322656796734294460e+01 -1.080937076240910777e+01 0.000000000000000000e+00
6.649514507289868703e+00 -1.144870525100060554e+01 0.000000000000000000e+00
1.089416113220714522e+01 1.059852092430796944e+01 0.000000000000000000e+00
9.268058285701386012e+00 7.130808375915064445e+00 0.000000000000000000e+00
1.582140684641137618e+01 -7.309072898329853629e-01 0.000000000000000000e+00
1.378340625202268654e+01 4.632366100821456723e-01 0.000000000000000000e+00
6.379556355296100101e+00 1.016155619670708177e+01 0.000000000000000000e+00
-4.546318520415828957e+00 -1.510294380126550884e+01 0.000000000000000000e+00
6.296053224432343498e+00 1.488400203988802950e+01 0.000000000000000000e+00
-4.054268589027852698e+00 1.430001759209630130e+01 0.000000000000000000e+00
3.767078748575587999e-01 1.907352626761114500e+00 0.000000000000000000e+00
-2.488615627877410308e+00 2.441924842370889248e+00 0.000000000000000000e+00
2.278166401677397257e+00 -8.189452023189545571e+00 0.000000000000000000e+00
9.396145862360567591e+00 5.312441006055439452e+00 0.000000000000000000e+00
1.150047264890339171e+01 -1.170635891529477313e+01 0.000000000000000000e+00
-1.665494485540567737e+01 2.316393659480321610e+00 0.000000000000000000e+00
6.535690765644409650e-01 3.922918904344900870e+00 0.000000000000000000e+00
-2.718667838683398230e+00 -1.362776844158684852e+01 0.000000000000000000e+00
1.847439081301522901e+00 -1.546034675517153190e+01 0.000000000000000000e+00
-3.122167392156190324e+00 -1.193413288623334179e+00 0.000000000000000000e+00
1.135292730088323054e+01 8.269860845446773467e+00 0.000000000000000000e+00
-6.756773678480136880e+00 -6.945288656871951183e+00 0.000000000000000000e+00
1.073561197986767368e+01 -4.064173155167286389e+00 0.000000000000000000e+00
-6.848942376274398391e+00 1.987536107431212784e+00 0.000000000000000000e+00
1.751072799447402906e+00 1.438225759664721792e+01 0.000000000000000000e+00
4.829626255804806867e+00 -9.271701498991864465e-01 0.000000000000000000e+00
-1.564788217494681177e+01 -4.135813290014759502e+00 0.000000000000000000e+00
8.137974451057468528e+00 -1.528717884374727198e+01 0.000000000000000000e+00
-7.402040648079287521e+00 -1.551441464148979499e+01 0.000000000000000000e+00
6.506529179996812573e+00 6.231097595333965344e+00 0.000000000000000000e+00
-4.272204108495858854e+00 3.518315041143982302e+00 0.000000000000000000e+00
5.785877850123997135e+00 -1.324502959921680301e+01 0.000000000000000000e+00
8.734797523807463548e+00 -1.323963981332761719e+01 0.000000000000000000e+00
-1.083920998011393133e-01 -4.750964241836780566e+00 0.000000000000000000e+00
1.357597284854113973e+01 3.640966810499032036e+00 0.000000000000000000e+00
3.572384803929554042e+00 1.011621672969359231e+01 0.000000000000000000e+00
2.850727189927118932e+00 1.220969182565497668e+01 0.000000000000000000e+00
8.253848854203442720e-01 4.588365728611248362e-01 0.000000000000000000e+00
9.781581922802017104e+00 2.086920470069407063e+00 0.000000000000000000e+00
-3.123376960953773818e+00 5.260649308020791892e+00 0.000000000000000000e+00
-8.672214465136374173e+00 -1.266994741229213695e+01 0.000000000000000000e+00
-1.359002483642085535e+00 -3.829424172623036693e+00 0.000000000000000000e+00
-7.142982732436136128e-01 7.399857775107573588e+00 0.000000000000000000e+00
4.308794874759176885e+00 -9.328172811860870439e+00 0.000000000000000000e+00
4.045607959611007942e+00 2.854158018474764802e+00 0.000000000000000000e+00
3.968127258128655299e+00 -7.786921292544390916e+00 0.000000000000000000e+00
-1.106364381925387796e+01 -8.187466255986509012e+00 0.000000000000000000e+00
-1.449525763528777711e+00 -1.255531244211405095e+01 0.000000000000000000e+00
1.653009907915037102e+00 -4.318557037057059844e+00 0.000000000000000000e+00
1.044169935685916606e+01 1.260573408021614128e+01 0.000000000000000000e+00
1.013310192091543449e+01 -2.302331329009616123e+00 0.000000000000000000e+00
-1.003827312968223140e+01 1.258311823564764609e+01 0.000000000000000000e+00
3.450899456543208732e+00 5.544516656324581128e+00 0.000000000000000000e+00
5.817502944032248102e+00 2.315437390585123101e+00 0.000000000000000000e+00
-1.530547682744238358e+01 4.840212327604794140e+00 0.000000000000000000e+00
4.409402383948698656e+00 1.155149195452421118e+00 0.000000000000000000e+00
4.107752520024760656e+00 1.508181258132479918e+01 0.000000000000000000e+00
-6.782118599451415264e+00 -3.109899895006286386e+00 0.000000000000000000e+00
-1.460757021123635191e+01 -2.969325505542741994e-01 0.000000000000000000e+00
-1.176059321611830910e+01 1.266968478858707461e-02 0.000000000000000000e+00
7.700524993550227570e+00 3.647686410401814516e+00 0.000000000000000000e+00
5.955904759779631519e+00 1.331043019178915721e+01 0.000000000000000000e+00
-3.548680654985104876e+00 -9.559066156277065573e+00 0.000000000000000000e+00
6.613345381305242299e-01 -2.632291304530215648e+00 0.000000000000000000e+00
7.343330148485236464e+00 -3.843828047558729644e+00 0.000000000000000000e+00
-6.600750661226204130e+00 -1.196201063444464019e+01 0.000000000000000000e+00
1.883806038437908281e+00 5.409251168193129011e+00 0.000000000000000000e+00
-1.322196054171268820e+01 -6.304026624582146354e+00 0.000000000000000000e+00
-1.233978486433751742e+00 -1.597409913967791617e+01 0.000000000000000000e+00
-8.202521406398258774e-01 8.951416776488819727e-01 0.000000000000000000e+00
-1.652966870216371476e+01 -1.462514448418329005e+00 0.000000000000000000e+00
1.036391048750884636e+01 -7.128629331128979452e+00 0.000000000000000000e+00
6.320429909740574725e-01 1.147701763017719045e+01 0.000000000000000000e+00
-2.119807289139363782e-01 -9.311125196601357956e+00 0.000000000000000000e+00
1.199222998848335919e+01 5.161783338517672570e-01 0.000000000000000000e+00
-1.441362230559848356e+01 8.779878170318294650e+00 0.000000000000000000e+00
-8.306892974749231939e+00 1.421499918472835766e+01 0.000000000000000000e+00
-1.129140108791170327e+01 -1.285691030042477223e+01 0.000000000000000000e+00
-6.860876492077647271e+00 1.040564544273097525e+01 0.000000000000000000e+00
9.221860443382228212e-01 8.073855122166881060e+00 0.000000000000000000e+00
1.192017766363886189e+01 -8.230199851281302159e+00 0.000000000000000000e+00
-2.178742317780220539e+00 4.040990725004849793e+00 0.000000000000000000e+00
-2.928140864363348417e+00 -5.289054597721847273e+00 0.000000000000000000e+00
-2.143437777428896407e+00 1.228704011355424619e+01 0.000000000000000000e+00
-4.641412174763204668e+00 1.078782955275942079e+01 0.000000000000000000e+00
1.441131962633146912e+01 -8.965131733887075072e+00 0.000000000000000000e+00
-1.479983510600200525e+01 -6.222921101389069065e+00 0.000000000000000000e+00
1.394703793425404292e+01 9.458845964394740236e+00 0.000000000000000000e+00
2.213451602772727345e+00 -1.381373250680149845e+01 0.000000000000000000e+00
1.217694452780708225e+01 -5.904034670379680882e+00 0.000000000000000000e+00
1.323845185560034388e+01 2.096782951269703599e+00 0.000000000000000000e+00
7.166060589000155190e+00 7.585318604877740789e+00 0.000000000000000000e+00
4.947658550941324229e+00 8.789023566032811985e+00 0.000000000000000000e+00
-1.325990469716322551e+01 -1.966129863633300223e+00 0.000000000000000000e+00
2.936862584093353323e+00 -2.716171324205348903e+00 0.000000000000000000e+00
-7.356861759758312580e+00 4.541171212943432955e+00 0.000000000000000000e+00
-1.461866985682844877e+01 -8.260528567654890963e+00 0.000000000000000000e+00
4.141358994800378390e+00 -5.749015098496232490e+00 0.000000000000000000e+00
-1.168585953466051919e+01 8.616489837691036158e+00 0.000000000000000000e+00
-8.499247547214269005e+00 9.125947485391584735e+00 0.000000000000000000e+00
1.727092707527722837e+01 1.233473919775235794e+00 0.000000000000000000e+00
-1.257112810736799924e+00 1.373255311867058381e+01 0.000000000000000000e+00
1.477272460619171390e+00 1.735446284900635305e+01 0.000000000000000000e+00
5.202882072726273677e+00 -3.709496480526576434e+00 0.000000000000000000e+00
-1.344507436502048847e+01 5.219655931502457769e+00 0.000000000000000000e+00
-1.337508875794477170e+01 7.040803868413226141e+00 0.000000000000000000e+00
-7.665953686845744741e+00 -5.079618253721595700e+00 0.000000000000000000e+00
1.466169852380861727e+01 5.381036242655893531e+00 0.000000000000000000e+00
1.024743462749402667e+01 3.800373211519348704e+00 0.000000000000000000e+00
2.875872389007121832e+00 -1.698001737910881914e+01 0.000000000000000000e+00
-5.856935196375801844e+00 -1.405665266080634090e+01 0.000000000000000000e+00
6.374704922907941551e+00 -1.521250895422422644e+01 0.000000000000000000e+00
3.405109068891759572e-01 -6.614376302675083252e+00 0.000000000000000000e+00
6.559746328560137840e+00 -2.504431172456609733e+00 0.000000000000000000e+00
8.025636284144985311e+00 1.404385053518047322e+01 0.000000000000000000e+00
-1.625738772638785434e+01 -5.812185267778780862e+00 0.000000000000000000e+00
7.543792761079604503e+00 2.352056343553936557e-01 0.000000000000000000e+00
-1.945471860556423183e+00 8.579984444947434952e+00 0.000000000000000000e+00
-9.197531965439084800e+00 1.224584261889201331e+00 0.000000000000000000e+00
-3.500860249946232905e+00 1.578199037484166922e+01 0.000000000000000000e+00
-8.908105838849349922e+00 -1.482837203475964927e+01 0.000000000000000000e+00
-2.132489854968009801e+00 6.720485589170464458e+00 0.000000000000000000e+00
7.419911473784324585e+00 -9.989417662950820898e+00 0.000000000000000000e+00
8.590706698882954129e+00 -4.859250030797750419e+00 0.000000000000000000e+00
-4.108672635929986328e+00 9.145795347315154089e+00 0.000000000000000000e+00
-3.073240711894516419e+00 -1.687258249758766482e+01 0.000000000000000000e+00
2.680583858021774901e+00 -1.208817421415381732e+00 0.000000000000000000e+00
1.741500764373840937e+01 -1.382096924978192920e+00 0.000000000000000000e+00
1.507597461581872444e+01 1.860134319359508348e+00 0.000000000000000000e+00
-6.078374561004801002e+00 1.359207418619667784e+01 0.000000000000000000e+00
-2.217666140674317443e+00 -6.931168860435115597e+00 0.000000000000000000e+00
2.421393941437138597e+00 7.763572144090795213e+00 0.000000000000000000e+00
1.132190808867823861e+01 -1.331616392277288696e+01 0.000000000000000000e+00
-1.143019100979488556e+01 -1.067680453744253910e+01 0.000000000000000000e+00
-1.918690928994668810e-01 1.588108284275936377e+01 0.000000000000000000e+00
-1.395754039447701267e+01 -4.973804320822472924e+00 0.000000000000000000e+00
-7.191907397241765310e+00 -9.479400242746679695e+00 0.000000000000000000e+00
-6.328297066644236857e+00 1.562490455309519000e+01 0.000000000000000000e+00
-4.387227550741601867e+00 6.317788597374429216e+00 0.000000000000000000e+00
-1.268724105794876245e+01 -1.198530789957342968e+01 0.000000000000000000e+00
-1.742117874649456510e+01 4.265590964896291970e-01 0.000000000000000000e+00
-4.639337919833406154e+00 -7.491205540051761425e+00 0.000000000000000000e+00
5.842050561823227683e-01 6.251594192660853366e+00 0.000000000000000000e+00
-1.283404814260640059e+01 3.017920770667830599e+00 0.000000000000000000e+00
8.272908381839080505e+00 1.053240642173562058e+01 0.000000000000000000e+00
1.546746116900841628e+01 7.045861534320677855e+00 0.000000000000000000e+00
-1.071417611056111241e+01 7.062115797143277973e+00 0.000000000000000000e+00
1.176193256868138448e+01 6.756635871549958594e+00 0.000000000000000000e+00
-5.442194422189269076e+00 -1.049588790230138713e+01 0.000000000000000000e+00
-7.357866257727555537e-01 -1.413911677592278870e+01 0.000000000000000000e+00
-1.282138503835055232e+01 -8.526270316696145102e+00 0.000000000000000000e+00
1.596324858990166717e+01 -7.088874941731735824e+00 0.000000000000000000e+00
-8.661037467139482970e+00 1.095114326317036024e+01 0.000000000000000000e+00
-1.935996771364162372e+00 1.558271405537493060e+01 0.000000000000000000e+00
-5.340330904731285244e+00 -2.410048728441908761e+00 0.000000000000000000e+00
1.277815774995936460e+00 -1.175665309859265051e+01 0.000000000000000000e+00
-8.971347986889696813e+00 3.503833773072973834e+00 0.000000000000000000e+00
1.200132726825773766e+01 -2.785988654775791939e+00 0.000000000000000000e+00
6.359517182110504763e+00 -9.343180415444252152e-01 0.000000000000000000e+00
4.437068707980853510e+00 7.365091100051239792e+00 0.000000000000000000e+00
8.398168327778753550e+00 -1.309045204579908139e+00 0.000000000000000000e+00
-9.681931631419327999e+00 -9.965292489961527167e+00 0.000000000000000000e+00
5.741312883979468928e+00 3.965032090345323113e+00 0.000000000000000000e+00
-1.321149454303405513e+01 -1.049602345347726562e+01 0.000000000000000000e+00
1.184264214691738104e+01 4.557749261128498652e+00 0.000000000000000000e+00
-8.732153819110582971e-01 5.868289278463047154e+00 0.000000000000000000e+00
3.911682292353991119e+00 -1.518634431221129688e+01 0.000000000000000000e+00
9.144741555163813373e+00 8.942204821462913955e+00 0.000000000000000000e+00
8.735599949512895535e-02 9.910433554829481295e+00 0.000000000000000000e+00
2.291426115051707235e+00 1.563288304593568823e+00 0.000000000000000000e+00
2.146127921375096559e+00 3.650889689591315435e+00 0.000000000000000000e+00
8.951221033130787319e+00 1.194354987395743528e+01 0.000000000000000000e+00
2.886175743720150955e+00 1.648928366632730302e+01 0.000000000000000000e+00
-2.750471398023911718e+00 1.710361284847959595e+01 0.000000000000000000e+00
-3.983422809067389103e+00 -3.060419742145032540e+00 0.000000000000000000e+00
-1.680509192362397997e+01 -3.062390399007738129e+00 0.000000000000000000e+00
-4.231998281830434472e+00 -1.139077752670447730e+01 0.000000000000000000e+00
-1.951692354294235043e+00 -8.662197804030796533e+00 0.000000000000000000e+00
-6.789545598749682220e+00 -1.537031761443575784e+00 0.000000000000000000e+00
6.374218632449645483e+00 1.178698342399364840e+01 0.000000000000000000e+00
-5.624688610695494972e+00 5.076922239489823241e+00 0.000000000000000000e+00
6.772097232662996014e+00 -6.121086152866798358e+00 0.000000000000000000e+00
-7.317836478577850023e+00 1.218431339465166907e+01 0.000000000000000000e+00
-8.638896784294045617e+00 -1.114344790895714077e+01 0.000000000000000000e+00
-1.841033973683133151e+00 1.063503078410843727e+01 0.000000000000000000e+00
1.037974663388551555e+01 -9.158608925432545789e+00 0.000000000000000000e+00
1.668449318341961307e+00 9.944893973108058560e+00 0.000000000000000000e+00
-1.142001578910372039e+01 1.122094039064847770e+01 0.000000000000000000e+00
-1.308796186060380862e+01 9.924958486048161888e+00 0.000000000000000000e+00
5.778279905905694847e+00 -1.018062492775506911e+01 0.000000000000000000e+00
9.990774312637435983e+00 1.720154991780962692e-02 0.000000000000000000e+00
-5.369090415658607895e+00 2.243235879326381799e+00 0.000000000000000000e+00
-9.813662054321360406e-01 2.952406566011001043e+00 0.000000000000000000e+00
-8.638889344955524408e+00 -8.708958388370930948e+00 0.000000000000000000e+00
-6.430928247526367381e-01 1.233836030187213062e+01 0.000000000000000000e+00
-1.567690700976581297e+01 1.122953458040698571e+00 0.000000000000000000e+00
-9.755383510513627954e+00 5.148834446643994589e+00 0.000000000000000000e+00
-1.183630992621655409e+01 5.571197947665162964e+00 0.000000000000000000e+00
-4.289756256458588268e+00 -1.321897181278031042e+01 0.000000000000000000e+00
-2.572026098667757221e+00 -1.149732784565833299e+01 0.000000000000000000e+00
1.652262729952106568e+01 5.379942612980031846e+00 0.000000000000000000e+00
9.996822085536454239e+00 -1.210634777600313683e+01 0.000000000000000000e+00
-9.912850458716393476e+00 -9.211414128825002878e-01 0.000000000000000000e+00
3.423174750019190582e-01 -1.706245323996793317e+01 0.000000000000000000e+00
1.438977740657116300e+01 -5.652792833090471980e+00 0.000000000000000000e+00
-1.465836735464096918e+01 2.981016006330359236e+00 0.000000000000000000e+00
1.617573016269311381e+01 -2.310290438865143514e+00 0.000000000000000000e+00
-9.832041052610164256e-01 1.728719706975164883e+01 0.000000000000000000e+00
-1.524181119547890972e+01 7.274698295386421876e+00 0.000000000000000000e+00
-1.292451813010319484e+01 1.163833376240110340e+01 0.000000000000000000e+00
9.368556463559426506e-01 1.303022953496368608e+01 0.000000000000000000e+00
-1.402997859036273098e+01 -3.335751344563840703e+00 0.000000000000000000e+00
-1.171519478320088403e+01 -6.743581042177077656e+00 0.000000000000000000e+00
1.184407144063855455e+01 2.871667974841889848e+00 0.000000000000000000e+00
-1.167001383409430559e+01 -1.885749363765632625e+00 0.000000000000000000e+00
-1.587784966514282914e+00 -2.302445170781661776e+00 0.000000000000000000e+00
-1.345413801591001679e+01 1.074785719400794815e+00 0.000000000000000000e+00
-1.019783538058568517e+01 -5.466426463379272072e+00 0.000000000000000000e+00
-5.425249062215295126e+00 -1.640883686923608664e+01 0.000000000000000000e+00
-4.935542627576057662e+00 -8.201595707037928618e-01 0.000000000000000000e+00
3.343239023785189890e+00 -4.283835303749257584e+00 0.000000000000000000e+00
9.733343546422382531e+00 1.406556798705252831e+01 0.000000000000000000e+00
-2.440064128977793789e+00 9.355531106339953773e-01 0.000000000000000000e+00
1.133520489613712456e+01 -1.257838145054311019e+00 0.000000000000000000e+00
-5.866015040474716891e+00 5.211929421422845099e-01 0.000000000000000000e+00
