1.123964227253450332e+01 -9.868283017497901710e+00 0.000000000000000000e+00
-5.388758593822703169e+00 -3.688655749205806966e-01 0.000000000000000000e+00
3.232399671130770091e-01 -1.248323252368744818e+01 0.000000000000000000e+00
-1.668133509835568962e+00 -8.386298592345875491e+00 0.000000000000000000e+00
9.819584723844419827e+00 -2.104215198227959327e+00 0.000000000000000000e+00
-2.265233159863078161e-02 -6.096052080853799460e+00 0.000000000000000000e+00
-1.018620572656991108e+01 1.150572374187590974e+01 0.000000000000000000e+00
-8.407226796440578909e+00 1.292654417368172837e+01 0.000000000000000000e+00
-1.679499725373915009e+00 8.360612365409808788e+00 0.000000000000000000e+00
5.059594420976912588e+00 -1.759641555727302276e+01 0.000000000000000000e+00
1.344531979252668030e+01 -1.077847639581408679e+01 0.000000000000000000e+00
5.504152808080958081e+00 6.105442380398558910e+00 0.000000000000000000e+00
1.171877833766742505e+01 8.799999540461872272e+00 0.000000000000000000e+00
5.154882796782084498e+00 1.195262470994676818e+01 0.000000000000000000e+00
8.263566540523539672e+00 -9.711996967266681935e+00 0.000000000000000000e+00
-1.565423370755100763e+01 2.537092868113103861e-01 0.000000000000000000e+00
-1.579969384666747700e+01 3.292134842546576845e+00 0.000000000000000000e+00
6.822764185751540866e-01 3.752219760080754529e+00 0.000000000000000000e+00
-6.562128806218801458e+00 -1.305984286975343522e+01 0.000000000000000000e+00
-1.106947874692576761e+01 -6.031220998194444682e+00 0.000000000000000000e+00
-9.828180541682653981e+00 -7.191646820865699397e+00 0.000000000000000000e+00
-1.454469249455033975e+01 -5.730035177934650115e+00 0.000000000000000000e+00
2.462780070179330927e-01 -1.826726965698245664e+01 0.000000000000000000e+00
1.847471856345840102e+00 -1.438342575464736406e+01 0.000000000000000000e+00
-1.270474516131420906e+01 4.299027169759010114e+00 0.000000000000000000e+00
-1.101051396657805093e+01 5.273151020238763920e+00 0.000000000000000000e+00
-4.653881852417645071e+00 1.484512281914870435e+01 0.000000000000000000e+00
2.130521660612406443e+00 1.169095089299770862e+01 0.000000000000000000e+00
9.324967047607472637e+00 -5.870969853646939463e+00 0.000000000000000000e+00
3.151648291738891494e+00 -5.298328497558247641e+00 0.000000000000000000e+00
9.856836982068548636e+00 6.382325484360596768e+00 0.000000000000000000e+00
7.239772919394106943e+00 -1.472876727770309202e+01 0.000000000000000000e+00
7.540488824068113161e+00 7.062241581813553992e+00 0.000000000000000000e+00
2.877602205457550966e+00 1.334971783822965641e+01 0.000000000000000000e+00
-6.035215351323944821e-01 -3.110221583283627744e+00 0.000000000000000000e+00
-1.009587925867770686e+01 -3.141721659352967766e+00 0.000000000000000000e+00
1.439046716345817067e+01 7.356463761117655320e-01 0.000000000000000000e+00
-4.853760306670691804e+00 -1.770811574779800068e+01 0.000000000000000000e+00
1.207847945936337730e+01 5.847136783557790984e+00 0.000000000000000000e+00
6.427617504543539084e+00 -1.609662644325499059e+01 0.000000000000000000e+00
-7.964462773159660891e+00 -1.705444479183577045e+01 0.000000000000000000e+00
6.741951111740463354e+00 1.239325787039578231e+01 0.000000000000000000e+00
6.363731508898684552e+00 -6.674779740505194070e+00 0.000000000000000000e+00
9.370258853054155068e+00 -8.535601961672034221e+00 0.000000000000000000e+00
-1.185044271562797569e+01 9.088571078521654911e+00 0.000000000000000000e+00
8.624633231269661637e-01 1.514464357439221942e+01 0.000000000000000000e+00
-6.985154961528972528e+00 1.111577973042542133e+01 0.000000000000000000e+00
-7.421187459152748467e+00 -9.353109983992567322e+00 0.000000000000000000e+00
-8.649664747569431711e+00 9.001714007313934118e+00 0.000000000000000000e+00
4.531382555902457199e+00 1.409812821728362975e+00 0.000000000000000000e+00
7.910541558271584783e+00 -8.113963710344730629e+00 0.000000000000000000e+00
-9.154330343332517828e+00 1.439269814746928056e+01 0.000000000000000000e+00
-5.979162635294107631e+00 7.824608659662690258e+00 0.000000000000000000e+00
1.291063750127092824e+01 1.182973864379518503e+01 0.000000000000000000e+00
2.986301950623266865e+00 -1.248169941900466640e+01 0.000000000000000000e+00
-1.582784737515367546e+01 -4.230515209143239197e+00 0.000000000000000000e+00
-7.955584918553728180e+00 -7.925605706043135079e+00 0.000000000000000000e+00
4.151944924741688858e+00 8.888418449889362805e+00 0.000000000000000000e+00
1.802247010413037920e+00 -6.541526902220460293e+00 0.000000000000000000e+00
9.811101832727160854e+00 1.355258777209633170e+00 0.000000000000000000e+00
9.898151711695518884e+00 -1.181956122234122475e+01 0.000000000000000000e+00
-1.265381445145942152e+01 1.138463924659134818e+01 0.000000000000000000e+00
-1.060676353218912382e+01 -9.120570167420254393e+00 0.000000000000000000e+00
3.810316431957363914e+00 -1.475948487307972679e+00 0.000000000000000000e+00
-4.405080667103039360e+00 -1.149805098753103394e+01 0.000000000000000000e+00
-5.710810673424663086e+00 6.150792333817271640e+00 0.000000000000000000e+00
-4.876834650614045863e+00 2.019844296599080380e+00 0.000000000000000000e+00
5.727837012154161078e-01 1.178921473031578238e+01 0.000000000000000000e+00
1.468887160355414778e+00 9.840458869761507188e+00 0.000000000000000000e+00
-5.711557418989515744e-01 1.370709918100044078e+01 0.000000000000000000e+00
-1.609828064948654358e+01 9.946886392330080540e+00 0.000000000000000000e+00
6.370980471485662378e+00 1.021740380059328857e+01 0.000000000000000000e+00
-1.743308284969617361e+01 3.276497120327227286e+00 0.000000000000000000e+00
2.817619857283579776e+00 6.891537052682967790e+00 0.000000000000000000e+00
-2.296397069996399587e+00 -2.154212985883920517e+00 0.000000000000000000e+00
-8.981593439496483811e+00 -1.165641187770099618e+00 0.000000000000000000e+00
-4.839170664320985971e+00 4.894232813379296054e+00 0.000000000000000000e+00
-7.365940774785856071e+00 8.546725185002217173e-02 0.000000000000000000e+00
-1.052429956905766772e+01 -1.190089154031463359e+01 0.000000000000000000e+00
5.665805327385487367e+00 -5.172703566672803177e+00 0.000000000000000000e+00
1.584703807183528390e+01 3.537777086497156720e+00 0.000000000000000000e+00
-2.047318073191675580e+00 -9.907018737390835383e+00 0.000000000000000000e+00
-6.824598325938135979e+00 1.343047702774283536e+01 0.000000000000000000e+00
1.352322725087734057e+01 9.604599710172376348e+00 0.000000000000000000e+00
-2.599649543093205395e-01 -8.947745121428242854e+00 0.000000000000000000e+00
-8.827655168983296718e+00 7.748237580957429982e-01 0.000000000000000000e+00
-6.381870509405702663e+00 -1.137114458495385350e+01 0.000000000000000000e+00
-1.816972624812131620e+00 3.006691955685505402e+00 0.000000000000000000e+00
-1.038730281437389102e+01 3.584811260542874467e-01 0.000000000000000000e+00
5.375099698744978838e+00 -3.233024434799872449e+00 0.000000000000000000e+00
-1.491856284351319495e+01 5.929972031525609921e+00 0.000000000000000000e+00
1.153116370842030847e+01 -7.472107632300509117e+00 0.000000000000000000e+00
-8.465392121306823725e+00 -1.446124271777812709e+01 0.000000000000000000e+00
-1.401609215467257386e+01 -1.191753184578740310e+01 0.000000000000000000e+00
1.100301569164076909e+01 4.315882762162692288e+00 0.000000000000000000e+00
2.933013754272534968e+00 3.546323299267951423e+00 0.000000000000000000e+00
-1.194045661268228109e+01 1.756630447198276102e+00 0.000000000000000000e+00
1.074602292761213462e+01 1.033395105447487161e+01 0.000000000000000000e+00
1.105986052816832910e+01 7.410916101585041105e-02 0.000000000000000000e+00
4.231672304657444483e-01 1.808195984251467792e+01 0.000000000000000000e+00
-1.431952528694165316e+01 -2.183190347167665468e+00 0.000000000000000000e+00
-3.013666905363673543e+00 6.227834154228237828e+00 0.000000000000000000e+00
4.952943311299516260e+00 -7.825929374647476067e+00 0.000000000000000000e+00
-1.806714586661913868e+00 -1.495212047446603698e+01 0.000000000000000000e+00
-1.747098211634504850e+01 -3.563783195133177539e+00 0.000000000000000000e+00
8.400349886543915900e+00 -8.341030881008366649e-01 0.000000000000000000e+00
-1.247365499341293926e+01 -7.258524781412167837e-01 0.000000000000000000e+00
1.390165995738145810e+01 -5.197024610250354115e+00 0.000000000000000000e+00
3.821704016711894969e+00 1.492576189596094238e+01 0.000000000000000000e+00
-1.281297210471259085e+01 -8.787570813605555031e+00 0.000000000000000000e+00
8.996443342167323109e+00 -1.402881841029060794e+01 0.000000000000000000e+00
1.857418181536963031e+00 -9.446630162322950497e+00 0.000000000000000000e+00
1.048066062885497196e+01 1.571523387099763092e+01 0.000000000000000000e+00
1.068654328363120465e+00 -1.084494290058608534e+01 0.000000000000000000e+00
1.047139681554124913e+01 -1.543016632441473313e+01 0.000000000000000000e+00
6.617664220073977255e+00 -1.256266476487751360e+00 0.000000000000000000e+00
-1.137210468849061584e+01 6.830623228823900384e+00 0.000000000000000000e+00
8.468804277951232251e+00 1.651445215944771405e+01 0.000000000000000000e+00
1.030908837617468521e+01 1.374572333267002477e+01 0.000000000000000000e+00
5.974695914392387230e+00 1.721259730799458509e+01 0.000000000000000000e+00
-1.626765579431776132e+01 -8.493803174551370461e+00 0.000000000000000000e+00
-5.127595463312719648e-01 -6.652196298509950589e-02 0.000000000000000000e+00
2.895355147766495829e+00 -1.855317486891215495e+01 0.000000000000000000e+00
1.224878443413691897e+01 -5.227695122363951619e+00 0.000000000000000000e+00
4.736512770229325930e+00 3.199817803662611926e+00 0.000000000000000000e+00
1.599992406721068505e+01 -6.775551016455258591e+00 0.000000000000000000e+00
1.701465774923261520e+01 4.756314477624273285e-01 0.000000000000000000e+00
1.033728514643089014e+00 -2.988351554924263187e+00 0.000000000000000000e+00
-9.302265164425792321e+00 7.080072974329867819e+00 0.000000000000000000e+00
1.759063992372536234e+01 -1.679460248380200804e+00 0.000000000000000000e+00
-1.667041316656609951e+01 5.675615224338406151e+00 0.000000000000000000e+00
-5.049917896567791331e+00 -1.493802443474985608e+01 0.000000000000000000e+00
7.162649471807244872e+00 -3.274273423910556868e+00 0.000000000000000000e+00
-1.259957382753259303e+01 -1.340310419417236787e+01 0.000000000000000000e+00
7.178534076540439735e+00 -5.274000286442264596e+00 0.000000000000000000e+00
-6.679641907936195722e+00 3.114976754886159771e+00 0.000000000000000000e+00
8.111358478578731379e+00 4.544689272900876986e+00 0.000000000000000000e+00
-9.526970755507631949e+00 4.233031657397547498e+00 0.000000000000000000e+00
1.578017795698031556e+01 -9.446216219908205591e-01 0.000000000000000000e+00
1.372759217916553176e+01 -1.281239628889181681e+01 0.000000000000000000e+00
-1.123677468631248066e+00 1.631841427376926745e+01 0.000000000000000000e+00
9.656895131736183302e+00 1.228772514222638002e+01 0.000000000000000000e+00
-3.391549460651029690e+00 -1.523642748736855879e+01 0.000000000000000000e+00
2.998999544576465226e+00 1.815394805757648555e+00 0.000000000000000000e+00
5.628635279718882778e+00 -9.428533306886025755e+00 0.000000000000000000e+00
7.373418675554016311e+00 2.384624231431831110e+00 0.000000000000000000e+00
4.259450733482037954e+00 1.792817970633771552e+01 0.000000000000000000e+00
-1.761031896509662298e+00 8.891384638361685688e-01 0.000000000000000000e+00
2.349141049195465403e+00 5.218190791378294335e+00 0.000000000000000000e+00
-1.712152167850464224e+01 -1.977235472300745922e+00 0.000000000000000000e+00
1.567819584489325102e+01 -5.155890607759811672e+00 0.000000000000000000e+00
-1.038711278554171358e+01 -1.583091684490456252e+01 0.000000000000000000e+00
-3.334536598954670250e+00 -1.708153102324522976e+01 0.000000000000000000e+00
3.125775615928409135e+00 -1.634694174469069949e+01 0.000000000000000000e+00
5.827858067612905479e+00 1.488261831025273274e+01 0.000000000000000000e+00
-8.465003829977703731e+00 -1.257227695264402456e+01 0.000000000000000000e+00
1.485050082719325459e+01 7.625737247634678972e+00 0.000000000000000000e+00
1.051852087750494746e+01 -1.323930172096247126e+01 0.000000000000000000e+00
2.567945111675032255e+00 -3.803566491306459074e+00 0.000000000000000000e+00
-2.029494208574928127e+00 -6.488220212681017784e+00 0.000000000000000000e+00
-3.108383283844024181e+00 1.531920246483093173e+01 0.000000000000000000e+00
-3.696503796971122302e+00 -1.309684217716299237e+01 0.000000000000000000e+00
-1.329326853613995496e+00 1.070944855530926176e+01 0.000000000000000000e+00
-9.060435152607441367e+00 -9.121715354848463519e+00 0.000000000000000000e+00
5.806944236053955599e+00 -1.250057975431021440e+01 0.000000000000000000e+00
-1.436132884804072951e+01 8.638050159911600190e+00 0.000000000000000000e+00
-3.073125194319173303e+00 -4.207971870338091946e+00 0.000000000000000000e+00
1.583180803372911605e+01 1.033346440675073019e+01 0.000000000000000000e+00
-1.260103679904107743e+01 5.926872757930909508e+00 0.000000000000000000e+00
1.715572846088566550e+01 -4.364768774586398337e+00 0.000000000000000000e+00
-8.658797328878588218e+00 1.614104096545063527e+01 0.000000000000000000e+00
-3.675776082301876357e+00 1.003601991869504495e+01 0.000000000000000000e+00
-2.480766514913706811e+00 1.336652524175915602e+01 0.000000000000000000e+00
-4.993476341391713813e-01 2.234823519833175620e+00 0.000000000000000000e+00
-1.093703320838248727e+00 4.924218898018859925e+00 0.000000000000000000e+00
-1.224866861461734935e+01 1.307514945526494898e+01 0.000000000000000000e+00
1.399181471505538710e+01 -7.865467829779656306e+00 0.000000000000000000e+00
-6.913860052110037735e+00 -2.707864831612457834e+00 0.000000000000000000e+00
-3.234699257782303050e+00 1.447385972729346992e+00 0.000000000000000000e+00
1.533739705986384294e+01 -9.287301457060737064e+00 0.000000000000000000e+00
1.112466064473964167e+01 -4.003386106224724905e+00 0.000000000000000000e+00
-4.927890758617878397e+00 -4.221635187259824562e+00 0.000000000000000000e+00
-1.454458346636499932e+01 -9.396783581187962753e+00 0.000000000000000000e+00
1.818646005911728736e+01 4.470679719557770326e+00 0.000000000000000000e+00
-6.377461682299641055e+00 -7.514918597585510618e+00 0.000000000000000000e+00
-3.830914894230457612e+00 -8.206305539487873446e+00 0.000000000000000000e+00
-1.997486386194831542e+00 -1.217007464378975712e+01 0.000000000000000000e+00
-1.576709335526903999e+01 -2.644973605639761249e+00 0.000000000000000000e+00
-1.691313510267276854e+01 -6.236522941347735660e+00 0.000000000000000000e+00
8.270423025572771536e+00 1.446235431091834478e+01 0.000000000000000000e+00
6.597968965712566636e+00 -1.062027470115571326e+01 0.000000000000000000e+00
-6.040914791872120659e+00 1.753646965952465564e+01 0.000000000000000000e+00
1.727642546426292824e+01 -5.934383381069785912e+00 0.000000000000000000e+00
-3.662847557376914587e+00 -6.019214077300108379e+00 0.000000000000000000e+00
-1.516847922021479667e+00 -4.465830044772387097e+00 0.000000000000000000e+00
-7.511239965843286903e+00 5.564709294593469302e+00 0.000000000000000000e+00
-5.183518118860184209e+00 1.010674478073802085e+01 0.000000000000000000e+00
-4.149060064738840481e+00 -2.491165893872120396e+00 0.000000000000000000e+00
6.561028158674054644e+00 8.235527646248817391e+00 0.000000000000000000e+00
-4.617707784303882512e+00 1.297620539983127941e+01 0.000000000000000000e+00
-1.286973428028749186e-02 7.809722036070438023e+00 0.000000000000000000e+00
1.188467546216190485e+01 1.698519240942546471e+00 0.000000000000000000e+00
1.701131825182260027e+00 1.639555461874668296e+01 0.000000000000000000e+00
-4.879042415002177613e+00 1.647460041846822421e+01 0.000000000000000000e+00
8.871162083939191589e+00 8.403480749063373167e+00 0.000000000000000000e+00
-1.605207304484020270e+01 7.225855000855538002e+00 0.000000000000000000e+00
-1.035262640310931559e+01 2.783975051893835762e+00 0.000000000000000000e+00
-4.200697203295460369e+00 8.175958985168124471e+00 0.000000000000000000e+00
5.913580366231989238e+00 2.408753693269446716e-01 0.000000000000000000e+00
-1.335339619589691651e+01 -1.034571946948585719e+01 0.000000000000000000e+00
-4.403895055182209362e+00 1.802530489337488007e+01 0.000000000000000000e+00
1.317760939866550629e+01 7.805981271635346275e+00 0.000000000000000000e+00
1.844619716442757706e+01 -3.683112023285338710e-01 0.000000000000000000e+00
8.246092047357072019e+00 -1.630817227895742150e+01 0.000000000000000000e+00
1.691766699056848822e+01 2.188756580004157293e+00 0.000000000000000000e+00
-1.890358324797832612e+00 -1.777971202505109005e+01 0.000000000000000000e+00
-1.491045173544802083e+01 1.160682130708262427e+01 0.000000000000000000e+00
-1.117622391520079361e+01 1.518904139590092406e+01 0.000000000000000000e+00
1.196506230269940652e+01 -1.391272352953274094e+01 0.000000000000000000e+00
1.712761274300089909e+01 5.647447804284627892e+00 0.000000000000000000e+00
4.799300368051560461e+00 -1.112214560705618638e+01 0.000000000000000000e+00
1.249366178975536634e+01 1.331068149755906482e+01 0.000000000000000000e+00
1.404775856891874497e+01 5.452026015276932647e+00 0.000000000000000000e+00
1.385699703202842303e-01 -1.587309607625751262e+01 0.000000000000000000e+00
5.711994510724112573e+00 -1.408502946044105109e+01 0.000000000000000000e+00
1.392636254966515530e+01 -2.917011929682047811e+00 0.000000000000000000e+00
-1.427598910363984963e+01 -4.059461280787710624e-01 0.000000000000000000e+00
6.322826721729561950e-01 5.611276240366158241e+00 0.000000000000000000e+00
-1.848073212062362813e+01 -3.733022378363839433e-01 0.000000000000000000e+00
3.653266717596185043e+00 -9.006440561256852106e+00 0.000000000000000000e+00
8.899843885420768430e+00 3.016370254955670127e+00 0.000000000000000000e+00
1.303936893824420906e+01 4.083983451130265507e+00 0.000000000000000000e+00
-1.660409851366610789e+00 1.803383334072849564e+01 0.000000000000000000e+00
8.003832924406987459e+00 1.029183300296034531e+01 0.000000000000000000e+00
-1.283757184965580933e+01 -3.701051311919895337e+00 0.000000000000000000e+00
7.609749815839831122e+00 -1.261846784120707810e+01 0.000000000000000000e+00
-1.198643854817498422e+01 -2.290006932725106026e+00 0.000000000000000000e+00
-1.125610260118757822e+01 -4.488154232997411341e+00 0.000000000000000000e+00
-7.362317792464718735e+00 -6.058410688413948364e+00 0.000000000000000000e+00
1.708335264007016718e+01 8.166905744896316932e+00 0.000000000000000000e+00
1.260142334262963892e+01 -1.103553542929161857e+00 0.000000000000000000e+00
3.873660625147863801e+00 5.097240361053241742e+00 0.000000000000000000e+00
9.179423739297195795e+00 -4.340161574716346671e+00 0.000000000000000000e+00
-7.076584115939980713e+00 -1.549833120196039005e+01 0.000000000000000000e+00
-1.759303577721097156e+01 9.943251022461068178e-01 0.000000000000000000e+00
4.767428752133821668e+00 -1.570072125719260825e+01 0.000000000000000000e+00
-7.341123381753181576e+00 -4.472361335306517027e+00 0.000000000000000000e+00
-3.310461049407539491e+00 1.688523353206760191e+01 0.000000000000000000e+00
1.240236133146540354e+01 -2.689913116543082072e+00 0.000000000000000000e+00
1.831548761789788315e+01 -3.085127539481931080e+00 0.000000000000000000e+00
-3.277531414003643118e+00 1.166374408675640773e+01 0.000000000000000000e+00
3.334343673419210674e+00 -1.049000598262606765e+01 0.000000000000000000e+00
3.496619489491285204e+00 1.649187218216141915e+01 0.000000000000000000e+00
-9.556731288079120645e+00 -5.279356028524354372e+00 0.000000000000000000e+00
-1.228935693438646481e+01 -7.313467574792775316e+00 0.000000000000000000e+00
-8.858419688065648501e+00 -1.104875394189563842e+01 0.000000000000000000e+00
