-4.048509381004813612e+00 -2.551330733701122622e+00 0.000000000000000000e+00
5.928149498334544631e+00 1.581687611433830121e+01 0.000000000000000000e+00
-1.416058684919854294e+01 1.860849634356649407e+00 0.000000000000000000e+00
6.555903171785619765e-01 -8.636578424458555503e+00 0.000000000000000000e+00
-5.181151765717071811e+00 1.526038022041640119e+01 0.000000000000000000e+00
-1.360974218838198446e+01 9.334469664660629107e+00 0.000000000000000000e+00
-7.532074524281559214e+00 6.207378754156647638e+00 0.000000000000000000e+00
1.198829765168205164e+01 -6.348921148747952437e+00 0.000000000000000000e+00
-7.614181456019621486e+00 -5.556985129205854967e+00 0.000000000000000000e+00
-1.011920525959976391e+00 1.634445353287765412e+00 0.000000000000000000e+00
-9.601839196495282280e+00 4.564306428250957559e+00 0.000000000000000000e+00
2.155780738504743166e+00 1.154674836964550089e+01 0.000000000000000000e+00
7.559622549184726203e+00 -1.166279104037573511e+01 0.000000000000000000e+00
-1.328882924335976412e+01 -5.719001519934441724e+00 0.000000000000000000e+00
-7.916516224264145585e+00 -4.029909116722954820e+00 0.000000000000000000e+00
1.673709346619579819e+01 -8.943686965321385740e-01 0.000000000000000000e+00
-1.234138137575442329e+00 -9.091333495204246162e+00 0.000000000000000000e+00
-1.004854805659671335e+00 -4.124908711182449395e+00 0.000000000000000000e+00
-4.881005822111639247e+00 1.970387769082270868e+00 0.000000000000000000e+00
3.666164950496477282e+00 -1.502295641138995208e+01 0.000000000000000000e+00
2.255760424815258069e+00 1.412138415129294700e+01 0.000000000000000000e+00
1.058384847883109003e+01 -1.661998231948462745e+00 0.000000000000000000e+00
-8.056250872450661404e+00 -1.461746743234756352e+01 0.000000000000000000e+00
-9.497264176482850928e+00 8.504984818884611997e+00 0.000000000000000000e+00
4.150760031684632700e+00 1.429659077219238661e+01 0.000000000000000000e+00
1.103436739944397793e+01 -1.202416207448296603e+01 0.000000000000000000e+00
8.522409685948002078e+00 -1.511507768014129383e+01 0.000000000000000000e+00
-1.268850260491810822e+00 4.635801291305149618e+00 0.000000000000000000e+00
-6.007745181092713160e+00 6.774561109878826315e+00 0.000000000000000000e+00
3.513078571962598318e+00 6.257167331871708038e-01 0.000000000000000000e+00
-1.380063452354412235e+01 5.825332847591914387e+00 0.000000000000000000e+00
6.466822097584034701e+00 -4.503382134859481134e+00 0.000000000000000000e+00
1.083758010915557568e+00 1.705231503450228914e+01 0.000000000000000000e+00
1.214434376860936204e+01 9.498449563382196814e+00 0.000000000000000000e+00
-8.323099824302666150e+00 3.166756119357310162e+00 0.000000000000000000e+00
2.057631958450734100e+00 -4.421592971272975348e+00 0.000000000000000000e+00
1.231137543532055068e+00 -1.372814914336380276e+01 0.000000000000000000e+00
7.297083421715009344e+00 -9.879677060055843896e+00 0.000000000000000000e+00
5.147582207471169902e+00 -5.641783456787239359e+00 0.000000000000000000e+00
7.284545409810747607e+00 1.113574940941621705e+01 0.000000000000000000e+00
-5.940572401704874217e+00 -8.674589511559733790e-01 0.000000000000000000e+00
5.175648308284269028e+00 -1.285490441404392570e+01 0.000000000000000000e+00
1.252525726805584050e+01 -3.424945005154699906e+00 0.000000000000000000e+00
-4.451291278943052987e+00 3.983336294079550033e+00 0.000000000000000000e+00
1.130296950929441202e+01 2.032722608225503436e+00 0.000000000000000000e+00
-1.053466723807175143e+01 2.141096277843940854e+00 0.000000000000000000e+00
-9.209805107782356615e+00 -9.183117955662272180e+00 0.000000000000000000e+00
-1.221736351997058279e+01 -1.001483314410294589e+01 0.000000000000000000e+00
-1.272939392456120267e+01 -8.268152543059295922e+00 0.000000000000000000e+00
1.200492272247639569e+01 6.495224675548384674e+00 0.000000000000000000e+00
4.778451150374559475e+00 1.173809459567619662e+01 0.000000000000000000e+00
2.694019234024074283e+00 2.071365357898926618e+00 0.000000000000000000e+00
-1.489269710768807542e+01 -3.846870910384723175e+00 0.000000000000000000e+00
-1.606236891236507347e+01 6.112143044936176217e+00 0.000000000000000000e+00
-9.180280107458195005e+00 1.282787587452044065e+01 0.000000000000000000e+00
-7.971412063350534538e+00 -1.004167162803683899e+00 0.000000000000000000e+00
-2.692795559501337976e+00 -9.677769971401344762e+00 0.000000000000000000e+00
-9.512599830049994765e+00 -1.211431843471456027e+01 0.000000000000000000e+00
1.145721275723109933e+01 -8.604924037109624280e+00 0.000000000000000000e+00
1.490060150819038398e+01 5.236075599487919341e+00 0.000000000000000000e+00
1.094379594011513035e+01 4.180224556297457816e+00 0.000000000000000000e+00
-7.339237259894366261e+00 9.500832266344172439e+00 0.000000000000000000e+00
-4.740426128770261371e+00 1.259915115572670175e+01 0.000000000000000000e+00
-1.247098652052111412e+01 -1.150802467439384635e+01 0.000000000000000000e+00
-6.673244447192128170e+00 2.089994177402558329e+00 0.000000000000000000e+00
2.692102733076831456e+00 -6.802538415969525687e+00 0.000000000000000000e+00
-7.251527171025393237e+00 1.438708942154212522e+01 0.000000000000000000e+00
-3.871649431849686351e+00 -1.337825990154286515e+01 0.000000000000000000e+00
-3.956315453726495068e+00 7.130102615043079517e+00 0.000000000000000000e+00
-1.456936580185610275e+01 7.969194734338007180e+00 0.000000000000000000e+00
8.712085188559376192e+00 1.162261626435830664e+01 0.000000000000000000e+00
4.425869472893387169e+00 2.816036407446897094e+00 0.000000000000000000e+00
7.598785333764114469e+00 2.135611543060151440e+00 0.000000000000000000e+00
1.669371883409199953e+01 -2.435616101960847768e+00 0.000000000000000000e+00
-2.307639493614322301e+00 1.676024898816121933e+01 0.000000000000000000e+00
-4.107139542746582328e-01 1.050686711264691553e+01 0.000000000000000000e+00
5.244370272287881996e+00 -1.076258798862538058e+01 0.000000000000000000e+00
1.662745991132403844e+01 3.272164557449752653e+00 0.000000000000000000e+00
-6.366885359812927803e+00 -7.472788528265462027e+00 0.000000000000000000e+00
-7.011305761751289722e-01 -1.524711881272313185e+01 0.000000000000000000e+00
1.153759294935231594e+01 7.989060753940173676e+00 0.000000000000000000e+00
-3.887107865647558835e+00 -1.528989499670766072e+01 0.000000000000000000e+00
9.997749968597910097e+00 -1.366731743457702919e+01 0.000000000000000000e+00
2.485010880040219750e+00 -1.146391754506906580e+01 0.000000000000000000e+00
-9.953525413658496745e+00 -3.602873558635798279e+00 0.000000000000000000e+00
7.804828288258127245e+00 8.091240685962432622e+00 0.000000000000000000e+00
1.332864463483854323e+01 2.659119343784364653e-01 0.000000000000000000e+00
-1.642892859986327636e+01 -5.983645726098668405e+00 0.000000000000000000e+00
4.725860458546844001e+00 -1.681918574479121276e+01 0.000000000000000000e+00
1.009808919578809316e+01 3.429565311989218879e-01 0.000000000000000000e+00
5.356799476046831820e+00 -1.254151472258760558e+00 0.000000000000000000e+00
-5.060529634797392262e+00 8.714263566952354267e+00 0.000000000000000000e+00
1.513641609112615249e+01 -1.251983803477245027e+00 0.000000000000000000e+00
-1.711922960007339123e+00 1.386142666496670550e+01 0.000000000000000000e+00
4.189185056744665125e+00 7.989292328711036006e+00 0.000000000000000000e+00
4.472726040082931398e+00 -8.254960998627925761e+00 0.000000000000000000e+00
9.520823267193703643e+00 1.465235315034724373e+01 0.000000000000000000e+00
1.025037562377083100e+00 1.549804478817890896e+01 0.000000000000000000e+00
-5.636315782942629582e+00 -1.300669034958105463e+01 0.000000000000000000e+00
-9.684334414940876101e-01 1.599561765384728673e+01 0.000000000000000000e+00
3.538294329283835915e-01 1.242418218607301839e+01 0.000000000000000000e+00
-2.310379837836204153e+00 -1.232651945029167706e+01 0.000000000000000000e+00
1.454489262302383601e+01 -8.156573541570665498e+00 0.000000000000000000e+00
-3.624521473346424827e+00 1.026418477545032815e+01 0.000000000000000000e+00
1.475596161888427105e+01 7.213633267829513862e+00 0.000000000000000000e+00
8.617388935828728336e+00 -4.026694773247696091e+00 0.000000000000000000e+00
-2.944880998038640341e-01 -1.707575618709157084e+01 0.000000000000000000e+00
-1.333576945559851978e+01 -4.183365952938868482e+00 0.000000000000000000e+00
8.026207801102561490e+00 -1.108203109313847801e+00 0.000000000000000000e+00
7.290844601514431922e+00 5.846806979951701067e+00 0.000000000000000000e+00
3.820532883973225324e+00 -1.188469129406898084e+00 0.000000000000000000e+00
2.021695573141305768e+00 -1.679529438565329613e+01 0.000000000000000000e+00
-1.088281918631304634e+01 1.132706562108336001e+01 0.000000000000000000e+00
6.977937788628930882e+00 -6.874472681837145771e+00 0.000000000000000000e+00
-3.535695362743699555e+00 1.181785946270881515e+00 0.000000000000000000e+00
-3.517852416911985275e-02 7.962936331063244388e+00 0.000000000000000000e+00
-1.209938228516831593e+01 8.903193023111834192e-02 0.000000000000000000e+00
-1.795162243364511356e+00 -7.030338769451915937e+00 0.000000000000000000e+00
2.035881928391972462e+00 5.763287022102909773e+00 0.000000000000000000e+00
6.735510310856046345e+00 -1.610542991275128699e+01 0.000000000000000000e+00
7.294077980468487432e-01 5.463803079246914995e-01 0.000000000000000000e+00
2.468345679412449645e+00 9.070694609227739846e+00 0.000000000000000000e+00
9.218712280364488976e+00 -1.216227566350510436e+01 0.000000000000000000e+00
-1.099345237185331214e+01 -6.795611605224834761e+00 0.000000000000000000e+00
-1.652106192942331830e+01 1.535487860995337517e+00 0.000000000000000000e+00
-1.098892866058212547e+01 6.546340964735246182e+00 0.000000000000000000e+00
4.704231204956203172e+00 -4.062459023144000092e+00 0.000000000000000000e+00
-7.689758460756260128e+00 1.178911479263707918e+01 0.000000000000000000e+00
-1.005966218312267380e+01 -1.192893660367619013e+00 0.000000000000000000e+00
-1.436859571403635094e+01 -1.949425519106125826e+00 0.000000000000000000e+00
-1.180472434289828954e+01 -4.619167289107858565e+00 0.000000000000000000e+00
-4.085150976312394100e+00 -9.033551935008828693e+00 0.000000000000000000e+00
3.730007094387655542e+00 4.810625650943259224e+00 0.000000000000000000e+00
1.583269338415869321e+01 -6.254636023616601648e+00 0.000000000000000000e+00
-3.370824465790662305e+00 1.478891617582900686e+01 0.000000000000000000e+00
-1.287471905517828397e+01 7.207704057615624826e+00 0.000000000000000000e+00
-1.118726331711195066e+01 9.043333133168358628e+00 0.000000000000000000e+00
3.505149163801204004e+00 1.275160823390412546e+01 0.000000000000000000e+00
-1.627637081636005512e+00 3.043940890635902452e+00 0.000000000000000000e+00
-6.380289572637399154e+00 4.930097901165677143e+00 0.000000000000000000e+00
5.007768718091088367e+00 3.983021775580870005e-01 0.000000000000000000e+00
-5.827754955309019991e+00 1.145926158520108196e+01 0.000000000000000000e+00
-1.614134353099034769e+01 2.995775114741152656e+00 0.000000000000000000e+00
-1.093531535501495178e+01 3.648121416509067405e+00 0.000000000000000000e+00
9.950085256075967166e+00 -3.224165040661941095e+00 0.000000000000000000e+00
-1.289593959700861880e+01 -1.535359082207399251e+00 0.000000000000000000e+00
5.447713363821995003e+00 1.314755110319870468e+01 0.000000000000000000e+00
1.264618847825775916e+01 -1.128890602134506160e+01 0.000000000000000000e+00
8.684345648993756939e+00 -6.108086725231955505e+00 0.000000000000000000e+00
1.441288921219996055e+01 9.564526749716510068e+00 0.000000000000000000e+00
7.658098563190065100e+00 1.335408854408811763e+01 0.000000000000000000e+00
-1.134266592457304945e+01 -1.256343451423316537e+01 0.000000000000000000e+00
-2.479341289858070230e+00 6.580516805405255631e+00 0.000000000000000000e+00
9.529425812788471006e+00 2.406518244501493875e+00 0.000000000000000000e+00
1.101715441004166962e+01 1.228486823766366953e+01 0.000000000000000000e+00
-4.667728560773470647e+00 -1.060110432447410211e+01 0.000000000000000000e+00
1.279706678091410810e+00 3.446552130276684611e+00 0.000000000000000000e+00
-8.636113222711475634e-01 -1.361546852713478906e+01 0.000000000000000000e+00
8.847361003690787484e+00 6.141148738558732667e+00 0.000000000000000000e+00
1.390906907177430085e+01 -9.519371144303329757e+00 0.000000000000000000e+00
8.646777593422296349e+00 -8.447885746479954605e+00 0.000000000000000000e+00
-3.545499846337056393e+00 -7.464273190060496610e+00 0.000000000000000000e+00
-1.694328822681522073e+00 -1.490222577113780922e+00 0.000000000000000000e+00
1.413274184706541270e+01 3.600025468029920628e+00 0.000000000000000000e+00
-2.810380815054750236e+00 8.355116154037835585e+00 0.000000000000000000e+00
9.938373058658008574e+00 9.832887337613092527e+00 0.000000000000000000e+00
1.273816530574956474e+01 4.578002519238787649e+00 0.000000000000000000e+00
-3.299190247011275279e+00 -4.461334053377010278e+00 0.000000000000000000e+00
1.358584918603481917e+01 -5.527598240208608793e+00 0.000000000000000000e+00
1.404942020789028589e+01 2.087110376751622809e+00 0.000000000000000000e+00
-1.496432891046324087e+01 -7.569260827211302889e+00 0.000000000000000000e+00
1.342279394813640003e+01 1.107497228240002585e+01 0.000000000000000000e+00
2.962652566120433040e+00 -8.514607271571909664e+00 0.000000000000000000e+00
-1.846874679992723367e+00 1.108622877553699659e+01 0.000000000000000000e+00
1.357362688731146250e+01 5.948291337799919809e+00 0.000000000000000000e+00
4.271446740513831664e+00 6.412712818087957345e+00 0.000000000000000000e+00
-1.174881651290569096e+01 -2.807529367052200353e+00 0.000000000000000000e+00
-2.202797384644877621e+00 -1.466926587594267772e+01 0.000000000000000000e+00
-3.282100751658628912e+00 1.316905044913933054e+01 0.000000000000000000e+00
1.645681311512502987e+01 1.347085910947916076e+00 0.000000000000000000e+00
3.282255316389282584e-01 -1.267107696948213347e+00 0.000000000000000000e+00
6.512751686703427190e+00 9.656836435610046010e+00 0.000000000000000000e+00
-8.800481666408225934e+00 -2.424486789020388500e+00 0.000000000000000000e+00
-1.268167651798679429e+01 4.109056226161846403e+00 0.000000000000000000e+00
-1.035870294444526252e+01 1.395867188423370031e+01 0.000000000000000000e+00
-6.165849304605322878e+00 -1.462167836704687041e+01 0.000000000000000000e+00
9.682568459066686728e+00 7.390025924315676953e+00 0.000000000000000000e+00
1.350593595445537698e+00 -1.038863661089249035e+01 0.000000000000000000e+00
1.155824696457361256e+01 -4.723486203293334462e+00 0.000000000000000000e+00
-9.362100793812798472e+00 6.289751702716018578e+00 0.000000000000000000e+00
1.612548676349550902e+01 6.244822680172060991e+00 0.000000000000000000e+00
3.304547943994112558e+00 1.575771674716728832e+01 0.000000000000000000e+00
-9.512680992809208647e+00 -1.380818399819330899e+01 0.000000000000000000e+00
-1.133506830027369849e+00 -1.103034508233881006e+01 0.000000000000000000e+00
7.058763038736180384e+00 -2.833853944024047333e+00 0.000000000000000000e+00
-8.278729739045079583e+00 -1.056861352869881543e+01 0.000000000000000000e+00
7.457517341454306115e-02 -6.609709323658339741e+00 0.000000000000000000e+00
6.157988360847106435e+00 -8.880795109319580050e+00 0.000000000000000000e+00
2.959898067433511581e+00 -1.358967167815299071e+01 0.000000000000000000e+00
1.607712259803957711e+00 -2.953811563073351465e+00 0.000000000000000000e+00
9.087318289657375203e+00 -1.051814233867473902e+01 0.000000000000000000e+00
6.077487593331519555e+00 6.806595499039976183e+00 0.000000000000000000e+00
-9.207775960743120436e+00 -7.411108164540489263e+00 0.000000000000000000e+00
7.280580731511375525e+00 3.623349059123431193e+00 0.000000000000000000e+00
-1.684758921212570826e+01 -2.951455680630540090e+00 0.000000000000000000e+00
-6.090027012978260323e+00 -4.481516216374729744e+00 0.000000000000000000e+00
6.571604697117357397e+00 7.970697210160218038e-01 0.000000000000000000e+00
-1.018736857321264111e+01 -1.059541810502267367e+01 0.000000000000000000e+00
-1.235537910831221708e+01 1.100707666809784513e+01 0.000000000000000000e+00
1.320137474133389865e+01 -2.023521926557165784e+00 0.000000000000000000e+00
5.688114264465324865e+00 4.046532419387635748e+00 0.000000000000000000e+00
6.579680849224538441e+00 -1.413999312089972804e+01 0.000000000000000000e+00
3.983001023172493493e+00 -9.744327381413402378e+00 0.000000000000000000e+00
-2.922587426807489397e+00 -1.670054036719200141e+01 0.000000000000000000e+00
-1.121307454505872520e-01 6.158621918286137920e+00 0.000000000000000000e+00
-1.535886212790831173e+01 -5.296350154535197502e-02 0.000000000000000000e+00
-5.215878084488022592e-01 -2.546054531592718995e+00 0.000000000000000000e+00
1.184738739702967258e+01 -1.809747230882491065e-01 0.000000000000000000e+00
-9.083152568499617274e+00 1.040794281097523211e+01 0.000000000000000000e+00
1.577253081376687582e+01 -4.070200523622337307e+00 0.000000000000000000e+00
-1.410893676178693212e+01 -9.167621887458221153e+00 0.000000000000000000e+00
1.308977420957177173e+01 7.610774458148404698e+00 0.000000000000000000e+00
-1.552717149090710969e+01 4.541823704908741099e+00 0.000000000000000000e+00
7.473348906961868821e+00 1.524066957121853072e+01 0.000000000000000000e+00
-3.079418242298925801e+00 4.650693007642957788e+00 0.000000000000000000e+00
-4.233584113084317480e+00 -7.382540214129138523e-01 0.000000000000000000e+00
4.896417463238318390e+00 1.012522699631804457e+01 0.000000000000000000e+00
7.984171585955156303e+00 -1.318722904618847735e+01 0.000000000000000000e+00
-5.196989221460738939e+00 -1.618188033832752026e+01 0.000000000000000000e+00
-9.072572618073824202e+00 -5.054370602747126462e+00 0.000000000000000000e+00
-5.241140624178462382e+00 -6.297909924529443870e+00 0.000000000000000000e+00
-6.107658453311589852e+00 -2.663172618010178017e+00 0.000000000000000000e+00
9.902688269056275416e+00 -5.064187693982275640e+00 0.000000000000000000e+00
2.202339779516474305e+00 -1.047187445162669261e+00 0.000000000000000000e+00
-1.727632690692794526e+01 -4.209753639711490969e-01 0.000000000000000000e+00
-6.987945804981287701e+00 -1.205579420933858437e+01 0.000000000000000000e+00
1.164237312141655956e+01 -1.009410936201139819e+01 0.000000000000000000e+00
-3.212974543194758059e+00 2.952894820756789329e+00 0.000000000000000000e+00
1.339551672005823146e+00 1.018021406446980315e+01 0.000000000000000000e+00
-1.558990845751003107e+00 9.359254191433803882e+00 0.000000000000000000e+00
-1.314365778627744896e-01 1.385959092896471923e+01 0.000000000000000000e+00
8.345468373113529736e+00 9.608286745393737505e+00 0.000000000000000000e+00
-6.826961245858712779e+00 1.595973376138410771e+01 0.000000000000000000e+00
-8.996103272050216759e+00 8.882391630484928191e-01 0.000000000000000000e+00
6.349018391159682029e-01 -1.197322114665271009e+01 0.000000000000000000e+00
1.031382760806093479e+01 -7.039139337142791497e+00 0.000000000000000000e+00
-4.629765178497083689e+00 5.728241918595514015e+00 0.000000000000000000e+00
-3.152410936891246518e+00 -5.982526604100924850e+00 0.000000000000000000e+00
-1.132999373729572135e+01 1.281363759658520074e+01 0.000000000000000000e+00
-6.791004880836054802e+00 -1.036635503486702170e+01 0.000000000000000000e+00
1.676012321015030437e+01 4.867587152433957343e+00 0.000000000000000000e+00
-1.071762884101094926e+01 -9.192244035489499865e+00 0.000000000000000000e+00
5.075754894996936661e-01 -4.428856405491509385e+00 0.000000000000000000e+00
5.740661126999839325e+00 8.324719564823370277e+00 0.000000000000000000e+00
-7.279328383247428702e-01 1.281917689330873411e-01 0.000000000000000000e+00
-4.659001085079069071e+00 1.668744447868262881e+01 0.000000000000000000e+00
