-8.221296060313239451e+00 -1.301813213359316457e+01 0.000000000000000000e+00
3.409742868318598408e+00 8.539706548954701049e+00 0.000000000000000000e+00
4.298125987657090974e+00 -1.677730048218595371e+01 0.000000000000000000e+00
4.468621013050690038e+00 -8.895369176146692425e+00 0.000000000000000000e+00
4.626436318522813451e+00 -3.005349267720351492e+00 0.000000000000000000e+00
-2.941657497072029392e-01 -1.342867473081678042e+01 0.000000000000000000e+00
4.015957098400018133e+00 1.179474741351914702e+01 0.000000000000000000e+00
1.435657911139180776e+01 5.609583481041879871e+00 0.000000000000000000e+00
1.592026901173831277e+01 1.714587607433714522e+00 0.000000000000000000e+00
-9.789991934247133543e+00 1.250146330841350739e+01 0.000000000000000000e+00
-1.207424729378232797e+01 -6.759862461997442118e+00 0.000000000000000000e+00
-1.395369426544890423e+01 -6.845471032892679553e+00 0.000000000000000000e+00
-1.539045115850625045e+01 4.593682570567856338e+00 0.000000000000000000e+00
-5.504364774034064212e+00 4.437377352490317506e+00 0.000000000000000000e+00
-1.002415497399888977e+01 1.015085829359863290e+01 0.000000000000000000e+00
-1.601819913618538260e+00 1.359023593581746781e+01 0.000000000000000000e+00
1.372441895227753683e+01 -1.452142560961448892e+00 0.000000000000000000e+00
-1.050283928241305098e+01 -5.685116661015947592e-01 0.000000000000000000e+00
-5.569507310830118740e+00 9.011999965144356750e+00 0.000000000000000000e+00
-7.761929243754576824e+00 -4.900036183578956539e+00 0.000000000000000000e+00
-1.564720260565002441e+01 6.396303063362842600e-01 0.000000000000000000e+00
3.629081428924198605e+00 -6.318879697605425783e+00 0.000000000000000000e+00
-8.273959683120505559e+00 2.510338144939665561e+00 0.000000000000000000e+00
9.527723735010608763e+00 2.525641141691862046e+00 0.000000000000000000e+00
5.744972667697281210e+00 1.536423113170062571e+01 0.000000000000000000e+00
-1.615122270740519994e+01 -4.904411265535701503e+00 0.000000000000000000e+00
-1.124094815871787922e+01 1.301387987579804140e+01 0.000000000000000000e+00
-5.918744953307785828e+00 -6.761694685059013166e-01 0.000000000000000000e+00
1.085277719295621068e+01 4.222883157661683207e+00 0.000000000000000000e+00
-7.419210191119469222e+00 -1.118922840509267580e+01 0.000000000000000000e+00
6.679868670759315563e+00 -1.070198061243126197e+01 0.000000000000000000e+00
7.143880723142103095e-01 -1.573340007001275254e+01 0.000000000000000000e+00
-4.076690369213629594e+00 -1.372626894770707118e+01 0.000000000000000000e+00
-9.817478311220947162e+00 8.026326992638081137e+00 0.000000000000000000e+00
9.874855665376678360e+00 -1.295110612045629317e+01 0.000000000000000000e+00
5.565246589009104738e+00 -7.228645506327068482e+00 0.000000000000000000e+00
7.795310802941205708e+00 2.536878711648296481e+00 0.000000000000000000e+00
1.450276935238019504e+01 -8.706495596599090447e+00 0.000000000000000000e+00
-3.657669422037727269e+00 8.617733114350468071e+00 0.000000000000000000e+00
-3.982808352358307991e-02 -9.565809585899387457e+00 0.000000000000000000e+00
8.965564928326964278e+00 -2.923116163736991791e+00 0.000000000000000000e+00
-5.331419605450387955e+00 -8.672552932207860721e+00 0.000000000000000000e+00
6.885410156188816799e+00 1.305014084066784186e+01 0.000000000000000000e+00
-1.728106796243026766e+00 -4.624034206255451807e+00 0.000000000000000000e+00
-1.577684060063954785e+00 -1.605691605536326705e+01 0.000000000000000000e+00
-1.117431224258348266e+01 2.444141332729357075e+00 0.000000000000000000e+00
1.706271332017138764e+00 -1.233314048260052331e+01 0.000000000000000000e+00
1.196227229263811154e+01 -3.569164414762218129e+00 0.000000000000000000e+00
2.493151950421076180e+00 5.417691928807052193e+00 0.000000000000000000e+00
-4.242296812151107765e+00 1.283579863150144718e+00 0.000000000000000000e+00
9.234744843114853552e+00 7.656500621705872867e+00 0.000000000000000000e+00
-3.104181242598206492e+00 -1.713935119792068917e+01 0.000000000000000000e+00
3.579346038243702122e+00 1.633410967802514824e+00 0.000000000000000000e+00
-8.650318530877173728e+00 -1.778814598072322450e+00 0.000000000000000000e+00
-2.535426985904788433e-01 -1.729138294709508372e+01 0.000000000000000000e+00
6.680246168339098567e+00 -1.314931265400162630e+01 0.000000000000000000e+00
-1.321333193929506145e+01 -3.849390511474164445e+00 0.000000000000000000e+00
-3.960181768335335306e+00 -3.403911182979619365e+00 0.000000000000000000e+00
1.702340728799722314e+00 -4.132148408778786752e+00 0.000000000000000000e+00
8.083560288878858913e+00 9.274019780415615699e+00 0.000000000000000000e+00
6.692865025713908622e+00 4.230519476511069854e+00 0.000000000000000000e+00
-1.025028712237018302e+00 -5.346529841485357926e-01 0.000000000000000000e+00
9.342520224690222808e-01 1.368116553447110917e+00 0.000000000000000000e+00
-5.836505520740885800e+00 1.858969754608754688e+00 0.000000000000000000e+00
-2.391034702606679829e+00 -1.671164851784098460e+00 0.000000000000000000e+00
3.736398805348819380e-02 -5.019681735764413233e+00 0.000000000000000000e+00
5.020646208685143996e+00 -5.695513808115723720e+00 0.000000000000000000e+00
-5.430370522121687138e+00 1.541770214787280757e+01 0.000000000000000000e+00
7.797933950845187034e+00 1.105097064603909907e+01 0.000000000000000000e+00
1.712138463980909364e+01 -1.739106924976033808e+00 0.000000000000000000e+00
6.506470583650051376e-01 1.486093371666272844e+01 0.000000000000000000e+00
4.105607593272450728e+00 4.646871371676811968e+00 0.000000000000000000e+00
1.503777907487030552e+00 8.687425257651621990e+00 0.000000000000000000e+00
1.933876866862037192e+00 -8.801076951653763913e+00 0.000000000000000000e+00
-3.819850177504547917e-01 1.700674947939823767e+01 0.000000000000000000e+00
-3.142405487939559539e+00 -1.122911585171756599e+01 0.000000000000000000e+00
-6.667780436182828119e+00 1.181521506205106320e+01 0.000000000000000000e+00
1.309703912095673273e+00 -1.022640831537603390e+01 0.000000000000000000e+00
-1.336227240995274634e+01 7.961985438607882770e+00 0.000000000000000000e+00
-3.544312251753113652e-02 1.008573089803494582e+01 0.000000000000000000e+00
1.447183270515467512e+01 2.854940204370596479e+00 0.000000000000000000e+00
8.102166525758509152e+00 3.133891529806312470e-01 0.000000000000000000e+00
-1.649724898438756426e+01 5.748432033652883355e+00 0.000000000000000000e+00
-1.411723415678326266e+00 8.629587068209165324e+00 0.000000000000000000e+00
9.117269851381943013e+00 -6.123373051096066000e+00 0.000000000000000000e+00
-6.007084204076925005e+00 -3.729567715841727082e+00 0.000000000000000000e+00
-2.560289812160301270e+00 1.279941450292570337e+00 0.000000000000000000e+00
1.038517637379479375e+01 -9.338527041164617515e+00 0.000000000000000000e+00
2.324102811978736860e-01 6.793702493879244741e+00 0.000000000000000000e+00
-7.004912511897703808e+00 -7.331446012252420985e+00 0.000000000000000000e+00
1.196665323661197711e+01 -1.728541036363037575e+00 0.000000000000000000e+00
-9.322745310441048261e+00 4.356812459068637011e+00 0.000000000000000000e+00
2.728702406847160589e+00 -1.399857987987297392e+01 0.000000000000000000e+00
-4.949348644594299351e+00 -1.558355492236423601e+01 0.000000000000000000e+00
-9.358255611518679018e+00 -4.622252173767510186e+00 0.000000000000000000e+00
7.158723002633291976e+00 -3.499398341433571424e+00 0.000000000000000000e+00
1.623663743172208029e+01 3.972200328507907940e+00 0.000000000000000000e+00
-8.120804102415474901e+00 -1.465880836089918482e+01 0.000000000000000000e+00
-3.186155493154790186e+00 4.460883313598700717e+00 0.000000000000000000e+00
-8.097450864203644016e+00 -9.297872449518411742e+00 0.000000000000000000e+00
8.427645464867911329e+00 1.390769885441512699e+01 0.000000000000000000e+00
8.317369171005962514e+00 6.125759265177021184e+00 0.000000000000000000e+00
-1.325306888124474902e+01 8.137841330854526101e-01 0.000000000000000000e+00
-4.354989734020240810e+00 -5.897973081723820066e+00 0.000000000000000000e+00
-1.480535212818451107e+01 -1.793540449651638946e+00 0.000000000000000000e+00
-9.926134647024669633e+00 -1.108279707128878755e+01 0.000000000000000000e+00
-1.131110593117563212e+01 -3.228697204830359713e+00 0.000000000000000000e+00
5.408967893597978360e+00 7.162241741937480199e+00 0.000000000000000000e+00
4.892888835430611927e+00 1.675126477569354222e+01 0.000000000000000000e+00
1.247660394453960464e+01 4.971932763252200793e+00 0.000000000000000000e+00
-2.923970679186366439e+00 1.201887157983449761e+01 0.000000000000000000e+00
-1.380887315090797784e+01 -5.302839135166467877e+00 0.000000000000000000e+00
-1.073867170602305521e+01 -7.478821440871084469e+00 0.000000000000000000e+00
1.020389744607081006e+01 6.301873125602978076e-01 0.000000000000000000e+00
1.131731725091233010e+01 -1.053446819605096607e+01 0.000000000000000000e+00
-1.074783730978252905e+01 -1.254080950262382999e+01 0.000000000000000000e+00
1.761045054923015218e+00 1.706333715609795476e+01 0.000000000000000000e+00
-1.425494067645642016e+00 -1.147988268416756696e+01 0.000000000000000000e+00
5.128731179879010504e+00 7.785444228693539914e-01 0.000000000000000000e+00
8.545098770070568506e+00 -1.402868033507446732e+01 0.000000000000000000e+00
-2.454885140741355887e+00 -1.411883487224052303e+01 0.000000000000000000e+00
1.323124305068146533e+01 -9.922422776440384951e+00 0.000000000000000000e+00
-1.642847573436180542e-01 4.174882894136798583e+00 0.000000000000000000e+00
1.497011074226975502e+01 7.281163087630061759e-02 0.000000000000000000e+00
1.354654424919290179e+01 -3.210181590563823129e+00 0.000000000000000000e+00
3.942655846774767436e+00 -1.500386647165601772e+00 0.000000000000000000e+00
-6.863996619650330366e+00 3.687515571679524484e+00 0.000000000000000000e+00
-8.221667501687878854e+00 1.327218319561652748e+01 0.000000000000000000e+00
3.790991295912758741e+00 1.562943800113001025e+01 0.000000000000000000e+00
-1.300168095776153443e+01 -9.308531368967887687e+00 0.000000000000000000e+00
-1.687175962984766642e+01 4.278923619617555296e+00 0.000000000000000000e+00
-1.465013387004016110e+01 -8.762277474015037981e+00 0.000000000000000000e+00
4.962165785024684972e+00 1.045195516052248230e+01 0.000000000000000000e+00
1.666364770989600785e+00 -6.235138767129578596e+00 0.000000000000000000e+00
-1.281029752656204224e+01 6.486677890695224491e+00 0.000000000000000000e+00
1.022587631077394654e+01 1.381317821999354223e+01 0.000000000000000000e+00
-2.219041547983139129e+00 -8.996314769939550260e+00 0.000000000000000000e+00
1.114705879636929886e+01 8.725413928524909934e+00 0.000000000000000000e+00
-3.210277930748214992e+00 -1.558925323494653270e+01 0.000000000000000000e+00
-1.089549606665381809e+01 5.698908979514414774e+00 0.000000000000000000e+00
-3.845964083106606868e+00 -7.953720444110741639e+00 0.000000000000000000e+00
-1.253893481056460857e+01 -1.110844332490489350e+01 0.000000000000000000e+00
-6.117524122216928539e-01 1.229540501493390003e+01 0.000000000000000000e+00
5.943105600056139970e+00 -1.593749071645546245e+01 0.000000000000000000e+00
1.501912553794028149e+01 -6.354168106964439566e+00 0.000000000000000000e+00
-5.520631936563789921e+00 -1.130838769088081364e+01 0.000000000000000000e+00
1.417610590481771382e+01 9.131665394080542342e+00 0.000000000000000000e+00
9.178642126956606972e+00 -1.264555045930672694e+00 0.000000000000000000e+00
4.597691261742333779e+00 -1.135011375904055164e+01 0.000000000000000000e+00
-4.529569885725468481e+00 1.409711264858739632e+01 0.000000000000000000e+00
9.453486476473736744e+00 1.048833918023774636e+01 0.000000000000000000e+00
2.054992552268151140e+00 -8.817408040396824687e-01 0.000000000000000000e+00
-4.301673720966414649e+00 1.672479350571217083e+01 0.000000000000000000e+00
1.251835226025791492e+01 -7.795606535740318144e+00 0.000000000000000000e+00
-2.182273795024702867e+00 -6.460635339753489248e+00 0.000000000000000000e+00
-1.468621380572890089e+01 6.457669023587067514e+00 0.000000000000000000e+00
1.329227438616498702e+01 -5.143658227938606942e+00 0.000000000000000000e+00
5.043328794931400516e+00 -1.288566627226687267e+01 0.000000000000000000e+00
1.566025762750062444e+00 1.244089115249394517e+01 0.000000000000000000e+00
1.062042902993075799e+01 -6.813437288509303968e+00 0.000000000000000000e+00
-1.346002367987624382e+01 1.021393544944110232e+01 0.000000000000000000e+00
-7.402129541962664483e+00 8.538990459575336089e+00 0.000000000000000000e+00
1.285604564249987369e+01 1.137181722037222009e+01 0.000000000000000000e+00
-7.156870374175293925e+00 1.593302848096496582e+01 0.000000000000000000e+00
-1.178385318806105353e+01 9.280055993221099087e+00 0.000000000000000000e+00
-8.560908974424020768e-01 1.858021214691581768e+00 0.000000000000000000e+00
5.735171767016301381e+00 2.816283674141583315e+00 0.000000000000000000e+00
3.270656770883771269e+00 1.709854494451262497e+01 0.000000000000000000e+00
1.597197070871732683e+00 1.061921060324839594e+01 0.000000000000000000e+00
4.583744540614780760e+00 1.433698943930898828e+01 0.000000000000000000e+00
3.192418808606369285e-01 -2.503627674929273628e+00 0.000000000000000000e+00
-2.557119035640506688e+00 6.057243289284099497e+00 0.000000000000000000e+00
-4.334858597240051625e-01 -7.670970539923677833e+00 0.000000000000000000e+00
1.274631854543816800e+01 7.007649736899841386e+00 0.000000000000000000e+00
-1.396174680625894338e+00 -2.916078030901004148e+00 0.000000000000000000e+00
-3.012129260466656966e+00 1.585475168531940682e+01 0.000000000000000000e+00
2.389212951394106277e+00 -1.659087455716431592e+01 0.000000000000000000e+00
-5.057813656841746663e+00 1.120414581737825799e+01 0.000000000000000000e+00
1.123458738581740057e+01 2.171562743934977835e+00 0.000000000000000000e+00
-4.326070946799598360e+00 3.251029147652781948e+00 0.000000000000000000e+00
-1.238351506855936357e+01 3.767978348508990383e+00 0.000000000000000000e+00
-1.481564041491666828e+01 3.199981345382259867e+00 0.000000000000000000e+00
1.164097626932598928e+01 -1.213645117741475765e+01 0.000000000000000000e+00
3.786966436183396123e+00 -1.516509642208195707e+01 0.000000000000000000e+00
-1.258779166305805930e+01 -8.867041473593557654e-01 0.000000000000000000e+00
-1.142868025171780388e+01 7.314105369721533911e+00 0.000000000000000000e+00
1.584801012720217805e+01 7.382085150558208575e+00 0.000000000000000000e+00
-7.477080074363484208e+00 7.019229578606645426e+00 0.000000000000000000e+00
-9.656004426312458477e+00 1.427317751436689619e+01 0.000000000000000000e+00
3.954815463548353893e+00 6.245759972524066228e+00 0.000000000000000000e+00
1.645110468973101447e+01 -3.107799120438004548e-01 0.000000000000000000e+00
1.026511432324603490e+01 -4.152536680977904737e+00 0.000000000000000000e+00
8.347846973745269850e+00 -4.801158371240669354e+00 0.000000000000000000e+00
-1.477176248688539362e+00 1.545462488612945329e+01 0.000000000000000000e+00
7.303945767892526142e+00 7.596459752111985431e+00 0.000000000000000000e+00
-9.149058413635964726e+00 -6.216273615561312305e+00 0.000000000000000000e+00
-6.037237620162865248e+00 1.363548915803565542e+01 0.000000000000000000e+00
-1.114587963886567934e+01 -9.730747085216878034e+00 0.000000000000000000e+00
7.168938520864576169e+00 -1.066653406325936748e+00 0.000000000000000000e+00
-1.123316463265775766e+01 8.409823167906861352e-01 0.000000000000000000e+00
6.272161001299125793e+00 9.306864578805059907e+00 0.000000000000000000e+00
-5.350522704502180815e+00 7.287397692305114916e+00 0.000000000000000000e+00
1.545704180801879524e+01 -1.920318166377280589e+00 0.000000000000000000e+00
-8.417762297475528399e+00 7.536631954642021292e-01 0.000000000000000000e+00
3.200939850106477191e+00 -1.215152660934527162e+01 0.000000000000000000e+00
-4.019551837158740426e+00 -9.540680037357123666e+00 0.000000000000000000e+00
-6.760650903420446056e+00 -1.999079005475096649e+00 0.000000000000000000e+00
-8.310236945708693312e+00 5.659208207209989183e+00 0.000000000000000000e+00
-3.515255635099482578e+00 -6.289574875709229573e-01 0.000000000000000000e+00
-1.580430584172231612e+01 -6.888791589884054822e+00 0.000000000000000000e+00
8.078982774645588449e+00 -1.234893980422658011e+01 0.000000000000000000e+00
8.130040959913211296e+00 -9.188029350644725923e+00 0.000000000000000000e+00
1.044512934572951224e+01 6.209747266458366610e+00 0.000000000000000000e+00
6.981768971160608572e+00 -6.432802375412901341e+00 0.000000000000000000e+00
1.070648738053508531e+01 1.228011495850025980e+01 0.000000000000000000e+00
-1.629082960308854311e+01 -2.211130790208030383e+00 0.000000000000000000e+00
-7.282076402418231176e+00 1.011289250630567160e+01 0.000000000000000000e+00
1.489525575037689187e+01 -4.474736473177486573e+00 0.000000000000000000e+00
1.258273542621299335e+01 8.384850562246024541e-01 0.000000000000000000e+00
-1.209548205568800583e+01 -4.998923569600938421e+00 0.000000000000000000e+00
-1.721571231232810817e+01 1.891494091086461715e+00 0.000000000000000000e+00
2.600910813091829699e+00 1.441193262303144174e+01 0.000000000000000000e+00
-5.675847930632441418e+00 -1.328903270380294899e+01 0.000000000000000000e+00
-1.724235841131509517e+01 -4.788978573359384261e-02 0.000000000000000000e+00
6.212467768882313557e+00 -8.757158820526687037e+00 0.000000000000000000e+00
1.740986615159640394e+01 1.424051141241747365e+00 0.000000000000000000e+00
1.160869044529728811e+01 -5.484945438121488159e+00 0.000000000000000000e+00
-4.729670431956412457e+00 5.802531403793616427e+00 0.000000000000000000e+00
-1.156208082857732755e+01 1.083459660034426086e+01 0.000000000000000000e+00
-2.009195551501887334e+00 1.050184344215220733e+01 0.000000000000000000e+00
-1.326944231287021481e+01 2.482490515436044376e+00 0.000000000000000000e+00
8.693243510946922825e+00 4.013559673557203666e+00 0.000000000000000000e+00
1.583054461519656009e+00 3.343726327044908242e+00 0.000000000000000000e+00
5.299890590001804291e+00 1.297581668017573442e+01 0.000000000000000000e+00
-3.783283385312706137e+00 1.039905265707323778e+01 0.000000000000000000e+00
9.391957470088597049e+00 -1.108498823423310498e+01 0.000000000000000000e+00
-8.303079079323048006e+00 1.170453935720354188e+01 0.000000000000000000e+00
1.662706765013851751e+01 -4.532645123013152144e+00 0.000000000000000000e+00
-9.664486240587963906e+00 -1.451293189783321758e+01 0.000000000000000000e+00
-6.890214540328510218e+00 -1.584587860155353489e+01 0.000000000000000000e+00
7.787472125914423060e+00 1.561640782866866850e+01 0.000000000000000000e+00
-1.489287957418682140e+01 9.120960733961814171e+00 0.000000000000000000e+00
2.802643250149231768e+00 -2.740455689863654953e+00 0.000000000000000000e+00
1.611663585872197046e+01 5.584015441077075259e+00 0.000000000000000000e+00
1.707564411001831983e+00 7.117580849685719357e+00 0.000000000000000000e+00
6.636924590052922568e+00 8.293118940432988584e-01 0.000000000000000000e+00
-2.109209278396682485e+00 1.714203644918747216e+01 0.000000000000000000e+00
-1.280613247936289945e+01 1.190782669477312439e+01 0.000000000000000000e+00
6.734324997170019422e+00 6.092027562833528087e+00 0.000000000000000000e+00
-1.474073654352254792e+01 -4.056437058982210964e+00 0.000000000000000000e+00
3.194967832284122178e+00 -7.842914544506334629e+00 0.000000000000000000e+00
3.265314769180244436e+00 -4.493975251491328038e+00 0.000000000000000000e+00
-9.339395154242936314e+00 -8.394578788009672721e+00 0.000000000000000000e+00
5.295077384780328522e+00 -1.440158757228907760e+01 0.000000000000000000e+00
5.683168144699149771e+00 -1.327431016449901913e+00 0.000000000000000000e+00
-1.352526828536013781e+01 5.026993555508702194e+00 0.000000000000000000e+00
