-8.530578597924543871e+00 8.984402119088407135e-01 0.000000000000000000e+00
-8.572307577454786554e+00 4.745318734674906835e+00 0.000000000000000000e+00
-7.203173152688894021e+00 8.803831721628341711e+00 0.000000000000000000e+00
7.176579454181650775e+00 -1.559217729405454733e+01 0.000000000000000000e+00
1.473059340807984796e+01 7.857947372794090946e+00 0.000000000000000000e+00
-1.646217712759602492e+01 9.323634846394325493e+00 0.000000000000000000e+00
4.525980748695196176e+00 -6.145584524366185519e+00 0.000000000000000000e+00
8.205997349262883489e+00 8.599726236592790229e+00 0.000000000000000000e+00
1.562820077924558682e+01 -4.140564254241700937e+00 0.000000000000000000e+00
-1.554587989995614628e+01 -8.467150767695144964e+00 0.000000000000000000e+00
1.396601209854118331e+01 4.606179273954629672e+00 0.000000000000000000e+00
-1.998577211061145720e+00 7.917492909679208601e+00 0.000000000000000000e+00
-1.075369101904825087e+01 1.361074094756123998e+01 0.000000000000000000e+00
1.284680673474827728e+01 -4.475004446094851041e+00 0.000000000000000000e+00
-1.395285412105106815e+01 2.704651519548182836e+00 0.000000000000000000e+00
-1.565687197731408098e+01 -3.175136074276375897e+00 0.000000000000000000e+00
-1.476206205050803355e+01 6.541089664620533206e+00 0.000000000000000000e+00
4.073809863242542129e+00 -1.756723633668325846e+01 0.000000000000000000e+00
-3.179951568070860102e+00 5.285287766701166845e+00 0.000000000000000000e+00
9.675636772045022482e+00 -6.804244337097836492e+00 0.000000000000000000e+00
-9.759156147743517806e+00 -3.995728310286943863e+00 0.000000000000000000e+00
-2.952982352523219611e-01 1.308726089553760019e+01 0.000000000000000000e+00
-1.856082787777968335e+01 2.914190434755674630e+00 0.000000000000000000e+00
-1.336461385160215443e+01 -6.265971289321549342e+00 0.000000000000000000e+00
1.618746836813197021e+01 9.716889948683716804e-01 0.000000000000000000e+00
1.145607098165523041e+01 -1.345216274193983264e+00 0.000000000000000000e+00
1.105742510570692438e+01 5.545685008880265165e+00 0.000000000000000000e+00
-1.008934454939786285e+01 1.556792117635541040e+01 0.000000000000000000e+00
3.039993647899583706e+00 -1.389400653334482882e+01 0.000000000000000000e+00
-1.772049891216276762e+01 5.087424212378631738e-01 0.000000000000000000e+00
-6.219058503496881052e+00 3.716633921415409159e+00 0.000000000000000000e+00
-1.294354637880527070e+00 1.548298804337385270e+01 0.000000000000000000e+00
-1.155859429456365106e+00 -9.603623079414107533e-01 0.000000000000000000e+00
9.261708951239949528e+00 9.949635350962033886e-01 0.000000000000000000e+00
4.389337803588133191e+00 -1.196236942589618835e+01 0.000000000000000000e+00
-1.807651046664803918e+00 -9.901298650241610488e+00 0.000000000000000000e+00
6.168723554811868404e+00 -1.048896034168685532e+01 0.000000000000000000e+00
-1.625433090735336705e+01 6.228667882752966456e+00 0.000000000000000000e+00
5.423232964206578188e+00 -5.308021859379944418e-01 0.000000000000000000e+00
-1.143890964010229894e+01 2.494906289608944672e+00 0.000000000000000000e+00
1.273147323732997549e+01 -1.340302595348267545e+01 0.000000000000000000e+00
-2.284608143718083628e+00 -2.406551250736770786e+00 0.000000000000000000e+00
6.014499431186568934e+00 1.216664052497682214e+01 0.000000000000000000e+00
6.061432015235995507e+00 6.350832673376793025e+00 0.000000000000000000e+00
-6.832063895341588200e+00 7.073665760323363805e-02 0.000000000000000000e+00
2.898649303300751545e-01 -7.407283844532766004e+00 0.000000000000000000e+00
-2.384405867058974060e+00 1.349577373368170896e+01 0.000000000000000000e+00
-1.155377019777669112e+01 -5.691102108450953878e+00 0.000000000000000000e+00
-9.406015243566166362e+00 1.238073586266592230e+01 0.000000000000000000e+00
2.779597242391485867e+00 1.874755226570685451e+01 0.000000000000000000e+00
-1.229335887114768511e+01 4.046878252005379650e+00 0.000000000000000000e+00
9.176206229090627886e+00 1.504450322352057157e+01 0.000000000000000000e+00
2.274415287400104013e+00 -1.638889229567529748e-01 0.000000000000000000e+00
-7.706319335152756800e+00 -1.442357653648770466e+01 0.000000000000000000e+00
-1.402368790149749067e+01 1.219222315908334586e+01 0.000000000000000000e+00
6.423788259030896342e+00 -5.581847750965150290e+00 0.000000000000000000e+00
3.232955593770921343e+00 9.003092044814010819e+00 0.000000000000000000e+00
-2.041563393387324510e-01 7.144659121065047858e-01 0.000000000000000000e+00
-3.351441508193462759e+00 -6.577276001240014658e+00 0.000000000000000000e+00
1.042630021228311321e+01 -1.308600133812745625e+01 0.000000000000000000e+00
-9.706882357707549147e+00 7.840970037254958669e+00 0.000000000000000000e+00
-9.431441917550603904e+00 -1.058509235191206166e+01 0.000000000000000000e+00
-3.684406722428087200e+00 -1.285055425175675481e+01 0.000000000000000000e+00
-1.034236070886167802e+01 -1.287355271018939540e+01 0.000000000000000000e+00
-4.275356941136790212e+00 -1.276533954362604195e-01 0.000000000000000000e+00
3.135484377984800286e+00 -7.144426061847501508e+00 0.000000000000000000e+00
-1.218766146693546482e+01 -1.343344239306231636e+01 0.000000000000000000e+00
5.061430557950196141e-01 -4.612802676498779064e+00 0.000000000000000000e+00
-1.428107113839742093e+00 1.017594708068035736e+01 0.000000000000000000e+00
7.537953725481457035e+00 6.552479515789548792e-01 0.000000000000000000e+00
8.224018324764514887e+00 1.678358775835618744e+01 0.000000000000000000e+00
1.580361015551648585e+01 5.738640981917600747e+00 0.000000000000000000e+00
1.792402262184140582e+01 1.725508796120205579e+00 0.000000000000000000e+00
-5.838146585395336707e+00 -1.294474876743979053e+01 0.000000000000000000e+00
8.293901690337127874e+00 -8.331820690205093527e+00 0.000000000000000000e+00
-6.935597723171599505e+00 1.605061408861009298e+01 0.000000000000000000e+00
6.504652696124685995e+00 -1.410372002829505611e+01 0.000000000000000000e+00
1.291474449637220268e+01 -2.402721848631726331e+00 0.000000000000000000e+00
1.123545555725280565e+01 1.068422817015935422e+01 0.000000000000000000e+00
9.798571209920631020e+00 2.872988333486345969e+00 0.000000000000000000e+00
3.539466295150802022e+00 -3.564207773016555336e+00 0.000000000000000000e+00
-4.332390173524890642e+00 1.005627066455801533e+01 0.000000000000000000e+00
-2.771901258188050665e+00 1.751390665840509797e+01 0.000000000000000000e+00
1.355948006054613408e+01 9.384605074081633802e+00 0.000000000000000000e+00
-6.116157436531437952e+00 1.075863242897008476e+01 0.000000000000000000e+00
-1.204512945712623662e+01 -8.779644033096758449e+00 0.000000000000000000e+00
-4.213994495254897110e+00 1.377475136670844691e+01 0.000000000000000000e+00
-2.404139246435089916e+00 -1.413911208419698440e+01 0.000000000000000000e+00
1.778009017000867997e+00 1.072378608262310351e+01 0.000000000000000000e+00
1.049232739381771928e+01 8.369896490101307762e+00 0.000000000000000000e+00
1.150930763028186554e+01 7.509410461598198250e-01 0.000000000000000000e+00
1.627544605945476519e+01 -8.248147160848214199e+00 0.000000000000000000e+00
-1.122019692514602429e+00 4.678257330100115574e+00 0.000000000000000000e+00
-6.727152737171487651e+00 -7.137541293798567388e+00 0.000000000000000000e+00
1.107990876964081384e+00 -9.551798413505482088e+00 0.000000000000000000e+00
1.704695693345350804e+01 6.882139131413836708e+00 0.000000000000000000e+00
-2.649839805743355203e+00 1.227632365679246940e+00 0.000000000000000000e+00
8.198846210255714695e+00 -1.677737791739770756e+01 0.000000000000000000e+00
1.627584289847000099e+00 4.405072558067116617e+00 0.000000000000000000e+00
1.773041455447852144e+01 -6.210960425864223922e+00 0.000000000000000000e+00
-1.023475335090272775e+00 -1.774659320860507350e+01 0.000000000000000000e+00
4.695907966049106541e+00 -1.518539680216655441e+01 0.000000000000000000e+00
9.297200957318773717e+00 -1.068411202927149084e+01 0.000000000000000000e+00
3.453208249934261787e+00 1.107148670892453346e+01 0.000000000000000000e+00
9.213979292977036550e+00 -1.507797870415766894e+01 0.000000000000000000e+00
-9.922020371710567943e+00 -8.397898060812463150e-01 0.000000000000000000e+00
3.840707949182859959e+00 1.940444433290366089e+00 0.000000000000000000e+00
8.508567586427625784e+00 1.303175597524965745e+01 0.000000000000000000e+00
1.818128285782545150e+00 -1.738891655016870530e+01 0.000000000000000000e+00
-7.488320896958214234e+00 2.399945793900284841e+00 0.000000000000000000e+00
-5.460635815349814237e+00 7.954613909355657597e+00 0.000000000000000000e+00
1.159387538340791401e+01 -6.607780098557613613e+00 0.000000000000000000e+00
1.448042802045759858e+00 -3.371363447054882556e+00 0.000000000000000000e+00
-4.661966924670380763e+00 -1.082513073488615341e+01 0.000000000000000000e+00
-1.529671600113394980e+00 -1.584679732706764632e+01 0.000000000000000000e+00
-6.032198437171402361e+00 -9.232422497645730530e+00 0.000000000000000000e+00
-1.053688917774198863e+01 1.073783451628574426e+01 0.000000000000000000e+00
4.994898337190972093e+00 1.832956180807116198e+01 0.000000000000000000e+00
-8.362178825690460116e+00 6.287881765356773123e+00 0.000000000000000000e+00
2.511564252911545392e+00 -8.517790236673500104e+00 0.000000000000000000e+00
-3.439905719335398349e+00 7.080780557351177507e+00 0.000000000000000000e+00
1.042672373714093581e+01 1.307079040161734085e+01 0.000000000000000000e+00
1.147261776552816137e+01 -1.071070995422763161e+01 0.000000000000000000e+00
-1.624205914483423641e+01 -4.670683303084266491e+00 0.000000000000000000e+00
9.287402055236984921e+00 -1.954533009842384095e+00 0.000000000000000000e+00
-8.868192479117608329e+00 -2.715932775886834349e+00 0.000000000000000000e+00
3.769960543123389574e+00 -1.052365802011228446e+01 0.000000000000000000e+00
-3.921729164724996775e+00 -1.661758923601988069e+00 0.000000000000000000e+00
-1.601959034690318262e+01 7.845399038978141171e+00 0.000000000000000000e+00
-2.815572288054405542e-02 1.807409550498732997e+01 0.000000000000000000e+00
4.482801875229714739e+00 -2.097662303170690912e+00 0.000000000000000000e+00
1.866838137317475699e+01 -2.495246226643809129e-01 0.000000000000000000e+00
6.638464373501443916e+00 7.828268421398367316e+00 0.000000000000000000e+00
-8.967953617394472943e+00 -1.575119429574383290e+01 0.000000000000000000e+00
-1.341157198767420411e+01 -1.022094457606100271e+01 0.000000000000000000e+00
-1.495021291425062904e+00 -6.375605916350094660e+00 0.000000000000000000e+00
5.415421162415617884e-01 2.420658260218581326e+00 0.000000000000000000e+00
4.008876512150985061e-01 6.481918429941733173e+00 0.000000000000000000e+00
-3.352799234084369306e+00 -8.129835217964911820e+00 0.000000000000000000e+00
-1.458193949640193310e+01 -7.317529928034207209e+00 0.000000000000000000e+00
-7.249902069671522398e+00 -1.227322031765826615e+01 0.000000000000000000e+00
1.877038601392183281e+01 -2.405015760485782028e+00 0.000000000000000000e+00
-5.754949178014728162e+00 -5.511318863211815078e+00 0.000000000000000000e+00
1.533834897222951454e+01 -1.585308997042738532e+00 0.000000000000000000e+00
6.055886710181558108e+00 1.651949473926172374e+01 0.000000000000000000e+00
-4.872753769583233030e+00 -1.757824164585962379e+01 0.000000000000000000e+00
1.585889968161961328e+01 2.948388387676123212e+00 0.000000000000000000e+00
2.133496875269194071e+00 5.942664656463699124e+00 0.000000000000000000e+00
8.437197308239451132e+00 -4.406403519750385023e+00 0.000000000000000000e+00
7.028850696124190556e+00 -3.227588561449069804e+00 0.000000000000000000e+00
-1.554828154856207867e+01 3.213419160552390519e+00 0.000000000000000000e+00
-8.029195150811412773e+00 -5.444504406166255528e+00 0.000000000000000000e+00
-9.744045877112004206e+00 1.837323638088877553e+00 0.000000000000000000e+00
-1.820837419151670300e+00 -1.255859374998523670e+01 0.000000000000000000e+00
1.112934893200366560e+01 -1.453211715920482838e+01 0.000000000000000000e+00
2.369948296947081534e+00 1.578718650330897688e+01 0.000000000000000000e+00
1.707559766525220679e-01 8.951966561187104432e+00 0.000000000000000000e+00
-2.424300563384126139e+00 -1.843957195519089254e+01 0.000000000000000000e+00
8.306746208321435176e+00 -1.261079855486942058e+01 0.000000000000000000e+00
-5.624947291550552286e+00 5.811965064157734062e+00 0.000000000000000000e+00
1.734520119395285942e+00 -6.330466903317971017e+00 0.000000000000000000e+00
-1.771663213869533848e+01 -2.424348987011387457e+00 0.000000000000000000e+00
-2.778274869760813282e+00 1.182268371902996229e+01 0.000000000000000000e+00
1.623510173330493345e+01 -5.954353861302167594e+00 0.000000000000000000e+00
-4.748346610818543923e+00 4.407082705628739383e+00 0.000000000000000000e+00
-1.493783139174681196e+01 1.151803697890453781e+00 0.000000000000000000e+00
-1.208644583689991059e+01 7.004382841493002054e+00 0.000000000000000000e+00
-8.581402081501311230e+00 -7.882358012065991737e+00 0.000000000000000000e+00
-8.453346184561526755e+00 1.020587989928670503e+01 0.000000000000000000e+00
1.465079604752994413e+01 -2.948845854673996403e+00 0.000000000000000000e+00
-2.795339758172057931e-01 -1.115718978444402509e+01 0.000000000000000000e+00
-9.844057369306245420e+00 3.885222109819052694e+00 0.000000000000000000e+00
1.254557470466989066e+01 6.786640751510354619e+00 0.000000000000000000e+00
5.307172170302196790e+00 -7.974935162667977195e+00 0.000000000000000000e+00
-4.774280418149412952e+00 1.641898381973823717e+01 0.000000000000000000e+00
1.410647840236556227e+01 -8.868923298582513937e+00 0.000000000000000000e+00
-6.782988009146219355e+00 -1.501704386800561508e+00 0.000000000000000000e+00
3.274244637940955105e+00 -1.567080255597725191e+01 0.000000000000000000e+00
-1.549847799350359878e+01 1.053865067527724442e+01 0.000000000000000000e+00
-1.457720105169644320e+01 -1.822656937017696155e+00 0.000000000000000000e+00
1.799386538747969766e+01 5.687464798216000261e+00 0.000000000000000000e+00
1.460380408854953238e+01 -5.248399319737194091e+00 0.000000000000000000e+00
6.959985289149155818e+00 1.525907847274597628e+01 0.000000000000000000e+00
1.258028511140897443e+01 -8.869394306755301827e+00 0.000000000000000000e+00
1.487834541682148570e+00 -1.203045480173625492e+01 0.000000000000000000e+00
4.762467568774782833e+00 8.712162148010433427e+00 0.000000000000000000e+00
5.696027976840522200e+00 1.535124117168111146e+00 0.000000000000000000e+00
7.685896027687184606e-01 -2.030693304703229618e+00 0.000000000000000000e+00
1.431096489673598704e+01 -1.082789929482884617e+01 0.000000000000000000e+00
-8.313484655377957111e+00 1.672863228879773345e+01 0.000000000000000000e+00
4.987960258055564644e+00 1.060192910150043133e+01 0.000000000000000000e+00
6.108485379077572830e+00 -1.905766339354211691e+00 0.000000000000000000e+00
7.505591061196057012e+00 5.260022805544973146e+00 0.000000000000000000e+00
-6.399621240944197709e+00 1.249476239135683997e+01 0.000000000000000000e+00
-7.819717933145159172e+00 -1.717593405009407803e+01 0.000000000000000000e+00
-3.584652287712694729e+00 3.287552144088740746e+00 0.000000000000000000e+00
-5.733994147613291403e+00 -1.445407858362522546e+01 0.000000000000000000e+00
-1.379918385325395391e+01 -1.896990945044936816e-01 0.000000000000000000e+00
8.623880256293540825e+00 6.917548130322993316e+00 0.000000000000000000e+00
-1.851496654464918956e+00 -8.076196536699161044e+00 0.000000000000000000e+00
-2.360076744616134370e+00 -4.187879978036069595e+00 0.000000000000000000e+00
-1.777174959830182388e+01 6.624566043775430124e+00 0.000000000000000000e+00
1.829673543907399491e+01 -4.233867316766516176e+00 0.000000000000000000e+00
-1.136544295367239954e+01 5.228848276858215627e+00 0.000000000000000000e+00
-1.357195936422382587e+01 5.412765982291717570e+00 0.000000000000000000e+00
4.447243700564269986e+00 5.040519105657334187e+00 0.000000000000000000e+00
-6.270469818827807629e+00 -1.111301886232743996e+01 0.000000000000000000e+00
1.417548511834576352e+01 -6.880295782018762019e+00 0.000000000000000000e+00
-1.074010828383774729e+01 -9.740014488946808768e+00 0.000000000000000000e+00
9.633174932515842670e+00 4.796593365542658916e+00 0.000000000000000000e+00
-1.145652571881838355e+01 1.199559024653432715e+01 0.000000000000000000e+00
1.353950279746731411e+01 2.073457238842576267e+00 0.000000000000000000e+00
1.063835484838290490e+01 1.469984313093343253e+01 0.000000000000000000e+00
-1.257003609396949528e+01 -1.177750363769495756e+01 0.000000000000000000e+00
5.395353088724062829e+00 -3.723436588929335933e+00 0.000000000000000000e+00
4.292704928498869421e+00 1.266467935169298364e+01 0.000000000000000000e+00
3.682415672371210924e+00 1.688610073201582296e+01 0.000000000000000000e+00
-1.503719199492164016e+01 -5.817503262117069696e+00 0.000000000000000000e+00
-1.291477806882972601e+01 -2.467851849185108914e+00 0.000000000000000000e+00
6.907976669841442430e+00 9.577237101293661681e+00 0.000000000000000000e+00
-8.463913191117955037e+00 1.421027587514753066e+01 0.000000000000000000e+00
-5.313417271771881722e+00 1.801625774398817725e+01 0.000000000000000000e+00
5.559147719959417699e+00 3.427756862707294516e+00 0.000000000000000000e+00
1.092465988482503825e+01 -8.640922390533917863e+00 0.000000000000000000e+00
1.582244476753781193e+01 1.039257425922078149e+01 0.000000000000000000e+00
-5.495278581802836904e+00 -2.497110383030825886e+00 0.000000000000000000e+00
-1.388258589473551652e+01 -4.033387024964977918e+00 0.000000000000000000e+00
2.676037484362997265e+00 2.994354257552895859e+00 0.000000000000000000e+00
-1.640709492811319592e+01 1.874372712633248783e+00 0.000000000000000000e+00
1.251635177310690850e+01 1.185671719172181682e+01 0.000000000000000000e+00
-4.822133603409572089e+00 2.163494996520925362e+00 0.000000000000000000e+00
2.145193312956449994e+00 1.297463994681836041e+01 0.000000000000000000e+00
-3.422143042089954346e+00 -1.535940768283572133e+01 0.000000000000000000e+00
-1.859186518952033396e+01 -3.890584581831501243e+00 0.000000000000000000e+00
5.627645776449080373e+00 -1.647235622611135142e+01 0.000000000000000000e+00
-1.219061163946456183e+01 -2.843846858206123263e-01 0.000000000000000000e+00
3.180069295269845608e-01 -1.413235096270475744e+01 0.000000000000000000e+00
1.085009203286959512e+01 -3.491272270916606413e+00 0.000000000000000000e+00
1.251720537275006429e+01 4.171576213574354597e+00 0.000000000000000000e+00
-1.642892710387004129e+01 -1.559636583936866217e+00 0.000000000000000000e+00
7.157973380146554376e+00 -7.034608570004774464e+00 0.000000000000000000e+00
-7.101434554796115961e+00 -4.131472130949618737e+00 0.000000000000000000e+00
4.193920026862332229e+00 1.508698514316505701e+01 0.000000000000000000e+00
1.596864728970781799e+00 8.461107451841273885e+00 0.000000000000000000e+00
2.368801800036891780e+00 1.501332233554298679e+00 0.000000000000000000e+00
-7.841613084206627171e+00 -1.028044960016914189e+01 0.000000000000000000e+00
6.838302909255234319e+00 -8.737038761034032319e+00 0.000000000000000000e+00
-5.832563722233466308e+00 1.430079970188131711e+01 0.000000000000000000e+00
-1.351882668941766452e+00 1.885675056588388543e+01 0.000000000000000000e+00
-1.493952857544749158e+01 -1.170711164815606686e+01 0.000000000000000000e+00
-7.812663286389792461e+00 1.158538259750535282e+01 0.000000000000000000e+00
-1.193628285094837516e+01 9.465822577497709389e+00 0.000000000000000000e+00
-1.381173095886638968e+01 8.482809017141841323e+00 0.000000000000000000e+00
1.305910551219980142e+01 -1.188235675290698623e+01 0.000000000000000000e+00
1.696510314892585569e+01 -3.057602412587425711e+00 0.000000000000000000e+00
2.702793285957557412e+00 -2.276793194840484258e+00 0.000000000000000000e+00
