1.702970279194261849e+01 -8.752563614519203172e-01 0.000000000000000000e+00
-4.617303347563787241e+00 2.215590473057286847e+00 0.000000000000000000e+00
4.601772072129103108e+00 1.764423943874366429e+01 0.000000000000000000e+00
1.386698546137549748e+01 1.987437283273727928e+00 0.000000000000000000e+00
1.002530491668730228e+01 1.465590632155572060e+01 0.000000000000000000e+00
-1.100028937978030541e+01 1.023947075494325354e+01 0.000000000000000000e+00
-4.955316321744992168e-03 6.703287815541654204e+00 0.000000000000000000e+00
7.131779864607220576e-01 1.361161350098965350e+01 0.000000000000000000e+00
-1.610787272765123035e+01 6.397096084984678299e+00 0.000000000000000000e+00
-1.304330341589740350e+01 7.815789950579646650e+00 0.000000000000000000e+00
-1.682566468291290107e+01 4.504874847646695102e+00 0.000000000000000000e+00
-1.537849769384929033e+01 4.025972395551993266e+00 0.000000000000000000e+00
8.221781568514337835e+00 1.663497451448888853e+01 0.000000000000000000e+00
1.284588908738217405e+01 -4.554515387092632928e+00 0.000000000000000000e+00
1.828305745259005377e+01 4.361844022587255232e+00 0.000000000000000000e+00
3.212806775286898564e-02 8.264246090382670218e+00 0.000000000000000000e+00
-1.289193828876461190e+01 2.554952637551416217e+00 0.000000000000000000e+00
1.563466197453974083e+01 1.819891774890609160e+00 0.000000000000000000e+00
6.512354673706958863e+00 -2.844980664465733611e+00 0.000000000000000000e+00
-1.150947755488654956e+01 1.424449516818739347e+01 0.000000000000000000e+00
5.755361472652265498e+00 -1.403476921976289482e+01 0.000000000000000000e+00
-9.136344764984546174e+00 1.385299455965389948e+00 0.000000000000000000e+00
4.699165426613437502e-01 3.008396036754590330e+00 0.000000000000000000e+00
-8.425029961127732392e+00 -3.793685036998466931e+00 0.000000000000000000e+00
3.252370407960603504e+00 1.868800842751225133e+01 0.000000000000000000e+00
-6.137399837210807618e+00 6.324481063118841284e+00 0.000000000000000000e+00
4.721827035962440355e-01 -2.112918319428151115e+00 0.000000000000000000e+00
6.341331003863892590e+00 -5.616877716961435674e+00 0.000000000000000000e+00
-4.901501063239722455e+00 -5.809354159986543031e+00 0.000000000000000000e+00
3.705060685861588432e+00 2.838651762511128052e+00 0.000000000000000000e+00
-1.054870872049259667e+01 5.115861968819939598e+00 0.000000000000000000e+00
1.511752207907617951e+01 -6.844142117626462074e+00 0.000000000000000000e+00
-1.282605161546373296e+01 4.863607957256591563e-01 0.000000000000000000e+00
6.764805942975234743e+00 -6.921866275555211834e-01 0.000000000000000000e+00
-1.237464725907978824e+01 4.518910373986292583e+00 0.000000000000000000e+00
1.286345831404804585e+01 1.187664197626125961e+01 0.000000000000000000e+00
-3.675821869993049162e+00 9.480375340393337069e+00 0.000000000000000000e+00
1.725350177151758402e+01 8.983108922683238351e-01 0.000000000000000000e+00
1.040135885240790792e+01 -9.810150703773201641e+00 0.000000000000000000e+00
-1.041085490784616141e+01 -8.717573265168155672e+00 0.000000000000000000e+00
-4.953134416131960371e+00 -1.327585211113979646e+01 0.000000000000000000e+00
7.970335789487010381e+00 3.134981709525178406e+00 0.000000000000000000e+00
-3.883620703858964518e+00 -3.930863316873068669e+00 0.000000000000000000e+00
1.216369074035210218e+01 -1.946992443953180052e+00 0.000000000000000000e+00
3.344575692693868785e+00 -1.490769098480319066e+01 0.000000000000000000e+00
-2.911543316726190600e+00 -1.494878960493068654e+01 0.000000000000000000e+00
5.087008288204808437e+00 -9.081409179337226689e+00 0.000000000000000000e+00
-4.640209251960252246e+00 -7.813712273010675169e+00 0.000000000000000000e+00
1.224039383325348318e+01 7.814144044728396743e+00 0.000000000000000000e+00
1.439382402597770927e+01 -8.778765030520784052e+00 0.000000000000000000e+00
-1.786623769906265125e+01 -3.010254366580561225e+00 0.000000000000000000e+00
2.722011750469758073e+00 -1.777241075529273928e+01 0.000000000000000000e+00
3.945211565201249826e+00 -6.230346887540885170e+00 0.000000000000000000e+00
-2.689528303380824159e+00 -1.287173075353227958e+01 0.000000000000000000e+00
1.682074684106097839e+00 -1.347680681284477622e+01 0.000000000000000000e+00
-5.378780467304344448e+00 1.118388931126876784e+01 0.000000000000000000e+00
1.237645398510760497e+00 -1.591610153791909887e+01 0.000000000000000000e+00
1.365214823735940008e+01 1.046581611702196568e+01 0.000000000000000000e+00
8.573079994940988158e+00 -1.532417701778186547e+01 0.000000000000000000e+00
-7.337905154733446622e+00 -9.199011095653490955e+00 0.000000000000000000e+00
1.001382382731120479e+01 1.013489396441777046e+01 0.000000000000000000e+00
-1.333210447351252981e+01 1.085316571262234220e+01 0.000000000000000000e+00
-5.577954014903367508e+00 8.748467591949086852e+00 0.000000000000000000e+00
-1.052284815063691648e+00 -4.976645824675114405e+00 0.000000000000000000e+00
-9.963222884024287573e-01 -1.502729462605050870e+01 0.000000000000000000e+00
9.706783700966065354e+00 -1.304840008655137851e+01 0.000000000000000000e+00
4.733014778161138914e+00 -2.386433367899816638e+00 0.000000000000000000e+00
-4.787344070550505926e+00 5.471409481610340464e+00 0.000000000000000000e+00
-1.017119833594534661e+01 1.356223946131819247e+01 0.000000000000000000e+00
-2.160949070196385158e-01 -2.183747863775226949e-01 0.000000000000000000e+00
1.269708412294280819e+01 -9.747069143432510074e+00 0.000000000000000000e+00
1.449100742498555050e+01 7.503521587965317430e+00 0.000000000000000000e+00
1.093737030881253069e+00 1.570238477760452689e+01 0.000000000000000000e+00
-1.088292974384274636e+01 -7.025644041952110008e+00 0.000000000000000000e+00
7.205135094877078927e+00 4.645084135792843405e+00 0.000000000000000000e+00
-5.827295389776918633e+00 -1.431053523078543943e+00 0.000000000000000000e+00
-1.254397183364092072e+01 -9.358685341502676280e+00 0.000000000000000000e+00
-1.512083930586679115e+00 -1.166572242275140248e+01 0.000000000000000000e+00
-1.058005604921329557e+00 -2.886331376704390550e+00 0.000000000000000000e+00
7.113269493113993924e+00 1.169754397745548680e+01 0.000000000000000000e+00
1.155814294264351538e+01 4.960193220653724921e+00 0.000000000000000000e+00
9.089804557019832032e+00 -9.012586966354401596e+00 0.000000000000000000e+00
3.244314213887294240e+00 8.639998129899561619e+00 0.000000000000000000e+00
7.454462567101884929e+00 -1.394516793391714415e+01 0.000000000000000000e+00
-2.482898389103606274e+00 1.674703381047477535e+01 0.000000000000000000e+00
1.408193756510740258e+01 4.148754107618468079e-01 0.000000000000000000e+00
2.493252733413049427e+00 1.675118174698780882e+00 0.000000000000000000e+00
-1.787140728917250243e+01 -5.409098618879002451e+00 0.000000000000000000e+00
1.636279897611388634e+01 8.438056419270580477e+00 0.000000000000000000e+00
-6.639077274844632726e+00 -1.577328250653612152e+01 0.000000000000000000e+00
-4.318629879709949826e+00 -4.057146029834274303e-01 0.000000000000000000e+00
9.122967051703479768e+00 -3.918934125338240371e+00 0.000000000000000000e+00
1.420308343297259190e+00 -6.864872570776408445e+00 0.000000000000000000e+00
9.928286426161193390e+00 -7.426333802614092150e+00 0.000000000000000000e+00
-8.784744485008236126e+00 1.039648356410979524e+01 0.000000000000000000e+00
6.443175941873074741e+00 -1.573356314529932654e+01 0.000000000000000000e+00
-5.394022822387833038e+00 1.586676752710483385e+01 0.000000000000000000e+00
-1.453706812730366593e+01 -9.386104413179788608e+00 0.000000000000000000e+00
3.109350597434684005e+00 1.297381107993734162e+01 0.000000000000000000e+00
-1.448102801656958860e+01 1.482370777552241836e-01 0.000000000000000000e+00
4.752807131229324966e+00 7.102816320285081808e+00 0.000000000000000000e+00
-6.302300867406931850e+00 -4.942267371254891017e+00 0.000000000000000000e+00
-1.011564449731961579e+00 1.882570691623767445e+00 0.000000000000000000e+00
1.138436257395669138e+01 -1.428079997489734332e+01 0.000000000000000000e+00
-1.163813953892001507e+01 -4.666934270082360392e+00 0.000000000000000000e+00
1.212935611191735319e+01 -1.209860978408156384e+01 0.000000000000000000e+00
-8.315870185861673036e+00 8.723518811450100330e+00 0.000000000000000000e+00
6.027721026840552554e+00 3.625767626955312295e+00 0.000000000000000000e+00
-7.179368191555596468e+00 2.990386706432311303e+00 0.000000000000000000e+00
-7.651389134165618167e+00 1.499702305568463601e+01 0.000000000000000000e+00
-8.094454183057504082e+00 1.240531339032128777e+01 0.000000000000000000e+00
-1.877988420508503731e-01 -1.709018694486618628e+01 0.000000000000000000e+00
-2.249803745503343166e-01 -1.886446075600288097e+01 0.000000000000000000e+00
7.404017155477663259e+00 1.333953750994383114e+01 0.000000000000000000e+00
8.373892975335980537e+00 -6.005704888784996198e-01 0.000000000000000000e+00
4.750961012187287835e+00 1.377338243216773073e+01 0.000000000000000000e+00
-1.027967229001755101e+01 -1.271467199310195717e+01 0.000000000000000000e+00
4.632682928113140086e+00 1.160559731069566308e-01 0.000000000000000000e+00
-9.992644404612095244e+00 -3.228556051645070646e+00 0.000000000000000000e+00
1.640832457013926060e+01 5.876536713903701248e+00 0.000000000000000000e+00
8.640546825271943732e+00 -1.080943009787291054e+01 0.000000000000000000e+00
7.960402963899189999e+00 -6.892462195226818800e+00 0.000000000000000000e+00
-9.710136135891938025e+00 7.488650399122152024e+00 0.000000000000000000e+00
3.128342242316612953e+00 1.643751052250976485e+01 0.000000000000000000e+00
2.039020154011262687e+00 5.603930252546556190e+00 0.000000000000000000e+00
1.571689916913538543e+00 7.155070089816717882e+00 0.000000000000000000e+00
-1.487172706201049444e+01 -7.535440368267316558e+00 0.000000000000000000e+00
1.231657018456926522e+01 1.395433402291514291e+01 0.000000000000000000e+00
-1.420746012704922734e+01 -4.638348019439617609e+00 0.000000000000000000e+00
-1.182052198486174710e+01 6.236041391226147645e+00 0.000000000000000000e+00
-1.803272485146239834e+00 7.588751672452361596e+00 0.000000000000000000e+00
-1.807389255701338016e+01 -1.152545428373836778e+00 0.000000000000000000e+00
8.573047601532723050e+00 6.230337471456208753e+00 0.000000000000000000e+00
5.540984305471452487e+00 2.019491516266285647e+00 0.000000000000000000e+00
5.110715461669482984e+00 5.274834316914078336e+00 0.000000000000000000e+00
-1.176821895191260126e+01 1.264060423897233143e+01 0.000000000000000000e+00
-1.637231285911946799e+01 -3.133222590798843132e-01 0.000000000000000000e+00
-1.595181896235375874e+00 1.517959150433545545e+01 0.000000000000000000e+00
2.079013533906386879e+00 -8.988754232167911695e+00 0.000000000000000000e+00
-8.419793996840425621e+00 -1.275333681985960332e+01 0.000000000000000000e+00
1.205276985017106917e+01 1.907311933045992003e+00 0.000000000000000000e+00
-1.512332964810733316e+01 8.146366251620170473e+00 0.000000000000000000e+00
-1.696862973767131066e+01 2.501373177709911744e+00 0.000000000000000000e+00
1.245228199959671223e+01 4.900953789407355016e-03 0.000000000000000000e+00
9.820885736685134759e+00 -5.158734245280172798e-02 0.000000000000000000e+00
7.493592645228313032e+00 9.493571327659587666e+00 0.000000000000000000e+00
-1.308519671072465407e+01 -2.293790859975282093e+00 0.000000000000000000e+00
1.853815485559617571e+01 -3.564171242497254255e+00 0.000000000000000000e+00
2.124970067687276920e+00 -1.134456679226132181e+01 0.000000000000000000e+00
-4.214334707124096191e+00 -1.068124057219532652e+01 0.000000000000000000e+00
6.626234136669578945e+00 -1.243057984759378876e+01 0.000000000000000000e+00
9.647393132496333124e+00 5.122997355598209346e+00 0.000000000000000000e+00
-2.054837601862265217e-02 1.215987190244671901e+01 0.000000000000000000e+00
-1.566879168999128824e+00 1.076565593186693093e+01 0.000000000000000000e+00
-1.154683064051391206e+01 -2.938192448435684945e+00 0.000000000000000000e+00
6.958811025768583569e+00 1.526254525667328821e+01 0.000000000000000000e+00
1.698621569971307810e-01 1.762260398808285089e+01 0.000000000000000000e+00
1.044388838655189033e+01 7.654141980979362714e+00 0.000000000000000000e+00
-7.126331921699714300e+00 -7.472826809360072708e+00 0.000000000000000000e+00
1.475590612449922112e+01 4.236032573926340028e+00 0.000000000000000000e+00
-2.594537048786685229e+00 -8.852823480121577049e+00 0.000000000000000000e+00
-2.582341493000701149e+00 -4.805910167435984981e+00 0.000000000000000000e+00
1.610836563141806366e+01 3.486561108408022136e+00 0.000000000000000000e+00
-9.333861951347007135e+00 -1.483278973402005718e+01 0.000000000000000000e+00
1.562652625255539895e+01 -3.543058556169232265e+00 0.000000000000000000e+00
5.375230450629571166e+00 1.166339717427234746e+01 0.000000000000000000e+00
-5.100264028331474186e+00 4.000584094691253867e+00 0.000000000000000000e+00
1.199504394419441766e+01 -6.670829621033019130e+00 0.000000000000000000e+00
-1.353691069869952734e+01 -1.280262565501594629e+01 0.000000000000000000e+00
2.427497290996453394e+00 -3.930815813614584098e+00 0.000000000000000000e+00
-1.849538792309295232e+01 3.602360147449956695e+00 0.000000000000000000e+00
4.983237752078975902e+00 1.532855445762274194e+01 0.000000000000000000e+00
-1.129151153194720969e+01 1.771813470197833640e+00 0.000000000000000000e+00
-2.367359442042288542e+00 2.740672568652299024e+00 0.000000000000000000e+00
1.418181613299293886e+01 -2.616050665128841324e+00 0.000000000000000000e+00
-1.525786880442569959e+01 1.636759490211236345e+00 0.000000000000000000e+00
-8.003470825343268480e-01 -8.977412792753638016e+00 0.000000000000000000e+00
-5.782540000864886842e+00 -9.238652826126848794e+00 0.000000000000000000e+00
9.873118577861221823e+00 -2.213684286232062259e+00 0.000000000000000000e+00
1.502717718525240810e-03 4.632922145191909813e+00 0.000000000000000000e+00
9.748078458259309187e+00 3.409013782658901093e+00 0.000000000000000000e+00
2.006981686139166055e+00 -3.802235397931166827e-01 0.000000000000000000e+00
-5.454796178389950123e-01 -6.647726316879269071e+00 0.000000000000000000e+00
-4.632017155044400702e+00 -1.785731590152573034e+01 0.000000000000000000e+00
-1.562195615709185414e+00 1.272524381240309843e+01 0.000000000000000000e+00
-8.073175442309850069e+00 4.836227844025553502e+00 0.000000000000000000e+00
4.008268197884333084e+00 -1.086235649734108222e+01 0.000000000000000000e+00
2.791132409270125958e+00 1.072933188524554993e+01 0.000000000000000000e+00
-8.464624386108955179e+00 -5.315369088609603665e+00 0.000000000000000000e+00
1.317733180031902585e+01 -1.356804456370837109e+01 0.000000000000000000e+00
-9.525459106777667273e+00 -1.054961753720871620e+01 0.000000000000000000e+00
-7.100141138239649763e+00 -3.751364989442422249e-01 0.000000000000000000e+00
-1.714484408740893429e+01 -7.779754034624919434e+00 0.000000000000000000e+00
-4.046090750887478826e+00 -1.896784501140503121e+00 0.000000000000000000e+00
1.402486090297231769e+01 -1.053595253357927142e+01 0.000000000000000000e+00
-7.245633199181218842e+00 1.034135130858521023e+01 0.000000000000000000e+00
-4.053839667124998769e+00 1.685033721906277648e+01 0.000000000000000000e+00
1.092789109416242255e+01 -5.339467196805442128e+00 0.000000000000000000e+00
-1.574707114164515964e+01 -4.583836492725786194e+00 0.000000000000000000e+00
-6.694105907498529184e+00 -3.155993280597318762e+00 0.000000000000000000e+00
-2.218067618823688303e+00 -1.851867537661403773e+01 0.000000000000000000e+00
4.183594295457166545e+00 -1.247390522820760417e+01 0.000000000000000000e+00
7.042148760054647738e+00 -8.817884518602692623e+00 0.000000000000000000e+00
9.220450376198300546e+00 1.158991063778873354e+01 0.000000000000000000e+00
-4.053477827774973896e+00 1.852187902652308438e+01 0.000000000000000000e+00
-1.245799093942066271e+01 9.222306089733532275e+00 0.000000000000000000e+00
1.514407205256230604e+01 -5.330749736830682650e+00 0.000000000000000000e+00
-8.049657783566074087e+00 -1.685181657709904002e+01 0.000000000000000000e+00
1.466663604112853037e+01 1.195035805377812466e+01 0.000000000000000000e+00
7.138002419518112873e+00 -1.073353495267363655e+01 0.000000000000000000e+00
-1.348840586435414046e+01 1.332901395137057143e+01 0.000000000000000000e+00
-3.522074631175023285e+00 1.496865549536404849e+01 0.000000000000000000e+00
-9.534317016160033020e+00 1.612269064237721494e+01 0.000000000000000000e+00
9.616878103377059617e+00 1.843014509421835534e+00 0.000000000000000000e+00
1.782344603361853430e+01 -6.206380984806799894e+00 0.000000000000000000e+00
-1.095130588633850266e+01 -1.117529331232774403e+01 0.000000000000000000e+00
-1.479223849487354414e+01 -1.588830311519536131e+00 0.000000000000000000e+00
-2.193756654649816618e+00 5.108796883368966313e+00 0.000000000000000000e+00
1.700440482699505207e+00 8.658357322294689240e+00 0.000000000000000000e+00
-1.804463686172756098e+01 1.009458513538888713e+00 0.000000000000000000e+00
-1.110848253768961946e+01 -1.126674059179374687e+00 0.000000000000000000e+00
-3.474867873022675635e+00 1.119870999686446922e+01 0.000000000000000000e+00
-6.247898188499257266e+00 1.361325049988606040e+01 0.000000000000000000e+00
-9.379543424208174329e+00 -1.258197583804589348e+00 0.000000000000000000e+00
-1.675849880379203682e+01 8.466961419454456461e+00 0.000000000000000000e+00
-5.033950255699792820e+00 -1.539696927915348823e+01 0.000000000000000000e+00
1.359798629280264670e+01 -7.115752168531619404e+00 0.000000000000000000e+00
1.943704341430389615e+00 3.560637618992140041e+00 0.000000000000000000e+00
-6.593271118833385458e+00 -1.157776097005995375e+01 0.000000000000000000e+00
-1.121434473471705928e+01 -1.472661980252049574e+01 0.000000000000000000e+00
-2.299096848167947016e+00 -1.893552793783619681e-01 0.000000000000000000e+00
4.651675302587542915e-01 -1.438343984880639148e+01 0.000000000000000000e+00
-1.307892538664075488e+01 -7.209551285029031753e+00 0.000000000000000000e+00
-2.069079920806257356e+00 -1.687867949658036792e+01 0.000000000000000000e+00
-1.389098194849900203e+01 4.426656749660503820e+00 0.000000000000000000e+00
-5.830382636191473733e-02 1.037613653923466295e+01 0.000000000000000000e+00
5.697842223787317195e+00 -1.750969897913022066e+01 0.000000000000000000e+00
-3.263999541674433402e+00 7.030797681669380239e+00 0.000000000000000000e+00
-1.628644265730649821e+01 -9.240440363919086408e+00 0.000000000000000000e+00
3.607764058659856055e+00 -8.420549470610906084e+00 0.000000000000000000e+00
1.154766529322217750e+01 -8.704274492637106064e+00 0.000000000000000000e+00
-3.403741671070133812e+00 -6.265134532488868757e+00 0.000000000000000000e+00
1.882816810383927120e+01 -6.260057431986718601e-01 0.000000000000000000e+00
-9.855851237693668665e+00 9.184111827611653567e+00 0.000000000000000000e+00
1.206123434547634865e+01 1.045798217493925364e+01 0.000000000000000000e+00
-3.569726959132542010e+00 -1.654296928089458163e+01 0.000000000000000000e+00
-9.212079947374808953e+00 3.046633301610902400e+00 0.000000000000000000e+00
3.239820146137583734e+00 4.620175910763017590e+00 0.000000000000000000e+00
1.683197850622003955e+01 -4.686436192989695826e+00 0.000000000000000000e+00
7.236812145087980319e+00 1.179378170210585441e+00 0.000000000000000000e+00
-6.544287739834699913e+00 -1.361824916628178883e+01 0.000000000000000000e+00
1.284313150970438322e+01 6.123841439878226822e+00 0.000000000000000000e+00
-8.027038137327275891e+00 -1.107717874633721422e+01 0.000000000000000000e+00
1.611839979208363260e+01 -7.989412436298151121e+00 0.000000000000000000e+00
7.226383995815750971e+00 7.593150037812776532e+00 0.000000000000000000e+00
-9.960553014730916033e+00 1.192864595030362729e+01 0.000000000000000000e+00
