9.460784054890336137e+00 8.167387331579442744e+00 0.000000000000000000e+00
7.757051429327483483e+00 -2.526482618129863411e+00 0.000000000000000000e+00
4.795660364669484643e+00 5.095167621114082834e+00 0.000000000000000000e+00
7.731632869135442121e+00 -1.074266711438500721e+01 0.000000000000000000e+00
4.053078429161902640e+00 -1.069327184559401012e+01 0.000000000000000000e+00
5.342885345124818386e+00 4.712202759638483562e-01 0.000000000000000000e+00
5.266716372354552922e-01 -9.176018585065497390e+00 0.000000000000000000e+00
5.147679208240842769e-02 -1.334014084509246878e+01 0.000000000000000000e+00
1.408592022317852965e+01 1.663255211784340659e+00 0.000000000000000000e+00
-5.433399791954515834e+00 -1.013054557612265860e+01 0.000000000000000000e+00
-7.908608476104788565e+00 -3.211980387253281943e+00 0.000000000000000000e+00
7.208559833297001340e+00 1.183942851721368861e+01 0.000000000000000000e+00
-1.653891289130523079e+00 1.818125955565780272e-01 0.000000000000000000e+00
-5.690658693510439292e+00 -1.300404865070317229e+01 0.000000000000000000e+00
-3.712062557301188281e+00 -6.206534659067667326e-01 0.000000000000000000e+00
1.402985585377029487e+01 -1.233816920537258027e-01 0.000000000000000000e+00
3.548140973889753802e+00 1.147213882752875591e+01 0.000000000000000000e+00
6.357013728316239565e+00 -6.989030207093568592e+00 0.000000000000000000e+00
1.128145172982013911e+01 5.420432082554558662e+00 0.000000000000000000e+00
-6.783392371711559399e+00 -1.253083185079347794e+00 0.000000000000000000e+00
1.028785211277889022e+00 6.534326992796128053e+00 0.000000000000000000e+00
-3.529167831344875328e+00 -4.876106206458886483e+00 0.000000000000000000e+00
-1.448485773245060138e+01 -5.732203378121886850e+00 0.000000000000000000e+00
-1.916870161601359701e+00 1.112204841654008902e+01 0.000000000000000000e+00
1.198654919794475759e+01 -1.707165957256849831e+00 0.000000000000000000e+00
5.234533759279457854e+00 1.206076877628276911e+01 0.000000000000000000e+00
-4.816846258788682889e+00 2.943837520793803009e+00 0.000000000000000000e+00
-1.153697936203585073e+01 -1.203061312803577465e+01 0.000000000000000000e+00
-9.443385048560342554e+00 1.060302318580442105e+01 0.000000000000000000e+00
-1.529862962005477556e+01 1.651632694867002149e+00 0.000000000000000000e+00
9.350145128980322795e+00 -2.701984723184408299e+00 0.000000000000000000e+00
-2.927521148108792381e+00 -1.122596568817667340e+01 0.000000000000000000e+00
-7.443850736576906435e+00 -1.169507080953382250e+01 0.000000000000000000e+00
1.104406452064256783e+01 -5.588824696896772082e+00 0.000000000000000000e+00
8.022729588083182151e+00 -6.429925306495034576e+00 0.000000000000000000e+00
9.718782263072913707e+00 1.218541038946509580e+01 0.000000000000000000e+00
-8.755247804692045221e+00 7.808498464083331037e+00 0.000000000000000000e+00
-6.565899880575099878e+00 -5.978394334890626105e+00 0.000000000000000000e+00
-2.311112127986035603e+00 5.586492231134332798e+00 0.000000000000000000e+00
-6.259320267912926283e+00 9.938353520669494401e+00 0.000000000000000000e+00
1.570148792054014475e+00 -3.980344996027474824e+00 0.000000000000000000e+00
-6.609841875986084414e-01 -1.102645281990149506e+01 0.000000000000000000e+00
8.843948136883025057e+00 -8.637562760958878982e+00 0.000000000000000000e+00
5.333446260116200044e+00 -1.271921069946931482e+01 0.000000000000000000e+00
-5.743841977509963392e+00 7.306531081481116630e+00 0.000000000000000000e+00
1.226983111586006991e+01 7.493308107118034300e+00 0.000000000000000000e+00
1.440076282448611877e+01 9.929856765598401580e+00 0.000000000000000000e+00
-1.511065379960303012e+01 4.664721908434995790e+00 0.000000000000000000e+00
-9.962565813328792430e+00 -1.148830449380141339e+01 0.000000000000000000e+00
8.554721599279632827e+00 5.488261827225028533e+00 0.000000000000000000e+00
-3.805655104647808873e+00 -9.150931171196818426e+00 0.000000000000000000e+00
3.557081952852068518e+00 3.028651756022838981e+00 0.000000000000000000e+00
2.106502029595615610e+00 -8.007285901914363180e+00 0.000000000000000000e+00
-9.384279371282152837e+00 5.368876946866032895e+00 0.000000000000000000e+00
7.424203830969446471e+00 1.106510630347566693e+00 0.000000000000000000e+00
-3.522259339542678003e+00 1.461734795483912830e+00 0.000000000000000000e+00
3.557344915795516815e+00 7.351183383779924085e+00 0.000000000000000000e+00
-1.787294145652948529e+00 -1.698993031422178390e+01 0.000000000000000000e+00
-6.736773623365327701e+00 3.169496394220202351e+00 0.000000000000000000e+00
1.042475784301621111e+01 2.696402953193533403e+00 0.000000000000000000e+00
7.856425715092393958e+00 7.554163787153950871e+00 0.000000000000000000e+00
5.383138586573679163e+00 -5.818587975331177553e+00 0.000000000000000000e+00
6.851078729950370594e+00 9.419278689338446142e+00 0.000000000000000000e+00
1.665831277722882575e+01 2.705265759538139747e+00 0.000000000000000000e+00
-4.383883022915814998e+00 -7.103079652230393393e+00 0.000000000000000000e+00
-1.140963854835960944e+01 9.188721011298563113e+00 0.000000000000000000e+00
-1.112234668582006591e+00 -3.907202434147449832e+00 0.000000000000000000e+00
-1.294187950038268831e+01 -2.272573761519317781e+00 0.000000000000000000e+00
-4.480386318863270212e+00 1.689260363777017915e+01 0.000000000000000000e+00
6.107669698376293255e+00 2.475409348987843927e+00 0.000000000000000000e+00
-1.195988810364038146e+00 8.448088395320269228e+00 0.000000000000000000e+00
1.269384072531464547e+01 -6.954818934391430396e+00 0.000000000000000000e+00
1.320996651143883760e+01 -9.235369181046038989e+00 0.000000000000000000e+00
-2.849886762728077727e+00 8.584571922656953902e+00 0.000000000000000000e+00
-9.350773497866013528e+00 -8.474120194042949805e+00 0.000000000000000000e+00
-2.523975582213354940e+00 1.525206151958269984e+01 0.000000000000000000e+00
-1.303338880126205268e+01 -4.023467664590140158e-01 0.000000000000000000e+00
1.192601933611176612e+01 1.858547724480804852e+00 0.000000000000000000e+00
-1.330630648567566965e+01 2.675585156247685337e+00 0.000000000000000000e+00
-1.537873025524990034e+01 -7.167105676470907127e+00 0.000000000000000000e+00
1.711887145249462350e+01 9.590947064350432427e-01 0.000000000000000000e+00
-1.209982343461364351e+01 5.663718275628619736e+00 0.000000000000000000e+00
-8.620897020695776902e+00 -1.076594163270728766e+00 0.000000000000000000e+00
6.277505754762405132e+00 4.003455086325972800e+00 0.000000000000000000e+00
5.328506465610064247e+00 1.392794945499855430e+01 0.000000000000000000e+00
1.699607178518625528e+00 1.103567335317738696e+01 0.000000000000000000e+00
-5.984726793175774162e+00 -7.949917207014374654e+00 0.000000000000000000e+00
-6.475452472598412612e+00 1.530860283595133176e+01 0.000000000000000000e+00
-1.204483550937408658e-02 -6.756922397073608977e+00 0.000000000000000000e+00
-1.188149220667207118e+01 -8.077656573356186698e+00 0.000000000000000000e+00
1.853049390860198375e+00 3.519698638108931243e-01 0.000000000000000000e+00
-1.073273397844574362e+01 1.185292742596477389e+01 0.000000000000000000e+00
4.793470183832749143e+00 -8.055863212116154415e+00 0.000000000000000000e+00
1.097349529933192258e+01 -1.114756265575214300e+01 0.000000000000000000e+00
-5.651588162185746000e+00 1.688532443605876177e+00 0.000000000000000000e+00
-1.626114692514926219e+01 -4.600076485388570724e+00 0.000000000000000000e+00
-2.231196779390923535e+00 -1.393458533216582751e+01 0.000000000000000000e+00
-9.717531935720135294e+00 9.970992508890615946e-01 0.000000000000000000e+00
2.060740772327338100e+00 1.291155149212392494e+01 0.000000000000000000e+00
9.500273532439679869e+00 -5.976726599975676901e-01 0.000000000000000000e+00
-6.305201249330668389e+00 1.200646486608174790e+01 0.000000000000000000e+00
1.419453333362279679e+01 -4.592079665715619541e+00 0.000000000000000000e+00
-6.316039073832888651e-01 5.170821517824766289e+00 0.000000000000000000e+00
1.655197378088548277e+01 -2.304778330863860525e+00 0.000000000000000000e+00
-3.153671823127718987e+00 -2.895604962549164885e+00 0.000000000000000000e+00
-1.457814638871833246e+01 8.842733585116306472e+00 0.000000000000000000e+00
9.087402877757959629e-01 -2.440469641878824092e+00 0.000000000000000000e+00
-6.008896128064657560e+00 -1.488785853759152467e+01 0.000000000000000000e+00
-1.036530136975852834e+01 -8.123026288712934528e-01 0.000000000000000000e+00
4.120915436233713258e+00 -1.408602965673904306e+00 0.000000000000000000e+00
-1.376613510920499772e+00 -2.341113730861853703e+00 0.000000000000000000e+00
-7.681069680605787653e+00 7.204142397726807090e-01 0.000000000000000000e+00
6.224073372674670424e+00 -2.381960078640422029e+00 0.000000000000000000e+00
-3.322873186166420467e+00 1.329282899227860781e+01 0.000000000000000000e+00
6.726677208632304783e+00 -4.603638927299301131e-01 0.000000000000000000e+00
-2.906134094483036723e+00 -6.801021615625634453e+00 0.000000000000000000e+00
1.147618301472385305e+01 -9.163455382165169638e+00 0.000000000000000000e+00
-1.440723116135495552e+01 -9.238113296202879354e+00 0.000000000000000000e+00
8.670015349436052787e+00 -4.325503304937395654e+00 0.000000000000000000e+00
2.461169803769518438e+00 1.604610369970146166e+01 0.000000000000000000e+00
1.249437673767464574e+01 9.983142532829026194e+00 0.000000000000000000e+00
-1.982666824821097018e+00 -8.970350220800485275e+00 0.000000000000000000e+00
2.669554208654208782e+00 -5.387158557541752657e+00 0.000000000000000000e+00
9.718768940341172835e-02 1.285971437763540770e+01 0.000000000000000000e+00
-9.607976408068394036e+00 1.422386316535709128e+01 0.000000000000000000e+00
-7.220129835355617587e+00 -1.317892412885368181e+01 0.000000000000000000e+00
-8.578575048112764279e+00 -6.092707650057224811e+00 0.000000000000000000e+00
-4.697212609993881571e+00 4.708085116204594911e+00 0.000000000000000000e+00
2.578646509243303520e+00 -1.466846516964679381e+01 0.000000000000000000e+00
1.583273616172295339e+00 2.771772850363161123e+00 0.000000000000000000e+00
-1.116964638778979868e+01 4.393746416093770257e+00 0.000000000000000000e+00
1.841337658731332594e+00 -1.662640828806577886e+01 0.000000000000000000e+00
1.835403091943658804e+00 -1.176699448951127458e+01 0.000000000000000000e+00
-1.506157203198399763e+01 -9.235653572436899328e-01 0.000000000000000000e+00
-1.519462562416732077e+01 6.949476685020857580e+00 0.000000000000000000e+00
-9.519449689897529154e+00 -3.027204646194788573e+00 0.000000000000000000e+00
1.982964801992375570e+00 9.220246883456646003e+00 0.000000000000000000e+00
8.974155370002705467e+00 -1.174625180782967426e+01 0.000000000000000000e+00
-7.223743910262415469e+00 -9.568033092534516726e+00 0.000000000000000000e+00
1.263243764293143023e+01 -4.226849651782303319e+00 0.000000000000000000e+00
-1.387994644044199255e+01 -4.077013379205320476e+00 0.000000000000000000e+00
1.479098294803668878e+01 -6.094077948404622802e+00 0.000000000000000000e+00
-1.303931609021745430e+01 -1.083981578241172095e+01 0.000000000000000000e+00
-1.722052829845959465e+01 -7.487117670867543540e-01 0.000000000000000000e+00
1.346605498910084719e+01 -1.095702191183793417e+01 0.000000000000000000e+00
-1.124876653508177959e+01 8.306129670893984684e-01 0.000000000000000000e+00
-1.535004227658180298e+01 -3.140717875218220989e+00 0.000000000000000000e+00
7.985018326841056613e+00 -1.482141129883776820e+01 0.000000000000000000e+00
1.078832129640704984e+01 3.550171641114169829e-01 0.000000000000000000e+00
-5.205074224991012244e+00 -4.266030914832009913e+00 0.000000000000000000e+00
-2.198522991542542770e-01 -1.093429824750607349e+00 0.000000000000000000e+00
-1.103932888390194300e+01 6.730293665818293469e+00 0.000000000000000000e+00
1.008491024088610022e+00 1.551331204104947936e+01 0.000000000000000000e+00
6.121414451947959634e+00 -9.533583907293719406e+00 0.000000000000000000e+00
-1.133143728748037304e+01 -9.645879294539257742e+00 0.000000000000000000e+00
-1.665343275614629093e+01 4.761213912395620085e+00 0.000000000000000000e+00
6.110883699035013272e+00 7.440306568190011127e+00 0.000000000000000000e+00
4.063466753651846730e+00 9.978743764024724072e+00 0.000000000000000000e+00
6.899398305371760465e+00 1.463943907789636611e+01 0.000000000000000000e+00
-3.772952295480495266e+00 -1.473194525691137713e+01 0.000000000000000000e+00
5.038102971717040024e-01 -1.592286917583467698e+01 0.000000000000000000e+00
-9.444865694437966752e+00 3.248966160286573146e+00 0.000000000000000000e+00
-4.426103088262208551e+00 1.036881429672421540e+01 0.000000000000000000e+00
-1.001068973291991543e-01 1.446891869471579772e+00 0.000000000000000000e+00
4.006469474108021345e+00 -1.702034642972507328e+01 0.000000000000000000e+00
6.724411249568459370e-01 -5.354506959307669511e+00 0.000000000000000000e+00
5.915263427641729521e+00 -1.445830377720121263e+01 0.000000000000000000e+00
3.565704847247258336e+00 1.375840938133383773e+01 0.000000000000000000e+00
1.024523837740119170e+01 6.882508954712605487e+00 0.000000000000000000e+00
1.655562259950574955e+01 5.536472136505750541e+00 0.000000000000000000e+00
-8.856540544318372454e+00 -1.448895474378361570e+01 0.000000000000000000e+00
1.496478156650207936e+01 4.140798358093968012e+00 0.000000000000000000e+00
-4.003619860326287139e+00 -1.234372530389463307e+01 0.000000000000000000e+00
4.166596066936675058e+00 -4.234742084098562565e+00 0.000000000000000000e+00
-6.607278647079008138e+00 6.021013887698898337e+00 0.000000000000000000e+00
6.773398812551165271e+00 -1.201167637728286941e+01 0.000000000000000000e+00
3.181366535181070709e+00 5.297024358904668162e+00 0.000000000000000000e+00
-4.910690958370327763e+00 1.266304016342460059e+01 0.000000000000000000e+00
-5.006618225923657128e+00 1.429500628146426600e+01 0.000000000000000000e+00
1.473989383638214967e+01 7.961101361234713458e+00 0.000000000000000000e+00
-9.161736574284596202e+00 -9.988138420121003946e+00 0.000000000000000000e+00
8.287058870013835232e+00 2.952945787795175026e+00 0.000000000000000000e+00
-7.766877778600133730e+00 9.034222204287326363e+00 0.000000000000000000e+00
6.929549603884650466e+00 -4.500728165140785997e+00 0.000000000000000000e+00
-3.683620530594641451e+00 6.785072839264207900e+00 0.000000000000000000e+00
1.203949060411804994e-01 9.704292869961472334e+00 0.000000000000000000e+00
-1.388087972800870062e+01 1.057835506151508298e+01 0.000000000000000000e+00
-6.263285865825981347e+00 -3.125777369383686999e+00 0.000000000000000000e+00
9.349350967864038964e+00 9.948948691940143974e+00 0.000000000000000000e+00
-2.021685319261071978e+00 -5.335732805731090878e+00 0.000000000000000000e+00
8.840075781696681290e+00 -1.340526696812637475e+01 0.000000000000000000e+00
-1.232394365892492161e+01 1.067456692214610925e+01 0.000000000000000000e+00
3.192655033629123729e+00 -2.741012707589345787e+00 0.000000000000000000e+00
-1.674943078763931226e+01 2.256425826062054885e+00 0.000000000000000000e+00
1.299096727585038025e+01 3.596802972193372749e+00 0.000000000000000000e+00
-1.198958559112966249e+01 -5.795882852443475564e+00 0.000000000000000000e+00
-1.368155774270606173e+01 5.695953596988365675e+00 0.000000000000000000e+00
1.135780892520506669e+01 1.123842861262734161e+01 0.000000000000000000e+00
-6.179084879404976860e-01 1.649929625505139441e+01 0.000000000000000000e+00
1.476489038950365540e+01 -2.950087578790044684e+00 0.000000000000000000e+00
-8.587677436985895474e-01 1.476667932051360665e+01 0.000000000000000000e+00
-3.297663302362292992e+00 3.526439176788428220e+00 0.000000000000000000e+00
-2.379205779893556194e+00 1.699537829206198936e+01 0.000000000000000000e+00
1.296545008208784644e+01 6.082651311995413757e+00 0.000000000000000000e+00
4.867969328828399611e+00 1.576504918416449286e+01 0.000000000000000000e+00
-1.006256712930093933e+01 -5.371197307585466874e+00 0.000000000000000000e+00
-1.150136072272839804e+01 -3.596847092529482204e+00 0.000000000000000000e+00
1.114572681960996015e+01 -3.134786739080133167e+00 0.000000000000000000e+00
-1.222589390902119355e+01 7.737593184338841468e+00 0.000000000000000000e+00
1.522334755601865197e+01 6.471491565841572147e+00 0.000000000000000000e+00
-1.072464674953611663e+01 -1.361346241110449107e+01 0.000000000000000000e+00
3.967218178026769682e+00 1.407701886853423900e+00 0.000000000000000000e+00
1.065900592567509086e+01 -7.336261918071500077e+00 0.000000000000000000e+00
-7.864329939919600498e+00 1.220283748365020315e+01 0.000000000000000000e+00
1.456124959728613888e+01 -8.200820834399923598e+00 0.000000000000000000e+00
1.713111104655280270e+00 -1.335497596387995323e+01 0.000000000000000000e+00
-4.384116516199833669e+00 -1.670777692679959969e+01 0.000000000000000000e+00
4.578131993658502985e-01 4.134578751202567126e+00 0.000000000000000000e+00
-5.277282488644830849e+00 -1.801136204639234961e+00 0.000000000000000000e+00
1.649338705567559771e+01 -4.118917154377594869e+00 0.000000000000000000e+00
-1.551949910681285516e+00 -7.461093980397203396e+00 0.000000000000000000e+00
2.078044475908196187e+00 -9.622027224299321446e+00 0.000000000000000000e+00
8.850649892590730872e+00 1.342899721342576136e+01 0.000000000000000000e+00
-1.694613598420015776e+01 -3.255068889651281161e+00 0.000000000000000000e+00
-1.912931693417563306e+00 2.073847617907284224e+00 0.000000000000000000e+00
1.093152447135913619e+01 -1.292349693873587313e+01 0.000000000000000000e+00
1.610780749221299502e+01 -7.646727565132810378e-01 0.000000000000000000e+00
-1.066696996172811041e+01 2.228298948471074237e+00 0.000000000000000000e+00
-1.656426181761079519e+01 6.211119262789360773e-01 0.000000000000000000e+00
-1.663220780360739726e+00 3.697937674957317178e+00 0.000000000000000000e+00
-2.424643402242455448e+00 -1.542435709953299039e+01 0.000000000000000000e+00
3.698939805739341669e+00 -1.364853304326750738e+01 0.000000000000000000e+00
-9.027830026726872958e+00 -1.275692273915558239e+01 0.000000000000000000e+00
-9.883776323573847833e+00 -6.959198118321960891e+00 0.000000000000000000e+00
-7.786892160218101822e+00 1.054239759077008642e+01 0.000000000000000000e+00
7.193572218133191143e+00 -1.347347753376895874e+01 0.000000000000000000e+00
1.129180769402396223e+01 1.282498067208975101e+01 0.000000000000000000e+00
1.250994084193660072e+01 -1.211636428700779788e+01 0.000000000000000000e+00
6.870007031484778537e+00 -1.598046541649299357e+01 0.000000000000000000e+00
-5.665594370920944201e+00 -1.538758140718660128e-01 0.000000000000000000e+00
1.557647545517448151e+01 1.483605889723149218e+00 0.000000000000000000e+00
-1.340161310999160982e+01 -7.356218380009203806e+00 0.000000000000000000e+00
9.225902591800869246e+00 9.562963364185614878e-01 0.000000000000000000e+00
-1.810815958207646625e+00 1.282066383566911405e+01 0.000000000000000000e+00
-8.057361494353465048e+00 2.384454812060886386e+00 0.000000000000000000e+00
-1.279761415552582093e+01 4.104053173026189327e+00 0.000000000000000000e+00
4.864250234423431962e+00 8.549388338332525095e+00 0.000000000000000000e+00
9.452592951854720482e+00 4.206867469892929812e+00 0.000000000000000000e+00
-8.584286017652409839e+00 -4.564454460982341644e+00 0.000000000000000000e+00
-7.718542272415025884e+00 1.436179838694047461e+01 0.000000000000000000e+00
5.522294375474022132e+00 1.045441647138254204e+01 0.000000000000000000e+00
9.662328902498133587e+00 -1.038696910980774923e+01 0.000000000000000000e+00
-2.905929725382713213e-01 -1.743384779119027428e+01 0.000000000000000000e+00
6.526965046235690515e+00 5.578888057005082501e+00 0.000000000000000000e+00
7.191469696571416215e+00 -8.264537014954530747e+00 0.000000000000000000e+00
5.816784438984661243e-01 8.092992227377280301e+00 0.000000000000000000e+00
