-3.666609063538730506e+00 -1.169779720419058577e+01 0.000000000000000000e+00
5.667071193200681201e+00 1.081167535943281166e+01 0.000000000000000000e+00
-6.068033885126784988e+00 5.448581418186117631e+00 0.000000000000000000e+00
-3.699216883674350420e+00 -1.549569449379594843e+01 0.000000000000000000e+00
1.045022306435329362e+01 1.071954502404572018e+01 0.000000000000000000e+00
1.132000455010186535e+01 -1.279323495733756211e+01 0.000000000000000000e+00
-9.341964961685714997e+00 1.424636602765587767e+01 0.000000000000000000e+00
5.359435746237557474e+00 -8.404356171593674318e+00 0.000000000000000000e+00
3.781753059002344042e+00 9.625073575524817571e+00 0.000000000000000000e+00
-1.220486213452601731e+01 1.048067453933100701e+01 0.000000000000000000e+00
-9.156232287721280949e-01 -1.354307191901551377e+01 0.000000000000000000e+00
8.227961290990887022e+00 6.934076376329072922e+00 0.000000000000000000e+00
-3.251226797696939563e+00 1.525886539682793064e+01 0.000000000000000000e+00
-9.295836194797528762e+00 9.460734879578678758e+00 0.000000000000000000e+00
-4.556554224778543549e+00 7.806330061200378978e+00 0.000000000000000000e+00
-1.066166346098859563e+01 1.083003868844693152e+01 0.000000000000000000e+00
-3.675565878460108404e+00 1.374962127688395341e+01 0.000000000000000000e+00
5.059351220118886161e+00 1.668287608388870025e+00 0.000000000000000000e+00
-1.705323101017378207e+01 -1.575401605330300603e+00 0.000000000000000000e+00
3.564773836835658294e+00 5.397367508462112440e+00 0.000000000000000000e+00
1.008930938543390887e+01 5.551970392006742472e+00 0.000000000000000000e+00
-6.519835295899803818e+00 -7.937016089356869308e+00 0.000000000000000000e+00
4.482140501060616899e-01 -9.290480358617021484e-01 0.000000000000000000e+00
-1.126795652433626849e+01 -1.039042798976869619e+01 0.000000000000000000e+00
-1.344506559523483302e+00 9.053295584133939755e+00 0.000000000000000000e+00
-2.442926694636120111e+00 -2.899740520689535916e+00 0.000000000000000000e+00
-1.236227481758060698e+01 4.219923627065029492e-02 0.000000000000000000e+00
-1.540757389040703984e+01 1.304670291995014608e+00 0.000000000000000000e+00
-1.344205940783257347e+01 7.195597131459442686e+00 0.000000000000000000e+00
-5.717165633565223004e+00 -6.497246398459445516e+00 0.000000000000000000e+00
1.156265756693725244e+01 -8.074101471326111223e+00 0.000000000000000000e+00
1.312055997913734173e-01 8.559808186785925699e+00 0.000000000000000000e+00
2.343880213984527394e+00 8.092491652856395490e+00 0.000000000000000000e+00
-1.315459282155920562e+00 -1.590202244149557487e+01 0.000000000000000000e+00
8.058700568971650213e+00 -4.663278580167918186e+00 0.000000000000000000e+00
1.397478726714884623e+01 3.740839052754299399e+00 0.000000000000000000e+00
1.353879834506771118e+01 -1.044934688387182931e+01 0.000000000000000000e+00
-2.270093616629238920e+00 7.581270639628079344e+00 0.000000000000000000e+00
9.120574804590364515e-01 -1.045576582551954203e+01 0.000000000000000000e+00
-1.533276999795719320e+01 -5.677723782500891936e+00 0.000000000000000000e+00
-1.085791885767155840e+01 3.120296720642414368e+00 0.000000000000000000e+00
6.678314710571106261e+00 7.541192783509726105e+00 0.000000000000000000e+00
-8.632144383545140798e+00 -1.502995097750110709e+01 0.000000000000000000e+00
-6.257935551046071687e+00 -1.547404916216597703e+00 0.000000000000000000e+00
-5.924358834425543563e+00 -4.807671834139438438e+00 0.000000000000000000e+00
-6.955581597273654992e+00 1.440453985739753406e+01 0.000000000000000000e+00
1.326590032978824318e+01 8.176899443521538302e+00 0.000000000000000000e+00
1.027407243831078709e+01 -4.032946955943727652e+00 0.000000000000000000e+00
1.141379620703828834e+01 -5.496680314567045755e+00 0.000000000000000000e+00
-5.474661499092517758e+00 1.017189012233438028e+01 0.000000000000000000e+00
9.175782719198149806e+00 9.272357954059762264e+00 0.000000000000000000e+00
-2.752072842321763080e+00 3.012995170677500223e+00 0.000000000000000000e+00
8.336591590678217756e+00 -1.066247818897334554e+01 0.000000000000000000e+00
1.008165431762136022e+00 -8.788071828586447864e+00 0.000000000000000000e+00
-7.876044636646519770e+00 -9.657879115176102758e+00 0.000000000000000000e+00
3.738163967145116673e-01 5.316533573093397358e+00 0.000000000000000000e+00
-5.027829715085696982e+00 -9.065992641836544408e+00 0.000000000000000000e+00
1.329438827105659193e+01 -3.886851092646693040e+00 0.000000000000000000e+00
-1.023546775459120539e+01 -3.833750146021135397e+00 0.000000000000000000e+00
1.529961549107046537e+01 -2.097464133745746473e+00 0.000000000000000000e+00
-1.403355794327178252e+01 -3.414825673626010527e+00 0.000000000000000000e+00
7.853152998925027717e+00 -1.468782817696455645e+01 0.000000000000000000e+00
-8.382050548326684947e+00 1.288447975911093657e+01 0.000000000000000000e+00
5.699623285175548837e+00 -4.817861127907019814e+00 0.000000000000000000e+00
-7.660177197860378762e+00 5.956281468757387287e+00 0.000000000000000000e+00
7.435430846517762760e+00 1.124828423792627952e+01 0.000000000000000000e+00
8.667913623088468356e+00 4.856750748565906051e+00 0.000000000000000000e+00
5.552173187155133860e+00 5.801705948620335285e+00 0.000000000000000000e+00
-9.239989245589871558e+00 7.261186040360662730e+00 0.000000000000000000e+00
2.407149902094693594e+00 -6.776819475261185666e+00 0.000000000000000000e+00
-8.605984768395352758e-01 1.675555476927271670e+01 0.000000000000000000e+00
-9.156682405276891146e+00 -8.046780954293803134e+00 0.000000000000000000e+00
-6.972526192044952609e+00 -1.507692068580382383e+01 0.000000000000000000e+00
-7.566638355945551453e+00 -4.006200471918551109e+00 0.000000000000000000e+00
1.345944668482034645e+00 -1.252629816496133763e+01 0.000000000000000000e+00
-3.287531343132233719e+00 -6.645936416856192963e+00 0.000000000000000000e+00
-6.491844813456499885e+00 1.454184996019590059e+00 0.000000000000000000e+00
-1.720767988709189211e+01 2.850921317840534597e-01 0.000000000000000000e+00
-8.306513128055266648e+00 -6.084961025832890336e+00 0.000000000000000000e+00
1.194011490842988898e+01 -3.202873377362328577e-01 0.000000000000000000e+00
-7.740711688235599741e-01 2.814369496393051229e+00 0.000000000000000000e+00
-1.006192861865333121e+01 -1.353636871545954357e+01 0.000000000000000000e+00
1.086602021873714286e+01 2.899694452549405721e+00 0.000000000000000000e+00
3.825592876192179137e+00 -3.759306328028769517e+00 0.000000000000000000e+00
7.733015721285737776e+00 8.819273619016525956e+00 0.000000000000000000e+00
-4.141451990627191826e+00 -2.102944443356102866e+00 0.000000000000000000e+00
-5.848093803826655446e+00 -1.076726350431980883e+01 0.000000000000000000e+00
-1.454968201920279647e+01 -8.737623742101442659e+00 0.000000000000000000e+00
9.982570002341708104e+00 -1.654957340444735303e+00 0.000000000000000000e+00
-3.900767885065437035e+00 4.020515590114664972e-01 0.000000000000000000e+00
2.841269327842899095e+00 1.459924301048616790e+01 0.000000000000000000e+00
8.964807005439851650e+00 -4.083225852742214945e-01 0.000000000000000000e+00
-5.588746083368954842e+00 -1.588883038543650450e+01 0.000000000000000000e+00
-1.460709094283293119e+01 6.064345218480180932e+00 0.000000000000000000e+00
6.937900018512509703e+00 -7.439271504600234231e+00 0.000000000000000000e+00
1.533456669582801446e+01 -2.931827012367144158e-01 0.000000000000000000e+00
1.036663382084305240e+01 3.188585838401677974e-01 0.000000000000000000e+00
1.415772382786587080e+01 -7.866905948336937904e+00 0.000000000000000000e+00
1.431363220178966245e+01 9.973155421042974922e+00 0.000000000000000000e+00
9.135245380644008151e+00 -8.490870902515991858e+00 0.000000000000000000e+00
-9.107976646282857303e+00 -1.210356862136808820e+00 0.000000000000000000e+00
-6.054949560427695054e+00 2.908361913163127976e+00 0.000000000000000000e+00
2.489471367310593930e+00 -4.634054461565930261e+00 0.000000000000000000e+00
6.306139693494711373e+00 -1.475756796028445983e+01 0.000000000000000000e+00
5.115542822836816050e+00 1.447876004582987974e+01 0.000000000000000000e+00
-3.277392848763294175e+00 -1.321755058022266738e+01 0.000000000000000000e+00
1.542775055905927140e+01 5.622607327420441337e+00 0.000000000000000000e+00
9.860798520201770501e+00 -1.233855282877623871e+01 0.000000000000000000e+00
1.162883405815897575e+01 1.245922746685979687e+00 0.000000000000000000e+00
2.007860892612762793e+00 -2.863564374994881923e-01 0.000000000000000000e+00
1.350635530409552487e+01 5.303675045289405254e+00 0.000000000000000000e+00
-7.577632236823521161e+00 -1.310246479431339672e+01 0.000000000000000000e+00
-1.171954946183067037e+01 7.431376928692271733e+00 0.000000000000000000e+00
3.021125296096157431e+00 -1.114858285587204278e+01 0.000000000000000000e+00
2.473342653553672665e+00 -1.516164078642803048e+01 0.000000000000000000e+00
-3.324392212833992222e+00 9.007874384678089541e+00 0.000000000000000000e+00
1.528301791070944837e+01 7.809862869640185501e+00 0.000000000000000000e+00
1.586424449537709869e+01 -3.708571515753248171e+00 0.000000000000000000e+00
1.052924904391917771e+01 -9.389543978743626340e+00 0.000000000000000000e+00
-9.346531796683191118e+00 4.827318922460420936e+00 0.000000000000000000e+00
-4.473527853734177384e+00 2.027422549695696130e+00 0.000000000000000000e+00
3.467907468209157962e+00 1.274694147574032677e+01 0.000000000000000000e+00
7.386390794957194750e+00 1.371005016060182768e+01 0.000000000000000000e+00
8.023325153787467912e+00 1.887088982213936061e+00 0.000000000000000000e+00
1.652310514329064972e+01 -5.192787821292851547e+00 0.000000000000000000e+00
-7.104322484904519008e+00 1.589923939465131042e+01 0.000000000000000000e+00
8.006276668477079639e+00 -1.280347570485817776e+01 0.000000000000000000e+00
4.654054996772369002e+00 -1.401583792377355486e+01 0.000000000000000000e+00
-1.066542758352811227e+01 -8.513541161491948728e+00 0.000000000000000000e+00
1.089074030528634474e+01 8.702781966162101313e+00 0.000000000000000000e+00
4.801520972803663412e+00 -6.810902814895224644e+00 0.000000000000000000e+00
-1.366794021362655620e+01 9.711459002592629730e+00 0.000000000000000000e+00
-7.135369958422811687e-02 1.189676448137478637e+00 0.000000000000000000e+00
-1.058169096681773880e+01 1.325470495325988729e+01 0.000000000000000000e+00
-6.814176822543877243e+00 1.269139310740786541e+01 0.000000000000000000e+00
1.807493005892341076e+00 1.292054648607292577e+01 0.000000000000000000e+00
1.243311486775935037e+01 -2.312860681369541371e+00 0.000000000000000000e+00
6.883701018919821557e+00 4.709295891148471469e+00 0.000000000000000000e+00
-1.348344263119682251e+00 6.305182898933450630e+00 0.000000000000000000e+00
-1.258403900792746910e+01 5.637346899319330973e+00 0.000000000000000000e+00
1.663600719084647750e+01 1.834068191066668962e+00 0.000000000000000000e+00
4.083263394893042353e+00 3.022705634154816412e+00 0.000000000000000000e+00
-1.630249456056774804e+01 3.102848030617983088e+00 0.000000000000000000e+00
-1.559126769150012137e+01 -2.527220609382558880e-01 0.000000000000000000e+00
3.358293301842992573e+00 6.895187177579450655e+00 0.000000000000000000e+00
8.165841868907806500e+00 -6.428995464788411773e+00 0.000000000000000000e+00
2.736318445903290986e+00 -1.325295137841230897e+01 0.000000000000000000e+00
1.385025580904006581e+01 -8.488530052453652219e-01 0.000000000000000000e+00
6.164294494880590669e+00 -1.186028134227002262e+01 0.000000000000000000e+00
-5.964848330383205166e+00 6.951459223281127642e+00 0.000000000000000000e+00
2.174500486685961409e+00 2.896329238297401520e+00 0.000000000000000000e+00
-1.168341838165646784e+01 -2.222785886322649951e+00 0.000000000000000000e+00
3.823446563666741849e+00 -8.677543032570877557e+00 0.000000000000000000e+00
-8.881398007407087514e-01 -2.166549247671356593e+00 0.000000000000000000e+00
-9.634830969529930567e-01 -1.060148563121802745e+01 0.000000000000000000e+00
8.224145843914605347e-01 -1.435285069445847839e+01 0.000000000000000000e+00
-5.586406540042478941e-01 1.155357799157128085e+01 0.000000000000000000e+00
-2.129140805043235218e+00 1.252561884923033197e+01 0.000000000000000000e+00
-2.112577432870889282e+00 -7.732041075103271766e+00 0.000000000000000000e+00
-5.025101937870140034e+00 -1.238748630398973738e+01 0.000000000000000000e+00
-1.224050470417611258e+01 -1.230448058252223831e+01 0.000000000000000000e+00
-1.340036208307185461e+01 1.733703507032215541e+00 0.000000000000000000e+00
-8.059160925087603289e+00 3.534193474666059043e+00 0.000000000000000000e+00
4.515354514663060037e+00 -1.231624417634844981e+01 0.000000000000000000e+00
-3.597578445566331329e+00 -1.016012497704751283e+01 0.000000000000000000e+00
-1.546654570213943281e+01 -2.128285128909419566e+00 0.000000000000000000e+00
-1.091227411299015237e+00 1.434022304919009194e+01 0.000000000000000000e+00
7.423091006027707550e+00 2.780920045009347974e-01 0.000000000000000000e+00
-1.263019182494657677e+01 -9.154457437594507141e+00 0.000000000000000000e+00
5.800680971616810844e+00 1.595936141575884903e+01 0.000000000000000000e+00
1.348532536066791288e+01 7.213237466261457342e-01 0.000000000000000000e+00
-9.991827422852654905e+00 1.773247307021790009e+00 0.000000000000000000e+00
6.907730821407796817e+00 -1.309689230960146888e+00 0.000000000000000000e+00
1.444953631684064987e+00 9.748817928320404391e+00 0.000000000000000000e+00
1.866121927751996701e+00 6.010511501616263352e+00 0.000000000000000000e+00
9.240708592316096315e+00 1.236568686593955313e+01 0.000000000000000000e+00
-8.137330701061923577e+00 1.082137763028350363e+01 0.000000000000000000e+00
9.460333503777430764e+00 -1.425763956440401969e+01 0.000000000000000000e+00
8.935402963950385136e-01 -1.699542921374607829e+01 0.000000000000000000e+00
5.061306881334660446e+00 -8.306823208934056568e-01 0.000000000000000000e+00
1.347549772688976510e+01 -6.415062555133366651e+00 0.000000000000000000e+00
-8.087171177661558019e+00 9.246195753773009951e-01 0.000000000000000000e+00
-1.398485107309693198e+01 5.466982204797003753e-02 0.000000000000000000e+00
6.787426139225842370e+00 -3.558116737801543028e+00 0.000000000000000000e+00
4.033282843437818066e+00 1.619630995837020748e+01 0.000000000000000000e+00
-1.486683836242570145e+01 7.798772062419231155e+00 0.000000000000000000e+00
6.756978091653796925e-01 -2.470251707988755818e+00 0.000000000000000000e+00
-1.316304540643554155e+01 -1.442823143841223787e+00 0.000000000000000000e+00
-9.866971764459547600e+00 -6.561742255778719723e+00 0.000000000000000000e+00
5.212122242455546228e+00 8.826567460443390800e+00 0.000000000000000000e+00
-5.276994625130695393e-01 -7.770607580783376100e+00 0.000000000000000000e+00
-2.244397504513794050e+00 -4.649411067080793103e+00 0.000000000000000000e+00
1.211771320618342251e+01 1.238717391400342471e+01 0.000000000000000000e+00
-1.604055612509518447e+00 -6.375454280506236415e-01 0.000000000000000000e+00
-3.463279344766790224e+00 5.653829499551593862e+00 0.000000000000000000e+00
-1.189806646685274671e+01 -5.340553758780568039e+00 0.000000000000000000e+00
1.604049844836007210e+01 4.089119854644959418e+00 0.000000000000000000e+00
1.200866415602717829e+01 6.687559194137685736e+00 0.000000000000000000e+00
1.494887897140558586e+01 1.395179897681228187e+00 0.000000000000000000e+00
-4.856930052402441689e+00 1.174785226194896914e+01 0.000000000000000000e+00
3.998129710788055569e+00 -1.646302683379244058e+01 0.000000000000000000e+00
6.859634839465069689e-01 1.653429773122611124e+01 0.000000000000000000e+00
-6.800426727252593118e-01 -4.334413311304176730e+00 0.000000000000000000e+00
-1.860085161559971167e+00 1.026939638556679135e+00 0.000000000000000000e+00
-1.160931683061890496e+01 -7.342522239739466272e+00 0.000000000000000000e+00
9.347475361227981949e+00 3.038662978742960430e+00 0.000000000000000000e+00
-9.075619065621596704e+00 -1.235648557727531838e+01 0.000000000000000000e+00
5.957875450502058134e-01 1.411390487162395679e+01 0.000000000000000000e+00
-5.181105345465572221e+00 1.566573222798166221e+01 0.000000000000000000e+00
6.061423195016804932e+00 1.248636197391367730e+01 0.000000000000000000e+00
1.688329661053418462e+01 -2.489185931290620157e+00 0.000000000000000000e+00
1.906585889114305266e+00 1.137111551736912141e+01 0.000000000000000000e+00
1.509929030910177516e+01 -6.505428755283233500e+00 0.000000000000000000e+00
-1.088983653861143885e+01 -7.324993280221533398e-01 0.000000000000000000e+00
1.431410429775843340e+01 -4.998617453308540348e+00 0.000000000000000000e+00
-1.620759958939509460e+01 -4.430016004528564366e+00 0.000000000000000000e+00
-1.321059212413313055e+01 -7.140769226154833227e+00 0.000000000000000000e+00
-1.231870165856885180e+01 3.685343814452959332e+00 0.000000000000000000e+00
-1.574619632532561653e+01 4.812217172803110010e+00 0.000000000000000000e+00
1.224898883385817072e+01 9.708219691713765087e+00 0.000000000000000000e+00
4.963022283794273015e+00 -2.471721911017783491e+00 0.000000000000000000e+00
-1.428082515337898606e+01 4.054972784647469020e+00 0.000000000000000000e+00
9.992940978387009343e-01 -4.276951808356922236e+00 0.000000000000000000e+00
-7.330628820311433813e+00 9.078663159272759131e+00 0.000000000000000000e+00
1.257081485299196366e+01 2.694124769908484929e+00 0.000000000000000000e+00
1.587082945960571534e+00 1.164826869595544823e+00 0.000000000000000000e+00
7.220832263414818541e+00 -9.502682344350866117e+00 0.000000000000000000e+00
-4.468126351551687137e+00 -4.126453831309597753e+00 0.000000000000000000e+00
7.886984311808623360e+00 -2.467691966382075108e+00 0.000000000000000000e+00
-1.049084757372034282e+01 6.169225267448307903e+00 0.000000000000000000e+00
6.487271693808755124e+00 2.811016668077507052e+00 0.000000000000000000e+00
-5.439924703255018201e+00 1.382474536296887457e+01 0.000000000000000000e+00
-9.513963076342529135e+00 -1.016313692144732350e+01 0.000000000000000000e+00
3.771985036316923612e+00 -5.438841617257235583e+00 0.000000000000000000e+00
3.705405854294607781e+00 1.383359702658096269e-01 0.000000000000000000e+00
4.462619212952941616e+00 -1.058173857642253068e+01 0.000000000000000000e+00
-3.559361914864787035e-01 -6.062640834559392289e+00 0.000000000000000000e+00
2.205658008800233105e+00 -1.938678055632621300e+00 0.000000000000000000e+00
-3.450697620934559229e+00 1.704160086014228170e+01 0.000000000000000000e+00
-2.902821437200080457e+00 1.094517077833032914e+01 0.000000000000000000e+00
2.247958330635399626e+00 4.476543747862579359e+00 0.000000000000000000e+00
-5.402401249515158987e+00 -1.422583193225078801e+01 0.000000000000000000e+00
1.171238156571251743e+01 4.600852179790325458e+00 0.000000000000000000e+00
-1.351038423685887047e+01 -4.857030362307487970e+00 0.000000000000000000e+00
-3.213410549765043367e+00 -1.692796480456696528e+01 0.000000000000000000e+00
2.470545080558048223e+00 1.609582988793805214e+01 0.000000000000000000e+00
-1.251582966081438464e+01 -3.514216395693631423e+00 0.000000000000000000e+00
-7.636807541990561887e+00 -1.126329588886572353e+01 0.000000000000000000e+00
1.238904225412396620e+01 -9.355834175560250543e+00 0.000000000000000000e+00
-1.351084476413445312e+00 4.731438486800558785e+00 0.000000000000000000e+00
-1.370503851792098438e+01 -1.057549348614005957e+01 0.000000000000000000e+00
-1.069862600727867452e+01 8.803334503416397894e+00 0.000000000000000000e+00
1.730512158746708806e+01 -6.305804156763787915e-01 0.000000000000000000e+00
1.129711637096439958e+01 -1.102843604502613850e+01 0.000000000000000000e+00
-1.167820671625288220e+01 1.220847192376196233e+01 0.000000000000000000e+00
-4.093244686389039266e+00 4.228474510298999789e+00 0.000000000000000000e+00
