-6.779236823170829984e-01 -2.671042373919165769e+00 0.000000000000000000e+00
2.793915642993409332e+00 -1.646496141802951385e+01 0.000000000000000000e+00
-2.221896176024711789e+00 -8.933863449982322180e+00 0.000000000000000000e+00
-1.609700036755477015e+01 -4.381188701556195664e-01 0.000000000000000000e+00
-3.558847717343889716e+00 -1.826282796393464469e+00 0.000000000000000000e+00
1.017860732859218409e+01 1.523732862655248432e+01 0.000000000000000000e+00
1.638352047196580941e+01 6.418859852939654331e+00 0.000000000000000000e+00
-8.354104929867258278e+00 2.273135196097871624e+00 0.000000000000000000e+00
-5.738865816992234414e+00 1.090916721950687673e+01 0.000000000000000000e+00
1.757682085168952923e+01 -3.008276750914732567e+00 0.000000000000000000e+00
-8.970736523549973640e+00 8.909704790020578358e+00 0.000000000000000000e+00
-4.920538720334872274e+00 -7.793022661494779513e+00 0.000000000000000000e+00
2.796230806148634063e+00 -1.413540070694169692e+01 0.000000000000000000e+00
8.227472631128193825e+00 8.668703884401733006e+00 0.000000000000000000e+00
-5.334071171407491541e+00 2.809977627232389086e+00 0.000000000000000000e+00
-1.374204291156362068e+01 1.078195893744988254e+01 0.000000000000000000e+00
-1.215644189002392128e+00 5.906087048463164457e+00 0.000000000000000000e+00
-1.313726335285058688e+01 -4.206590683341363324e+00 0.000000000000000000e+00
-9.774152371617352841e+00 -3.083545121893855434e+00 0.000000000000000000e+00
1.501551824819840064e+00 1.284354047505991758e+01 0.000000000000000000e+00
-1.448042386958389827e+00 1.717928992915928532e+01 0.000000000000000000e+00
1.614510926685403902e+01 -3.452579498079925147e-01 0.000000000000000000e+00
4.159982712532988458e+00 7.407053661769197328e-01 0.000000000000000000e+00
-5.962131200164590084e+00 -1.206349648299461030e+01 0.000000000000000000e+00
-1.187006192397987991e+00 -1.763668350183183264e+01 0.000000000000000000e+00
1.119215847939433672e+01 3.287063476095914982e+00 0.000000000000000000e+00
6.160203315904856147e+00 -1.793768758690041265e+00 0.000000000000000000e+00
-4.760511043884013027e+00 4.719903501760076558e+00 0.000000000000000000e+00
5.837923192472661560e-01 -1.672537526447453349e+00 0.000000000000000000e+00
-1.150052353418149842e+01 -2.195237519459427578e+00 0.000000000000000000e+00
-9.673516609880534745e+00 -6.446012417584645604e+00 0.000000000000000000e+00
1.048250970518467007e+01 -1.486592518510706284e+01 0.000000000000000000e+00
4.056819235049506034e+00 -7.761729994974331248e+00 0.000000000000000000e+00
8.198169607812097581e+00 -3.522752310453717506e+00 0.000000000000000000e+00
-1.731200594376555602e+00 1.287753261350246348e+01 0.000000000000000000e+00
9.118579850878401061e+00 -2.259924661349094421e+00 0.000000000000000000e+00
1.199251045925616665e+01 1.400979474904668187e+01 0.000000000000000000e+00
4.927306102023508494e+00 -1.516575697285679958e+01 0.000000000000000000e+00
-1.804785051548650898e+01 -1.350707586795335258e-01 0.000000000000000000e+00
-8.255286633990762013e+00 -9.557013743585667243e+00 0.000000000000000000e+00
1.752749518851369359e+01 -4.925243075425003170e+00 0.000000000000000000e+00
-1.380411833081116812e+00 9.935404864226212496e+00 0.000000000000000000e+00
7.249851297077904988e+00 1.599875929562345078e+01 0.000000000000000000e+00
-1.088584309636453806e+00 3.944108779108679741e+00 0.000000000000000000e+00
5.468686542006336859e-01 -1.303097289441216944e+01 0.000000000000000000e+00
3.194872042953442293e+00 9.462934833572374416e+00 0.000000000000000000e+00
-3.764458160548746157e+00 1.732682191690885176e+01 0.000000000000000000e+00
-5.587732850111231109e+00 1.696579295543217469e+01 0.000000000000000000e+00
9.687047162079799989e+00 -8.530773256912524971e+00 0.000000000000000000e+00
-2.943002041520667245e+00 6.014548635446923086e+00 0.000000000000000000e+00
1.794226330118902979e+00 -3.430225414109501436e+00 0.000000000000000000e+00
1.138377510323773478e+01 5.305219259157023970e+00 0.000000000000000000e+00
6.660524551071717703e+00 -8.137894148484782875e+00 0.000000000000000000e+00
4.187441322573388192e+00 1.221455522366599133e+01 0.000000000000000000e+00
1.097909486163956139e+01 1.177867896158592664e+01 0.000000000000000000e+00
3.942400307841025242e-01 1.071836039846556865e+01 0.000000000000000000e+00
8.609991168332827627e+00 -1.174438188297155783e+01 0.000000000000000000e+00
1.404279629342164704e+01 1.562928709798519611e+00 0.000000000000000000e+00
-3.957949069359606664e+00 -1.130349739299540879e+01 0.000000000000000000e+00
-1.612189952175341645e+01 6.255593920680325937e+00 0.000000000000000000e+00
6.834523772465618485e+00 8.633257608004536454e-01 0.000000000000000000e+00
-1.209870706846644417e+01 1.186950532553342441e+01 0.000000000000000000e+00
-1.653318679927173562e+01 1.489813104646679598e+00 0.000000000000000000e+00
-1.080599312908666931e+01 1.001171987286413589e+01 0.000000000000000000e+00
6.082914877903266015e-01 -1.567554332425870811e+01 0.000000000000000000e+00
-1.371213216344219887e+01 8.037586081523164339e+00 0.000000000000000000e+00
-7.492907779644991884e+00 -1.130060029476958583e+01 0.000000000000000000e+00
-1.570463429703535496e+01 -9.919621242193750632e+00 0.000000000000000000e+00
-1.007845194542187706e+01 -4.593013032025234033e+00 0.000000000000000000e+00
8.363730190623485328e+00 6.147388538542378100e+00 0.000000000000000000e+00
-8.880556472848846639e+00 3.921038083561216858e+00 0.000000000000000000e+00
1.353022446372732546e+01 -8.309576803563542668e+00 0.000000000000000000e+00
7.483947406032938510e+00 1.401506870484367440e+01 0.000000000000000000e+00
-7.696737059483099053e+00 -7.474931147298122802e+00 0.000000000000000000e+00
-8.199510811787327214e+00 1.093617255025374035e+01 0.000000000000000000e+00
3.051423462541675846e+00 4.734628634199083308e+00 0.000000000000000000e+00
1.296913790680357614e+01 -1.033775041483136015e+01 0.000000000000000000e+00
6.302603126204817663e+00 -1.788384959497011195e+01 0.000000000000000000e+00
2.807575315948539707e+00 -1.042610095999958197e+01 0.000000000000000000e+00
-1.454362352610836950e+01 -1.631709699537662095e+00 0.000000000000000000e+00
4.537528822355681335e+00 -1.252498299988281216e+00 0.000000000000000000e+00
3.634562106267654968e+00 -4.349716553160489774e+00 0.000000000000000000e+00
9.697648529762902925e+00 1.098257203302902596e+01 0.000000000000000000e+00
-1.047011499281808788e+01 -8.371145319470965518e+00 0.000000000000000000e+00
-1.262279227485002231e+01 1.428079747219875184e+00 0.000000000000000000e+00
1.414553774805819231e+01 1.147655119340516983e+01 0.000000000000000000e+00
-6.782592129286578064e+00 1.500837680776483474e+01 0.000000000000000000e+00
-1.079011105599748532e+01 -1.504422245573949368e+01 0.000000000000000000e+00
-1.103491769866153271e+00 -1.594281356333732802e+01 0.000000000000000000e+00
4.204294375232770165e+00 7.787656350046514575e+00 0.000000000000000000e+00
4.192414408903272438e+00 -1.324132974166707122e+01 0.000000000000000000e+00
-6.847175887782687154e-01 7.379443116486369192e+00 0.000000000000000000e+00
3.482667280075745442e+00 1.500824139982367633e+01 0.000000000000000000e+00
1.017528003804844516e+01 -1.072511645248202150e+01 0.000000000000000000e+00
1.671268598132184735e+01 2.598074768814941482e+00 0.000000000000000000e+00
-1.608204173484536881e+01 8.673198778009160392e+00 0.000000000000000000e+00
1.158811422087643095e+01 -4.077448341074398352e-01 0.000000000000000000e+00
-1.371321804645516096e+01 -9.139995500454467958e+00 0.000000000000000000e+00
-2.615846798539636087e+00 -4.806852053355639143e+00 0.000000000000000000e+00
7.797483903498035218e+00 -1.635353214428230118e+01 0.000000000000000000e+00
1.353477969404429970e+01 7.496071034141642109e+00 0.000000000000000000e+00
-1.105190611329541994e+01 1.376014737729416204e+01 0.000000000000000000e+00
-3.858742415274208359e-01 -1.126229285929342794e+01 0.000000000000000000e+00
1.307689168943609559e+01 -2.904703396407626759e+00 0.000000000000000000e+00
-1.093668311236375779e+01 -4.173211855756004396e-01 0.000000000000000000e+00
-8.053950145389009663e+00 1.368188504573798348e+01 0.000000000000000000e+00
-2.539643936961904380e+00 1.452313511019282188e+01 0.000000000000000000e+00
6.787295356241147104e+00 1.132292130854711942e+01 0.000000000000000000e+00
-7.206247072897898676e+00 -5.888229241923221835e+00 0.000000000000000000e+00
9.024634896960362695e+00 1.075360474401013899e+00 0.000000000000000000e+00
2.258603126193294397e+00 2.175434057321460557e+00 0.000000000000000000e+00
-1.648700864518725595e+01 -4.352164320062906100e+00 0.000000000000000000e+00
-3.651105327923889643e+00 3.478702895620024549e+00 0.000000000000000000e+00
6.207080190826791188e+00 6.953804496679941494e+00 0.000000000000000000e+00
-4.532834859680364481e+00 -1.680037497522689804e+01 0.000000000000000000e+00
1.384658627649888452e+00 3.436642754711109471e-01 0.000000000000000000e+00
-1.604318260811615815e+01 -7.421375128984779579e+00 0.000000000000000000e+00
1.398831025224568947e+01 4.711436585925637743e+00 0.000000000000000000e+00
1.712207101139317400e+00 7.644115766612233465e+00 0.000000000000000000e+00
-1.496371654386933514e+01 -5.838195300199970461e+00 0.000000000000000000e+00
-1.329954709147136604e+01 1.293051802825306851e+01 0.000000000000000000e+00
1.762619778507838930e+01 -1.177876630263904767e+00 0.000000000000000000e+00
-1.738744715346751946e+01 7.182486799877033867e+00 0.000000000000000000e+00
-7.816758403280399392e+00 6.733438524192208341e+00 0.000000000000000000e+00
-1.102840665149030386e+01 -1.356290498801193678e+01 0.000000000000000000e+00
-8.796748391530620381e+00 1.650909237753397463e+01 0.000000000000000000e+00
1.225111615534514442e+01 9.486197204189281251e+00 0.000000000000000000e+00
-1.238318160759708242e+01 4.095868384678650997e+00 0.000000000000000000e+00
-2.466513550249357145e+00 -2.230420293385258490e-01 0.000000000000000000e+00
-1.684377628109833047e+00 -1.037131318866988750e+01 0.000000000000000000e+00
-9.484631409374031819e+00 -1.079484426794248542e+01 0.000000000000000000e+00
-2.511123423491692375e+00 1.349496175777632700e+00 0.000000000000000000e+00
1.327626213281659240e+01 -6.737748528700158168e+00 0.000000000000000000e+00
-1.486863844730940976e+01 9.568228843923096250e+00 0.000000000000000000e+00
7.314757775616233637e+00 -5.125887254501889423e+00 0.000000000000000000e+00
1.741416875293582578e+01 4.936768426400839793e+00 0.000000000000000000e+00
4.639236906174605934e+00 -1.054024074745717421e+01 0.000000000000000000e+00
-1.447101880421654130e+01 5.345543007109183620e+00 0.000000000000000000e+00
-4.885653626996799836e+00 -3.263774124556150458e+00 0.000000000000000000e+00
8.400187818204097212e+00 -7.394761659970227718e+00 0.000000000000000000e+00
-8.187699353667673430e-01 1.481734285771743842e+01 0.000000000000000000e+00
-3.149882337532524890e+00 -1.319735910243207222e+01 0.000000000000000000e+00
-6.016057291223585679e+00 -1.448506862504892290e+01 0.000000000000000000e+00
6.516141314750533375e+00 -1.260359546990918211e+01 0.000000000000000000e+00
1.534626255024457997e+01 -3.739162591635426303e+00 0.000000000000000000e+00
1.889460486136531836e+00 1.735907364562374866e+01 0.000000000000000000e+00
-1.551048141177274964e+00 -1.272792775995207926e+01 0.000000000000000000e+00
-5.818901533958152683e+00 -8.616742406770500073e-01 0.000000000000000000e+00
7.921461273732588459e+00 3.397511918605066850e+00 0.000000000000000000e+00
-4.972438064016710513e+00 -5.694895913381885499e+00 0.000000000000000000e+00
-3.732740681004657612e-01 -8.091308071270731261e+00 0.000000000000000000e+00
-8.098292490928573173e+00 -1.271519889050939689e+01 0.000000000000000000e+00
-1.840851599802772398e+01 -2.731929880218026963e+00 0.000000000000000000e+00
-2.339339971488352543e-01 -4.638056184156901907e+00 0.000000000000000000e+00
-1.791666502252649096e+01 -5.909444223186471667e+00 0.000000000000000000e+00
-2.458542571415725408e+00 7.752433739714754246e+00 0.000000000000000000e+00
1.598793166752760797e+01 -8.667034556597117856e+00 0.000000000000000000e+00
1.464245260252867276e+01 9.793680238530605209e+00 0.000000000000000000e+00
-7.615313887663284653e+00 -1.541038028989570208e+01 0.000000000000000000e+00
-1.088439943095508333e+01 4.015393880185661679e+00 0.000000000000000000e+00
7.300667483863042539e-01 -9.979711935663498679e+00 0.000000000000000000e+00
-9.262687604160280586e+00 5.757549297228972129e+00 0.000000000000000000e+00
9.156566020013523044e+00 -5.783728185043304215e+00 0.000000000000000000e+00
1.071373453498390127e+01 -1.278012889212542547e+01 0.000000000000000000e+00
5.923442087046088211e+00 1.493462927320822509e+01 0.000000000000000000e+00
-3.113210805129591918e+00 1.143238934507860982e+01 0.000000000000000000e+00
-1.240366438279296624e+01 -7.947145933059562850e+00 0.000000000000000000e+00
1.517453090885395461e+01 -1.095452094766337048e+01 0.000000000000000000e+00
4.673033560207980663e+00 1.773312467227498246e+01 0.000000000000000000e+00
1.047663184471616482e+01 -3.635397729649523235e+00 0.000000000000000000e+00
-1.605035938404051521e+01 4.357787532234926431e+00 0.000000000000000000e+00
5.564392412770205354e+00 4.516199375058531196e+00 0.000000000000000000e+00
1.765561562536557272e+00 -8.483466897585927313e+00 0.000000000000000000e+00
8.895010707587047705e+00 -1.490974038602547758e+01 0.000000000000000000e+00
1.384191175395964812e+01 -1.245488049759149263e+01 0.000000000000000000e+00
2.744192637373935373e+00 -6.400904966290902998e+00 0.000000000000000000e+00
-1.198016991891964800e+01 5.908230534851079518e+00 0.000000000000000000e+00
-1.460735693617299624e+01 6.453519450002066782e-02 0.000000000000000000e+00
-1.226075874584767966e+01 9.581144736556437280e+00 0.000000000000000000e+00
3.573513399290709991e+00 -1.802816107281672231e+01 0.000000000000000000e+00
-8.956869091361653545e+00 -4.139828723052644266e-01 0.000000000000000000e+00
5.692269630237007050e+00 1.288859155401868861e+01 0.000000000000000000e+00
7.700690550233401765e+00 -9.849093883622298762e+00 0.000000000000000000e+00
8.190629553937140983e+00 1.076763407554641638e+01 0.000000000000000000e+00
-5.506064561526442525e+00 8.606366248385143081e+00 0.000000000000000000e+00
-1.248435560641035380e+01 -5.251017303484586396e-01 0.000000000000000000e+00
-9.906165843685032613e+00 7.299115473280428645e+00 0.000000000000000000e+00
-2.319312793237510828e+00 -1.463299147181615467e+01 0.000000000000000000e+00
9.866196529743444188e+00 1.374958115705490158e+01 0.000000000000000000e+00
4.964576176884657466e-01 1.648717398596797423e+01 0.000000000000000000e+00
1.421739991509285161e+01 -5.550002166801465187e+00 0.000000000000000000e+00
8.579744952447770245e+00 1.529548597360276219e+01 0.000000000000000000e+00
-5.970810499158381468e+00 6.427851677589511148e+00 0.000000000000000000e+00
-1.024003978780275403e+01 2.601418644948775949e+00 0.000000000000000000e+00
-1.177740397738362432e+01 7.983489625169273296e+00 0.000000000000000000e+00
-4.542936011838300203e+00 1.384921409584995011e+01 0.000000000000000000e+00
1.167947896420335852e+01 -5.045168279200384909e+00 0.000000000000000000e+00
-6.635076463801277136e+00 -3.597750557224825396e+00 0.000000000000000000e+00
-2.603386653845550125e+00 -6.846003111611154601e+00 0.000000000000000000e+00
1.064749154812745857e+01 1.856954917376254066e+00 0.000000000000000000e+00
1.042462157505101850e+01 6.998954939256485375e+00 0.000000000000000000e+00
1.415573931992943013e+00 9.163850487676979739e+00 0.000000000000000000e+00
1.355884297533146921e+01 -5.674909120043237776e-01 0.000000000000000000e+00
1.055816098220159738e+01 9.511620099506808756e+00 0.000000000000000000e+00
-1.419442025330074664e+01 -7.702135136278183580e+00 0.000000000000000000e+00
-3.549890761815982732e+00 -1.855871049222935909e+01 0.000000000000000000e+00
1.550684803024781644e+01 -6.707366211792070487e+00 0.000000000000000000e+00
-1.150932912620770487e+01 -1.180879046989729098e+01 0.000000000000000000e+00
-1.426592050003529089e+01 2.589424046969685644e+00 0.000000000000000000e+00
5.664761456951082685e+00 9.818329423484543739e+00 0.000000000000000000e+00
1.606029960830016634e+01 1.155821242333857191e+00 0.000000000000000000e+00
9.679717364587807626e-01 -6.876131596596244400e+00 0.000000000000000000e+00
-6.116171296885295483e+00 -9.718818135259013502e+00 0.000000000000000000e+00
-9.571059210260372652e+00 -1.410276594652883553e+01 0.000000000000000000e+00
1.494939668596013327e+01 -2.093504529319045737e+00 0.000000000000000000e+00
3.117424939578326004e-01 -1.790704550636701242e+01 0.000000000000000000e+00
-1.415513144817933266e+01 -1.112603403512081890e+01 0.000000000000000000e+00
4.105758373697249830e+00 5.980896749257039957e+00 0.000000000000000000e+00
-4.432475171634044031e+00 1.501614095164569007e-01 0.000000000000000000e+00
-5.525867083264914825e+00 1.266890657242765883e+01 0.000000000000000000e+00
-7.893572142526877222e+00 -1.688536483455398951e+01 0.000000000000000000e+00
7.985189802394859093e+00 -3.480540358584637839e-01 0.000000000000000000e+00
-7.343898333614199636e+00 -4.642413713141587198e-03 0.000000000000000000e+00
-6.072697456461028764e+00 1.382319830241855785e+00 0.000000000000000000e+00
8.462082199853718123e+00 1.252685770317293112e+01 0.000000000000000000e+00
-6.343802571836770987e+00 4.475125885516591850e+00 0.000000000000000000e+00
-9.299859629860083743e+00 -1.624071261776073172e+01 0.000000000000000000e+00
-1.835416834284543697e+01 2.379993375486285867e+00 0.000000000000000000e+00
1.834605379669351111e+00 1.503499155209273397e+01 0.000000000000000000e+00
2.743752050325631409e+00 -1.211509262899262396e+01 0.000000000000000000e+00
1.314068502424935936e+01 3.293568504047212908e+00 0.000000000000000000e+00
5.116442110107882968e+00 -4.955519272464978364e+00 0.000000000000000000e+00
-4.051928224985422489e+00 1.554852959619655373e+01 0.000000000000000000e+00
3.816581329227897168e+00 2.898015451028261857e+00 0.000000000000000000e+00
-1.174126583599579376e+01 -5.313241216654325250e+00 0.000000000000000000e+00
9.242718538518170490e+00 4.328951531432577937e+00 0.000000000000000000e+00
-8.193435347762671128e+00 -3.640990293717490722e+00 0.000000000000000000e+00
1.559882967990498948e+01 7.951885777843191505e+00 0.000000000000000000e+00
9.219710638565496552e+00 2.579571898020065923e+00 0.000000000000000000e+00
1.956855369571038672e+00 1.122340265877760324e+01 0.000000000000000000e+00
1.131890438977961111e+01 -9.739696363865784079e+00 0.000000000000000000e+00
6.085959374742641259e+00 -9.582154058621231485e+00 0.000000000000000000e+00
-1.476935190533432873e+01 -3.355612770728927607e+00 0.000000000000000000e+00
-6.059663173931819635e+00 -1.776245079271742000e+01 0.000000000000000000e+00
1.165973908307903351e+01 8.044089260533439756e+00 0.000000000000000000e+00
1.759023663950114269e+01 1.034603754730087033e+00 0.000000000000000000e+00
1.638900663562009186e+01 9.503988473212549692e+00 0.000000000000000000e+00
-8.890981773315528969e+00 1.235903556882254684e+01 0.000000000000000000e+00
3.951079893165083678e+00 -2.775129224714588894e+00 0.000000000000000000e+00
1.449982791548489125e+01 6.157315514962660608e+00 0.000000000000000000e+00
2.977702398155388508e+00 -4.574043170892886367e-01 0.000000000000000000e+00
7.196201616242121624e+00 -1.465151210190434306e+01 0.000000000000000000e+00
-1.275661290479897758e+01 -1.304662910840510825e+01 0.000000000000000000e+00
-1.271541795863415913e+01 -1.045037191618648720e+01 0.000000000000000000e+00
2.461951559520939359e+00 -2.026290372609341528e+00 0.000000000000000000e+00
-1.712931890934012158e-02 1.374198096524389179e+00 0.000000000000000000e+00
