6.092241455859995547e+00 1.181248618084038426e+01 0.000000000000000000e+00
-5.779046126821654639e+00 2.277216120199103244e+00 0.000000000000000000e+00
9.726558513412246754e+00 5.969683535488329973e+00 0.000000000000000000e+00
1.344901062695265459e+01 -4.742639575208761338e-01 0.000000000000000000e+00
1.856820180507273577e+01 7.472988377083972233e-01 0.000000000000000000e+00
-5.743547256744557794e-01 8.760515695548782844e-01 0.000000000000000000e+00
1.270672413158907688e+01 -5.201302135190295495e+00 0.000000000000000000e+00
3.639243387349178516e+00 2.438560034566338519e+00 0.000000000000000000e+00
-9.156345985079765271e+00 -2.765228641139378496e+00 0.000000000000000000e+00
5.361265524543402883e+00 9.793845604907813751e+00 0.000000000000000000e+00
-1.562103569014169402e+01 -5.244576352934735120e+00 0.000000000000000000e+00
-8.144162699592776278e+00 -8.406059144195905830e+00 0.000000000000000000e+00
-6.281530509390470307e+00 5.819025732720409572e+00 0.000000000000000000e+00
-1.237841853566332517e+01 -1.133389418075010546e+01 0.000000000000000000e+00
-7.095790918708635431e+00 -6.127196992061684888e+00 0.000000000000000000e+00
2.096024865622783118e+00 -8.474165659034672560e-01 0.000000000000000000e+00
-2.619186496989858615e+00 -1.475132939631262197e+01 0.000000000000000000e+00
-7.295542954980565042e+00 1.325554519478546212e+01 0.000000000000000000e+00
-9.862988741024503625e+00 1.083682910511300435e+01 0.000000000000000000e+00
-2.756801971386672268e+00 -1.294372030671526552e+01 0.000000000000000000e+00
-9.434220317828932778e+00 -7.268620769045721630e-01 0.000000000000000000e+00
-4.837835268371669883e+00 1.834458129327993348e+01 0.000000000000000000e+00
1.401085687050223072e+01 6.194810823788412080e+00 0.000000000000000000e+00
-9.616872846848837142e+00 1.478993241652957025e+01 0.000000000000000000e+00
6.113045747060231072e+00 4.861608708747430008e+00 0.000000000000000000e+00
-8.248679529423837309e+00 -1.293032876645344942e+01 0.000000000000000000e+00
-6.442478108023623307e+00 -1.748289148714913566e+01 0.000000000000000000e+00
-6.000894625393851101e+00 1.134898826579272679e+01 0.000000000000000000e+00
-2.115276169100629655e+00 6.787900864203749940e+00 0.000000000000000000e+00
-5.511030038928913521e-01 -1.141804399986759222e+01 0.000000000000000000e+00
-1.830747991868489066e+01 -1.768281098589963074e+00 0.000000000000000000e+00
-1.232418212081700659e+01 1.154610481947662315e+01 0.000000000000000000e+00
-1.177940732581546301e+00 1.598214788362760608e+01 0.000000000000000000e+00
-8.182595759921090561e+00 1.108263252447584257e+01 0.000000000000000000e+00
9.507708640326296035e+00 -1.642586089067250299e+01 0.000000000000000000e+00
-9.695310083451127880e+00 -7.143370921732707046e+00 0.000000000000000000e+00
-2.406994143178337708e+00 1.020507572671539265e+01 0.000000000000000000e+00
1.668718436217662360e+00 1.116556994866738606e+01 0.000000000000000000e+00
1.022634765449731198e+00 5.005624935991496827e+00 0.000000000000000000e+00
2.216296798069544494e+00 -7.982687177625433783e+00 0.000000000000000000e+00
-1.020410329663738569e+00 -1.628006065681120162e+01 0.000000000000000000e+00
-2.762912497926339750e+00 -1.786201890454788810e+01 0.000000000000000000e+00
-1.233507772185288331e+01 6.066955272735824467e-01 0.000000000000000000e+00
-9.181728531915879898e+00 -1.486897009986424401e+01 0.000000000000000000e+00
6.285768748606846756e+00 -7.893049587414436630e+00 0.000000000000000000e+00
-1.543873996495420897e+01 1.076930650557111413e+01 0.000000000000000000e+00
3.513616525969128546e+00 -2.354165733704487451e+00 0.000000000000000000e+00
-1.516858338012199603e+01 1.463218691388402881e+00 0.000000000000000000e+00
4.600353153623246705e+00 -1.253184312016811397e+01 0.000000000000000000e+00
-1.481156762210621913e+01 -7.565379393923890916e+00 0.000000000000000000e+00
1.624792106629285371e+01 -4.074214301701515772e+00 0.000000000000000000e+00
1.512550406588197127e+01 -5.887502495378262424e+00 0.000000000000000000e+00
8.216449102917572134e+00 1.337750804363810708e+01 0.000000000000000000e+00
6.851463106604844810e+00 -2.581159259452758370e+00 0.000000000000000000e+00
-1.539690476095975846e+01 5.092511467621964272e+00 0.000000000000000000e+00
-3.821009282316435662e+00 9.218393344617341334e-02 0.000000000000000000e+00
1.271928730793228368e+01 3.176815703884024344e+00 0.000000000000000000e+00
1.199261441165753617e+01 -3.098291149746628559e+00 0.000000000000000000e+00
-5.544818049701476070e+00 -1.537965050269041534e+01 0.000000000000000000e+00
1.133454174864915842e+01 2.222180695538700235e+00 0.000000000000000000e+00
-1.687590222867127565e+01 1.572653211945099772e+00 0.000000000000000000e+00
6.992648369201412528e+00 -1.528812674905042357e+01 0.000000000000000000e+00
1.888832391371694541e+01 -7.404518507173740716e-01 0.000000000000000000e+00
1.007704673116072769e+01 -4.278555140537524393e-01 0.000000000000000000e+00
1.308903581910417913e+01 1.247614217507164724e+01 0.000000000000000000e+00
-1.278161063999777625e+01 7.238238501363081667e+00 0.000000000000000000e+00
1.588196381655782119e+01 9.614733296804418572e-01 0.000000000000000000e+00
1.570013788029152479e+01 7.880433149741471688e+00 0.000000000000000000e+00
-7.876163957842877927e+00 2.733543786740020742e+00 0.000000000000000000e+00
-6.929704054126179180e+00 -2.836258383221819557e+00 0.000000000000000000e+00
-1.880518254396254862e+00 1.800910205326675850e+01 0.000000000000000000e+00
1.115752932332781944e+00 -1.330135520644272695e+01 0.000000000000000000e+00
-1.212650180516708609e+01 4.648598762638700421e+00 0.000000000000000000e+00
-1.065138792485507224e+01 8.511377545072473794e+00 0.000000000000000000e+00
-1.291578092368405928e+00 2.682840450005559152e+00 0.000000000000000000e+00
1.143550017209461522e+01 -7.360524910494119055e+00 0.000000000000000000e+00
1.467244947037096559e+01 3.029302451615874414e+00 0.000000000000000000e+00
-1.781108605555656155e+01 -5.840946234410647087e+00 0.000000000000000000e+00
2.892192284369793587e+00 1.308324950660841601e+01 0.000000000000000000e+00
-9.345224290719954752e+00 5.942727152679129432e+00 0.000000000000000000e+00
1.214348833072859257e+01 -1.189049117065912142e+01 0.000000000000000000e+00
-1.019043625653574914e+01 -1.193962257015279604e+01 0.000000000000000000e+00
-1.644747580618727056e+01 -9.473234423389888192e+00 0.000000000000000000e+00
3.045191864301796780e+00 1.038276299039447537e+01 0.000000000000000000e+00
3.039234310104107703e-02 1.362579613403018719e+01 0.000000000000000000e+00
-7.280634585041496187e+00 2.992712663679117924e-01 0.000000000000000000e+00
-1.698711908160700546e+01 5.878561601596802078e+00 0.000000000000000000e+00
4.339920614444522151e+00 1.123709339197689872e+01 0.000000000000000000e+00
1.341733134111548331e+01 -1.279677810912846248e+01 0.000000000000000000e+00
4.073195841926888328e+00 -9.678978291018735192e+00 0.000000000000000000e+00
-4.161548488689495784e+00 -2.146100507787239042e+00 0.000000000000000000e+00
-4.655800625808585558e+00 4.147366742566591213e+00 0.000000000000000000e+00
2.747494287293855919e+00 -1.227216321619672534e+01 0.000000000000000000e+00
-5.250393414526381086e+00 -1.014693277443908492e+01 0.000000000000000000e+00
-1.636934879378883068e+01 7.875082154168494775e+00 0.000000000000000000e+00
7.763235524690801803e+00 -1.711182245793191115e+01 0.000000000000000000e+00
-4.366243358264740415e+00 -8.445042535084729352e+00 0.000000000000000000e+00
2.524860704109992415e+00 -1.402279670349524032e+01 0.000000000000000000e+00
-5.978240811332969251e+00 7.376497858680288289e+00 0.000000000000000000e+00
9.168839960974349168e+00 -4.880282443876517107e+00 0.000000000000000000e+00
-4.117421743141183477e+00 -3.779870451593243530e+00 0.000000000000000000e+00
6.126415531766853384e+00 -1.031808304386241382e+01 0.000000000000000000e+00
1.719774310514831761e+00 1.657953563380059503e+00 0.000000000000000000e+00
-1.613755693252281631e+01 3.027828004938582396e+00 0.000000000000000000e+00
1.132950175137307225e-01 1.069909832480747269e+01 0.000000000000000000e+00
1.246427996490385937e+01 -1.414872979896274252e+01 0.000000000000000000e+00
-1.185589200091323470e+01 -8.271044304833282013e+00 0.000000000000000000e+00
-4.702306530079082947e+00 -1.668053641511025020e+01 0.000000000000000000e+00
-7.525538618705033045e+00 8.447850898148546506e+00 0.000000000000000000e+00
9.800373459249934527e+00 1.354276126167725280e+01 0.000000000000000000e+00
7.974418189875445151e-01 -3.782761358553567099e+00 0.000000000000000000e+00
4.327216226961115630e+00 -6.111451095698554603e+00 0.000000000000000000e+00
-7.849565207565214031e+00 6.505752165826425681e+00 0.000000000000000000e+00
9.219976122620247239e+00 -1.481640210128520785e+01 0.000000000000000000e+00
-6.099325759095315824e+00 -8.583782926250455247e+00 0.000000000000000000e+00
-1.839246137508400381e+01 4.475496259754468298e+00 0.000000000000000000e+00
4.277739234331042084e+00 1.456062844328032568e+01 0.000000000000000000e+00
1.820567902175088904e+01 -4.998910516223450173e+00 0.000000000000000000e+00
-1.160642527643629585e+01 -2.509348987258750885e+00 0.000000000000000000e+00
-1.273709204283679775e+01 9.275271700679386555e+00 0.000000000000000000e+00
-1.430768102298529243e+00 -5.551080596593905625e+00 0.000000000000000000e+00
-4.467908820056101682e+00 8.478120854307594101e+00 0.000000000000000000e+00
-1.318522460895253090e+01 -6.012552754443879266e+00 0.000000000000000000e+00
-6.151341400156834283e+00 -1.296056430501507073e+01 0.000000000000000000e+00
9.829349917155115079e+00 -1.031355221228394292e+01 0.000000000000000000e+00
-8.571102078156208393e+00 1.674312109745544319e+01 0.000000000000000000e+00
-1.859049777025849837e+00 -3.616530270171976369e+00 0.000000000000000000e+00
4.263185961754290543e-01 -8.761498890993781430e+00 0.000000000000000000e+00
-6.535065518760216463e+00 1.596695478584133276e+01 0.000000000000000000e+00
-1.401667205640515057e+01 -1.015841777087113051e+01 0.000000000000000000e+00
-3.316617954292601644e-01 -2.654749748720735880e+00 0.000000000000000000e+00
5.421024609340405753e+00 -1.512474959064959279e+01 0.000000000000000000e+00
8.752835998949910490e+00 -1.303260861664393566e+01 0.000000000000000000e+00
1.083763472446234566e+01 8.702890081035759451e+00 0.000000000000000000e+00
-2.641480720028655416e+00 -7.425537366424620700e+00 0.000000000000000000e+00
-1.408382711181492120e+01 1.155758840021436562e+01 0.000000000000000000e+00
8.215215419614638748e+00 7.388037436194185403e+00 0.000000000000000000e+00
1.278767004807894558e+01 1.018775797534689076e+01 0.000000000000000000e+00
1.791969464510061627e+01 -3.448340243458305476e+00 0.000000000000000000e+00
-9.075054119193051161e-01 8.221160371268430467e+00 0.000000000000000000e+00
-1.374550586095044835e+01 -3.478910807375957259e-01 0.000000000000000000e+00
1.296281724173861960e+01 -8.245020696506530911e+00 0.000000000000000000e+00
-3.990182883285842141e+00 -6.339095257316277987e+00 0.000000000000000000e+00
-6.935602035622678407e+00 -1.136657784786058123e+01 0.000000000000000000e+00
-1.271777000078686770e+00 1.135094254079134757e+01 0.000000000000000000e+00
-6.842046456096825935e+00 3.848494593232759442e+00 0.000000000000000000e+00
2.251333973237175545e+00 -5.353670196635301082e+00 0.000000000000000000e+00
6.765649264733258228e+00 1.646647828342426223e+01 0.000000000000000000e+00
-1.095311081770423689e+00 -8.162888316525110710e+00 0.000000000000000000e+00
1.672719883176630162e+01 -1.937768949131509766e+00 0.000000000000000000e+00
1.582566487607575345e+00 1.710187678431250546e+01 0.000000000000000000e+00
-1.088049694487938446e+01 5.910141187504347471e+00 0.000000000000000000e+00
4.731214850059166643e+00 1.635641200068534218e+01 0.000000000000000000e+00
-8.600387899268127967e+00 -5.014418972611159653e+00 0.000000000000000000e+00
1.080316417673354756e+01 3.722818466828042183e+00 0.000000000000000000e+00
8.314767316781896511e+00 5.083323668637969028e+00 0.000000000000000000e+00
-2.188225767273303646e+00 4.530483541867389441e+00 0.000000000000000000e+00
1.585857724030150706e+01 -8.802766182199549760e+00 0.000000000000000000e+00
-1.362391843853325568e+01 3.390156667314125460e+00 0.000000000000000000e+00
1.477298958122138117e+01 -1.134894385593459099e+01 0.000000000000000000e+00
-1.051901830873653232e+01 3.295306740545845270e-01 0.000000000000000000e+00
1.134300026675957085e+00 8.759322826164112286e+00 0.000000000000000000e+00
-1.174477595297259214e+01 1.293519633443354699e+01 0.000000000000000000e+00
7.198988738181968383e-01 -1.799751177610016128e+01 0.000000000000000000e+00
3.556386935229614465e+00 -1.513722426534900833e+01 0.000000000000000000e+00
-1.672531458946049554e+01 -1.708327596923139291e+00 0.000000000000000000e+00
1.073183961578646972e+01 -5.590100172541523804e+00 0.000000000000000000e+00
-5.559330639271950147e+00 -4.786418288389096887e+00 0.000000000000000000e+00
5.409333544290971574e+00 1.800212357805190067e+01 0.000000000000000000e+00
1.692777602999753483e+01 2.222444305248183483e+00 0.000000000000000000e+00
2.211227187999170507e+00 -9.488254505720007614e+00 0.000000000000000000e+00
-2.852148912949722170e+00 1.283177785594310283e+00 0.000000000000000000e+00
6.262702126592325946e+00 -1.683605927651555945e+01 0.000000000000000000e+00
9.075504162640571693e+00 2.247395727897614215e+00 0.000000000000000000e+00
1.661215255301707572e+01 5.637573790617138592e+00 0.000000000000000000e+00
8.178254299214923861e+00 -6.503947057178267599e+00 0.000000000000000000e+00
1.200166581402714883e+01 -8.830139550411482130e-01 0.000000000000000000e+00
1.026421952400821880e+01 -2.233555772187824306e+00 0.000000000000000000e+00
1.031563009609963943e+00 -6.653714087605324679e+00 0.000000000000000000e+00
1.264725858906654032e+01 7.280423858078004073e+00 0.000000000000000000e+00
3.501736358440383334e+00 8.428086472397922080e+00 0.000000000000000000e+00
9.815331144098554006e+00 1.510189254428857453e+01 0.000000000000000000e+00
3.182507839292435747e+00 5.577345060284951472e+00 0.000000000000000000e+00
1.080915527695959177e+01 -1.434528002532272062e+01 0.000000000000000000e+00
-1.400827578368677528e+01 -2.461280457152602352e+00 0.000000000000000000e+00
-1.427825750572027097e+01 8.600129667548946699e+00 0.000000000000000000e+00
1.354756052100183261e+01 -1.030362805346502952e+01 0.000000000000000000e+00
8.096888622171155347e+00 -8.489552250429719393e+00 0.000000000000000000e+00
4.660017260790414895e+00 -1.715907742655156554e+01 0.000000000000000000e+00
6.466331969386942546e+00 8.762844238023175247e-01 0.000000000000000000e+00
1.266815902752960810e+01 4.928713144173981320e+00 0.000000000000000000e+00
1.094386984071895608e+00 3.173241759402118500e+00 0.000000000000000000e+00
-4.840366026379042119e-01 5.023076453670991981e+00 0.000000000000000000e+00
3.402286487316512065e-01 1.603301795633930737e+01 0.000000000000000000e+00
-1.880976892309121240e+01 2.391722431108841196e+00 0.000000000000000000e+00
5.571128732252497606e+00 -1.526998543821922905e+00 0.000000000000000000e+00
-1.172639809513010434e+01 2.871316034399957307e+00 0.000000000000000000e+00
-7.122564588752878123e+00 -4.537860218970604542e+00 0.000000000000000000e+00
-1.093683502357022874e+01 -1.394814814835979888e+01 0.000000000000000000e+00
-5.295515103739519169e+00 8.404591775126792896e-01 0.000000000000000000e+00
1.149696761109173870e+01 1.145770913009547165e+01 0.000000000000000000e+00
5.769451206709412361e+00 -5.230785970349912439e+00 0.000000000000000000e+00
8.061276339268864888e+00 -1.121710608972699852e+01 0.000000000000000000e+00
1.470432522860889257e+01 9.023494494822436707e+00 0.000000000000000000e+00
-1.845612636102305260e+01 -2.029632430498483076e-01 0.000000000000000000e+00
-8.858027962991204873e+00 -1.021263028664353278e+01 0.000000000000000000e+00
8.004616356876308458e+00 -5.015795357819837763e-01 0.000000000000000000e+00
-3.656395241246703787e+00 5.674012033569931113e+00 0.000000000000000000e+00
-7.185197278095625251e+00 -1.568862250625391397e+01 0.000000000000000000e+00
-4.182625355158248404e+00 1.513993187335858792e+01 0.000000000000000000e+00
6.249484918571660330e+00 1.496061193109684417e+01 0.000000000000000000e+00
-4.286171309813928687e+00 1.001703242702298802e+01 0.000000000000000000e+00
2.304812550300394669e+00 -1.624997665458516849e+01 0.000000000000000000e+00
-1.793104415059652368e+01 -4.244022562075947747e+00 0.000000000000000000e+00
3.131103419025142998e+00 -1.824604129006777598e+01 0.000000000000000000e+00
1.725435707178615274e+01 4.187086375449493580e+00 0.000000000000000000e+00
1.520633547159829391e+01 -5.092310488721460970e-01 0.000000000000000000e+00
-5.147719867695582430e+00 -1.174027055927808938e+01 0.000000000000000000e+00
6.264695058493751745e+00 7.002258382642926549e+00 0.000000000000000000e+00
8.003380235229041517e+00 9.262533550059103504e+00 0.000000000000000000e+00
-4.222051274700756807e+00 1.687521119277128534e+01 0.000000000000000000e+00
-4.793936522920218657e+00 1.356417762657082271e+01 0.000000000000000000e+00
-2.364467658663881533e+00 -1.110860960618177984e+01 0.000000000000000000e+00
3.111212968264231105e+00 1.741159233431625708e+01 0.000000000000000000e+00
1.458715440332762903e+01 -7.576929649653444621e+00 0.000000000000000000e+00
7.691505461536626953e+00 1.153417669906659171e+01 0.000000000000000000e+00
1.516927679952622565e+00 -1.085531128330246453e+01 0.000000000000000000e+00
1.630075761784999600e+01 9.369373905891348997e+00 0.000000000000000000e+00
2.551636933789659611e+00 3.559243110730451409e+00 0.000000000000000000e+00
1.605867110133140097e+00 6.783097390470948618e+00 0.000000000000000000e+00
-1.017778771462361398e+01 -4.805378257149421906e+00 0.000000000000000000e+00
-3.056681854703355850e+00 1.259248299009641592e+01 0.000000000000000000e+00
7.518818911245715775e+00 -4.042889924687872671e+00 0.000000000000000000e+00
-8.910572224544514697e+00 4.173111557253035286e+00 0.000000000000000000e+00
7.407930013199852226e+00 2.448801521289347694e+00 0.000000000000000000e+00
-8.909981890622923117e+00 1.289961792350745640e+01 0.000000000000000000e+00
1.376887682151833658e+00 1.272133802582294670e+01 0.000000000000000000e+00
4.290030455252332509e+00 9.828914006489857247e-01 0.000000000000000000e+00
-1.182493748047711790e+01 1.480650434886130462e+01 0.000000000000000000e+00
1.702484144365388730e+01 -6.785071675729440699e+00 0.000000000000000000e+00
-1.157441526000440257e+00 -1.377056478397013528e+01 0.000000000000000000e+00
-6.206285514879077425e+00 1.747568279744993802e+01 0.000000000000000000e+00
8.208311779545298670e-01 2.878928663388554687e-01 0.000000000000000000e+00
-1.545569458522678730e+01 -3.642690895100963111e+00 0.000000000000000000e+00
2.847292196611959092e+00 5.122943272957745098e-01 0.000000000000000000e+00
8.574300280516101935e+00 1.638387150174803253e+01 0.000000000000000000e+00
1.421536020820543023e+01 -4.515774129292417172e+00 0.000000000000000000e+00
1.149731807611610357e+01 1.360510509965657810e+01 0.000000000000000000e+00
-1.111691010671131252e+01 -9.837843416207190828e+00 0.000000000000000000e+00
6.979825740823472735e+00 -1.331935829625476053e+01 0.000000000000000000e+00
-2.674161693528884776e+00 1.525922554643950768e+01 0.000000000000000000e+00
1.168766061164675918e+01 -9.102670748107794196e+00 0.000000000000000000e+00
-1.404308258839752810e+01 -1.224662122354497029e+01 0.000000000000000000e+00
1.520302687451064294e+01 4.479750697450259445e+00 0.000000000000000000e+00
4.461982985514889144e+00 4.429913707539934187e+00 0.000000000000000000e+00
1.529551513969290255e+01 -2.433766073313249123e+00 0.000000000000000000e+00
