4.902899930751459245e-01 1.711049023731215613e+01 0.000000000000000000e+00
1.317178368580156977e+01 9.416008634712689229e+00 0.000000000000000000e+00
-5.488519353919521393e+00 5.584893253709232397e+00 0.000000000000000000e+00
-1.390600524463093635e+01 -3.711384811992480159e+00 0.000000000000000000e+00
-9.630502837916049330e+00 -1.565411372699670167e+01 0.000000000000000000e+00
1.450280804279770575e+00 7.701408759604080778e+00 0.000000000000000000e+00
3.917109634210114155e+00 4.680566697725117464e+00 0.000000000000000000e+00
-2.931679340695548142e+00 2.848423105600516703e+00 0.000000000000000000e+00
1.440526812298143611e+01 1.090211835869012269e+00 0.000000000000000000e+00
-1.646439442336732384e+01 -8.454979684041795451e+00 0.000000000000000000e+00
-1.065663190106357128e+01 -4.163402921452438399e+00 0.000000000000000000e+00
-1.019703954383323818e+01 -1.085737934171701502e+00 0.000000000000000000e+00
-8.273143883629671791e+00 -1.403351374737844637e+01 0.000000000000000000e+00
8.807122122784905471e+00 -1.549739441835047771e+01 0.000000000000000000e+00
7.551918912338858370e+00 -5.675009351327714668e+00 0.000000000000000000e+00
-1.017546985437083151e+01 -8.734066583435561526e+00 0.000000000000000000e+00
1.025722606455947528e+01 9.345811958123478869e-01 0.000000000000000000e+00
8.448224163896453476e+00 8.487405490455239843e+00 0.000000000000000000e+00
-9.089606144309366087e+00 8.044526587922554484e+00 0.000000000000000000e+00
4.673944604119093071e+00 -4.359008150779672519e+00 0.000000000000000000e+00
-7.076127904351521281e+00 1.296873305308621127e+01 0.000000000000000000e+00
9.362713732004829481e+00 1.421987045247141701e+01 0.000000000000000000e+00
5.536666436447908346e+00 6.509881694813413056e+00 0.000000000000000000e+00
-1.508165234911185237e+01 -1.548962686856586668e+00 0.000000000000000000e+00
-9.474035806491315270e+00 1.152049424842583392e+01 0.000000000000000000e+00
1.656942480912703886e+01 7.352700133558912832e+00 0.000000000000000000e+00
1.393053302690366735e+01 -8.486627356996427451e+00 0.000000000000000000e+00
-1.693529560187078120e+00 1.793157871741315290e+01 0.000000000000000000e+00
2.779134714473908030e+00 1.610554683642599016e+01 0.000000000000000000e+00
8.006218759232462290e+00 -2.962620705957460521e-01 0.000000000000000000e+00
-1.165933369382040929e+01 -7.397107140500988720e+00 0.000000000000000000e+00
-9.195011912193574943e+00 -1.155463569931967882e+01 0.000000000000000000e+00
1.162531290309868126e+01 -1.062153189896697292e+01 0.000000000000000000e+00
-8.255675180845736705e+00 -6.745615080315042533e+00 0.000000000000000000e+00
-1.025355572108038160e+01 6.315302839229973486e+00 0.000000000000000000e+00
7.444500752511220121e+00 1.641892765070661397e+01 0.000000000000000000e+00
-6.466503926020692461e+00 1.101058424784047141e+01 0.000000000000000000e+00
-1.876548120399621267e+00 -1.574397971713183431e+01 0.000000000000000000e+00
-5.584431939145466650e+00 -4.012456304046398081e+00 0.000000000000000000e+00
3.271667473478170329e+00 9.879143102794923692e+00 0.000000000000000000e+00
9.552783721009870277e+00 -6.244584725444582318e+00 0.000000000000000000e+00
-2.409124052138167826e+00 -1.069167843056931311e+01 0.000000000000000000e+00
-1.402497862919359584e+01 -1.039673432022683031e+01 0.000000000000000000e+00
-7.589015090692051935e+00 1.663180133642718417e+01 0.000000000000000000e+00
7.523523244264746168e+00 1.254769926079097253e+01 0.000000000000000000e+00
1.057162378287903337e+01 -1.222594360399861202e+01 0.000000000000000000e+00
3.705109369760875015e+00 -9.807975965831287724e+00 0.000000000000000000e+00
-5.159801422419796779e+00 -1.491089553258830058e+01 0.000000000000000000e+00
9.350878910358908058e+00 -3.846799331864239946e+00 0.000000000000000000e+00
-1.709292789409195024e+01 8.164629602249753759e+00 0.000000000000000000e+00
1.176481843113588077e+01 2.625460627846721434e-02 0.000000000000000000e+00
-5.649394558951683187e+00 1.570367396234926538e+01 0.000000000000000000e+00
-1.811866940219707800e+01 3.082838022694542879e+00 0.000000000000000000e+00
5.823747003385784105e+00 -1.688943494783481114e+01 0.000000000000000000e+00
-1.219668208476472060e+01 -5.771283250717545998e-01 0.000000000000000000e+00
1.584144617828778223e+01 -5.687537463318503406e+00 0.000000000000000000e+00
-1.110236149038247255e+01 3.228164656752307238e+00 0.000000000000000000e+00
1.498417847281339199e+01 -1.100134125376076177e+01 0.000000000000000000e+00
5.237583827349823196e+00 1.414152248164150905e+01 0.000000000000000000e+00
-1.426466986678666693e+01 -8.729829843693085678e+00 0.000000000000000000e+00
6.988116898579209035e+00 -1.084645877716309492e+01 0.000000000000000000e+00
3.675617322592413583e+00 -6.807596539900893085e+00 0.000000000000000000e+00
-1.512759619354463858e+01 8.881661228861791102e+00 0.000000000000000000e+00
4.557272932910151120e+00 1.800080618594999127e-01 0.000000000000000000e+00
1.433026286336023603e+01 7.653987902849508806e+00 0.000000000000000000e+00
1.246266315985425921e+00 -3.698879141047961561e+00 0.000000000000000000e+00
-4.305124767347029646e+00 -1.752726273634561238e+01 0.000000000000000000e+00
-3.923064518325302785e+00 1.325620993280428372e+01 0.000000000000000000e+00
1.384169267981667728e+00 -1.697737826320643961e+01 0.000000000000000000e+00
1.685800909131145442e+00 -1.009232904832618338e+01 0.000000000000000000e+00
3.108797901188884438e+00 6.646028542610452616e-01 0.000000000000000000e+00
-1.473485012818000151e+00 -5.277888687684177960e+00 0.000000000000000000e+00
1.085790229602099144e+00 3.845234527501028676e+00 0.000000000000000000e+00
2.952009539453708253e+00 1.283962925279146639e+01 0.000000000000000000e+00
-1.144574264486963422e+01 1.392138374444333593e+01 0.000000000000000000e+00
-8.049947268799554578e+00 1.502093560606293998e+01 0.000000000000000000e+00
-8.614187827298041000e+00 -4.624144739989476172e+00 0.000000000000000000e+00
-7.602597363980692968e+00 -3.312550313490357556e+00 0.000000000000000000e+00
1.112204003706903066e+01 9.509849246782700050e+00 0.000000000000000000e+00
-8.346102797617700020e+00 -1.555877206698145443e+00 0.000000000000000000e+00
1.554616234016856424e+01 5.532171658183854923e+00 0.000000000000000000e+00
7.240985279051074919e+00 -1.593567075155291501e+00 0.000000000000000000e+00
1.533276861453526507e+01 -7.311873554602470016e+00 0.000000000000000000e+00
1.411156811910394460e+01 -2.008324237783809973e+00 0.000000000000000000e+00
7.297080184681228321e-01 1.526759083167921993e+01 0.000000000000000000e+00
-8.271577042318035922e+00 4.234552185912190403e+00 0.000000000000000000e+00
1.043113767337989906e+01 -1.540026304233441934e+01 0.000000000000000000e+00
4.893118954277074550e+00 8.224740843294435777e+00 0.000000000000000000e+00
4.118108147571470035e+00 1.842175014861303239e+01 0.000000000000000000e+00
-1.055706601450318471e+00 1.601415859873991110e+01 0.000000000000000000e+00
-8.088753677324017843e+00 -8.764057236102496873e+00 0.000000000000000000e+00
-1.329211123722676646e+01 -2.062731786359188302e+00 0.000000000000000000e+00
-2.708312605314883825e+00 1.127644748392193641e+01 0.000000000000000000e+00
-3.183849403274977341e+00 -3.699800250959663028e+00 0.000000000000000000e+00
1.783856737721369967e+01 -4.280808901933553123e+00 0.000000000000000000e+00
5.701139027155252670e+00 1.146383715810075898e+01 0.000000000000000000e+00
-3.852996815528193952e+00 4.419211257792055036e+00 0.000000000000000000e+00
-1.496694619098279055e+00 6.845626134998721746e+00 0.000000000000000000e+00
-1.370603536209737072e+01 7.949977159623933254e+00 0.000000000000000000e+00
-1.147218764555652548e+01 -1.155619572080287050e+01 0.000000000000000000e+00
2.104569157091994658e+00 -1.203141532847138251e+01 0.000000000000000000e+00
1.217383491243299432e+01 6.851497618183786997e+00 0.000000000000000000e+00
8.773590086915939237e-03 -8.598048996370499353e+00 0.000000000000000000e+00
-1.321745058035974640e+00 8.444620217512841975e+00 0.000000000000000000e+00
-2.938585797367905705e+00 1.193410629991952021e+00 0.000000000000000000e+00
1.365870349915739546e+01 -1.299299497795529845e+01 0.000000000000000000e+00
-1.676391312918203980e+00 -1.043071194411767433e+00 0.000000000000000000e+00
7.154802547809959279e+00 1.471356177816773192e+00 0.000000000000000000e+00
1.871793519473483158e+01 2.984303371217263301e+00 0.000000000000000000e+00
4.955907042813124441e+00 -1.537416787022821296e+01 0.000000000000000000e+00
1.794891159352620491e+01 3.384395432190208108e-01 0.000000000000000000e+00
2.973817453269929079e+00 -4.174847617900256047e+00 0.000000000000000000e+00
-1.077709497763904167e+01 9.316635892110868511e+00 0.000000000000000000e+00
1.856702375301608754e+01 -2.948888023415761062e+00 0.000000000000000000e+00
6.967493172238945043e+00 -1.315362484459644143e+01 0.000000000000000000e+00
1.626405108374359187e+01 3.581511785481919841e+00 0.000000000000000000e+00
3.451788370560352259e+00 -2.724517871284349635e+00 0.000000000000000000e+00
1.170334157887407933e+01 -4.823495240843645782e+00 0.000000000000000000e+00
-1.105135601384126476e+00 3.101229549796419072e+00 0.000000000000000000e+00
1.240567273171334328e+01 -3.493126870487156754e+00 0.000000000000000000e+00
-5.251096419843988450e+00 3.011259422734020585e+00 0.000000000000000000e+00
-4.580697050433289341e+00 -9.932771990610735457e+00 0.000000000000000000e+00
2.584909473329968232e+00 5.756497974070678758e+00 0.000000000000000000e+00
-5.654282284630219202e+00 8.587650722128223890e+00 0.000000000000000000e+00
1.167881555349653588e+01 1.800897168632243694e+00 0.000000000000000000e+00
-4.516532744844619529e+00 -7.293186945416937350e-01 0.000000000000000000e+00
1.015978186654614923e+01 -2.165323848966905107e+00 0.000000000000000000e+00
-1.528878996531982892e+01 3.406950178102227333e+00 0.000000000000000000e+00
-1.456218239206793363e+01 1.175419426263932898e+01 0.000000000000000000e+00
-1.273421650997166132e+01 -1.391947830300599165e+01 0.000000000000000000e+00
1.254490262348093310e+01 1.152806501920250071e+01 0.000000000000000000e+00
-1.710607569850484211e+01 6.195596774505935045e+00 0.000000000000000000e+00
4.619259732921871531e-01 -1.424766077710144252e+01 0.000000000000000000e+00
-3.095076398872739443e+00 1.551380895920894964e+01 0.000000000000000000e+00
1.298432359180199036e+01 2.990939620720379999e+00 0.000000000000000000e+00
-5.863360348134779798e+00 -1.932445657560070140e+00 0.000000000000000000e+00
-1.385488698600654622e+01 -1.467452309645908004e-01 0.000000000000000000e+00
-5.073728556480508800e+00 -6.464336255993010205e+00 0.000000000000000000e+00
8.731860657221883315e+00 5.655909356107612140e+00 0.000000000000000000e+00
1.017431698574617904e+01 1.602670866904916380e+01 0.000000000000000000e+00
5.423570531621212609e+00 4.117302187885692355e+00 0.000000000000000000e+00
1.423862683612509272e+01 1.106670501800229189e+01 0.000000000000000000e+00
-1.405756359740816208e+01 -1.236741388155028964e+01 0.000000000000000000e+00
1.661725002894261038e+01 8.951765284173777815e+00 0.000000000000000000e+00
1.263655153588916491e+01 5.249181721193355799e+00 0.000000000000000000e+00
6.893566278639197797e+00 -8.363911316109311045e+00 0.000000000000000000e+00
1.126309856873570148e+01 -6.895756877428437903e+00 0.000000000000000000e+00
-3.017741164503959350e+00 -1.268234696898158553e+01 0.000000000000000000e+00
-7.263251258681810540e+00 2.092873246899216610e+00 0.000000000000000000e+00
9.879180611421638503e+00 -1.067718669726293257e+01 0.000000000000000000e+00
1.611951856728174448e+01 -9.514005000856206706e+00 0.000000000000000000e+00
-6.435374487205042016e+00 7.284530837547111837e+00 0.000000000000000000e+00
-1.635587156261398789e+01 -3.909617412162746053e+00 0.000000000000000000e+00
-4.479215656552938185e+00 7.329368270154877685e+00 0.000000000000000000e+00
2.658985265338582149e+00 -1.792864200024787991e+01 0.000000000000000000e+00
-2.190760834016051373e+00 -8.646481489737679382e+00 0.000000000000000000e+00
1.386638873000625516e+01 -4.326070688402757769e-01 0.000000000000000000e+00
3.515419036731876723e+00 3.080081098627312386e+00 0.000000000000000000e+00
1.196887573348323031e+01 -8.368813223014662128e+00 0.000000000000000000e+00
1.131181953502235693e+01 3.340429375281624313e+00 0.000000000000000000e+00
5.691411258243062044e+00 -5.512187644916457963e+00 0.000000000000000000e+00
-1.864256725762428246e+01 -2.039661966456183251e+00 0.000000000000000000e+00
5.417824402966338937e+00 2.261276985208015677e+00 0.000000000000000000e+00
7.728155860577662573e+00 -1.711579634870554401e+01 0.000000000000000000e+00
-2.987655196343331210e-01 1.243592465155608551e+01 0.000000000000000000e+00
5.211565509625417647e+00 -1.436857610427212828e+00 0.000000000000000000e+00
-3.786403391215442227e+00 9.090294586556870726e+00 0.000000000000000000e+00
-1.221235570434145501e+01 9.998551285416551471e-01 0.000000000000000000e+00
-1.295339211323249629e+01 1.120936765968406057e+01 0.000000000000000000e+00
1.604724749780111281e+01 -2.052422490186721848e+00 0.000000000000000000e+00
4.862717003558689299e+00 -1.310534562974456030e+01 0.000000000000000000e+00
2.359850755255532118e+00 -1.408912099029183906e+01 0.000000000000000000e+00
-1.344758559508825435e+01 -5.662395629901836536e+00 0.000000000000000000e+00
-3.673879466335734922e-01 -1.012185817952230948e+01 0.000000000000000000e+00
1.031483121773434775e+01 7.707107527905596278e+00 0.000000000000000000e+00
-1.915308395949451681e+00 4.468136606530005217e+00 0.000000000000000000e+00
-7.666987241779201767e+00 -1.199050606867347746e+01 0.000000000000000000e+00
-8.999250341362664329e+00 1.361645938408753942e+01 0.000000000000000000e+00
8.008600083941985304e+00 2.833886824002020077e+00 0.000000000000000000e+00
1.614694171669379585e+01 1.952141952989365103e+00 0.000000000000000000e+00
7.947948988601591935e-01 1.094055535644689492e+01 0.000000000000000000e+00
7.151922642086369075e-01 1.940143987223239108e+00 0.000000000000000000e+00
-1.251123470184421649e+01 2.578851705926707094e+00 0.000000000000000000e+00
1.294423765202781773e+01 -9.655443742549282504e+00 0.000000000000000000e+00
-1.675934509738576139e+01 -1.155474894048015955e+00 0.000000000000000000e+00
-9.306803289695912085e+00 3.073058838206326193e+00 0.000000000000000000e+00
1.087691955387993659e+01 5.088283481918918660e+00 0.000000000000000000e+00
-1.565886478699491313e+01 5.086166252443648228e-02 0.000000000000000000e+00
-1.130491340607493678e+00 -1.236915845691952320e+01 0.000000000000000000e+00
-1.109166197898584372e+01 7.840253014055256209e+00 0.000000000000000000e+00
1.507426957227568698e+00 -6.590068337777738705e+00 0.000000000000000000e+00
-6.834489663176838370e+00 -5.763887524731329925e+00 0.000000000000000000e+00
3.473349627277605656e+00 7.564271196890155480e+00 0.000000000000000000e+00
2.794557609130732811e-01 5.131232419085089091e+00 0.000000000000000000e+00
4.014381441806611051e+00 -1.137781799391929027e+01 0.000000000000000000e+00
-1.569129410388756085e+00 1.410744182656482693e+01 0.000000000000000000e+00
-1.794108339996914658e+00 -1.747037786660580849e+01 0.000000000000000000e+00
-7.622233846764054910e+00 -1.019813402666442137e+01 0.000000000000000000e+00
-1.696997380457907312e+01 -6.746620092904408672e+00 0.000000000000000000e+00
-1.085170112463202585e+01 -6.072839781525783742e+00 0.000000000000000000e+00
-1.437122071354759534e+01 1.329589302169212006e+00 0.000000000000000000e+00
1.301412849248106740e+00 -1.985455611456949709e+00 0.000000000000000000e+00
-1.302984427208682128e+00 -3.368206836328396570e+00 0.000000000000000000e+00
8.790409449666928055e+00 -1.267268165237853417e+01 0.000000000000000000e+00
-1.515952910822513466e+01 -5.810859275885277064e+00 0.000000000000000000e+00
8.625683924155502780e+00 -7.676298885726928312e+00 0.000000000000000000e+00
-1.355226483181017905e+01 5.260214003866938270e+00 0.000000000000000000e+00
1.213510282054909872e+01 1.441446638431185256e+01 0.000000000000000000e+00
1.352550713382340675e+01 -6.171994814025100418e+00 0.000000000000000000e+00
-1.040132087549621431e+01 1.148894221495588619e+00 0.000000000000000000e+00
-7.897996563498461242e+00 1.151877529142113765e+01 0.000000000000000000e+00
-3.175467220660395107e+00 -1.763239533340691390e+00 0.000000000000000000e+00
2.045811256991151073e+00 1.414333628079173089e+01 0.000000000000000000e+00
-1.765168317438643086e+01 6.519641350815799097e-01 0.000000000000000000e+00
6.461577846646236800e+00 -3.504356557134788996e+00 0.000000000000000000e+00
3.554809051621979687e+00 1.425152753046315546e+01 0.000000000000000000e+00
-1.637490181554167634e+01 2.336762337110553922e+00 0.000000000000000000e+00
-1.155802074972952376e+01 1.181720823674547383e+01 0.000000000000000000e+00
-8.718914718101302697e+00 1.005811151962972261e+01 0.000000000000000000e+00
1.710483464288492073e+01 -6.821096870336772255e+00 0.000000000000000000e+00
6.614102716065779930e+00 1.013753308432634981e+01 0.000000000000000000e+00
-1.786234298599460502e+01 4.773115018673515841e+00 0.000000000000000000e+00
3.859441614115942110e-01 -5.006155216241467087e+00 0.000000000000000000e+00
-5.323456895129841548e+00 -8.368821301745649421e+00 0.000000000000000000e+00
-7.997367216380225408e+00 -1.614693705179839611e+01 0.000000000000000000e+00
1.167088874734824167e+01 1.280902177848052403e+01 0.000000000000000000e+00
-1.115453725114719319e+01 -1.317349403673656560e+01 0.000000000000000000e+00
1.073657590134001971e+01 -9.230591261336527964e+00 0.000000000000000000e+00
-6.208708587636714071e+00 -1.625829283072508957e+01 0.000000000000000000e+00
9.533795162727869865e+00 3.342440806236896211e+00 0.000000000000000000e+00
7.598105591613719234e+00 6.918708172135068502e+00 0.000000000000000000e+00
2.243826185506538895e+00 1.799717685920565202e+01 0.000000000000000000e+00
-1.774340551854438530e+01 -5.416586561731228322e+00 0.000000000000000000e+00
-1.245929206722902549e+01 -8.941990633163262814e+00 0.000000000000000000e+00
1.090813370344589472e+01 1.113372042003056173e+01 0.000000000000000000e+00
-3.385237280877227306e+00 -1.448937680215702528e+01 0.000000000000000000e+00
1.351364304683436490e+00 1.272383362857439870e+01 0.000000000000000000e+00
-3.552934149054300494e+00 1.799355930342910170e+01 0.000000000000000000e+00
-1.279549803242409034e+01 1.315655897938989227e+01 0.000000000000000000e+00
1.799686059904459157e+01 5.093845062837410786e+00 0.000000000000000000e+00
-7.387127903612027424e+00 5.830482246999467932e+00 0.000000000000000000e+00
2.944656283561166266e+00 -1.591337712487941225e+01 0.000000000000000000e+00
-2.833464887044096603e+00 -7.022445026726599870e+00 0.000000000000000000e+00
-2.407536212569863832e+00 9.785937810940341208e+00 0.000000000000000000e+00
-5.643402130709772813e+00 -1.138503802357301709e+01 0.000000000000000000e+00
1.579438084657887842e+01 4.488275490167880633e-01 0.000000000000000000e+00
-5.248061468516587169e+00 8.193221508995980340e-01 0.000000000000000000e+00
-8.852373086720746742e-02 7.497158002550906808e+00 0.000000000000000000e+00
3.306184433000721068e+00 -9.120763607871932299e-01 0.000000000000000000e+00
1.197862128149372651e+01 -1.350419803994085832e+01 0.000000000000000000e+00
-9.956808900583673960e+00 1.592127850415856827e+01 0.000000000000000000e+00
1.338868767596808595e+01 1.330291667128197908e+01 0.000000000000000000e+00
5.435503876078809249e+00 -7.177962969863850518e+00 0.000000000000000000e+00
1.884372736390709591e+01 -1.380455852715016807e+00 0.000000000000000000e+00
-1.113832965957823662e+00 3.896066979135822117e-01 0.000000000000000000e+00
-9.995773797534457827e+00 -2.613027804263723830e+00 0.000000000000000000e+00
