-6.556486029565852629e-03 4.894468891927997944e+00 0.000000000000000000e+00
6.886950552513070534e+00 -1.730562579658808176e+01 0.000000000000000000e+00
4.457491264326052693e+00 -1.120630407550923380e+01 0.000000000000000000e+00
4.859641566505945143e+00 5.154973208281266928e+00 0.000000000000000000e+00
-4.675772377111933054e+00 -1.599219391458553075e+00 0.000000000000000000e+00
4.810018303040029863e+00 1.763232161327485059e+01 0.000000000000000000e+00
1.547163265669419907e+01 -3.264535361568918326e+00 0.000000000000000000e+00
8.102088476494231917e-02 -1.206144389539489659e+01 0.000000000000000000e+00
-3.957283695257919121e+00 1.006500436094098383e+01 0.000000000000000000e+00
1.569469136290867795e+01 -8.288433836032695012e+00 0.000000000000000000e+00
6.484389665499969091e+00 -5.976027625535972554e+00 0.000000000000000000e+00
-1.192581135153486116e+01 1.788463752939015050e+00 0.000000000000000000e+00
7.619162664900533954e+00 -1.161322610207064621e+01 0.000000000000000000e+00
5.827223949135413861e-01 -5.172877997945494855e+00 0.000000000000000000e+00
6.223186293825764714e+00 -7.251985144830480623e-01 0.000000000000000000e+00
1.448169422398710537e+01 1.787083683470018780e+00 0.000000000000000000e+00
-1.255203985982875636e+01 5.589974193695343985e+00 0.000000000000000000e+00
-1.536024292183796724e+01 3.296050105511800221e-01 0.000000000000000000e+00
4.895519574995733869e+00 2.919377100331476349e+00 0.000000000000000000e+00
1.303318927183632248e+01 1.330748115041522350e+00 0.000000000000000000e+00
5.815823764879988644e+00 -1.283465375864447644e+01 0.000000000000000000e+00
4.734540549023337874e+00 1.140639773722037908e+01 0.000000000000000000e+00
1.406593666025923284e+01 6.935658321753209066e+00 0.000000000000000000e+00
1.029055032067585751e+00 1.608694323711620910e+01 0.000000000000000000e+00
7.983471102654686291e+00 1.322223701645341976e+01 0.000000000000000000e+00
8.971127161199966338e+00 8.347568822388998555e+00 0.000000000000000000e+00
7.150074360813305496e+00 9.376796529937639235e+00 0.000000000000000000e+00
1.453964897369111497e+01 -6.261095227048517620e-01 0.000000000000000000e+00
-1.573411785997839374e+00 7.032745097670721535e+00 0.000000000000000000e+00
-1.383491652720980625e+01 3.859966312705352953e-01 0.000000000000000000e+00
2.739652549880318588e+00 1.154788177999626697e+01 0.000000000000000000e+00
-1.120807019964897933e+01 -6.180109452204291642e+00 0.000000000000000000e+00
7.219368898668564682e+00 6.635979253484996399e+00 0.000000000000000000e+00
4.686769705892285920e+00 -1.551997193456283952e+00 0.000000000000000000e+00
1.041878286368787165e+01 9.791161681130454042e+00 0.000000000000000000e+00
-9.160672039092860430e+00 -9.429270703589601510e+00 0.000000000000000000e+00
-4.703282272080099524e+00 1.840203137400922273e+01 0.000000000000000000e+00
6.267634907310244419e-01 -1.520280864785317121e+01 0.000000000000000000e+00
-5.206014993708929062e+00 1.109094200358946658e+01 0.000000000000000000e+00
-7.146231168891779895e+00 -1.029692947932097802e+01 0.000000000000000000e+00
4.308157088744404284e+00 9.055574640691691712e+00 0.000000000000000000e+00
1.544996015656444843e+00 7.170946261386400344e+00 0.000000000000000000e+00
6.945361646356232654e+00 -3.615491182553685512e+00 0.000000000000000000e+00
1.070221114946619956e+01 5.362393873209715167e+00 0.000000000000000000e+00
7.538794497004488449e+00 -1.534612709211632264e+01 0.000000000000000000e+00
1.442951499618103206e+01 -4.943225541221751840e+00 0.000000000000000000e+00
1.326735990311615154e+01 1.029149967317903958e+01 0.000000000000000000e+00
-9.231986266708084088e+00 9.859093864173233968e+00 0.000000000000000000e+00
-1.072700772326543905e+01 7.309673539177387269e+00 0.000000000000000000e+00
-4.801667897134809238e+00 1.623739002096975170e+01 0.000000000000000000e+00
-9.886772438842038602e-01 1.774054544718364568e+01 0.000000000000000000e+00
-1.937170483763310136e+00 5.433208317882519012e+00 0.000000000000000000e+00
1.182700619150109134e+01 1.439683446558107427e+01 0.000000000000000000e+00
-1.464551171910150273e+01 -2.373176239791090936e+00 0.000000000000000000e+00
-7.716975054120354116e-01 1.503103137440345272e+01 0.000000000000000000e+00
-1.184736285520997434e+01 1.374006479076909137e+01 0.000000000000000000e+00
-1.664204325875653367e+01 -3.281653695308628826e+00 0.000000000000000000e+00
-1.458862833260360503e+01 1.181007055144153561e+01 0.000000000000000000e+00
-7.404442085943051310e+00 3.770096115269963466e+00 0.000000000000000000e+00
1.149141653401181529e+01 2.322199400438475170e+00 0.000000000000000000e+00
1.635463885516655935e+01 -9.636588662778722281e+00 0.000000000000000000e+00
-7.096764721468629133e+00 1.146091265606414566e+01 0.000000000000000000e+00
-7.582926482143831137e+00 -7.768260041577394581e+00 0.000000000000000000e+00
1.769037374776249294e+01 3.790336183805868231e+00 0.000000000000000000e+00
1.392926971690269511e+01 -9.540459222721622723e+00 0.000000000000000000e+00
-2.856226910665033092e+00 1.469762821498773420e+01 0.000000000000000000e+00
-5.293809694748757622e+00 -6.402144327905358701e+00 0.000000000000000000e+00
9.276649712711209972e+00 2.630141898717913151e-01 0.000000000000000000e+00
1.712566428399363616e+01 -4.244904181089280693e-01 0.000000000000000000e+00
-1.066329232787441184e+00 9.056928809192999807e+00 0.000000000000000000e+00
-4.939712621287590366e+00 -9.595190058802874233e+00 0.000000000000000000e+00
-1.246851795762942672e+01 -8.016731793761662672e+00 0.000000000000000000e+00
6.386466670977697824e+00 -9.120224687392898488e+00 0.000000000000000000e+00
9.708325331309572093e+00 -1.291801344599071655e+01 0.000000000000000000e+00
1.120850300204730532e+00 1.330279870002809339e+01 0.000000000000000000e+00
-1.688737861076882751e+01 5.850882494154202362e+00 0.000000000000000000e+00
1.425310946439172177e+01 -1.224602165239472740e+01 0.000000000000000000e+00
8.566232366016965472e+00 -4.869767554029664325e+00 0.000000000000000000e+00
9.798371683819580014e+00 6.926522847598784338e+00 0.000000000000000000e+00
-8.125714976497489417e+00 -1.560865053130750013e+01 0.000000000000000000e+00
-2.036981291058688193e+00 -1.151542840373855014e+01 0.000000000000000000e+00
1.247770209687317688e+01 -1.048995012822379636e+01 0.000000000000000000e+00
-6.481992638319560740e+00 1.692391772452797127e+01 0.000000000000000000e+00
-1.589951200013112320e+01 7.953189721567532011e+00 0.000000000000000000e+00
-6.504269755294932231e+00 -1.412318027145001231e+01 0.000000000000000000e+00
1.317366955976600196e-01 -2.035946577208320285e+00 0.000000000000000000e+00
1.323690024587692804e+01 8.413916270642694428e+00 0.000000000000000000e+00
2.256669278727150285e+00 1.780220482919685931e+00 0.000000000000000000e+00
-7.781304965275953611e-01 -1.734265817122361497e+01 0.000000000000000000e+00
-2.636848870719488591e+00 -4.677819381281543620e+00 0.000000000000000000e+00
1.010502908429931290e+00 -8.129293117889789810e-01 0.000000000000000000e+00
7.484321623836897253e+00 5.062766519699439804e+00 0.000000000000000000e+00
1.282105770901246444e+01 5.878042115541446400e+00 0.000000000000000000e+00
-7.711130039026422800e+00 -4.289403643197728044e+00 0.000000000000000000e+00
1.779750854419347306e+01 1.204288887854989110e+00 0.000000000000000000e+00
8.221749916578113826e+00 2.711400016727763429e+00 0.000000000000000000e+00
-5.012261029195747009e-02 1.417715319685425523e+00 0.000000000000000000e+00
5.509015392276230827e+00 1.522723206494964820e+01 0.000000000000000000e+00
-6.556967086838524139e+00 -1.183249454413804358e+01 0.000000000000000000e+00
3.493875479817790897e+00 1.608090269098001102e+01 0.000000000000000000e+00
1.584557141407178094e+01 -6.054364706881556479e+00 0.000000000000000000e+00
9.376045091752885696e+00 -1.440149528564390025e+01 0.000000000000000000e+00
1.726115521970336530e+01 -7.129790643816003914e+00 0.000000000000000000e+00
-1.081626439384248606e+01 -1.269253120828413728e+01 0.000000000000000000e+00
-1.882273278962304008e+00 1.074839008698465292e+01 0.000000000000000000e+00
-1.887858802681401826e+01 -1.396542435713865160e+00 0.000000000000000000e+00
-7.032422023721276894e+00 6.022439461110706382e+00 0.000000000000000000e+00
-4.177046116336551873e-01 -7.968852702450510250e+00 0.000000000000000000e+00
-2.770643838177811347e+00 -2.828399764184543752e+00 0.000000000000000000e+00
-1.170248307285936029e+01 -4.537086895508759099e+00 0.000000000000000000e+00
2.175513595217016594e+00 -8.516570454673679791e+00 0.000000000000000000e+00
-1.252799665567838083e+01 -2.439861441234216777e+00 0.000000000000000000e+00
1.074846803999791511e+01 -4.108372910927004185e+00 0.000000000000000000e+00
-9.657292958680850248e+00 -7.604192925889735832e+00 0.000000000000000000e+00
-7.316050762594139556e+00 -2.779632591743850689e+00 0.000000000000000000e+00
-3.783604696407296242e+00 1.203755850971924524e+01 0.000000000000000000e+00
-8.041518216308974232e+00 -1.259114176738529345e+01 0.000000000000000000e+00
-1.421791867178678359e+01 6.771921744843146129e+00 0.000000000000000000e+00
6.526667249406878923e+00 1.384326091359344879e+01 0.000000000000000000e+00
-3.772482529667931406e+00 -1.064744600304738142e+01 0.000000000000000000e+00
-4.350189984341998439e+00 -1.741859266197582201e+01 0.000000000000000000e+00
9.316986045052059850e+00 1.122369154708764860e+01 0.000000000000000000e+00
1.377870926655965000e+01 3.739010783869874288e+00 0.000000000000000000e+00
8.097439181356699933e+00 -8.076835831852504199e+00 0.000000000000000000e+00
-8.506772761180702247e+00 5.212890896935774343e+00 0.000000000000000000e+00
-1.018266378021350427e+01 -1.354480818746064186e+00 0.000000000000000000e+00
-2.090827470149378975e+00 2.738502114168869239e-01 0.000000000000000000e+00
1.386062387896187298e+00 -1.365256988975202113e+01 0.000000000000000000e+00
-5.000169202763866672e+00 1.444812463476547215e+01 0.000000000000000000e+00
9.247890817184190482e+00 -1.116369950831512803e+01 0.000000000000000000e+00
-1.071219620991877264e+01 -1.012032789455934356e+01 0.000000000000000000e+00
-1.399931148862245145e+01 2.249461068378315609e+00 0.000000000000000000e+00
-1.437131267193647588e+01 3.932361117527273020e+00 0.000000000000000000e+00
-1.516689191617277999e+01 -5.339517506010395209e+00 0.000000000000000000e+00
-1.659554429104609596e+01 -6.045762047187674071e+00 0.000000000000000000e+00
1.867946193282227796e+01 -2.108391573720089340e+00 0.000000000000000000e+00
1.377300724757883454e+00 1.817638983721960599e+01 0.000000000000000000e+00
1.360568523265820495e+01 -2.178886694484484909e+00 0.000000000000000000e+00
-1.265859484795055678e+01 -9.884590306619616129e+00 0.000000000000000000e+00
4.096858773958137689e+00 -8.789870911287300359e+00 0.000000000000000000e+00
-1.020648680987181756e+01 1.322428713119852883e+00 0.000000000000000000e+00
-8.265054711519381314e+00 1.260615749487370785e+01 0.000000000000000000e+00
-2.684414746877920699e+00 3.382321900981408280e+00 0.000000000000000000e+00
-7.982861396862643844e+00 1.694065318425909794e+01 0.000000000000000000e+00
-1.839259954294082178e+00 -1.532497544798449951e+01 0.000000000000000000e+00
1.138189953308145697e+01 -1.761307325333093532e+00 0.000000000000000000e+00
1.264569917292405421e+01 -8.107998944267153618e+00 0.000000000000000000e+00
1.231812816643760522e+00 -9.842902011228346737e+00 0.000000000000000000e+00
-1.801659724695363707e+01 1.574837910282742337e+00 0.000000000000000000e+00
3.400841552084217234e+00 -1.408319344008703666e+01 0.000000000000000000e+00
-3.156492838302794812e+00 1.827025142858140105e+00 0.000000000000000000e+00
4.785812372619481003e+00 -6.701541356497230595e+00 0.000000000000000000e+00
2.390195803826498100e+00 -2.937738511407666842e+00 0.000000000000000000e+00
8.956459682596257466e+00 4.285666888318381496e+00 0.000000000000000000e+00
-7.164137464628127283e+00 9.902007745640781788e-01 0.000000000000000000e+00
-8.737073150152374623e+00 -6.158544861976610996e+00 0.000000000000000000e+00
-5.550218047724195802e-01 1.202114499609801790e+01 0.000000000000000000e+00
1.321373612981293189e+00 9.687903670697336267e+00 0.000000000000000000e+00
1.223622849099726118e+01 -1.427226036430626266e+01 0.000000000000000000e+00
1.236406628745948488e+01 -4.127409827025327438e+00 0.000000000000000000e+00
-1.603971328418963793e+01 3.545621380524564881e+00 0.000000000000000000e+00
-9.819502461777345204e+00 -1.418938059099059856e+01 0.000000000000000000e+00
6.774596162672323452e+00 1.205851106087327196e+01 0.000000000000000000e+00
2.604557821197610146e+00 4.234237370953753299e+00 0.000000000000000000e+00
-5.821740927466234616e+00 -2.926364878112071466e+00 0.000000000000000000e+00
1.002375889400619435e+01 1.574273342270018183e+01 0.000000000000000000e+00
1.595948514694336851e+01 5.797678409312182701e+00 0.000000000000000000e+00
-1.826811817533586435e+01 -4.137937340416057097e+00 0.000000000000000000e+00
-2.650792622322489578e+00 1.735917845850848451e+01 0.000000000000000000e+00
6.271624765438930993e+00 -1.446732252490723880e+01 0.000000000000000000e+00
-1.695830529640541329e+01 -9.025775175701695741e-01 0.000000000000000000e+00
3.028931940697296543e+00 -1.697400378380311992e+01 0.000000000000000000e+00
3.354789796936986868e+00 6.369672169748437085e+00 0.000000000000000000e+00
1.144810296700666896e+01 8.041918243232425212e+00 0.000000000000000000e+00
-2.840650351526559980e+00 -1.316816231226796496e+01 0.000000000000000000e+00
-5.720251507929845936e+00 -4.645662605285084679e-01 0.000000000000000000e+00
9.765411172485515934e+00 -7.375239307759714258e+00 0.000000000000000000e+00
-1.437522475893352158e+01 -1.229607850967452265e+01 0.000000000000000000e+00
-3.264760431971177823e+00 -6.144488490073280573e+00 0.000000000000000000e+00
-1.331282158864634013e+01 -4.678108765386914669e+00 0.000000000000000000e+00
6.473959043177502259e+00 2.453346344624636188e+00 0.000000000000000000e+00
7.042808073573669780e+00 1.024531218236104824e+00 0.000000000000000000e+00
1.123261671279816554e+01 -1.222155709191056339e+01 0.000000000000000000e+00
1.792921456053034746e+01 -4.594695236782099457e+00 0.000000000000000000e+00
-9.059651303353192020e+00 1.500304006632928022e+01 0.000000000000000000e+00
-1.287928706871363183e+00 -3.406011180539800343e+00 0.000000000000000000e+00
1.232481781312603708e+01 1.212382143332120599e+01 0.000000000000000000e+00
4.756532134708041148e+00 -3.844026032847917662e+00 0.000000000000000000e+00
3.587519403820647490e+00 5.786910015151546238e-01 0.000000000000000000e+00
-6.337740634803935791e+00 -1.627745629149160678e+01 0.000000000000000000e+00
1.249818228808433851e+01 -5.630906061736013157e+00 0.000000000000000000e+00
-6.531286052513790352e+00 8.437191738176274214e+00 0.000000000000000000e+00
-4.900807728203982805e+00 3.784419839305792177e+00 0.000000000000000000e+00
-2.412597603424040837e+00 -9.164985887573035228e+00 0.000000000000000000e+00
-1.848422938295114548e+01 3.227922497059539264e+00 0.000000000000000000e+00
1.291805528574874096e+01 -5.337368220571563349e-01 0.000000000000000000e+00
2.023245787712426580e+00 -6.510832839723376786e+00 0.000000000000000000e+00
1.650853386207032969e+01 8.986422649124367723e+00 0.000000000000000000e+00
-1.489957887773413425e+01 -7.839937563617253247e+00 0.000000000000000000e+00
4.737290514972252176e+00 1.380586371797384260e+01 0.000000000000000000e+00
-4.241067567748231681e+00 -1.496274065618202442e+01 0.000000000000000000e+00
-8.580378560484215100e+00 -1.915240264262728420e+00 0.000000000000000000e+00
-9.593189267067945281e+00 3.232670665832778845e+00 0.000000000000000000e+00
-4.377146681104817638e+00 7.945246863997765807e+00 0.000000000000000000e+00
1.085817689593365820e+01 -1.540619596516636669e+01 0.000000000000000000e+00
2.242309331606673339e+00 1.517409765747921924e+01 0.000000000000000000e+00
-9.968439159876217204e+00 -4.789960165199472542e+00 0.000000000000000000e+00
-6.265604036493137130e+00 1.349156449537609070e+01 0.000000000000000000e+00
-2.070937591313476656e+00 1.290947316157299518e+01 0.000000000000000000e+00
-9.962953204286637998e+00 4.701037006441159960e+00 0.000000000000000000e+00
-1.025285621425508431e+01 1.362174566419601796e+01 0.000000000000000000e+00
-5.578818647960692267e+00 1.090399601619754133e+00 0.000000000000000000e+00
-1.119729095491029192e+01 -1.523025547970432747e+01 0.000000000000000000e+00
4.129993064307798889e+00 -1.539595119258556011e+01 0.000000000000000000e+00
-4.945723200156614929e+00 6.518622071025057529e+00 0.000000000000000000e+00
-1.463613985539690177e+01 -1.043551346313518913e+01 0.000000000000000000e+00
2.754221920804953871e+00 -1.123690461213286618e+01 0.000000000000000000e+00
-5.494949679306322388e+00 -1.300559111817861968e+01 0.000000000000000000e+00
-1.129475128658949679e+01 3.263551246738193967e+00 0.000000000000000000e+00
1.093376096472680814e+01 3.784264301202926450e+00 0.000000000000000000e+00
8.348895903440734401e+00 -1.599623983225879842e+00 0.000000000000000000e+00
9.918659627826750258e-01 1.175786231513515112e+01 0.000000000000000000e+00
-1.069007049890020511e+01 1.529379692951250647e+01 0.000000000000000000e+00
1.163642701485678543e+01 7.027667027950240675e-01 0.000000000000000000e+00
6.175518448887537204e+00 -1.080283704108802745e+01 0.000000000000000000e+00
-7.142975693046926366e+00 -1.154372058925004163e+00 0.000000000000000000e+00
-1.185348122118557868e+01 1.019991265094287414e+01 0.000000000000000000e+00
-6.313691747569750490e+00 2.679292186371637463e+00 0.000000000000000000e+00
1.654512123140873214e+01 -1.963235797163129348e+00 0.000000000000000000e+00
1.444268990590189006e+01 5.280884494578912403e+00 0.000000000000000000e+00
1.058607409018656043e+01 1.234659028319828877e+01 0.000000000000000000e+00
-5.585839416770309596e-01 -2.500574582916799127e-01 0.000000000000000000e+00
4.798684304604340589e+00 -1.797799924528001725e+01 0.000000000000000000e+00
2.694102944617230655e+00 8.250612044617612995e+00 0.000000000000000000e+00
-1.203540330753423504e+01 8.567655755278385854e+00 0.000000000000000000e+00
-1.203926398856091673e+01 -1.140020233994150267e+01 0.000000000000000000e+00
-1.242138390569272488e+01 -1.301178858846625808e+01 0.000000000000000000e+00
-1.559793194970368369e+01 1.865969435985399771e+00 0.000000000000000000e+00
1.555694103514784032e+01 7.182323888102508658e-01 0.000000000000000000e+00
-3.534691030621642138e+00 5.795709152249044038e+00 0.000000000000000000e+00
7.955346004743527821e+00 1.563301510627393220e+01 0.000000000000000000e+00
2.753949936263498710e+00 -1.401234771059846063e+00 0.000000000000000000e+00
-6.265982593941519241e+00 -8.851341043138578613e+00 0.000000000000000000e+00
9.794549761772652019e+00 2.557413522686287966e+00 0.000000000000000000e+00
1.436313191591326532e+00 -1.747361876861119967e+01 0.000000000000000000e+00
-1.049279986512505936e+01 -3.020183938737211804e+00 0.000000000000000000e+00
-9.077100312993651166e-01 3.057819980226384793e+00 0.000000000000000000e+00
-1.271956999498132213e+01 3.922911497804070446e+00 0.000000000000000000e+00
1.546685121438170896e+01 3.849064626854711957e+00 0.000000000000000000e+00
-9.298978648318797724e+00 -1.102698320886980277e+01 0.000000000000000000e+00
-6.075995493979232442e+00 -1.779188544917649395e+01 0.000000000000000000e+00
-6.024269714955038380e-01 -1.362568342350084372e+01 0.000000000000000000e+00
1.540791619384432432e+00 3.115614279386174523e+00 0.000000000000000000e+00
-7.237636491642676084e+00 -6.210175737750047276e+00 0.000000000000000000e+00
1.492897397313311281e+01 8.900986118656732060e+00 0.000000000000000000e+00
1.092990874190627082e+01 -9.933668701365503395e+00 0.000000000000000000e+00
