6.180105885573886404e+00 -3.295069656544374226e+00 0.000000000000000000e+00
2.379428142812157976e+00 3.314500376966744266e+00 0.000000000000000000e+00
9.049439742877277482e+00 -7.779504812352182164e+00 0.000000000000000000e+00
-6.288498650848933558e+00 3.424582134766648078e+00 0.000000000000000000e+00
-6.845176952366108791e-01 2.450499273946963985e+00 0.000000000000000000e+00
-1.365998641865376451e+00 7.953785965958696025e+00 0.000000000000000000e+00
-6.348777778465975352e+00 1.166377438838467118e+00 0.000000000000000000e+00
3.263235173972673930e+00 -1.079934746754865227e+00 0.000000000000000000e+00
-2.275414956503003516e+00 2.684096371874335585e+00 0.000000000000000000e+00
1.088388569273423911e+01 1.242972449146028424e+01 0.000000000000000000e+00
1.450941423135681241e+01 -5.270110321727932562e-02 0.000000000000000000e+00
-1.803854778504180967e+00 -5.099066817306118216e-01 0.000000000000000000e+00
6.722362672160461017e+00 -1.243935703360646450e+01 0.000000000000000000e+00
-9.484006403506818117e+00 1.722092903581935452e-01 0.000000000000000000e+00
1.011211519224691457e+01 7.214131874984142989e+00 0.000000000000000000e+00
-1.123689810992715010e+01 4.423340062498803071e+00 0.000000000000000000e+00
-5.910663124290550741e+00 -3.258741170833124645e+00 0.000000000000000000e+00
-2.591176278798080990e+00 -1.037500745759028220e+01 0.000000000000000000e+00
1.578624581509063596e+01 -2.403358339004678434e+00 0.000000000000000000e+00
6.481942261977627240e+00 5.670930886538938509e+00 0.000000000000000000e+00
-1.007975693148005902e+01 -4.796039725180389901e+00 0.000000000000000000e+00
-9.676150385921793884e+00 -7.720127562145757238e+00 0.000000000000000000e+00
5.632969323239545023e-01 -1.075345380742433576e+01 0.000000000000000000e+00
-3.396980636036733614e+00 1.553109789099048399e+01 0.000000000000000000e+00
1.170165388790847594e+01 5.896431935392505430e+00 0.000000000000000000e+00
2.458071457459313880e+00 -1.339460006464334185e+01 0.000000000000000000e+00
-1.416749412596655766e+01 3.816916096850892615e+00 0.000000000000000000e+00
-1.624795234649274178e+01 4.048543273615958782e+00 0.000000000000000000e+00
-1.310835922987789104e+01 -7.148469701013461908e+00 0.000000000000000000e+00
3.517979019655042894e+00 5.728762996633437687e+00 0.000000000000000000e+00
7.374235861503223965e+00 7.158257992599796005e+00 0.000000000000000000e+00
-4.804109877536676620e+00 -6.593571444314323848e+00 0.000000000000000000e+00
-2.333143809862411988e+00 4.423024375587923274e+00 0.000000000000000000e+00
1.019169133620298417e+01 -4.440964834399125927e+00 0.000000000000000000e+00
-1.736983527596549781e-01 -4.337317658128068132e+00 0.000000000000000000e+00
-9.190480004277262083e+00 5.779757114619273217e+00 0.000000000000000000e+00
-1.484253836913305946e+01 -5.571825342667410252e-01 0.000000000000000000e+00
1.233058130007619901e+01 1.765942776340497566e+00 0.000000000000000000e+00
-7.223764907745432673e+00 1.400520165694636887e+01 0.000000000000000000e+00
-1.282856185879150424e+01 -1.530997012244435407e+00 0.000000000000000000e+00
4.328062209316616560e+00 -1.275926208469590861e+01 0.000000000000000000e+00
9.743269047549162565e+00 3.609840754351167913e+00 0.000000000000000000e+00
-2.410624312717995765e-01 -6.152499037498886381e-01 0.000000000000000000e+00
-9.482019134825193873e+00 -2.064817681487812528e+00 0.000000000000000000e+00
-1.671718973166462874e+01 5.509408690463916125e-01 0.000000000000000000e+00
-1.299593385851903626e+01 6.184134461854507769e+00 0.000000000000000000e+00
-6.130190387373660954e+00 6.074422823453819120e+00 0.000000000000000000e+00
1.012053554597056371e+00 6.724226238396307842e+00 0.000000000000000000e+00
-4.381789099883018679e+00 2.542627728658065855e+00 0.000000000000000000e+00
-8.935314993610145251e+00 1.192912416872971981e+01 0.000000000000000000e+00
2.089674629851638876e+00 -1.161096181470834843e+01 0.000000000000000000e+00
3.474228405911360618e+00 -1.646652785134676478e+01 0.000000000000000000e+00
1.144615678322752039e+01 -1.089585890257395384e+01 0.000000000000000000e+00
1.386327844584351254e+01 9.896482324654726881e+00 0.000000000000000000e+00
9.224580717260112195e+00 -1.234808021707030257e+01 0.000000000000000000e+00
-3.530130199529661450e+00 -3.981790402670358109e+00 0.000000000000000000e+00
1.477124684912082841e+01 2.211639008187268995e+00 0.000000000000000000e+00
-8.700643149041427549e+00 1.004579143054151302e+01 0.000000000000000000e+00
-7.967618013893434714e+00 -1.239029168083304988e+01 0.000000000000000000e+00
5.831207441266715641e+00 1.522362894085535956e+01 0.000000000000000000e+00
-7.870883446305469100e+00 -6.712074935143419019e+00 0.000000000000000000e+00
1.514299303226749416e+01 -8.464763298342566245e+00 0.000000000000000000e+00
1.606092089791774669e+01 6.625679948064253644e+00 0.000000000000000000e+00
1.069044011505785008e+01 8.911369142393316123e-01 0.000000000000000000e+00
2.184554451561359745e+00 -7.774171837502700022e+00 0.000000000000000000e+00
-1.427533154591005271e+01 7.864481524139086410e+00 0.000000000000000000e+00
8.607636972341511594e+00 -4.689951885262998665e+00 0.000000000000000000e+00
1.364932280106963702e+01 -4.962309791190703478e+00 0.000000000000000000e+00
7.324256606711572637e+00 1.465071599812304193e+01 0.000000000000000000e+00
-4.513348691182437200e+00 6.850363127064438729e+00 0.000000000000000000e+00
-1.605542220094977779e+01 -6.324280508897636821e+00 0.000000000000000000e+00
-4.675794732662815534e+00 -1.359678631759020995e+01 0.000000000000000000e+00
1.658086692176564014e+01 -1.122457716404927419e+00 0.000000000000000000e+00
1.295931240807917550e+00 1.039836505091965080e+01 0.000000000000000000e+00
-1.240271908861158501e+01 -5.788879686183483031e+00 0.000000000000000000e+00
-7.526460005184329560e+00 -1.001288139097048813e+01 0.000000000000000000e+00
1.346913297057519832e-01 8.763794411639898030e+00 0.000000000000000000e+00
9.090997130269540705e+00 1.106705988529326490e+01 0.000000000000000000e+00
1.254267433358038453e+01 4.481057055351890916e+00 0.000000000000000000e+00
1.276968612886731691e+01 8.797610496602452201e+00 0.000000000000000000e+00
-1.583468805289549142e+00 -1.713975949774868468e+01 0.000000000000000000e+00
1.627205052884460379e+00 1.400745370992203931e+01 0.000000000000000000e+00
1.596263680766216275e+01 4.221004860846919726e+00 0.000000000000000000e+00
-6.539614623308329655e+00 9.925790880266667671e+00 0.000000000000000000e+00
9.650462306139344193e+00 -1.430023721183319729e+01 0.000000000000000000e+00
4.436439150225555572e+00 -1.526878038374528934e+01 0.000000000000000000e+00
1.665831111042495749e+01 -4.923976547946439020e+00 0.000000000000000000e+00
1.262477145325506811e+01 -9.489503691310392952e+00 0.000000000000000000e+00
-1.675033790535484002e+01 -1.584572531581400323e+00 0.000000000000000000e+00
-1.070687646060859066e+01 -1.307272855445201287e+01 0.000000000000000000e+00
-1.201684854568681793e+00 -2.911566005321907014e+00 0.000000000000000000e+00
4.769416888638181362e+00 -2.008031432271010441e+00 0.000000000000000000e+00
7.629520924905628831e+00 -1.033462351301116122e+01 0.000000000000000000e+00
4.788956068502153052e+00 -9.920064624563385891e+00 0.000000000000000000e+00
-1.307791813067368381e+01 -8.728189592510341654e+00 0.000000000000000000e+00
-2.906610233176835756e+00 -2.168405460478406876e+00 0.000000000000000000e+00
-5.341269111735821085e+00 1.192384121806535191e+01 0.000000000000000000e+00
-9.612462943840434093e-01 -1.244442122018637242e+01 0.000000000000000000e+00
3.930419408787794389e+00 1.424928858406458865e+01 0.000000000000000000e+00
1.359165388960150711e+00 -2.442485152020128947e+00 0.000000000000000000e+00
4.299761941687854083e+00 7.083289970088634036e+00 0.000000000000000000e+00
-1.290923077679089870e+00 -1.415212344142629419e+01 0.000000000000000000e+00
-8.418053088076606016e+00 1.963936155756755175e+00 0.000000000000000000e+00
6.770555621772301080e+00 -1.484253890446499824e+01 0.000000000000000000e+00
1.060482230942586673e-01 1.399595027834486594e+01 0.000000000000000000e+00
5.870385171416805825e+00 1.084172391011690451e+01 0.000000000000000000e+00
5.040970741532494692e+00 1.310850871756557723e+01 0.000000000000000000e+00
1.897016626870094758e+00 -1.002619651900230657e+01 0.000000000000000000e+00
4.348645523185434847e+00 1.038422926693618109e+01 0.000000000000000000e+00
-4.278369033288782042e+00 2.726396861611594113e-01 0.000000000000000000e+00
-8.810935150851818776e+00 7.450940414923937105e+00 0.000000000000000000e+00
1.033989365194048382e+01 -6.793174788513869800e+00 0.000000000000000000e+00
-4.706270454795233427e+00 -8.247128298535868041e+00 0.000000000000000000e+00
7.797527815297855547e+00 2.744084866252194832e+00 0.000000000000000000e+00
1.480640084151070734e+00 1.569979113405213056e+01 0.000000000000000000e+00
-1.366920778687952165e+01 9.702881612461213834e+00 0.000000000000000000e+00
6.206205782526172499e+00 -9.242180727670948670e+00 0.000000000000000000e+00
-1.019158522427295033e+01 2.871297424382473373e+00 0.000000000000000000e+00
1.854450978226716895e+00 7.703234455133600722e-01 0.000000000000000000e+00
-7.265036974360306488e+00 -8.345774104545062855e+00 0.000000000000000000e+00
-1.118267858893923972e+01 4.039972035656405613e-02 0.000000000000000000e+00
-4.714115918170531216e+00 1.411408716045798784e+01 0.000000000000000000e+00
1.086246664291356545e+01 -9.488738285608201650e+00 0.000000000000000000e+00
4.958810273647160094e-01 1.238291885491977062e+01 0.000000000000000000e+00
-1.389043914449016803e+01 -2.879352225699030043e+00 0.000000000000000000e+00
3.079650205382510109e+00 -5.381511293360510706e+00 0.000000000000000000e+00
-6.484890296482332950e+00 -1.564594698891076163e+01 0.000000000000000000e+00
-5.875006363652012453e+00 -4.902417768036095858e+00 0.000000000000000000e+00
-5.023750349978990393e+00 -1.135780883135617358e+01 0.000000000000000000e+00
1.377338849539481025e+01 -1.067337409056919739e+01 0.000000000000000000e+00
-1.283178185403912508e+01 1.170233347804047241e+01 0.000000000000000000e+00
1.306171246594482227e+01 -6.975489739605319706e+00 0.000000000000000000e+00
1.045717189517810120e+01 -1.148241579982148153e+00 0.000000000000000000e+00
-1.106876509666898478e+01 8.929671338993873775e+00 0.000000000000000000e+00
9.159411449659476290e+00 1.290528949318957075e+01 0.000000000000000000e+00
1.733213246680380681e+00 -1.698853721687314433e+01 0.000000000000000000e+00
2.104465160084065811e+00 -1.540985279983136991e+01 0.000000000000000000e+00
-2.033888571200584749e+00 1.429924740667832772e+01 0.000000000000000000e+00
4.609597429774021093e-01 1.724002812525207062e+01 0.000000000000000000e+00
-1.014530234376881834e+00 1.283895045193015072e+01 0.000000000000000000e+00
8.178981807857724107e+00 4.515583324902178397e+00 0.000000000000000000e+00
-3.410591400337795065e+00 1.039517757489253214e+01 0.000000000000000000e+00
5.577238689379448999e-01 -9.143309921291988829e+00 0.000000000000000000e+00
5.558705809206697879e+00 8.920570724528655404e+00 0.000000000000000000e+00
6.693174012063868084e+00 3.943566212011174077e+00 0.000000000000000000e+00
-1.136914040787297608e+01 6.553005394036992115e+00 0.000000000000000000e+00
-7.824180341847335463e+00 -1.230776164327969324e+00 0.000000000000000000e+00
1.351620992582412140e-01 4.492869788876485693e+00 0.000000000000000000e+00
-1.493748670789337041e+01 5.872760552351783403e+00 0.000000000000000000e+00
8.515233618484159273e-01 2.883855099306006586e+00 0.000000000000000000e+00
-1.264118046312213028e+00 -7.649548403791691875e+00 0.000000000000000000e+00
-1.580549850352172037e+01 2.196236633000829386e+00 0.000000000000000000e+00
9.092355563266991680e+00 -1.840596848392535234e+00 0.000000000000000000e+00
9.571776901678145322e+00 -1.042994294349285589e+01 0.000000000000000000e+00
1.498283766096824543e+01 5.475668419234855477e+00 0.000000000000000000e+00
8.773267358311919395e+00 1.839236238783620858e-01 0.000000000000000000e+00
-3.481671173991511381e+00 1.308975679730120412e+01 0.000000000000000000e+00
-2.064156039181607838e+00 -6.094467992680232982e+00 0.000000000000000000e+00
-1.648854458681048030e+01 -4.678832474354528870e+00 0.000000000000000000e+00
4.329564177555338844e+00 1.606312110761677070e-01 0.000000000000000000e+00
-2.430720425431147635e+00 6.845502299279077718e+00 0.000000000000000000e+00
1.154068337805950861e+01 -2.747593980863653140e+00 0.000000000000000000e+00
1.045447167724431736e+01 9.136223200726183435e+00 0.000000000000000000e+00
5.056075753494529978e-01 -1.326901766592407661e+01 0.000000000000000000e+00
-9.944062847681434114e-01 8.095857586079547863e-01 0.000000000000000000e+00
5.341826890762878755e+00 -7.868418205398646670e+00 0.000000000000000000e+00
-9.010581113382183815e+00 -1.100822653754314828e+01 0.000000000000000000e+00
6.899752939095662008e+00 -7.609714298437923741e-02 0.000000000000000000e+00
1.207522312773891038e+01 -5.209390320173413080e+00 0.000000000000000000e+00
-1.838925372285481918e+00 1.001750013072481593e+01 0.000000000000000000e+00
-1.152328029781533303e+01 1.064304240895770981e+01 0.000000000000000000e+00
1.279558135302071520e+01 1.170594881765276796e+01 0.000000000000000000e+00
3.173225464452964051e+00 1.951076541247696916e+00 0.000000000000000000e+00
5.810523152326456220e+00 1.023194626073420821e+00 0.000000000000000000e+00
-9.808003399413646406e+00 1.340602922265953545e+01 0.000000000000000000e+00
2.396332480877910953e+00 8.179820471556642048e+00 0.000000000000000000e+00
1.537381384965382480e+01 -5.893199232307758884e+00 0.000000000000000000e+00
-1.251202325558342210e+01 3.625430192252113049e+00 0.000000000000000000e+00
-1.145709281142926805e+01 -9.251835002490665261e+00 0.000000000000000000e+00
7.206412597997922553e+00 1.214194519733828592e+01 0.000000000000000000e+00
2.370567623368201871e-01 -6.413425993359732402e+00 0.000000000000000000e+00
1.345465161690029277e+01 6.324161456389473024e+00 0.000000000000000000e+00
-3.038090993320426314e+00 8.508363926295318791e+00 0.000000000000000000e+00
9.022983760133543640e+00 1.445348877151606537e+01 0.000000000000000000e+00
-8.232590330796211830e+00 -3.371719219855029870e+00 0.000000000000000000e+00
4.059090704428772511e+00 1.597167762034959360e+01 0.000000000000000000e+00
-6.062270730336230429e+00 -3.183848878961287321e-01 0.000000000000000000e+00
8.763251148482559927e+00 6.512247052365684574e+00 0.000000000000000000e+00
-4.875557588062835457e+00 4.840345085887153509e+00 0.000000000000000000e+00
1.367884962129241799e+01 -2.152809486094954039e+00 0.000000000000000000e+00
1.234486817642704715e+01 -3.504470494981616890e-01 0.000000000000000000e+00
3.705736691486845036e+00 -7.597590180249229164e+00 0.000000000000000000e+00
5.071682076488158941e+00 -5.148383087850692874e+00 0.000000000000000000e+00
-5.541100876188311375e+00 8.417767521485401971e+00 0.000000000000000000e+00
1.622772160573627431e+01 4.737037786599002653e-01 0.000000000000000000e+00
-4.035163358324071581e+00 -9.721030457196183860e+00 0.000000000000000000e+00
-1.905361698700519968e+00 1.706805799360731513e+01 0.000000000000000000e+00
1.733609026606482217e+01 1.927189901883692214e+00 0.000000000000000000e+00
-8.565310107517486671e+00 -1.514481291475212643e+01 0.000000000000000000e+00
-2.713499870099389533e+00 -1.545000491498892004e+01 0.000000000000000000e+00
7.389882410888578335e+00 -6.109354087390935106e+00 0.000000000000000000e+00
6.248271560730869645e+00 -1.503214193346206651e+00 0.000000000000000000e+00
8.025278921128904841e+00 9.157397285479616400e+00 0.000000000000000000e+00
3.051566641229487953e+00 1.124428407477009451e+01 0.000000000000000000e+00
-6.706579517500430576e+00 1.604745128431306966e+01 0.000000000000000000e+00
-1.191215752410477258e+01 -1.166369696822441604e+01 0.000000000000000000e+00
-7.932231279189284834e+00 8.715251083202383953e+00 0.000000000000000000e+00
-4.849611456813196497e+00 -1.578663339546024069e+01 0.000000000000000000e+00
1.370263446812505892e+00 -8.906456921385325076e-01 0.000000000000000000e+00
-1.526000633620146552e+01 -8.110586798979369405e+00 0.000000000000000000e+00
-1.089427840044638351e+01 -2.853208256195874704e+00 0.000000000000000000e+00
-1.127879947274158923e+01 1.259420872381470247e+01 0.000000000000000000e+00
-1.310105084359868499e+01 1.415022704988558200e+00 0.000000000000000000e+00
-9.072096024678197423e+00 -1.371877602259453788e+01 0.000000000000000000e+00
-4.574201871912626949e+00 -2.156599267859775626e+00 0.000000000000000000e+00
3.737007786433379053e+00 -1.134594223809939528e+01 0.000000000000000000e+00
-6.738970521007061620e-01 1.112595068433919110e+01 0.000000000000000000e+00
-4.634702472660990225e+00 1.671464140810074284e+01 0.000000000000000000e+00
-6.433071931286137968e+00 -1.223072382466206598e+01 0.000000000000000000e+00
5.620683827398812227e+00 -1.647580854893327285e+01 0.000000000000000000e+00
-2.855590926766129023e+00 -7.883748020972542569e+00 0.000000000000000000e+00
3.548470012242646021e-01 -1.476607566529708038e+01 0.000000000000000000e+00
-8.523064226360793638e-01 6.073560687832844529e+00 0.000000000000000000e+00
1.133247836539614362e+01 -1.271527011239721361e+01 0.000000000000000000e+00
1.075138754863100132e+01 1.074305995903849897e+01 0.000000000000000000e+00
1.495342625829675498e+01 8.393994684193724964e+00 0.000000000000000000e+00
3.274369945192192599e+00 -3.723950841291368885e+00 0.000000000000000000e+00
-7.590580935244278571e+00 4.361082113090972712e+00 0.000000000000000000e+00
-1.759579453402171090e-01 -1.619495909036362136e+01 0.000000000000000000e+00
5.262453495657991809e+00 -1.142193464800919145e+01 0.000000000000000000e+00
4.455720793566868565e+00 3.701600889366680747e+00 0.000000000000000000e+00
-2.915822825908279015e+00 -1.363396651636702472e+01 0.000000000000000000e+00
-1.108275393936270881e+01 1.645998739596185922e+00 0.000000000000000000e+00
-1.455985715599908836e+01 -6.697609769174403205e+00 0.000000000000000000e+00
1.191632194233292275e+01 -8.104424791206723100e+00 0.000000000000000000e+00
1.706910441160949787e+01 -3.283005682732486719e+00 0.000000000000000000e+00
1.486740719603173666e+01 -3.791120289820808509e+00 0.000000000000000000e+00
-1.517081326586622403e+01 -3.796659368595551420e+00 0.000000000000000000e+00
2.402365820566561005e+00 1.724659898917457568e+01 0.000000000000000000e+00
1.745178096011419377e+00 -4.278823133747260421e+00 0.000000000000000000e+00
-9.727432865834426678e+00 -9.254755239543163370e+00 0.000000000000000000e+00
-6.900592061256544341e+00 -1.369720436997131863e+01 0.000000000000000000e+00
-7.837905908273874900e+00 -5.143595933083529914e+00 0.000000000000000000e+00
-1.280496421800720164e+01 -4.119721046155465416e+00 0.000000000000000000e+00
-1.098660085709092016e+01 -6.333206919172204685e+00 0.000000000000000000e+00
-1.260356109098887600e+01 7.895146736584769620e+00 0.000000000000000000e+00
8.079163244735759974e+00 -1.333749637401324506e+01 0.000000000000000000e+00
1.567741541292494878e+00 4.982563660856598631e+00 0.000000000000000000e+00
-3.381482984824921267e+00 -1.182019214593755940e+01 0.000000000000000000e+00
-1.114187166209714697e+00 -9.467372475797491305e+00 0.000000000000000000e+00
1.125151744940890985e+01 3.416991552185263625e+00 0.000000000000000000e+00
1.018862834467794976e+01 5.556165045321992402e+00 0.000000000000000000e+00
1.221009517489763496e+01 7.352297700994531837e+00 0.000000000000000000e+00
2.949453893888437594e+00 9.700658407442158904e+00 0.000000000000000000e+00
7.679576566559857653e+00 -8.687138148082969025e+00 0.000000000000000000e+00
-8.733144480367520668e-01 1.556918333676254562e+01 0.000000000000000000e+00
