-5.257552022514754952e+00 -1.357558470723980015e+01 0.000000000000000000e+00
1.949968579591944362e+00 -9.212032116664919945e-01 0.000000000000000000e+00
1.442951047435357559e+01 1.053613748852314025e+01 0.000000000000000000e+00
5.734827696000630581e+00 -1.144859463799251564e+01 0.000000000000000000e+00
1.234988500230048736e+01 -3.356021817635796101e+00 0.000000000000000000e+00
1.810053052050407985e+01 2.718652917144295245e+00 0.000000000000000000e+00
-2.939331322152370363e-01 -3.511015642170437712e+00 0.000000000000000000e+00
-1.432899198733044521e+01 4.421409433419923651e+00 0.000000000000000000e+00
1.084561932941735307e+01 -4.242072542275884928e+00 0.000000000000000000e+00
5.947882834824238074e+00 9.115655445032388116e+00 0.000000000000000000e+00
-9.311189073295137675e+00 -1.158779641713944386e+01 0.000000000000000000e+00
5.749157477760969748e+00 -9.030490421071077023e+00 0.000000000000000000e+00
-9.076540682064086596e+00 5.478674314006121371e+00 0.000000000000000000e+00
1.293877188178439575e+01 -5.058756838919594045e+00 0.000000000000000000e+00
6.437069335203549514e+00 -1.758489117439540905e+01 0.000000000000000000e+00
-6.848175476218261615e+00 -6.482568172408360141e+00 0.000000000000000000e+00
8.619028820662670398e+00 7.059547415793495873e+00 0.000000000000000000e+00
1.699407711260573706e+01 4.149147349261184559e+00 0.000000000000000000e+00
-5.925682976703448901e+00 -1.778559151925124482e+00 0.000000000000000000e+00
1.119194694094401399e+01 -1.394468620645876555e+01 0.000000000000000000e+00
1.644213864112693457e+01 -8.735573156442722365e+00 0.000000000000000000e+00
-4.131887132621882230e+00 -7.058388516255010181e+00 0.000000000000000000e+00
8.417045870016620412e+00 -1.668597657952897961e+01 0.000000000000000000e+00
1.814442840954717084e+01 -2.559378447704631743e+00 0.000000000000000000e+00
6.117598156739910920e+00 -1.973667888313364704e+00 0.000000000000000000e+00
-1.696438004214908757e+00 4.529762877960479828e-01 0.000000000000000000e+00
-1.341880018537855657e+00 4.344307069856152559e+00 0.000000000000000000e+00
3.155308004510774200e+00 -7.495714758463935645e+00 0.000000000000000000e+00
-1.151092850589333949e+01 1.026620053748156636e+01 0.000000000000000000e+00
2.350622167681898633e-01 4.524024378995857631e+00 0.000000000000000000e+00
1.175270474561399325e+00 -1.088619626521753325e+01 0.000000000000000000e+00
-3.259859516511308453e+00 -1.391852661796256818e+01 0.000000000000000000e+00
-8.156722813104028802e+00 1.593292752877193186e+00 0.000000000000000000e+00
8.017434573309456525e+00 -1.128884996208185321e+01 0.000000000000000000e+00
1.383132785588441660e+00 5.874592626841513621e+00 0.000000000000000000e+00
-2.160544952068439883e+00 -9.367016328522241864e+00 0.000000000000000000e+00
-4.828902491094107852e+00 6.915094902255694898e+00 0.000000000000000000e+00
1.311398683231079687e+01 -1.079436320211973666e+01 0.000000000000000000e+00
-1.208085515551481670e+01 -1.379288228286196372e+01 0.000000000000000000e+00
9.659978559566663847e+00 -1.374579409584394840e+00 0.000000000000000000e+00
-1.149924223901322762e+01 -1.325628390005453960e+00 0.000000000000000000e+00
1.343472739556287543e+01 9.337472838840211509e+00 0.000000000000000000e+00
1.020246549046072460e+01 8.624083186279714042e+00 0.000000000000000000e+00
3.702678000498719424e+00 -2.901164379680877481e+00 0.000000000000000000e+00
-8.053333710896877662e+00 -4.956226948304539581e-01 0.000000000000000000e+00
6.182859820042767574e+00 -4.020649127251624044e+00 0.000000000000000000e+00
-1.609637565591868835e+01 3.476598369232712038e+00 0.000000000000000000e+00
2.891353952723687559e+00 -9.476607163684194646e+00 0.000000000000000000e+00
2.930737631189072046e-01 2.168819259135577326e-01 0.000000000000000000e+00
2.212091293840171780e+00 3.734503759006153611e+00 0.000000000000000000e+00
-1.384901709359515110e+01 1.060763465087668678e+01 0.000000000000000000e+00
-1.061536282849988844e+01 -9.583979231867647997e+00 0.000000000000000000e+00
-7.103092359931778565e-01 1.819788062474139423e+01 0.000000000000000000e+00
3.086319462162429250e+00 -1.618293592617946075e+01 0.000000000000000000e+00
-1.261433586370658588e+01 -7.134024066420629140e+00 0.000000000000000000e+00
3.146501477235222666e+00 -4.782239023325270288e+00 0.000000000000000000e+00
-3.811082257911246440e+00 -9.530154651233159413e+00 0.000000000000000000e+00
1.049041224279389972e+01 1.108326862397123236e+01 0.000000000000000000e+00
1.167263096625043595e+01 -1.596005589537065505e+00 0.000000000000000000e+00
-7.189049531969758711e+00 -3.056942759040238489e+00 0.000000000000000000e+00
4.046674904595113920e-01 8.510027032010912151e+00 0.000000000000000000e+00
1.691551609185191296e+01 9.724302504731967556e-01 0.000000000000000000e+00
1.495647112045844906e+01 -3.281340337417190334e+00 0.000000000000000000e+00
1.378503425132766935e+01 -7.617965193202414831e+00 0.000000000000000000e+00
1.843394073908741104e+00 1.153364761816812134e+00 0.000000000000000000e+00
1.483794619279466431e+01 7.793740406620311312e+00 0.000000000000000000e+00
2.446767913253155846e-01 1.552843833393082207e+01 0.000000000000000000e+00
-2.367932687161201227e-02 -6.985518806947712989e+00 0.000000000000000000e+00
-1.198808917720761258e+01 2.596091681971599119e+00 0.000000000000000000e+00
1.648534441824485608e+00 1.263818787337317318e+01 0.000000000000000000e+00
1.377253876439379177e+01 -2.354797150583449294e+00 0.000000000000000000e+00
8.979278688394439101e+00 3.044935361373564131e+00 0.000000000000000000e+00
-6.780529151937614074e+00 -9.141284384784039929e+00 0.000000000000000000e+00
4.280592537377044593e+00 2.664850633005931169e+00 0.000000000000000000e+00
5.345171704378607558e+00 6.642281464056022600e+00 0.000000000000000000e+00
-1.058284399198273462e+01 -3.380712207701625172e+00 0.000000000000000000e+00
6.063142780354670691e+00 1.658708200771281938e+01 0.000000000000000000e+00
-1.400634245886678109e+01 1.275229281718151775e+01 0.000000000000000000e+00
6.700891483079619348e+00 -1.317557180017718466e+01 0.000000000000000000e+00
1.087866322069559644e+01 1.508902978931136118e+01 0.000000000000000000e+00
9.567428906792988741e+00 -1.506036736095089346e+01 0.000000000000000000e+00
-3.551337242192159405e+00 1.445757907272413334e+01 0.000000000000000000e+00
9.117877984606590047e+00 1.634667822092256273e+01 0.000000000000000000e+00
-5.023889656663567571e+00 2.573725648239435948e+00 0.000000000000000000e+00
-5.156727099901806000e+00 1.107237776342200064e+01 0.000000000000000000e+00
9.500407601234520882e+00 8.458310508442788977e-01 0.000000000000000000e+00
5.622091110731989971e+00 1.451037662657949845e+01 0.000000000000000000e+00
3.064739948084052923e+00 1.809801743637485671e+01 0.000000000000000000e+00
6.538483351592569548e+00 2.168713972186126160e+00 0.000000000000000000e+00
-1.326253464797480675e+01 -9.051497618335643480e+00 0.000000000000000000e+00
5.998744322892713754e+00 -7.159362168576939744e+00 0.000000000000000000e+00
-3.810050383682689557e+00 1.837120259701932667e+01 0.000000000000000000e+00
8.706272812737294586e+00 4.983926225973556612e+00 0.000000000000000000e+00
-9.588112811926531975e+00 1.245163012675407010e+01 0.000000000000000000e+00
-2.505347145501556128e+00 -2.560711187576077741e+00 0.000000000000000000e+00
1.724906801798671552e+01 7.449427592602154036e+00 0.000000000000000000e+00
-6.930834979929725748e+00 -1.569713479510279264e+01 0.000000000000000000e+00
-1.829896257481371791e+01 -5.004132160874780189e-01 0.000000000000000000e+00
-1.595879403462385149e+01 -6.265496706245504477e+00 0.000000000000000000e+00
-5.394908541571109772e+00 5.353442143165904277e+00 0.000000000000000000e+00
-1.371495210024927580e+01 -1.142154914109458019e+01 0.000000000000000000e+00
-1.334824377339343116e+01 -7.009794862252377579e-01 0.000000000000000000e+00
3.108790467932728063e+00 1.500964033739471404e+01 0.000000000000000000e+00
5.340267386540336503e+00 4.257425358778692548e+00 0.000000000000000000e+00
1.247651122473063268e+01 6.097020366780415479e+00 0.000000000000000000e+00
1.523610668870888141e+01 -1.116512950856146347e+01 0.000000000000000000e+00
-3.500095310374466084e+00 1.239426472084882569e+01 0.000000000000000000e+00
3.105613553391205706e+00 -1.821269963023246774e+01 0.000000000000000000e+00
-1.029598616217562768e+00 6.724781222120090440e+00 0.000000000000000000e+00
2.083219955202364027e+00 1.672644392799392676e+01 0.000000000000000000e+00
-4.434604400048035799e+00 -2.309693496683555836e+00 0.000000000000000000e+00
-1.674536642413926657e+01 -4.358741878021571425e-01 0.000000000000000000e+00
1.370016843780982541e+01 1.149851797795955921e+00 0.000000000000000000e+00
3.371684916493601136e+00 7.170277782288065893e-01 0.000000000000000000e+00
2.418334193902471618e-01 -1.645934455004528729e+01 0.000000000000000000e+00
-1.697509904688918159e+00 1.463105259877939623e+01 0.000000000000000000e+00
9.320084388276558940e+00 1.003301575564999304e+01 0.000000000000000000e+00
-5.313136457481781427e+00 -1.610419978740772251e+01 0.000000000000000000e+00
1.447408209165902448e+01 -6.059041635958752892e+00 0.000000000000000000e+00
-1.366016305927094265e+01 -2.186944666921688540e+00 0.000000000000000000e+00
-8.618822484056993360e+00 -1.977574595700339222e+00 0.000000000000000000e+00
-1.970315910495692213e+00 -1.522271368232074273e+01 0.000000000000000000e+00
7.854798668473157441e+00 3.817172496943805338e-01 0.000000000000000000e+00
1.411470190366470767e+01 -9.098878652006710865e+00 0.000000000000000000e+00
-9.276502755842374270e+00 1.070345657606024581e+01 0.000000000000000000e+00
5.496341399910755765e-01 -5.444403196004611978e+00 0.000000000000000000e+00
-2.525035128301644338e+00 -5.267022156414071787e+00 0.000000000000000000e+00
3.265086245666062759e+00 -1.193153230178183222e+01 0.000000000000000000e+00
7.277713869637880251e+00 5.553913117685252310e+00 0.000000000000000000e+00
-9.188852896611768628e+00 -1.420771912177586493e+01 0.000000000000000000e+00
7.511537187317164133e+00 8.644336095677006782e+00 0.000000000000000000e+00
1.567255361365162081e+01 3.277914158237422271e+00 0.000000000000000000e+00
-8.137859562324884166e+00 8.050329625877267858e+00 0.000000000000000000e+00
3.343419971781861899e-01 -1.283529234364829463e+01 0.000000000000000000e+00
-5.295929060374427344e+00 1.332427164893203475e+01 0.000000000000000000e+00
8.976859808257147577e+00 1.157254316197465371e+01 0.000000000000000000e+00
-7.118350108591505077e+00 1.110217477791385932e+01 0.000000000000000000e+00
-1.460142618050579877e+01 -1.012741739558750709e+01 0.000000000000000000e+00
-7.234053921839338486e+00 1.738279854210541231e+01 0.000000000000000000e+00
5.144886292596953403e+00 -1.629389995724877593e+01 0.000000000000000000e+00
-3.221276618140732850e+00 -1.618919656572369448e+01 0.000000000000000000e+00
3.201255418488547111e+00 -1.379362538185744569e+01 0.000000000000000000e+00
-1.487430486664939266e+01 7.141386447790650571e+00 0.000000000000000000e+00
-1.226330408278510298e+01 -3.237312182843651964e+00 0.000000000000000000e+00
3.286162334784728856e+00 5.884529447995987539e+00 0.000000000000000000e+00
-1.215544109786980975e+01 -1.051447225740485081e+01 0.000000000000000000e+00
-1.003861741868639612e+01 1.438658241311353514e+01 0.000000000000000000e+00
9.657098015647443745e+00 -6.675493729620318284e+00 0.000000000000000000e+00
-1.075688202616065858e+01 -1.224216729236018786e+01 0.000000000000000000e+00
-1.836842051190672009e+01 2.172200940704855032e+00 0.000000000000000000e+00
-1.047638053066238406e+01 -1.500887382921008140e+01 0.000000000000000000e+00
9.329647966656906988e+00 -4.156088030834835578e+00 0.000000000000000000e+00
2.022527261409694077e+00 -2.451239949052313793e+00 0.000000000000000000e+00
-3.724987928821208438e+00 4.194788538081985152e+00 0.000000000000000000e+00
-5.519924842803991538e-02 -1.244562549951848451e+00 0.000000000000000000e+00
7.592945855292398960e+00 -2.342961157782156523e+00 0.000000000000000000e+00
4.042742447977278886e+00 -6.106494641601292628e+00 0.000000000000000000e+00
-7.716903139158453939e+00 3.386126281836723706e+00 0.000000000000000000e+00
-2.594933376437273509e+00 6.424452426529795090e+00 0.000000000000000000e+00
-1.789429586140736994e+00 -6.966301076970466077e+00 0.000000000000000000e+00
-4.443221094308488439e+00 1.581304217297846115e+01 0.000000000000000000e+00
-5.733751989274471050e+00 -8.038782581891560142e+00 0.000000000000000000e+00
-1.469109952946450193e+01 -4.823985708276451234e+00 0.000000000000000000e+00
-5.956837977578770094e+00 1.564946493303191133e+01 0.000000000000000000e+00
7.347619155112169231e+00 3.534848036026708051e+00 0.000000000000000000e+00
1.306271213501638329e+01 -2.168430567798963482e-01 0.000000000000000000e+00
-1.218194956476328805e+01 1.310612134743472978e+01 0.000000000000000000e+00
-1.194736813009532028e+01 8.131050085152200069e+00 0.000000000000000000e+00
-6.049048853116122809e-02 -1.485678473921207043e+01 0.000000000000000000e+00
1.129882559539597686e+01 -1.167544487289510613e+01 0.000000000000000000e+00
-4.241165266926790522e+00 -1.811161543857596712e+01 0.000000000000000000e+00
1.454687946360365913e+01 6.273169082429149945e+00 0.000000000000000000e+00
-8.932085755020095164e+00 -1.573520426162494523e+01 0.000000000000000000e+00
1.835675416131251403e+00 -3.975114959342550769e+00 0.000000000000000000e+00
-1.537111439289368775e+01 1.091885274678246098e+01 0.000000000000000000e+00
-8.538932181262074650e+00 -4.736245352996454550e+00 0.000000000000000000e+00
4.705901217425597416e+00 -1.392487536520017244e+01 0.000000000000000000e+00
-1.433579790768988227e+00 -1.314203835424257605e+01 0.000000000000000000e+00
9.980337732994488675e+00 1.327835019442878739e+01 0.000000000000000000e+00
-1.310547969036013782e+00 -1.815111552725456789e+01 0.000000000000000000e+00
-7.813967958085376253e+00 -1.131907466173356447e+01 0.000000000000000000e+00
-1.741023532460035383e+01 -3.791701824486602757e+00 0.000000000000000000e+00
9.493560061061490085e-01 1.101024770399906849e+01 0.000000000000000000e+00
-1.302043034073017580e+01 5.647863943792044594e+00 0.000000000000000000e+00
-1.027946843901203700e+01 -5.686891694205776560e+00 0.000000000000000000e+00
-3.340352757039279030e+00 2.577583930151399749e-01 0.000000000000000000e+00
3.088724875195076880e+00 9.211409236996134453e+00 0.000000000000000000e+00
5.570325388078306794e+00 4.151057489058797567e-01 0.000000000000000000e+00
8.562024898974646803e+00 -8.437224062202281161e+00 0.000000000000000000e+00
-1.364356442570835704e+01 1.072418655928320197e+00 0.000000000000000000e+00
-6.228990595042190215e+00 3.697985514223272041e+00 0.000000000000000000e+00
1.257210946947164132e+01 3.029493774785061877e+00 0.000000000000000000e+00
1.208168938396059033e+01 -8.291967497758351513e+00 0.000000000000000000e+00
1.698813209269481206e+01 -4.102992029257527484e+00 0.000000000000000000e+00
-1.342065759467955477e+00 9.797298507704553572e+00 0.000000000000000000e+00
2.536466435832334998e+00 7.474511102291870657e+00 0.000000000000000000e+00
1.192456984564881495e+01 1.352765346490265053e+01 0.000000000000000000e+00
-7.211699721427772047e+00 1.290399815697303154e+01 0.000000000000000000e+00
-9.635863986624329414e+00 8.145526661383296840e+00 0.000000000000000000e+00
6.047783392464179286e+00 1.073736440680464810e+01 0.000000000000000000e+00
-2.231795297513277543e+00 1.129452909037034480e+01 0.000000000000000000e+00
7.508823665845179463e+00 1.535546678731544112e+01 0.000000000000000000e+00
-1.790965129574635384e+01 -5.338331296507235812e+00 0.000000000000000000e+00
4.567422279704550725e+00 1.100461350010514572e+01 0.000000000000000000e+00
1.605424869832913659e+00 -6.743710682050486405e+00 0.000000000000000000e+00
-5.009622779333483322e+00 -1.094515339514470398e+01 0.000000000000000000e+00
-9.988105085073668121e+00 1.519426269762187642e+00 0.000000000000000000e+00
-1.455941050106513313e+00 2.105549486326347530e+00 0.000000000000000000e+00
9.341166519794455780e+00 -1.008562262876259119e+01 0.000000000000000000e+00
1.767220475392558754e+01 5.487552334129197185e+00 0.000000000000000000e+00
1.383113293005783540e+01 1.245398850018769821e+01 0.000000000000000000e+00
-1.166196102108792942e+01 9.357859777227333087e-01 0.000000000000000000e+00
7.207478396807421639e+00 -1.557742619019444597e+01 0.000000000000000000e+00
-1.638823725891234773e+01 8.844208921507915377e+00 0.000000000000000000e+00
-5.723887357438177226e+00 -4.232037692004458229e+00 0.000000000000000000e+00
-1.547688551006333668e+01 -1.879298703698879081e+00 0.000000000000000000e+00
7.136802256865354410e-01 1.396047008896193198e+01 0.000000000000000000e+00
-1.852695148033505390e+01 3.853410161456667815e+00 0.000000000000000000e+00
6.201804345696939613e+00 -5.559061717540553893e+00 0.000000000000000000e+00
7.781095886502159331e+00 1.386521470925609378e+01 0.000000000000000000e+00
1.166140854687784412e+01 9.078671512047925773e+00 0.000000000000000000e+00
-1.341785775739156250e+01 -1.295767521336148675e+01 0.000000000000000000e+00
-5.470156092823918570e+00 1.805767035004651078e+01 0.000000000000000000e+00
1.062898169262103032e+01 2.211599238255312905e+00 0.000000000000000000e+00
3.284697809306654226e-01 2.112046965545603783e+00 0.000000000000000000e+00
1.375785110061497463e+01 4.593286633514597206e+00 0.000000000000000000e+00
-2.849731424117743828e+00 8.759395935675419409e+00 0.000000000000000000e+00
-8.816235026693201249e+00 -9.047778788069580358e+00 0.000000000000000000e+00
-1.510188607421047990e+00 1.309591704322446581e+01 0.000000000000000000e+00
3.144175279847800653e+00 1.157828856088750058e+01 0.000000000000000000e+00
4.534405590074181980e+00 1.738658443708465029e+01 0.000000000000000000e+00
-1.269703231056871040e+01 -4.849034502474199648e+00 0.000000000000000000e+00
1.882667100430524698e+01 7.857351172492210711e-01 0.000000000000000000e+00
1.700488807878000719e+00 -8.350372841094806375e+00 0.000000000000000000e+00
-8.496913915366139491e+00 -6.918981787082260304e+00 0.000000000000000000e+00
1.605963603052702737e+01 6.153007334920747695e+00 0.000000000000000000e+00
-6.640207513620880242e+00 3.727091784149191844e-01 0.000000000000000000e+00
-3.349982928812480054e+00 -1.151427110150285849e+01 0.000000000000000000e+00
5.046846984077039799e+00 1.300899992396082361e+01 0.000000000000000000e+00
9.794426775149652542e+00 -1.310205576113283854e+01 0.000000000000000000e+00
-2.599964789414886734e+00 1.668798532211005892e+01 0.000000000000000000e+00
-1.076747226452400730e+00 -1.134804530056194061e+01 0.000000000000000000e+00
1.118172879866558134e+01 7.293118264823441166e+00 0.000000000000000000e+00
-1.725019546527490988e+01 7.579224663089450864e+00 0.000000000000000000e+00
4.424654321604243989e+00 -1.036627191167429984e+01 0.000000000000000000e+00
1.246467871053728516e+01 1.116768346848425786e+01 0.000000000000000000e+00
-1.562965880537072216e+01 1.140995293877700156e+00 0.000000000000000000e+00
-4.031038150387801444e+00 -5.290830753832172384e+00 0.000000000000000000e+00
6.728289179154047339e+00 -1.026269862002968658e+01 0.000000000000000000e+00
1.050988348716686538e+01 3.806787961419018096e+00 0.000000000000000000e+00
1.737057538925458777e+00 -1.415191799579064025e+01 0.000000000000000000e+00
1.478005388818433907e+01 -1.189100096244730675e+00 0.000000000000000000e+00
1.273423587217200170e+00 -1.807934457582506482e+01 0.000000000000000000e+00
-9.871799313846358004e+00 -2.831250666123469317e-01 0.000000000000000000e+00
1.634499917475007891e+01 -7.012255191429814793e+00 0.000000000000000000e+00
-1.698909043448706768e+01 -2.283093334180113398e+00 0.000000000000000000e+00
