-7.617838010587652420e+00 -2.612066202641747825e+00 0.000000000000000000e+00
-1.135277107478569114e+01 1.226640852412857186e+01 0.000000000000000000e+00
-1.775882699116013796e+01 4.669962882266349702e+00 0.000000000000000000e+00
-5.054188481931359833e-01 -1.728581402970261749e+01 0.000000000000000000e+00
6.169978654636254056e+00 -1.590062694015455236e+01 0.000000000000000000e+00
-2.377024096606600079e+00 1.276512171844351151e+01 0.000000000000000000e+00
1.664652178213171752e+01 -4.094595563312513953e+00 0.000000000000000000e+00
1.279405975051800226e+01 1.363296704313729002e+01 0.000000000000000000e+00
3.186696465321771754e+00 2.479848590626747007e-01 0.000000000000000000e+00
1.987714779524209829e+00 1.392729680154578453e+01 0.000000000000000000e+00
-2.874810455585724345e+00 -4.003120625086898698e+00 0.000000000000000000e+00
1.386059325658666097e+01 -4.216747256238489783e+00 0.000000000000000000e+00
9.981288802923559800e+00 1.443148444532329755e+01 0.000000000000000000e+00
3.508466491791842667e+00 1.170317852285661964e+01 0.000000000000000000e+00
1.054914712861406123e+01 9.793454280668393963e+00 0.000000000000000000e+00
-4.016866576489181107e+00 1.830320649792715670e+01 0.000000000000000000e+00
-8.593730064363647614e+00 -1.335143625264796441e+01 0.000000000000000000e+00
1.550598509709508466e-01 -9.796878069231447217e-01 0.000000000000000000e+00
-1.145764899710622942e+01 4.177249548198557427e+00 0.000000000000000000e+00
-1.440775296869871802e+01 -1.206475792294931892e+01 0.000000000000000000e+00
8.224296646961906987e+00 -6.622865399683455223e-01 0.000000000000000000e+00
-1.349449142550243685e+01 -5.279511279395143752e+00 0.000000000000000000e+00
1.441929469073874337e+01 6.735989814409030885e+00 0.000000000000000000e+00
3.995691832672007227e+00 1.632832527309944126e+01 0.000000000000000000e+00
-1.867040213224333201e+01 5.817111187667495936e-02 0.000000000000000000e+00
1.495504386966285537e+01 -2.552467723566335778e+00 0.000000000000000000e+00
-5.935474989946548874e+00 -4.640929333098999798e+00 0.000000000000000000e+00
1.055612264083140772e+01 -1.167900249535582802e+01 0.000000000000000000e+00
1.165141709575298279e+01 6.230148539290097709e+00 0.000000000000000000e+00
4.189478679959862895e+00 -4.290460976340691346e+00 0.000000000000000000e+00
1.540386971167634655e+01 -5.971116722920352338e+00 0.000000000000000000e+00
-2.169432459890293874e+00 -1.630002886117027572e+01 0.000000000000000000e+00
9.378891915053115369e+00 -1.601467797349239675e+01 0.000000000000000000e+00
-1.760498878609552165e+01 -4.999763483588244739e+00 0.000000000000000000e+00
-1.427626305073618651e+00 1.549167177488652491e+01 0.000000000000000000e+00
-1.643270305612589866e+01 -2.795050744139838450e+00 0.000000000000000000e+00
6.155231821937099390e+00 8.829994461639099512e+00 0.000000000000000000e+00
8.952353833073699363e+00 -1.008076737957268243e+01 0.000000000000000000e+00
-1.577684758941477128e+01 7.742176885210588777e-01 0.000000000000000000e+00
2.136330620320671669e-01 -4.547310137380941697e+00 0.000000000000000000e+00
-1.094243693436324882e+01 -7.053131972059942356e+00 0.000000000000000000e+00
6.525197718151708237e+00 8.277784417376202741e-01 0.000000000000000000e+00
-7.508459346285135005e+00 1.667955764667428298e+01 0.000000000000000000e+00
4.197156514127255988e+00 -1.226345742106530468e+00 0.000000000000000000e+00
-4.785103496598709150e+00 1.488432756169012494e+00 0.000000000000000000e+00
6.668693771423365391e+00 -1.386131422628554510e+01 0.000000000000000000e+00
3.322696416366009764e+00 9.331559181232487177e+00 0.000000000000000000e+00
-4.292495302744413266e+00 -1.437004309619124420e+01 0.000000000000000000e+00
1.650593089704525696e+01 9.106716693301416532e-01 0.000000000000000000e+00
1.464713898438284367e+01 -6.904895253452301151e-01 0.000000000000000000e+00
-5.946635413730320119e-01 1.895240013521162226e+01 0.000000000000000000e+00
-4.866098454504907522e+00 1.127421809642047101e+01 0.000000000000000000e+00
-3.958928443778576334e+00 -1.010996791833062858e+01 0.000000000000000000e+00
-8.974626592197215702e-01 -1.519354852787269827e+01 0.000000000000000000e+00
-4.976692599163277109e+00 -6.355829761350729079e+00 0.000000000000000000e+00
-7.629645357646062109e+00 -6.098859514226312228e+00 0.000000000000000000e+00
-1.233404061549732766e+01 -1.211939674973623049e+01 0.000000000000000000e+00
7.927378817783659493e+00 4.171116172795666266e+00 0.000000000000000000e+00
-1.018739242779204446e+01 1.046174977936038886e+01 0.000000000000000000e+00
9.386392881627787510e-01 7.624978457258460907e+00 0.000000000000000000e+00
1.305079792919594617e+01 -2.007459068871702279e-01 0.000000000000000000e+00
9.997820166215493742e+00 -3.493430035332705241e+00 0.000000000000000000e+00
4.989201813736412028e+00 -5.784360473588487039e+00 0.000000000000000000e+00
1.198624066152556900e+01 -8.904380864084881608e+00 0.000000000000000000e+00
5.752105477888060925e+00 1.509657123649764188e+01 0.000000000000000000e+00
1.037247186299798862e+01 1.191347405036926865e+01 0.000000000000000000e+00
1.130978790036230741e+01 -1.359415629291653715e+01 0.000000000000000000e+00
-4.339587590467346878e+00 5.182490000175758560e+00 0.000000000000000000e+00
-9.539345624315606287e+00 1.218552592704256732e+01 0.000000000000000000e+00
9.911485587305394418e+00 6.941088802305186434e+00 0.000000000000000000e+00
-1.406687852242171743e+01 1.329816529135816161e+00 0.000000000000000000e+00
-1.812026897390884406e+00 1.039529223354858267e+01 0.000000000000000000e+00
1.596971503095964806e+01 -8.108569116580504499e+00 0.000000000000000000e+00
6.582476303242907889e+00 1.124195593876313026e+01 0.000000000000000000e+00
-9.880024013639035374e+00 2.854213683755676190e+00 0.000000000000000000e+00
1.773635634246941706e+01 -6.345293914353302256e+00 0.000000000000000000e+00
-1.698423427537510833e+01 -1.695416966268720738e-01 0.000000000000000000e+00
-2.462118632099125737e+00 -1.835587753331239114e+01 0.000000000000000000e+00
4.326503970760628981e+00 2.512741319978384347e+00 0.000000000000000000e+00
3.496497382660907149e+00 -1.855215323326880750e+01 0.000000000000000000e+00
-9.902515581492881580e+00 1.470883389981220901e+01 0.000000000000000000e+00
-1.227061690142777195e+01 6.732912260812757843e+00 0.000000000000000000e+00
4.904631769620217518e+00 -8.875766838270475745e+00 0.000000000000000000e+00
3.430335242689985353e+00 1.341583625065037033e+01 0.000000000000000000e+00
8.661951413013694534e+00 -8.154335301039790096e+00 0.000000000000000000e+00
2.423112749373259600e+00 -1.593532780698224371e+01 0.000000000000000000e+00
9.808360593873846511e+00 1.627978445382429529e+00 0.000000000000000000e+00
6.523241533683306059e+00 6.042071914653297071e+00 0.000000000000000000e+00
9.759175616688708033e+00 -1.833575718765318552e+00 0.000000000000000000e+00
-6.958228169132205210e+00 -1.022493128376740934e+01 0.000000000000000000e+00
6.005882258571705101e+00 -1.090449022140303548e+01 0.000000000000000000e+00
1.577113910214589021e+00 -6.403918290376738653e+00 0.000000000000000000e+00
2.571166853247718098e+00 7.580497421121142665e+00 0.000000000000000000e+00
-6.537099227978038662e+00 2.056619112116570225e+00 0.000000000000000000e+00
-1.511520016135915512e+01 5.451894738461166234e+00 0.000000000000000000e+00
-1.179166326691588473e+01 1.027295902279070638e+01 0.000000000000000000e+00
-1.418577062994307880e+01 8.813421601212937162e+00 0.000000000000000000e+00
1.838006047574958757e+01 3.184291648890784643e+00 0.000000000000000000e+00
-3.383283163486075384e+00 -1.307224407752378426e+01 0.000000000000000000e+00
1.517122365567304954e+00 -1.368443835935794972e+01 0.000000000000000000e+00
5.017964439069403371e-01 -1.011026761558990295e+01 0.000000000000000000e+00
4.887939715523929585e-01 2.173180529675313721e+00 0.000000000000000000e+00
8.117794931623754096e+00 1.554567861202996859e+01 0.000000000000000000e+00
1.083756853603462034e+01 -7.107108562823951203e+00 0.000000000000000000e+00
-1.403387662271754976e+01 -8.335799333203609551e-01 0.000000000000000000e+00
6.624643202152909360e+00 3.034320337425558289e+00 0.000000000000000000e+00
-8.800499600977326864e+00 -8.963561662978621669e+00 0.000000000000000000e+00
-1.034254414941186440e+01 5.995083106382799176e-01 0.000000000000000000e+00
-1.759992141455414938e+00 -1.654497286203047146e+00 0.000000000000000000e+00
-1.289824009117551107e+01 5.096450765674123140e+00 0.000000000000000000e+00
-1.298109760117104550e+01 -9.962774884750796645e+00 0.000000000000000000e+00
6.884602042795098242e+00 1.769840841072127091e+01 0.000000000000000000e+00
-4.708473921250538652e+00 3.098234303560066127e+00 0.000000000000000000e+00
-1.187563072251580820e+01 -3.710273832647524639e+00 0.000000000000000000e+00
7.977297009498767189e+00 -1.230236571287767333e+01 0.000000000000000000e+00
-8.368813940459164158e+00 1.282229081418500227e+00 0.000000000000000000e+00
-6.767680267286118045e+00 1.119084715952919140e+01 0.000000000000000000e+00
-7.023755799280870349e+00 -1.612288895850309700e+01 0.000000000000000000e+00
-8.214657845200173725e+00 6.440073856139862052e+00 0.000000000000000000e+00
3.283535005918777117e+00 4.392535050406858765e+00 0.000000000000000000e+00
7.579686323125833347e+00 -9.203557730367235123e+00 0.000000000000000000e+00
-7.091937224090800740e+00 -1.416801551194760656e+01 0.000000000000000000e+00
-1.498342501846916974e+01 3.080476315937043186e+00 0.000000000000000000e+00
3.153360702934568049e+00 -2.347390035174898859e+00 0.000000000000000000e+00
9.177908204047414031e+00 -5.646823282281282275e+00 0.000000000000000000e+00
5.647896101482160702e+00 -1.259231753327310521e+01 0.000000000000000000e+00
-2.474400773281902666e+00 -7.595058298827046528e+00 0.000000000000000000e+00
-7.650247333642100855e+00 8.243151382483652867e+00 0.000000000000000000e+00
1.612801214769631741e+01 6.111339728806529870e+00 0.000000000000000000e+00
1.319607929836868543e+01 2.509608814545632338e+00 0.000000000000000000e+00
-1.389886147893876434e+00 7.852335024810120245e+00 0.000000000000000000e+00
4.346247553011601816e-01 -1.233958737488898016e+01 0.000000000000000000e+00
6.723707261878752561e+00 -7.744730623428440985e+00 0.000000000000000000e+00
1.260809642881079551e+00 1.256568717280721081e+01 0.000000000000000000e+00
1.343876797850221649e+01 -6.728433463340278031e+00 0.000000000000000000e+00
4.327729513939687855e+00 -1.466253803255121646e+01 0.000000000000000000e+00
-5.821128830914665819e+00 -1.307402215384790267e+01 0.000000000000000000e+00
7.490527576693711609e+00 -2.896954655045372196e+00 0.000000000000000000e+00
-8.259103603230043555e-01 -1.096908274670782646e+01 0.000000000000000000e+00
1.269794197356200627e+01 1.084302221312306536e+01 0.000000000000000000e+00
4.102640171551796833e+00 6.507835616669230383e+00 0.000000000000000000e+00
-1.108494705771865796e+01 -2.261702022767908549e+00 0.000000000000000000e+00
-5.393006237300186356e+00 -1.672560470225534601e+01 0.000000000000000000e+00
-1.446945901356327724e+01 -1.045096806059085104e+01 0.000000000000000000e+00
1.568274594929966881e+01 7.782287472164101771e+00 0.000000000000000000e+00
-9.677498258816237708e+00 -4.375003763366978937e+00 0.000000000000000000e+00
-1.816579759566284835e+01 1.501467913755936356e+00 0.000000000000000000e+00
-1.112501930100462033e+01 1.966630037960894528e+00 0.000000000000000000e+00
8.633367796013118323e-01 1.066084125660317383e+01 0.000000000000000000e+00
5.473327496921182700e+00 7.153037754756333300e+00 0.000000000000000000e+00
-5.728962702882301805e+00 -2.465799824449850242e+00 0.000000000000000000e+00
1.799781512232819791e+00 1.695340323233369162e+01 0.000000000000000000e+00
5.130843411669689935e+00 -1.822303584418542854e+01 0.000000000000000000e+00
8.466654571113918948e+00 -1.467295930272888427e+01 0.000000000000000000e+00
-1.086203634701442411e+01 8.770497516004814642e+00 0.000000000000000000e+00
-5.818223295096488279e+00 1.346562345882949074e+01 0.000000000000000000e+00
-1.496479707548995464e+01 -5.621549101806947668e+00 0.000000000000000000e+00
-7.528483224997284395e+00 1.269462001081437563e+01 0.000000000000000000e+00
1.425749935541517033e+01 -1.154490359265216171e+01 0.000000000000000000e+00
-1.532593994648883040e+01 1.020874012811410125e+01 0.000000000000000000e+00
-1.437843500586826195e+01 -8.276997539802712467e+00 0.000000000000000000e+00
1.812834524463973551e+01 -1.306968678022327968e+00 0.000000000000000000e+00
5.674778425631111567e+00 -2.955772872933950968e+00 0.000000000000000000e+00
7.658380940242912160e+00 7.906393686581460578e+00 0.000000000000000000e+00
-1.231403525397875498e+01 -2.704663364412316917e-01 0.000000000000000000e+00
1.446752691302609684e+01 4.948079150814238325e+00 0.000000000000000000e+00
-1.086683034759852440e+01 6.033643370024366348e+00 0.000000000000000000e+00
7.888858141079024833e+00 1.620840787089065760e+00 0.000000000000000000e+00
-7.290422331378445975e+00 -3.949797848073191564e-02 0.000000000000000000e+00
3.520808094526358900e+00 -1.274106614479304866e+01 0.000000000000000000e+00
1.505081482676709292e+01 1.090346772893020244e+01 0.000000000000000000e+00
-1.602498710644187341e+01 -7.571411062005024561e+00 0.000000000000000000e+00
-9.056817098743358940e+00 -1.915237782510441078e-01 0.000000000000000000e+00
1.468080837547595507e+01 8.966229985726180018e+00 0.000000000000000000e+00
1.377710431430823768e+01 -9.406689259590446994e+00 0.000000000000000000e+00
-3.768894242180807819e+00 8.714205324847082323e+00 0.000000000000000000e+00
-1.442928172913734031e+01 7.125010909548038285e+00 0.000000000000000000e+00
1.072191442033274100e+00 4.246775123654372486e+00 0.000000000000000000e+00
-5.815882892880137156e+00 1.751843598691706205e+01 0.000000000000000000e+00
-1.004145573762922083e+01 -1.270424938487334465e+01 0.000000000000000000e+00
-1.067904983140223862e+01 -1.461439654216259143e+01 0.000000000000000000e+00
-1.386795655098521607e+01 1.243200183976056294e+01 0.000000000000000000e+00
-5.333645882192285193e+00 -8.612663279608304023e+00 0.000000000000000000e+00
8.950391998715177877e+00 1.023746488047912706e+01 0.000000000000000000e+00
2.409061583068524470e+00 -1.139086462355917995e+01 0.000000000000000000e+00
5.608928511191543897e+00 1.302281570255366461e+01 0.000000000000000000e+00
-1.962450793050887432e+00 5.391698729694724967e+00 0.000000000000000000e+00
-1.239971203415938916e+01 1.370555821842441624e+01 0.000000000000000000e+00
-1.700555966197073587e+01 3.336848578638799356e+00 0.000000000000000000e+00
6.173729076157185025e-01 1.524136619545112481e+01 0.000000000000000000e+00
1.285849494153610983e+01 -1.388035257982186188e+01 0.000000000000000000e+00
2.259064385378446005e+00 -3.567315694722337671e+00 0.000000000000000000e+00
1.050574100130210731e+01 -9.710791608058505275e+00 0.000000000000000000e+00
-2.646588613653655386e-01 5.722229608285538394e-01 0.000000000000000000e+00
8.828209163410784655e+00 1.226436052506332430e+01 0.000000000000000000e+00
-2.787410253146417105e+00 -1.468722282703744142e+01 0.000000000000000000e+00
-2.885290061779055115e+00 3.165542827105653600e+00 0.000000000000000000e+00
-5.105550945432330678e+00 -1.301026732973504796e-01 0.000000000000000000e+00
1.074563224550455054e+01 3.058324902987980654e+00 0.000000000000000000e+00
-4.183868827673138391e+00 -1.844259003528117091e+01 0.000000000000000000e+00
-5.160243431761497135e+00 1.565724172574791417e+01 0.000000000000000000e+00
3.799409069448012599e-01 -7.347006304485723227e+00 0.000000000000000000e+00
-7.120303517710598662e+00 -7.524013520676382072e+00 0.000000000000000000e+00
1.187158042968470539e+01 -2.649812548247479249e+00 0.000000000000000000e+00
-1.144886482484701418e+01 -1.003368380688867134e+01 0.000000000000000000e+00
1.825162653578774297e+01 -4.311730041554118209e+00 0.000000000000000000e+00
9.421661038425705570e+00 8.445151541846808385e+00 0.000000000000000000e+00
-3.112008092866994424e+00 1.436327778099381369e+01 0.000000000000000000e+00
-2.849147113216167870e+00 1.676084222652096045e+01 0.000000000000000000e+00
-1.597725418627729965e+01 -9.402308494397527028e+00 0.000000000000000000e+00
-8.994002650203190008e-01 -1.331081443371522610e+01 0.000000000000000000e+00
-1.474974774370926056e+00 -5.048143588873557519e+00 0.000000000000000000e+00
-7.385390425891985799e+00 4.350914570089009281e+00 0.000000000000000000e+00
1.475772224666463117e+01 3.434635399850361370e+00 0.000000000000000000e+00
3.731698859040768923e+00 1.846417357651075974e+01 0.000000000000000000e+00
4.399330535440951984e+00 -1.643676421695301215e+01 0.000000000000000000e+00
-4.090442946367799593e+00 -1.740773362275337410e+00 0.000000000000000000e+00
-4.204838385528407052e+00 1.298255855773751044e+01 0.000000000000000000e+00
-1.217211226702480109e-01 1.392726707753217674e+01 0.000000000000000000e+00
1.180097841539245707e+01 -4.662176098910782329e+00 0.000000000000000000e+00
-1.568193461646825071e+01 8.099225154715043118e+00 0.000000000000000000e+00
-1.309849924187119097e+00 -9.142722091160971232e+00 0.000000000000000000e+00
4.993968315420955761e+00 1.095899095584996630e+01 0.000000000000000000e+00
6.979867183932159769e+00 -5.968150540614155730e+00 0.000000000000000000e+00
-8.451668890101991849e+00 -1.669699657272391846e+01 0.000000000000000000e+00
-5.467616342769278381e-02 9.179521052827048777e+00 0.000000000000000000e+00
-1.314190079702008163e+01 3.169272015452379243e+00 0.000000000000000000e+00
5.655932449362034653e+00 4.686615673590320164e+00 0.000000000000000000e+00
2.107605525384183220e+00 1.343469120361258762e+00 0.000000000000000000e+00
1.065886665488963025e+01 -5.747111991930725639e-01 0.000000000000000000e+00
1.182457459881671369e+01 9.085698369841317401e-01 0.000000000000000000e+00
-9.462634640246241347e+00 7.563402738089999744e+00 0.000000000000000000e+00
-5.819045913626630373e+00 9.515739403282941211e+00 0.000000000000000000e+00
3.433636123567045839e+00 -9.308251246217359665e+00 0.000000000000000000e+00
8.666494507351967247e-01 5.815970594842386987e+00 0.000000000000000000e+00
5.580071892011071455e+00 1.659392983657681953e+01 0.000000000000000000e+00
-9.225278316655179722e+00 -1.066254959468386865e+01 0.000000000000000000e+00
1.009726003932108185e+01 4.563334890463516480e+00 0.000000000000000000e+00
1.541742275348523705e+01 -9.596946316711692404e+00 0.000000000000000000e+00
-1.273174965730491337e+01 -1.382973997711418157e+01 0.000000000000000000e+00
1.053254283835914018e+00 -1.680062178729811961e+01 0.000000000000000000e+00
-3.045506307185014361e+00 7.058842787862566581e+00 0.000000000000000000e+00
1.765962206959630620e+01 6.062813733938963168e+00 0.000000000000000000e+00
-4.542468307506493108e-01 1.704157196916338890e+01 0.000000000000000000e+00
1.641197317383652532e+01 3.296315556225951404e+00 0.000000000000000000e+00
-1.412690011397880951e+01 -2.389505412959585406e+00 0.000000000000000000e+00
2.995412376091768802e+00 -5.531436315104606649e+00 0.000000000000000000e+00
1.224958764875172612e+01 -1.074519090236797858e+01 0.000000000000000000e+00
1.673548492625690054e+00 -1.237107138654907623e-01 0.000000000000000000e+00
-1.764344245040873060e+00 2.034238153629500001e+00 0.000000000000000000e+00
-7.358142596722749840e-01 4.403903771768926667e+00 0.000000000000000000e+00
9.718017037037723682e+00 1.618800057790764413e+01 0.000000000000000000e+00
6.669491397372390828e+00 -4.485270080748603228e+00 0.000000000000000000e+00
1.144048125365755553e+01 1.488555972968167751e+01 0.000000000000000000e+00
-4.827210701497901546e+00 7.263853517983592134e+00 0.000000000000000000e+00
3.977095961349587760e+00 -7.553182208162690259e+00 0.000000000000000000e+00
