-2.519755453483805141e+00 -1.729659921268906775e+00 0.000000000000000000e+00
1.342197080450337943e+01 -8.613701010240478739e-01 0.000000000000000000e+00
-1.278178320648607702e+01 6.508912585154408070e+00 0.000000000000000000e+00
-1.387625059081257106e+01 -8.269022085260759880e+00 0.000000000000000000e+00
1.037553003303014343e+01 1.029657507267431438e+00 0.000000000000000000e+00
9.710027629826694096e-01 -1.394097239210062078e+01 0.000000000000000000e+00
-1.772424064626453744e+00 1.412698058784602217e+01 0.000000000000000000e+00
7.767631727109362672e+00 1.114812997372514758e+01 0.000000000000000000e+00
8.576710304441020227e+00 8.440878211074398507e+00 0.000000000000000000e+00
9.441989458887608322e+00 -7.134820350639921038e+00 0.000000000000000000e+00
-4.427115602946202877e+00 7.331424272599947223e+00 0.000000000000000000e+00
-2.732828938183729850e+00 9.881007935541613607e-01 0.000000000000000000e+00
1.320892398924458000e+01 2.612034478340711452e+00 0.000000000000000000e+00
-7.921033997336022203e+00 -1.127000286641187010e+01 0.000000000000000000e+00
-9.122107814172242257e+00 -3.971685714225650976e+00 0.000000000000000000e+00
4.578157489728805984e+00 -1.132594164987816932e+01 0.000000000000000000e+00
1.390013631825656581e+01 9.821062840677205585e+00 0.000000000000000000e+00
-8.987680123741998983e+00 9.856634149225039110e+00 0.000000000000000000e+00
-1.668392225429439657e+00 1.794895065203757767e+01 0.000000000000000000e+00
-6.146192474091960456e+00 1.276137629358939662e+01 0.000000000000000000e+00
1.410719091203841202e+00 6.176233202918197662e+00 0.000000000000000000e+00
-4.024196540426574487e+00 2.461927293103002068e+00 0.000000000000000000e+00
-2.700643174488928988e+00 1.220611024450207971e+01 0.000000000000000000e+00
-1.594420188340031785e+01 5.395909123242358163e+00 0.000000000000000000e+00
-1.806054603543082138e+01 -7.736368027841569184e-01 0.000000000000000000e+00
1.079393632882058718e+01 6.383188884079517678e+00 0.000000000000000000e+00
4.857871730784887099e+00 -1.739689427330248606e+01 0.000000000000000000e+00
-1.520153760892940831e+01 -5.507203667021333793e+00 0.000000000000000000e+00
-1.602568339505108597e+01 -4.008267877375524812e-01 0.000000000000000000e+00
5.152590246435362786e+00 -2.591621914158838802e+00 0.000000000000000000e+00
-2.826951158891870985e+00 7.559940033718701713e+00 0.000000000000000000e+00
4.823817196705123322e+00 1.415851983805250391e+01 0.000000000000000000e+00
5.036619080775676771e+00 -9.166392964010560362e+00 0.000000000000000000e+00
1.390404526797854201e+00 1.799113283307780264e+01 0.000000000000000000e+00
-8.594455748987338550e-01 4.814710985416666311e+00 0.000000000000000000e+00
8.718441837538795980e+00 -5.618765307633164952e+00 0.000000000000000000e+00
-8.931938216989706802e+00 -6.750003828580827481e+00 0.000000000000000000e+00
-8.768215399732111948e+00 1.989155839946686877e+00 0.000000000000000000e+00
-1.364730653171156582e+01 -1.162982262811064338e+01 0.000000000000000000e+00
5.247782216048486603e+00 1.608713722507793520e+01 0.000000000000000000e+00
6.557134138739740825e-01 -1.105680063791767687e+01 0.000000000000000000e+00
-4.939775888877527832e-01 6.815585818522105654e+00 0.000000000000000000e+00
-1.548967356242767934e+01 -1.025660378736720801e+01 0.000000000000000000e+00
6.716517056108438410e+00 1.252360107053621441e+01 0.000000000000000000e+00
6.931658357258655201e+00 -8.986567842717002819e+00 0.000000000000000000e+00
5.174867374685263144e+00 -7.580799616028252030e-01 0.000000000000000000e+00
1.316884885337490374e+01 -8.956901002457259509e+00 0.000000000000000000e+00
-1.087198788004470096e+01 -4.072814401812772656e-01 0.000000000000000000e+00
-7.705435136653445483e+00 -1.606234871560446109e+01 0.000000000000000000e+00
-6.905601147410303398e+00 1.190186241688155233e+00 0.000000000000000000e+00
-1.023018006440194760e+01 -8.913759806932040064e+00 0.000000000000000000e+00
1.312085218669485620e+01 1.118114836974159232e+01 0.000000000000000000e+00
6.976289869136035549e+00 -5.376808441316697440e+00 0.000000000000000000e+00
-1.512815278192624113e+01 7.137303832244493940e+00 0.000000000000000000e+00
-1.726876605529920994e+01 1.124456737659923267e+00 0.000000000000000000e+00
3.489117823249261008e+00 1.173822506898212126e+01 0.000000000000000000e+00
-4.636090174728715319e+00 -1.439023236169921383e+01 0.000000000000000000e+00
-1.787707376650990909e+01 -6.053413586378306732e+00 0.000000000000000000e+00
9.644107256278433127e+00 1.223200955135369483e+01 0.000000000000000000e+00
-1.091738316800718644e+00 3.611757018022928034e-01 0.000000000000000000e+00
1.907776319465280368e+00 -1.659196749452771158e+01 0.000000000000000000e+00
-1.657142321961405784e+01 -7.109344069682269840e+00 0.000000000000000000e+00
1.507923003948206819e+01 1.540144645457055539e+00 0.000000000000000000e+00
-7.280670717776254186e+00 -1.621767642473376680e+00 0.000000000000000000e+00
-9.499463532236255281e-01 8.646702513519464617e+00 0.000000000000000000e+00
-5.886486520290366897e+00 -8.140633702775398106e+00 0.000000000000000000e+00
7.669473945066343390e+00 6.431014962987283035e+00 0.000000000000000000e+00
1.719802437302989517e+01 -4.396520402808642980e-01 0.000000000000000000e+00
-1.134154200100987708e+01 4.028220230490420661e+00 0.000000000000000000e+00
1.829890551928174958e+01 4.350357370050957684e+00 0.000000000000000000e+00
3.841821568207371307e+00 7.735118143527240697e+00 0.000000000000000000e+00
1.393215434613387060e+01 -1.126987019191861883e+01 0.000000000000000000e+00
-5.761336314566850803e+00 1.048436170521288346e+01 0.000000000000000000e+00
-1.062388381751330968e+01 -3.109803668297951962e+00 0.000000000000000000e+00
1.314185938384316854e+00 1.581889080212723186e+01 0.000000000000000000e+00
7.315674476145312077e+00 1.395141210347464744e+00 0.000000000000000000e+00
-1.647437787990628522e+01 -2.142962859304706313e+00 0.000000000000000000e+00
-1.307891222559033895e-01 1.222611008404898669e+01 0.000000000000000000e+00
-1.091120335720071921e+01 1.531474007931977432e+01 0.000000000000000000e+00
5.892661729230932011e+00 -1.389139814113113225e+01 0.000000000000000000e+00
9.259776741490961527e+00 1.387146808653066898e+01 0.000000000000000000e+00
-1.291072351764098514e+00 -4.558260997178127383e+00 0.000000000000000000e+00
4.314764731654451846e-01 -3.616010703828553274e-01 0.000000000000000000e+00
-1.537853682120565857e+01 2.928407790107658837e+00 0.000000000000000000e+00
5.117954621447393215e+00 1.110251465326423315e+01 0.000000000000000000e+00
1.106173175473714743e+01 1.436322858504605904e+01 0.000000000000000000e+00
-7.915081740754184025e+00 1.117206819086529279e+01 0.000000000000000000e+00
-8.702525458490180554e+00 -1.340786111496369770e+01 0.000000000000000000e+00
1.143650482366576071e+01 -8.545532116354022989e+00 0.000000000000000000e+00
-8.613517716423277903e+00 1.270046820589889869e+01 0.000000000000000000e+00
-1.540866099507052223e+00 -1.139095293329966019e+01 0.000000000000000000e+00
1.338256650887167432e+01 -6.879544142463601020e+00 0.000000000000000000e+00
-1.389240295373212497e+01 -3.781663546217056027e+00 0.000000000000000000e+00
-7.620065162863727259e+00 -5.470474712437684239e+00 0.000000000000000000e+00
-1.291699356272732402e+01 8.760349342770613390e+00 0.000000000000000000e+00
1.598700828756097536e+01 -2.405695437767807032e+00 0.000000000000000000e+00
5.632743749284918167e+00 6.259472038360004653e+00 0.000000000000000000e+00
1.814992508265125037e+00 1.308940147755276406e+01 0.000000000000000000e+00
-7.881343452532398430e+00 6.598753923499799612e+00 0.000000000000000000e+00
2.364576083194130263e+00 1.570028551040153930e+00 0.000000000000000000e+00
5.200567980822569325e+00 -7.170126854205922662e+00 0.000000000000000000e+00
5.075179256469694700e+00 3.412199721542942932e+00 0.000000000000000000e+00
8.639022257688086626e+00 -1.172330607419998394e+01 0.000000000000000000e+00
6.516084375244465043e+00 9.596788414930383482e+00 0.000000000000000000e+00
-1.110326922601931088e+01 -1.205749905357624563e+01 0.000000000000000000e+00
-5.277162361088910458e+00 1.824370871880413603e+01 0.000000000000000000e+00
8.520275947953775741e+00 -1.395388112415745141e+01 0.000000000000000000e+00
-8.233216172269706146e-01 -1.351535814334814845e+01 0.000000000000000000e+00
7.838661827381313785e+00 3.221137224483926254e+00 0.000000000000000000e+00
9.227976201176911530e+00 -2.885701735701991844e+00 0.000000000000000000e+00
-8.824097735216295035e+00 1.637589677032149993e+01 0.000000000000000000e+00
1.595041096540961334e+01 7.381262502774585954e+00 0.000000000000000000e+00
1.131514972095095928e+01 -1.140889248887768881e+00 0.000000000000000000e+00
7.993236543821301332e+00 -6.575043534371427523e-01 0.000000000000000000e+00
-6.308562828689382451e-01 -6.937837329021862232e+00 0.000000000000000000e+00
1.435142065666928879e+01 -2.956415236633052501e+00 0.000000000000000000e+00
-1.446606512018824020e+01 1.439531559324238374e+00 0.000000000000000000e+00
-4.947571072297567873e+00 1.657206968931537361e+01 0.000000000000000000e+00
8.031791979984911123e+00 -1.603998693315499580e+01 0.000000000000000000e+00
-9.059657277466515168e-01 -1.740000210694552507e+01 0.000000000000000000e+00
-1.260190647853183910e+00 1.579004100410055855e+01 0.000000000000000000e+00
-5.013830318928889973e+00 -1.208892941067266946e+01 0.000000000000000000e+00
8.214207962996880052e-01 1.116737650937386306e+00 0.000000000000000000e+00
-5.599534897005588263e+00 5.583818822493764600e+00 0.000000000000000000e+00
7.186582392340177705e+00 1.710954890274916806e+01 0.000000000000000000e+00
-3.333122757060850816e+00 -4.353897190534984363e-01 0.000000000000000000e+00
-4.017467264955343786e+00 1.394749233501710428e+01 0.000000000000000000e+00
1.181820349204254050e+00 8.679323684358408286e+00 0.000000000000000000e+00
1.632212906869500202e+01 -8.648398032571504856e+00 0.000000000000000000e+00
1.556528193564760798e+01 9.909885741415568106e+00 0.000000000000000000e+00
3.238254018200714679e+00 3.550159075206207770e+00 0.000000000000000000e+00
-4.361713905600314689e+00 -5.822597753594934034e+00 0.000000000000000000e+00
1.569221817812069020e+01 -4.758551101112369786e+00 0.000000000000000000e+00
1.068135241908498756e+01 2.710094777049079084e+00 0.000000000000000000e+00
1.376540578727174502e+00 3.550725404307942590e+00 0.000000000000000000e+00
1.489142343040820160e+00 -6.829969674999185614e+00 0.000000000000000000e+00
-9.330955386748151170e+00 1.429148035351370183e+01 0.000000000000000000e+00
1.154724061077303787e+01 -3.809167617902214698e+00 0.000000000000000000e+00
5.248034488640948680e+00 8.582163183483682900e+00 0.000000000000000000e+00
4.951996751796928109e+00 1.835524405688530702e+00 0.000000000000000000e+00
2.718697208404758925e+00 -8.954827489958409048e-01 0.000000000000000000e+00
6.689098225585869528e+00 -1.238753593383664686e+01 0.000000000000000000e+00
3.474790631063536583e+00 -1.608451129762859466e+01 0.000000000000000000e+00
-5.410724142690723326e+00 -3.782771344848402606e+00 0.000000000000000000e+00
1.608933677002522700e+01 4.039274648971464821e+00 0.000000000000000000e+00
1.032568825442358751e+01 4.291316898293211501e+00 0.000000000000000000e+00
1.734616012380035599e+01 2.495161099939041005e+00 0.000000000000000000e+00
3.743406949386045568e+00 -2.059847779007401236e+00 0.000000000000000000e+00
-1.326252955866161010e+01 -2.181260071892644259e+00 0.000000000000000000e+00
6.383707683131275346e+00 -1.568502636362705083e+01 0.000000000000000000e+00
-1.023537055557422448e+01 1.145623549638177607e+01 0.000000000000000000e+00
-8.253643964280138690e+00 -8.588009261237001368e+00 0.000000000000000000e+00
-1.398615495690714994e+01 4.888578015373568952e+00 0.000000000000000000e+00
1.730495849322923885e+00 -3.075057981514583538e+00 0.000000000000000000e+00
6.596518944677847607e+00 1.476440917814020004e+01 0.000000000000000000e+00
7.060099288946872775e+00 4.847761013120894802e+00 0.000000000000000000e+00
5.378007336787587356e+00 1.814311965050342224e+01 0.000000000000000000e+00
-1.843196202129204408e+01 4.196616423501247084e+00 0.000000000000000000e+00
-1.325920501475899371e+01 1.141281659790050362e+01 0.000000000000000000e+00
-2.543157765116946800e-01 -1.600873723423883277e+01 0.000000000000000000e+00
-1.028167484093982864e+01 5.459217391287062071e+00 0.000000000000000000e+00
1.221582889826513174e+01 8.712779532493117429e+00 0.000000000000000000e+00
3.583455805732284727e+00 6.650149043897523038e-01 0.000000000000000000e+00
-3.100732708066948895e+00 5.078638995643697029e+00 0.000000000000000000e+00
-1.008090930898679849e+00 -9.707716245910418706e+00 0.000000000000000000e+00
-1.281515935114400051e+01 -9.342323276663892173e+00 0.000000000000000000e+00
1.041134516847922598e+01 -1.418281916795302600e+01 0.000000000000000000e+00
-1.260980544073435361e+01 -6.644103148749895382e+00 0.000000000000000000e+00
-7.627582612697704434e+00 1.428015428233800499e+01 0.000000000000000000e+00
9.730796739471378132e+00 9.971161346309443729e+00 0.000000000000000000e+00
-3.705126221413710841e+00 -3.964704639215506976e+00 0.000000000000000000e+00
1.259508355859625617e+01 1.301579462010522192e+01 0.000000000000000000e+00
3.140472565661203141e+00 -1.847178745015835588e+01 0.000000000000000000e+00
-3.443569104489188515e+00 1.570549580935950296e+01 0.000000000000000000e+00
1.282701206938986260e+01 -2.629296644855492193e+00 0.000000000000000000e+00
-6.400868110430844027e+00 -1.325558476799875862e+01 0.000000000000000000e+00
-7.657618725559332873e+00 -3.153637390105104021e+00 0.000000000000000000e+00
-5.862962232108556160e-01 1.860424016160771687e+00 0.000000000000000000e+00
3.336164554916449809e+00 -7.208137695912738785e+00 0.000000000000000000e+00
1.581349803330167880e+01 -7.137522350345446576e+00 0.000000000000000000e+00
-5.925173630946663828e+00 -1.651991804568935152e+01 0.000000000000000000e+00
-1.859231041008479579e+01 1.917150193415439352e+00 0.000000000000000000e+00
-5.896511111046116582e+00 -6.069543276233988927e+00 0.000000000000000000e+00
-6.698572984437216604e+00 3.065945643634693241e+00 0.000000000000000000e+00
2.453451959126568660e+00 1.031699645174346003e+01 0.000000000000000000e+00
1.493279835114463694e+01 5.460862287841456109e+00 0.000000000000000000e+00
-1.169084963365684438e+01 -7.910922725764558017e+00 0.000000000000000000e+00
-9.556497575975352987e+00 8.283467378478407639e+00 0.000000000000000000e+00
7.099529221697014059e+00 -2.338926148973833996e+00 0.000000000000000000e+00
-1.271079439057221627e+01 2.513616477861193133e+00 0.000000000000000000e+00
-2.777659739934303484e+00 -6.301431204049364077e+00 0.000000000000000000e+00
-2.327814835886223843e+00 -1.833966408715630436e+01 0.000000000000000000e+00
4.512075825733957934e+00 -1.295169027128031480e+01 0.000000000000000000e+00
3.612948540592403557e+00 -4.415501554509240201e+00 0.000000000000000000e+00
-1.734751363720722139e+01 7.121806739848733692e+00 0.000000000000000000e+00
-1.087270002346843434e+01 -1.547133614419631442e+01 0.000000000000000000e+00
-4.069498164312409294e+00 9.762247256041160171e+00 0.000000000000000000e+00
8.568754878135568021e+00 -9.675703973850700024e+00 0.000000000000000000e+00
6.879224744469401465e+00 -1.712899272950417284e+01 0.000000000000000000e+00
-1.214417400815557535e+01 1.415036287487164479e+01 0.000000000000000000e+00
-6.663849645608331151e+00 1.595415658378941259e+01 0.000000000000000000e+00
-1.151537568433452918e+01 -4.543219292630956474e+00 0.000000000000000000e+00
1.806884369785700173e+01 -5.233314770199844368e+00 0.000000000000000000e+00
-5.182737561875899734e-03 -2.193675946953714373e+00 0.000000000000000000e+00
1.366663133835311150e+01 -4.408879821430277346e+00 0.000000000000000000e+00
2.936988656828339206e+00 -1.042697927991695650e+01 0.000000000000000000e+00
1.282442149433901157e+01 8.853688101556681511e-01 0.000000000000000000e+00
-5.490606122793717958e+00 8.849481011626799898e+00 0.000000000000000000e+00
-1.418850275262253113e+01 -5.829335761175876707e-01 0.000000000000000000e+00
1.829732610994642883e+01 -2.615576936107572692e+00 0.000000000000000000e+00
-1.104424674673495765e+01 1.959845725786633075e+00 0.000000000000000000e+00
1.551949823428691388e+01 -1.084976075506268067e+01 0.000000000000000000e+00
-1.008176537494108338e+01 3.191887902331708382e+00 0.000000000000000000e+00
-1.821556488751140535e+01 -2.747932685243357209e+00 0.000000000000000000e+00
1.268266371604450171e+01 7.112481175624207452e+00 0.000000000000000000e+00
-1.103861949999394731e+01 -6.076384161845560961e+00 0.000000000000000000e+00
5.122611178595435355e+00 -5.371809518606608158e+00 0.000000000000000000e+00
1.893479494668961394e+01 4.146323310593182793e-02 0.000000000000000000e+00
-4.599574591218784647e+00 7.763179243650273342e-01 0.000000000000000000e+00
-1.663236055370522593e+01 -4.835260466546322355e+00 0.000000000000000000e+00
5.711858314285837013e-01 -8.051137871810650992e+00 0.000000000000000000e+00
-6.612013676760311931e+00 -1.496918040065284572e+01 0.000000000000000000e+00
9.122977916827391454e+00 1.552457627444031552e+01 0.000000000000000000e+00
-2.878643568486548343e+00 -9.680036630541444254e+00 0.000000000000000000e+00
1.455811344025658904e+01 -5.916494931232222143e+00 0.000000000000000000e+00
-8.354059808136232945e+00 7.614836094351719320e-02 0.000000000000000000e+00
1.096848905068786806e+01 -6.544132726381563181e+00 0.000000000000000000e+00
3.207811232771307086e+00 1.842662709688608302e+01 0.000000000000000000e+00
9.654678460017194652e+00 -9.150818725220644101e-01 0.000000000000000000e+00
-9.154564478948238104e+00 -1.038034962158173613e+01 0.000000000000000000e+00
-9.402596555788578669e+00 -1.650950099312409236e+01 0.000000000000000000e+00
1.215268034007029740e+01 5.612627017150746411e+00 0.000000000000000000e+00
7.784895273528672277e+00 -3.852630508270515897e+00 0.000000000000000000e+00
-8.639352088232358895e+00 4.009554583585168253e+00 0.000000000000000000e+00
-6.917307376980981637e+00 -9.904724354014902588e+00 0.000000000000000000e+00
1.150965547828166180e+01 -1.228019714373459337e+01 0.000000000000000000e+00
1.231664711542227231e+00 -1.807654772814085575e+01 0.000000000000000000e+00
2.683406182343853530e+00 -1.249860481589447758e+01 0.000000000000000000e+00
-3.041132603307836302e+00 -1.138544388076448044e+01 0.000000000000000000e+00
-1.028154918267986417e+01 -1.401874235345224484e+01 0.000000000000000000e+00
1.159465935140110027e+01 1.145060070398685603e+01 0.000000000000000000e+00
-5.022953872572149869e+00 -9.504326176301846729e+00 0.000000000000000000e+00
-3.345027954895319233e+00 -1.647067347178664320e+01 0.000000000000000000e+00
-1.544953342314273748e+01 1.023608921238137626e+01 0.000000000000000000e+00
1.223422772442911999e+01 -1.392322743331355106e+01 0.000000000000000000e+00
-2.813767494863232965e+00 -1.440270721316694669e+01 0.000000000000000000e+00
9.932832369827158558e+00 -1.587785279146954487e+01 0.000000000000000000e+00
-1.203837981138006086e+01 -1.342394547400022375e+01 0.000000000000000000e+00
8.430736408004652072e-01 -5.259970899491463570e+00 0.000000000000000000e+00
1.781165482786863663e+01 5.782544471944203401e+00 0.000000000000000000e+00
-4.472948966978710139e+00 -2.242581326582499202e+00 0.000000000000000000e+00
2.790191025759921839e+00 -1.449504491458728772e+01 0.000000000000000000e+00
2.603951255618272231e+00 -8.667636496776310651e+00 0.000000000000000000e+00
1.452804167436825367e+01 1.201358351103450595e+01 0.000000000000000000e+00
-6.779586060159270566e+00 7.786164284037169203e+00 0.000000000000000000e+00
-1.650943162618736793e+01 8.530530663402542402e+00 0.000000000000000000e+00
