-7.689473187126717235e+00 -1.544740681105961144e+01 0.000000000000000000e+00
1.131968503290782913e+01 6.753862186764319375e+00 0.000000000000000000e+00
1.697613940137209454e+01 3.773728664673261513e+00 0.000000000000000000e+00
1.196028696893938648e+00 -1.658997287600727688e+01 0.000000000000000000e+00
5.057375354519289878e+00 -1.801187412952197775e+01 0.000000000000000000e+00
-7.194563342319853838e+00 -1.520207478624580721e+00 0.000000000000000000e+00
-2.634160749102989030e+00 -1.014732003367392288e+01 0.000000000000000000e+00
1.112168676339141404e+00 1.608050516775308125e+01 0.000000000000000000e+00
8.871139552905425774e+00 -8.866786889445371855e+00 0.000000000000000000e+00
1.743752507824443754e+01 -6.640092384362575650e+00 0.000000000000000000e+00
6.424832521839200616e+00 1.339671609686368114e+00 0.000000000000000000e+00
-1.622752452136383283e+01 7.497466815168887244e+00 0.000000000000000000e+00
8.637413763401395883e+00 -1.890706886167464740e+00 0.000000000000000000e+00
-2.834047323526182272e+00 1.133580799591204702e+01 0.000000000000000000e+00
-1.304524668400372400e+00 1.505194850063645395e+00 0.000000000000000000e+00
1.916299049979337532e+00 -1.036190050246432826e+01 0.000000000000000000e+00
-9.440640310544095470e+00 1.178015482989979468e+01 0.000000000000000000e+00
-2.125866709001666521e+00 -1.861990559506383702e+00 0.000000000000000000e+00
-2.324383186773385290e+00 -1.743137812250803265e+01 0.000000000000000000e+00
-6.039641129701442956e+00 1.075787061412964718e+01 0.000000000000000000e+00
7.976076945006041474e-02 -7.417596441700032628e+00 0.000000000000000000e+00
7.459501835790771196e+00 -1.522795735241365733e+01 0.000000000000000000e+00
1.017330853125669421e+01 -1.158103446704610562e+01 0.000000000000000000e+00
-1.008486775911652877e+01 4.251506568690530230e+00 0.000000000000000000e+00
-1.175554779642227432e+00 1.848424336997272022e+01 0.000000000000000000e+00
2.326576613488002376e+00 7.765543894056791352e+00 0.000000000000000000e+00
-7.020982669041917923e+00 -7.034026367638950283e+00 0.000000000000000000e+00
1.432477614654773035e+01 5.629797698775642623e+00 0.000000000000000000e+00
1.510113367416959207e+01 -6.455744095505083990e+00 0.000000000000000000e+00
5.908555409328153374e+00 1.546678489888247299e+01 0.000000000000000000e+00
7.503717961920713941e-01 -1.427930755571766142e+01 0.000000000000000000e+00
-1.153187646911082886e+01 2.965449907751385172e+00 0.000000000000000000e+00
3.124199242145759836e+00 6.287057841958939797e+00 0.000000000000000000e+00
-7.385851453541151024e+00 -1.184960798019723249e+01 0.000000000000000000e+00
-1.280527757757345420e+01 1.978050498240481181e+00 0.000000000000000000e+00
1.819153346031496810e+01 -9.956324768780432377e-01 0.000000000000000000e+00
-5.857758607346775115e+00 1.383438654384690558e+01 0.000000000000000000e+00
1.047207088091008309e+01 -5.943015908675725711e+00 0.000000000000000000e+00
-3.638471391355861950e+00 1.483059546184090394e+01 0.000000000000000000e+00
-1.780275169905150534e+01 -9.687861946449620731e-01 0.000000000000000000e+00
-5.944816351404239363e+00 1.372412798677885126e+00 0.000000000000000000e+00
-6.429156366107179332e-01 -1.491578118579250400e+01 0.000000000000000000e+00
1.445372924351303823e+01 7.420424272954499578e+00 0.000000000000000000e+00
-3.371435734674453233e+00 -7.230593536210822236e+00 0.000000000000000000e+00
8.217662707549918011e+00 6.035499306889898996e+00 0.000000000000000000e+00
1.384688388613394716e+00 -2.974948632567116835e+00 0.000000000000000000e+00
1.897676763152452706e+00 4.538955658995622144e+00 0.000000000000000000e+00
-1.526438920532088295e+00 -7.309479403182371549e+00 0.000000000000000000e+00
5.402847580291790131e+00 -8.999501564053327129e+00 0.000000000000000000e+00
-1.189810249260836095e+01 -2.810329827828372373e+00 0.000000000000000000e+00
-1.590480434101010054e+01 5.600184043061190442e-01 0.000000000000000000e+00
-1.309637536444819084e+01 9.002221331240658486e+00 0.000000000000000000e+00
-5.068746936996316954e+00 -1.495046899215369862e+01 0.000000000000000000e+00
-4.484143802461036721e+00 -1.745064919271763770e+01 0.000000000000000000e+00
-5.307535794268877005e+00 6.682436719651946078e+00 0.000000000000000000e+00
8.478997156282511938e+00 -6.382179767227388112e+00 0.000000000000000000e+00
2.355016727520317321e+00 -1.486634727778525367e+01 0.000000000000000000e+00
2.050716591736142291e+00 -8.515176115811563307e+00 0.000000000000000000e+00
7.057728973924269233e+00 9.366280162259208453e+00 0.000000000000000000e+00
1.014840382668023677e+00 1.836180434292170105e+01 0.000000000000000000e+00
4.533472490614216532e+00 -1.477993917225117393e+01 0.000000000000000000e+00
-4.550387741974339484e+00 1.218897505332533804e+01 0.000000000000000000e+00
-1.257304433990819525e+01 -1.337707328961826470e+01 0.000000000000000000e+00
9.537964683824313283e+00 7.879214325660657714e+00 0.000000000000000000e+00
4.114272975655848263e+00 1.835138883403012500e+01 0.000000000000000000e+00
4.037880824468738084e+00 -6.654332113271810289e-01 0.000000000000000000e+00
1.116824215484068539e+01 1.175756848468877536e+01 0.000000000000000000e+00
-2.504592694556953880e+00 -5.433821347480957797e+00 0.000000000000000000e+00
-4.290433837934230610e+00 3.054892494286386206e+00 0.000000000000000000e+00
1.110722686831180717e+01 1.519421665168940017e+01 0.000000000000000000e+00
-1.463835601073589388e+01 9.777605559148913272e+00 0.000000000000000000e+00
6.469021443074687738e+00 4.353157285336996196e+00 0.000000000000000000e+00
-1.607021995818327653e+01 -3.601450998105391488e+00 0.000000000000000000e+00
3.502434869503439963e+00 1.624307576822713628e+01 0.000000000000000000e+00
-9.702086227664720397e+00 9.486055940564272149e+00 0.000000000000000000e+00
-1.086141898009403484e+01 -7.711306403124618569e+00 0.000000000000000000e+00
2.860994329184872953e+00 -1.768216369696368773e+01 0.000000000000000000e+00
-1.178534677472339887e+01 6.858099424770993657e+00 0.000000000000000000e+00
-1.909748172685878931e+00 1.537003092356978584e+01 0.000000000000000000e+00
8.265081633206246892e+00 1.449808061016703498e+01 0.000000000000000000e+00
4.063481676682969557e+00 1.012531592965524929e+01 0.000000000000000000e+00
-4.140257313312297072e+00 -9.874087697717563117e+00 0.000000000000000000e+00
-1.346569163499333754e+01 1.087057860030649081e+01 0.000000000000000000e+00
-1.224394874165705183e+01 1.378328142001970136e+01 0.000000000000000000e+00
-1.705940260595541957e+01 -7.213795028753505534e+00 0.000000000000000000e+00
5.474739106359310270e+00 7.306974160641923177e+00 0.000000000000000000e+00
-1.194020657429510246e+00 6.523651686544128303e+00 0.000000000000000000e+00
1.429387928075671255e+01 -8.719670954832998699e-01 0.000000000000000000e+00
1.417956481679775393e+01 9.117786759272604513e+00 0.000000000000000000e+00
9.579883582380956497e+00 1.557474348861259550e+01 0.000000000000000000e+00
-4.904517745316808508e+00 -7.732212067824155710e+00 0.000000000000000000e+00
-9.714237840245029787e+00 8.451515519047991809e-01 0.000000000000000000e+00
1.584573089678713309e+01 4.155021354053012872e-01 0.000000000000000000e+00
1.169102345297324241e+01 -1.247743218489206107e+01 0.000000000000000000e+00
-6.538551441901597983e+00 -1.004045444115815755e+01 0.000000000000000000e+00
-1.503871055779005239e+01 4.331052413984783023e+00 0.000000000000000000e+00
1.245309715007255313e+01 -8.818429048019657657e+00 0.000000000000000000e+00
1.599071527084537792e+01 9.995342165182700356e+00 0.000000000000000000e+00
7.761297024753531559e+00 -5.746821506182953065e-01 0.000000000000000000e+00
-1.538910346400171214e+01 -8.537891533739133010e+00 0.000000000000000000e+00
2.264504110154663241e+00 2.074955636324730346e+00 0.000000000000000000e+00
1.842662375908322403e+01 -3.779301570597483284e+00 0.000000000000000000e+00
1.034037621749138403e+01 1.384359807780102081e+01 0.000000000000000000e+00
1.063426803721372949e+01 -7.440205948117104562e+00 0.000000000000000000e+00
-7.083290540462520823e+00 1.579164490082075112e+01 0.000000000000000000e+00
-1.187292262352024075e+01 4.742857352941709514e+00 0.000000000000000000e+00
1.042337184637589331e+01 -3.761090849431206085e+00 0.000000000000000000e+00
1.235230062268805717e+01 5.084025236985941554e+00 0.000000000000000000e+00
1.309859208184336765e+01 -2.859124045934025027e+00 0.000000000000000000e+00
9.869377437404947884e+00 -1.519718109694564667e+01 0.000000000000000000e+00
2.707454154807883651e+00 1.232143297867835585e+01 0.000000000000000000e+00
-8.673390129733654419e+00 -8.745313983247198220e-01 0.000000000000000000e+00
1.892133135679924694e+00 -1.245282571410756844e+01 0.000000000000000000e+00
-1.032675416918445954e+01 7.373309154079205285e+00 0.000000000000000000e+00
-8.018735138439186727e+00 -1.365911499462313294e+01 0.000000000000000000e+00
-3.420031051044948534e+00 -1.185478044204765169e+01 0.000000000000000000e+00
-1.419322975594204550e+01 -3.337091954814210393e+00 0.000000000000000000e+00
-1.136066714824643498e+01 1.074564910427224973e+01 0.000000000000000000e+00
7.956861067390139652e+00 -1.006851581696153453e+01 0.000000000000000000e+00
1.290837960584933519e+01 1.302263290294128062e+01 0.000000000000000000e+00
-1.274168127471037870e+01 -1.073747207841311813e+01 0.000000000000000000e+00
-1.757922384152327044e+00 9.631563717148127424e+00 0.000000000000000000e+00
-1.671960782388724476e-01 1.283193486418448614e+01 0.000000000000000000e+00
-3.439558682380807753e+00 5.961832229911671277e+00 0.000000000000000000e+00
1.500666375019663157e+01 -1.124288521112676698e+01 0.000000000000000000e+00
-1.432455932074748439e+01 1.257517114604459030e+00 0.000000000000000000e+00
-3.097815102127462694e+00 -3.788745292039133794e+00 0.000000000000000000e+00
-1.363652325705398560e+01 -7.988981099233301464e+00 0.000000000000000000e+00
6.162265524576780784e+00 -6.954773608785404626e+00 0.000000000000000000e+00
4.896179630682709671e+00 2.995243018773174892e+00 0.000000000000000000e+00
-3.275451935482370125e+00 -8.184612444569298872e-02 0.000000000000000000e+00
-6.419651507165640147e+00 1.722864482963936084e+01 0.000000000000000000e+00
1.685869565153744887e+01 -4.763849799051095069e+00 0.000000000000000000e+00
7.507103908312341645e+00 -1.709359681874440895e+01 0.000000000000000000e+00
1.686209979907722101e+01 7.432665588448642779e+00 0.000000000000000000e+00
1.592398760214042586e+00 -1.864464880661904900e+01 0.000000000000000000e+00
6.955943834660445191e+00 -1.364833714648890073e+01 0.000000000000000000e+00
-1.364468931077346525e+01 3.380851770502240949e+00 0.000000000000000000e+00
9.563628592001709450e+00 1.085700507171531104e+00 0.000000000000000000e+00
-6.564102991686166177e+00 -5.569598332019544351e+00 0.000000000000000000e+00
-2.066677103672437177e+00 1.334158978590643052e+01 0.000000000000000000e+00
-6.248614979391008184e+00 8.900860309353911148e+00 0.000000000000000000e+00
-4.653872454310517881e+00 -2.706867283454861273e+00 0.000000000000000000e+00
-5.866809618977155694e+00 -3.758420590483802393e+00 0.000000000000000000e+00
4.730525654825064485e+00 5.599555705250081061e+00 0.000000000000000000e+00
1.287123616980557728e+01 1.119625401367693129e+01 0.000000000000000000e+00
2.364221624937278499e+00 1.524368087044162223e+01 0.000000000000000000e+00
4.228050056663418488e+00 1.222157853853624943e+01 0.000000000000000000e+00
-2.727294825621662255e-01 -1.695681088431168604e+01 0.000000000000000000e+00
-1.132091996291794800e+01 9.116834342408193237e+00 0.000000000000000000e+00
1.291417584620825032e+01 -5.080753156550991356e+00 0.000000000000000000e+00
1.359577719255555373e+01 1.686957854841148352e+00 0.000000000000000000e+00
-8.751238347178658117e+00 -5.225588279706761874e+00 0.000000000000000000e+00
1.471332217148262522e+01 1.093364135053765906e+01 0.000000000000000000e+00
-5.206875270506261977e+00 -1.093100509030108825e+01 0.000000000000000000e+00
-4.859130368528332689e+00 5.183726671904666183e+00 0.000000000000000000e+00
-1.849473565376322526e+01 1.538055047714553147e+00 0.000000000000000000e+00
-1.502462577049014136e+01 -1.048183095767223350e+01 0.000000000000000000e+00
-4.369102944574827951e+00 1.684328983284829206e+01 0.000000000000000000e+00
-1.119131554922058136e+01 -5.534320405063723136e+00 0.000000000000000000e+00
5.071952940139612842e+00 8.805075088917469373e+00 0.000000000000000000e+00
8.987640930073730772e+00 1.134991105147785539e+01 0.000000000000000000e+00
-7.486020633711661709e+00 1.252194876428166026e+01 0.000000000000000000e+00
-7.996928528261401325e+00 4.306312522038393098e+00 0.000000000000000000e+00
-5.016160770146580461e+00 -5.900250115812609053e+00 0.000000000000000000e+00
2.470499942836620555e+00 9.526354438655021184e+00 0.000000000000000000e+00
-2.472401210441514119e-01 -5.029299461479460831e+00 0.000000000000000000e+00
4.013719410910740137e+00 -1.654960092475635136e+01 0.000000000000000000e+00
-1.040707903129439060e+01 -5.722237989981895367e-01 0.000000000000000000e+00
4.001656189730457558e-01 -1.169124896086836252e+01 0.000000000000000000e+00
-1.768679299486631251e+01 -5.115844555318318498e+00 0.000000000000000000e+00
-1.276610763637199275e-01 9.741940842803842315e+00 0.000000000000000000e+00
-1.333379481386301191e-01 8.102517837308056414e+00 0.000000000000000000e+00
-1.567218911563754169e+01 -1.430838530396387309e+00 0.000000000000000000e+00
-5.284871647285097618e-01 1.703406933882096297e+01 0.000000000000000000e+00
9.772380407032761340e+00 3.498307373725602520e+00 0.000000000000000000e+00
-3.634980290507193956e+00 -1.607049151526677733e+01 0.000000000000000000e+00
6.790844173072144052e+00 -3.235144725091240847e+00 0.000000000000000000e+00
1.582629618558324047e+01 5.247690785553342785e+00 0.000000000000000000e+00
-7.225686467724073303e+00 5.947806947286268020e+00 0.000000000000000000e+00
-9.281195671284031334e+00 -1.478062309824135312e+01 0.000000000000000000e+00
9.965581018970450344e+00 9.784021522687515571e+00 0.000000000000000000e+00
-1.282085741630927345e+01 -5.462028421509788956e+00 0.000000000000000000e+00
1.037762209838621708e+01 -9.443806157935220824e+00 0.000000000000000000e+00
3.935284002146568039e+00 9.498244879455371992e-01 0.000000000000000000e+00
-9.030527335601767902e+00 -1.058222974601915745e+01 0.000000000000000000e+00
-1.821353424354873018e+00 4.229678674207469236e+00 0.000000000000000000e+00
1.185883394351509068e+01 2.193586434099490390e+00 0.000000000000000000e+00
1.415192231946860701e+01 -8.374876713852723142e+00 0.000000000000000000e+00
-1.039264284299827246e+01 1.543848806949637620e+01 0.000000000000000000e+00
8.601914516474785666e-01 5.717770984654130473e+00 0.000000000000000000e+00
7.374063274174128546e-01 -2.382088729476797007e-01 0.000000000000000000e+00
5.074405862773219589e+00 -5.376241641532605087e+00 0.000000000000000000e+00
2.305289731334685399e+00 -6.476882733746607279e+00 0.000000000000000000e+00
-4.912024802150822822e+00 -1.289645141734771805e+01 0.000000000000000000e+00
4.581660641375728815e+00 -6.822180099735675185e+00 0.000000000000000000e+00
1.599745938863486594e-01 -9.085701457485029664e+00 0.000000000000000000e+00
7.247846886954569356e+00 1.151295372678081286e+01 0.000000000000000000e+00
-1.154017965198281637e+01 1.234857530668656800e+01 0.000000000000000000e+00
-1.138598795482910120e+01 -1.145797362905725336e+01 0.000000000000000000e+00
-4.420741172415195486e+00 9.244989723794939662e-01 0.000000000000000000e+00
1.561918722928725956e+01 8.496468998749554302e+00 0.000000000000000000e+00
3.606929544474141824e+00 -3.072631102169844031e+00 0.000000000000000000e+00
-1.501513183752001268e+01 -7.074853689551082958e+00 0.000000000000000000e+00
5.814456659115728954e+00 -1.198263945090916138e+01 0.000000000000000000e+00
-1.625840483844973150e+01 2.620321065732594157e+00 0.000000000000000000e+00
-2.534621458953782991e+00 1.718291382917549726e+01 0.000000000000000000e+00
5.102932113660827440e+00 -2.145644144347768290e+00 0.000000000000000000e+00
1.677070825649768437e+01 -8.336049529041318351e+00 0.000000000000000000e+00
-8.080306255033976370e+00 -1.716825716562237147e+01 0.000000000000000000e+00
-1.349623762042399644e+00 -1.871713745525343953e+01 0.000000000000000000e+00
1.424644687799572296e+01 -3.883843097271178380e+00 0.000000000000000000e+00
8.224355220545403355e+00 -4.298075914931616559e+00 0.000000000000000000e+00
1.259974688548060584e+01 -1.044374771725288653e+01 0.000000000000000000e+00
-9.474378999530289391e+00 -1.300905857528643672e+01 0.000000000000000000e+00
1.596351331145766106e-01 -1.719654353927394075e+00 0.000000000000000000e+00
-9.746666075818694708e+00 -2.471906774649461180e+00 0.000000000000000000e+00
9.147122872487803980e-01 2.887619197146278793e+00 0.000000000000000000e+00
3.507102070039144426e+00 -1.152929287661765478e+01 0.000000000000000000e+00
1.156996890788954779e+01 -2.141015637118918402e+00 0.000000000000000000e+00
8.262181433968963873e+00 -1.279352082689772629e+01 0.000000000000000000e+00
-2.319735479034050751e+00 7.622050012578148070e+00 0.000000000000000000e+00
-1.410523165441920579e+00 -2.490259687620037798e-01 0.000000000000000000e+00
1.140676477881745754e+01 -5.887458976635551178e-02 0.000000000000000000e+00
1.213251928829326509e+01 -6.522423912693830594e+00 0.000000000000000000e+00
5.776766911367914759e+00 -1.585493042089277083e+01 0.000000000000000000e+00
2.137177016750678060e+00 -1.133327838215855143e+00 0.000000000000000000e+00
1.864158512889591890e+01 2.160144130761757264e+00 0.000000000000000000e+00
-4.219757249700330171e+00 8.665480504053753918e+00 0.000000000000000000e+00
-1.965269678269864428e+00 -1.405674268613800848e+01 0.000000000000000000e+00
-8.866761180122452402e+00 2.916584966236255738e+00 0.000000000000000000e+00
-1.408165833583906590e+01 -1.620653806680381948e+00 0.000000000000000000e+00
-8.593824478712217996e+00 6.688563842406209936e+00 0.000000000000000000e+00
-1.700722383436391283e+01 5.574401402162309616e+00 0.000000000000000000e+00
-6.372326946977368678e+00 -1.779739161095285027e+01 0.000000000000000000e+00
-1.045038878859698173e+01 -3.988436031675123505e+00 0.000000000000000000e+00
9.949974934330348963e-01 1.128086917797741862e+01 0.000000000000000000e+00
-8.902670268453586999e+00 1.438282329330522735e+01 0.000000000000000000e+00
-5.463214539183081087e+00 1.553633287673873831e+01 0.000000000000000000e+00
1.404012619197463252e+01 4.049778189759359215e+00 0.000000000000000000e+00
1.183065152058834535e+01 -1.473087895939114844e+01 0.000000000000000000e+00
-9.216777208774274754e+00 1.646474413292298777e+01 0.000000000000000000e+00
1.613223855150879515e+01 -1.405250596513518024e+00 0.000000000000000000e+00
-1.767887003658728062e+01 -2.564600186720511044e+00 0.000000000000000000e+00
8.242423796866875207e+00 2.859026497638294639e+00 0.000000000000000000e+00
3.811168290340127385e+00 -9.644945485162837784e+00 0.000000000000000000e+00
-6.013044865557736429e+00 3.936103043723455652e+00 0.000000000000000000e+00
5.064923357417345784e+00 -3.662169824730671319e+00 0.000000000000000000e+00
4.540097873251238703e+00 1.389032226930101821e+01 0.000000000000000000e+00
-5.896458239749370556e+00 -7.059706271025505409e-01 0.000000000000000000e+00
-1.217904840678973777e+01 -1.194489399234573285e-01 0.000000000000000000e+00
1.283206832241303630e+01 -1.349247855794125961e+01 0.000000000000000000e+00
-8.065746456456196256e+00 -3.714602012691202493e+00 0.000000000000000000e+00
-2.123947681961990686e+00 -1.580684759444847742e+01 0.000000000000000000e+00
-9.062171413533998132e-01 -1.046389402552341430e+01 0.000000000000000000e+00
1.704935683630048970e+01 -3.087900054051545329e+00 0.000000000000000000e+00
