9.361628491375396877e+00 -1.453297679568910006e+01 0.000000000000000000e+00
-3.727520942869365861e+00 7.992838504813406075e+00 0.000000000000000000e+00
-1.632202172143507468e+01 -3.677894517326154133e+00 0.000000000000000000e+00
-3.917746789950875552e-01 -1.456305200631786256e+01 0.000000000000000000e+00
1.211520457990081745e+01 -1.160923386237744737e+01 0.000000000000000000e+00
1.287467382735778543e+01 6.258669786330004925e+00 0.000000000000000000e+00
-1.086406910931864722e+01 3.273926184328453726e+00 0.000000000000000000e+00
-8.835056143586187405e-01 -6.142895702401262037e-01 0.000000000000000000e+00
1.412750388933649681e+01 -6.879312724760071163e+00 0.000000000000000000e+00
-7.023384860650789818e+00 -1.644187735074982726e+01 0.000000000000000000e+00
6.546780381760908263e+00 1.018249172698370231e+01 0.000000000000000000e+00
-1.215557092936602679e+01 1.299926062743772626e+01 0.000000000000000000e+00
-8.725671586687642201e-01 1.322463960086895263e+01 0.000000000000000000e+00
3.033165317456675947e+00 -1.213494270008400555e+01 0.000000000000000000e+00
1.527315268753871358e+01 -1.122781513611234949e+01 0.000000000000000000e+00
-3.162556028616800852e+00 -6.046239968665311437e+00 0.000000000000000000e+00
5.912678837346766691e+00 4.614318817682169005e+00 0.000000000000000000e+00
-7.845747342015239489e+00 -1.146015871957569132e+01 0.000000000000000000e+00
-1.003653809126919327e+01 1.329650850603809253e+01 0.000000000000000000e+00
-1.887670882941868555e+01 7.740028179113805917e-01 0.000000000000000000e+00
-1.105403638914319586e+01 -9.174084655695031287e+00 0.000000000000000000e+00
1.165551385151285579e+01 -1.308927781921315647e+00 0.000000000000000000e+00
1.576465523997422125e+01 -5.722169419936499857e+00 0.000000000000000000e+00
-3.149578205186453150e+00 -1.397905315444651286e+01 0.000000000000000000e+00
1.776457231079943710e+01 2.628636938717639371e+00 0.000000000000000000e+00
2.910195153480698682e+00 -1.051135872203244404e+01 0.000000000000000000e+00
1.066880108687318440e+01 7.620071579330708111e+00 0.000000000000000000e+00
2.743970001402734837e+00 -8.686205708723629404e-02 0.000000000000000000e+00
6.808022838708015279e+00 1.278647483201684310e+01 0.000000000000000000e+00
4.403561720301468974e+00 1.294743195941912450e+00 0.000000000000000000e+00
1.348293651506599078e+00 -9.416547001973585296e+00 0.000000000000000000e+00
-2.069877243894596930e+00 1.844066664984504555e+01 0.000000000000000000e+00
7.802984703416900869e-01 -1.161113007012720644e+01 0.000000000000000000e+00
-4.334619960700884095e-02 3.644025485336854775e+00 0.000000000000000000e+00
-8.635270846069555972e+00 -2.526150335982649819e-01 0.000000000000000000e+00
3.544275829861692539e+00 -5.297556685808032739e+00 0.000000000000000000e+00
-6.358944507829400905e+00 -7.444667173060775411e+00 0.000000000000000000e+00
3.403727241708250251e+00 -1.422835092636196030e+01 0.000000000000000000e+00
-4.968659900465022261e+00 6.745304248578428030e+00 0.000000000000000000e+00
1.633506185654330167e+01 -1.265982529051386640e+00 0.000000000000000000e+00
7.427800856792534212e+00 -1.662665273187115744e+01 0.000000000000000000e+00
-1.641211269935082484e+01 9.445521437354798877e+00 0.000000000000000000e+00
-2.313484792270606771e+00 1.011749687391547425e+01 0.000000000000000000e+00
3.950503398505045283e+00 -8.970087767569651760e+00 0.000000000000000000e+00
-1.078186129016634531e+01 -2.985214327645871357e+00 0.000000000000000000e+00
-1.484357503200640949e+01 5.203477401908384259e+00 0.000000000000000000e+00
-9.641565239974333679e+00 -8.598488129214873155e+00 0.000000000000000000e+00
-8.269549171813492805e+00 -1.468497981347757708e+01 0.000000000000000000e+00
-4.948728416344706282e+00 2.639354411376356069e+00 0.000000000000000000e+00
-1.030224874424299486e+01 1.352045752694179148e+00 0.000000000000000000e+00
-9.295314437528836571e-01 -8.960431186627353384e+00 0.000000000000000000e+00
-7.963941630861866905e+00 -2.659716887549532505e+00 0.000000000000000000e+00
9.666790340322396702e+00 4.951914143876345875e+00 0.000000000000000000e+00
-3.640645694587461900e+00 -1.160766094841228835e+01 0.000000000000000000e+00
-3.893205679484405213e+00 1.144466676183052911e+01 0.000000000000000000e+00
1.387117595635163703e+01 2.170309800011470003e+00 0.000000000000000000e+00
-1.102812422255020586e+01 1.520801205958798796e+01 0.000000000000000000e+00
-9.456223530930918386e+00 -1.043526332589115491e+01 0.000000000000000000e+00
7.359375790792909378e+00 -1.101725132335521806e+01 0.000000000000000000e+00
-7.303152570126484555e+00 4.494802668281147717e+00 0.000000000000000000e+00
2.828705272590424702e+00 3.896890061114256287e+00 0.000000000000000000e+00
-1.551587891206945624e+00 -3.002951099291433223e+00 0.000000000000000000e+00
5.347865510760564156e+00 -1.563645172610804757e+01 0.000000000000000000e+00
1.106252718437677141e+00 1.165908389565505487e+01 0.000000000000000000e+00
-8.956484560954794949e-01 1.743521668456230600e+01 0.000000000000000000e+00
1.639389428387158532e+01 5.100538680424125282e+00 0.000000000000000000e+00
1.478456115296861917e+01 -8.719232725043164933e+00 0.000000000000000000e+00
-1.185807391003388389e+01 9.399999555234876070e+00 0.000000000000000000e+00
-5.560873181464359938e+00 -1.089646805892085091e+01 0.000000000000000000e+00
6.292451633286306745e+00 -1.190091494999591548e+00 0.000000000000000000e+00
1.128248150339556277e+00 1.729266083235276952e+01 0.000000000000000000e+00
-7.107510904342236202e+00 1.110133992796546565e+01 0.000000000000000000e+00
-7.687611197454739198e+00 -8.478300990338034637e+00 0.000000000000000000e+00
-1.859493998442941720e+00 7.786627359930229808e+00 0.000000000000000000e+00
1.294109688964684857e+01 1.300313283523412267e+01 0.000000000000000000e+00
1.176242470585142108e+01 -3.256081788669277888e+00 0.000000000000000000e+00
9.639901470955257068e+00 -1.122878742798392082e+01 0.000000000000000000e+00
6.532934618453068332e+00 -6.965373412082014326e+00 0.000000000000000000e+00
-8.588428880895529360e+00 5.647294741549754526e+00 0.000000000000000000e+00
2.710963607482519855e+00 -1.843476242083212213e+01 0.000000000000000000e+00
-3.832408706424558886e+00 5.691592621417608910e+00 0.000000000000000000e+00
1.424093624512970635e+01 -1.054618359027439833e+00 0.000000000000000000e+00
1.292672994381299567e+01 -8.255601427829532213e+00 0.000000000000000000e+00
8.559233944355034041e+00 -1.683357478017230457e+00 0.000000000000000000e+00
8.940127977688312910e+00 -9.620370079979215561e+00 0.000000000000000000e+00
1.481036429645575581e+01 4.567012161327383524e+00 0.000000000000000000e+00
-5.248942272453017699e-01 9.040214588864847300e+00 0.000000000000000000e+00
-4.670097317584080976e+00 2.749517355912177163e-01 0.000000000000000000e+00
-1.826849431957842995e+00 2.468682839594916523e+00 0.000000000000000000e+00
-1.658817369933746022e+01 5.720444503651544998e+00 0.000000000000000000e+00
-1.244671406085413068e+01 -5.561732955088731778e+00 0.000000000000000000e+00
8.042239373580388317e+00 1.052448231610595863e+00 0.000000000000000000e+00
1.213687962891030869e+00 7.433180858641618372e+00 0.000000000000000000e+00
-1.621141978594840083e+01 7.882507259723396942e-01 0.000000000000000000e+00
3.977160823332002604e+00 9.821532244615413632e+00 0.000000000000000000e+00
-1.468538833441877323e+01 9.841026530982116327e+00 0.000000000000000000e+00
-1.086091687547808071e+01 7.416520327535479851e+00 0.000000000000000000e+00
8.414056754220561984e+00 1.391923245297835443e+01 0.000000000000000000e+00
6.518240618033216416e-01 1.380591255356023872e+01 0.000000000000000000e+00
-9.147420817320478292e+00 -1.643401560248808835e+01 0.000000000000000000e+00
-1.290861648059925315e+01 -1.692514781263765533e+00 0.000000000000000000e+00
-8.675307361458695965e+00 -5.442537891600263578e+00 0.000000000000000000e+00
6.848053659440333618e+00 3.176253967158132241e+00 0.000000000000000000e+00
4.836365393091909048e+00 1.519839558745140096e+01 0.000000000000000000e+00
-1.660694414583339773e+00 -1.672177478154149810e+01 0.000000000000000000e+00
-1.403810923410559219e+01 1.196995645555063703e+01 0.000000000000000000e+00
-3.580939082487275105e+00 -1.731669654779859968e+01 0.000000000000000000e+00
-8.174145592470987154e+00 3.237814241958794081e+00 0.000000000000000000e+00
3.412588790040236741e+00 7.125401111902101015e+00 0.000000000000000000e+00
-3.795185578872539711e+00 -2.443792390492063760e+00 0.000000000000000000e+00
-7.280382934588144027e-03 -4.664482535328285273e+00 0.000000000000000000e+00
-1.020066577894400872e+01 -5.403740201602554194e+00 0.000000000000000000e+00
1.656508665762511257e+01 2.701292685673097327e-01 0.000000000000000000e+00
-5.080813016372100144e+00 1.639771491447488216e+01 0.000000000000000000e+00
-7.227769370656914383e+00 -4.092085372302205037e+00 0.000000000000000000e+00
2.282730133098306968e+00 -3.466094876810584147e+00 0.000000000000000000e+00
-1.297345414148149167e+01 -1.275171566466275408e+01 0.000000000000000000e+00
-2.421769813771793789e+00 -8.782490979282689736e+00 0.000000000000000000e+00
-4.446786842163840348e+00 1.788646860817561546e+01 0.000000000000000000e+00
7.605422401991511094e+00 -4.997979405645698314e+00 0.000000000000000000e+00
1.327953448523262736e+01 7.807082928647630204e+00 0.000000000000000000e+00
5.891971962475039959e+00 -3.207933988668488556e+00 0.000000000000000000e+00
-5.299064361121726741e+00 -1.722026342286621414e+01 0.000000000000000000e+00
6.299874978246861046e-02 -1.629591648521743608e+01 0.000000000000000000e+00
1.042993226090461789e+01 1.137729010175562472e+01 0.000000000000000000e+00
1.772121313634962059e+00 1.583337585828261318e+01 0.000000000000000000e+00
5.369839776220760363e+00 -1.123822528750186578e+01 0.000000000000000000e+00
-1.598485903303316213e+01 -9.873927555283270152e+00 0.000000000000000000e+00
-1.575229125616622383e+01 -1.162741106390249746e+00 0.000000000000000000e+00
1.357273757572126627e+01 9.588837215055608709e+00 0.000000000000000000e+00
-1.853671389101786460e+01 2.896487831379940037e+00 0.000000000000000000e+00
1.299904983328160490e+01 -1.379170807668523935e+01 0.000000000000000000e+00
-6.114431713894566300e+00 7.815871199285067128e+00 0.000000000000000000e+00
5.685745940156427203e+00 8.350563232112666157e+00 0.000000000000000000e+00
-5.320490791926239638e+00 -1.338178294413643954e+01 0.000000000000000000e+00
1.186592794257149741e+01 4.011582960716483015e+00 0.000000000000000000e+00
4.183495548641388062e+00 -1.740181802885127027e+01 0.000000000000000000e+00
-8.533849409051686763e+00 9.115756954192656636e+00 0.000000000000000000e+00
1.594823630593316466e+01 1.028309641027257904e+01 0.000000000000000000e+00
3.099253305918563406e+00 1.323144853342481397e+01 0.000000000000000000e+00
5.087861845843219655e+00 -6.503523781362293477e+00 0.000000000000000000e+00
5.987784961580462806e+00 1.408657150510192579e+01 0.000000000000000000e+00
-2.421704962664227967e+00 -4.248513156202264440e+00 0.000000000000000000e+00
-7.622907733795430296e+00 1.262591019609595655e+01 0.000000000000000000e+00
8.391565591840048910e+00 1.613011506389926453e+01 0.000000000000000000e+00
-2.156042770672316866e+00 -1.866825748496769677e+01 0.000000000000000000e+00
7.198809432037782230e+00 -9.243577288785381540e+00 0.000000000000000000e+00
4.554926589396221637e+00 -1.293513032971274512e+01 0.000000000000000000e+00
7.710291514907813060e+00 -1.447805854487951294e+01 0.000000000000000000e+00
4.739657203956386233e+00 -8.299112306757369106e-01 0.000000000000000000e+00
-1.398037234360766945e+01 -3.844928943586721548e+00 0.000000000000000000e+00
-3.749593436940832802e+00 1.521237840123456309e+01 0.000000000000000000e+00
5.992164057513370778e+00 1.740258616686933379e+01 0.000000000000000000e+00
1.376518864834250344e+01 -3.467202480182731250e+00 0.000000000000000000e+00
-4.680190276304254660e+00 -9.115977736999667513e+00 0.000000000000000000e+00
8.135067667120596369e+00 9.059366135417102228e+00 0.000000000000000000e+00
-2.891269396227271749e-01 -7.550251487433937925e+00 0.000000000000000000e+00
8.438719328873755643e+00 2.730643026383495098e+00 0.000000000000000000e+00
-1.423221492483159345e+01 3.444880142166275583e+00 0.000000000000000000e+00
-9.506560251636893000e+00 -1.227715717463520484e+01 0.000000000000000000e+00
1.795867385967911645e+01 -6.717919958598206343e-01 0.000000000000000000e+00
9.183323875144589366e+00 -1.617882975956480962e+01 0.000000000000000000e+00
-1.203584576421707553e+01 5.236511550487795930e+00 0.000000000000000000e+00
1.258985382741874481e+01 -5.683451338387534690e+00 0.000000000000000000e+00
1.666281212712102189e+01 -7.769769749289105576e+00 0.000000000000000000e+00
1.435247359743384621e+01 6.639945700333607093e+00 0.000000000000000000e+00
1.505623926535888124e+01 9.450615149584575825e-01 0.000000000000000000e+00
1.851698883566783138e+01 -3.196876003495139340e+00 0.000000000000000000e+00
-1.764780439312227500e+01 -5.135135118268867593e+00 0.000000000000000000e+00
7.410070394664066917e+00 4.781355632669270328e+00 0.000000000000000000e+00
-1.628561778743002364e+01 4.029793941347280750e+00 0.000000000000000000e+00
-1.345760667142641509e+01 -8.928800964491838243e+00 0.000000000000000000e+00
-5.326736913735911294e+00 1.044747316166227691e+01 0.000000000000000000e+00
3.608440558847187507e+00 1.619135438215435840e+01 0.000000000000000000e+00
-8.124849120943347103e+00 1.508581438197666991e+00 0.000000000000000000e+00
-1.284594478864888067e+01 8.210454371719215771e-01 0.000000000000000000e+00
-1.258752410993773019e+01 3.193829405508940233e+00 0.000000000000000000e+00
9.937864332279698232e+00 1.409479977445246313e+01 0.000000000000000000e+00
-1.517846897885714696e+01 -7.047025702247717405e+00 0.000000000000000000e+00
8.624103779701487227e+00 6.784761632712318580e+00 0.000000000000000000e+00
-9.795103586688578279e-01 1.525013458405839906e+01 0.000000000000000000e+00
-1.744614274221193639e+00 4.149352252948229847e+00 0.000000000000000000e+00
1.016826460090734763e+01 -2.212510614144864718e+00 0.000000000000000000e+00
-6.730164045197575717e+00 -1.363813575611275253e+00 0.000000000000000000e+00
-8.491173621879488209e+00 1.445929158386338997e+01 0.000000000000000000e+00
-2.934540807851115041e+00 1.676139141444911473e+01 0.000000000000000000e+00
6.090246025325298795e+00 1.450070938811842458e+00 0.000000000000000000e+00
2.874299959909794477e+00 1.856280700326697897e+01 0.000000000000000000e+00
1.864158860054677236e+00 -6.342674348088237934e+00 0.000000000000000000e+00
8.683631689503197748e+00 -7.038534339998768097e+00 0.000000000000000000e+00
1.147288598564790085e+01 -8.892006971100435919e+00 0.000000000000000000e+00
-1.246184576106775133e+01 -1.416775525972909655e+01 0.000000000000000000e+00
-9.561743788187657245e+00 -1.772839639261222899e+00 0.000000000000000000e+00
3.404190895993888244e+00 -7.182556110433639063e+00 0.000000000000000000e+00
-6.597617230315143466e+00 -5.538368314405072823e+00 0.000000000000000000e+00
-1.112765879533994529e+01 -3.340380802617139988e-01 0.000000000000000000e+00
-1.174848879783391586e+00 1.115844452738565629e+01 0.000000000000000000e+00
1.820761862786575236e+01 4.485061807290184888e+00 0.000000000000000000e+00
1.517201389772244946e+00 1.266608006961562616e+00 0.000000000000000000e+00
9.881622923406629511e+00 2.049440490908137846e+00 0.000000000000000000e+00
-8.633601662415096856e-01 -1.251153455105994361e+01 0.000000000000000000e+00
1.397441925572478638e+01 1.190709569303887960e+01 0.000000000000000000e+00
-1.350372710919730501e+01 -6.632016365057454621e+00 0.000000000000000000e+00
1.271738735562693101e+01 3.169565241660785015e-01 0.000000000000000000e+00
-2.952872302507794089e+00 8.708358932970577948e-01 0.000000000000000000e+00
-1.059249228833481915e+01 -1.549138568982406738e+01 0.000000000000000000e+00
1.785610434257851153e+01 -5.908344926877894032e+00 0.000000000000000000e+00
1.511475424209611162e+01 8.765482634724680366e+00 0.000000000000000000e+00
-1.615060201394850292e+00 -6.346953560001669992e+00 0.000000000000000000e+00
1.364810654553576441e+01 -1.199156891280442316e+01 0.000000000000000000e+00
-1.158289431737879127e+01 -1.144875086562288935e+01 0.000000000000000000e+00
-1.744073842178503853e+01 -3.291374256751734562e-01 0.000000000000000000e+00
-4.226142983089347105e+00 -7.430914375819877904e+00 0.000000000000000000e+00
1.002120248988248186e+01 -5.764989139963038606e-02 0.000000000000000000e+00
-1.761479337779601906e+01 -2.115236557861656319e+00 0.000000000000000000e+00
-7.509795981294363543e+00 6.950692624377736273e+00 0.000000000000000000e+00
-1.437311925951299862e+01 3.639547612697094370e-01 0.000000000000000000e+00
-9.889058183952435854e+00 1.120563955289491886e+01 0.000000000000000000e+00
-1.257949251954884318e+01 8.055548314438425450e+00 0.000000000000000000e+00
2.408058270826355374e-01 1.867620667487229014e+01 0.000000000000000000e+00
9.992500111783938266e+00 -4.001543908656218562e+00 0.000000000000000000e+00
-1.539288231677838503e+01 7.940770511147519528e+00 0.000000000000000000e+00
1.133551799163153362e+01 -4.773083838050085070e+00 0.000000000000000000e+00
-1.717985614351615453e+00 5.926585051709184704e+00 0.000000000000000000e+00
-1.572847621855825295e+01 2.469516156940401164e+00 0.000000000000000000e+00
1.701689830787459812e+01 -4.487471606240367450e+00 0.000000000000000000e+00
-1.545184202792017558e+01 -5.287340824463156785e+00 0.000000000000000000e+00
-4.933937092720765971e-01 -1.778799381793833589e+01 0.000000000000000000e+00
1.655630073155517801e+00 -1.647817595394774681e+00 0.000000000000000000e+00
1.453775057260404324e+01 -4.847794034736390145e+00 0.000000000000000000e+00
1.266444761681674613e+01 1.110696943967628236e+01 0.000000000000000000e+00
-3.089963015907355448e+00 -1.566607691749322484e+01 0.000000000000000000e+00
-6.058856858675913948e+00 1.339369415528132556e+01 0.000000000000000000e+00
5.947611502626159563e+00 -5.129923619928406175e+00 0.000000000000000000e+00
-5.505959881443884818e+00 -2.610853833382656308e+00 0.000000000000000000e+00
-6.779590190176385534e+00 1.635367381554657484e+01 0.000000000000000000e+00
-7.679260041874436116e-01 1.184919654730114402e+00 0.000000000000000000e+00
-1.714075885500873042e+01 -6.839000420192263618e+00 0.000000000000000000e+00
3.140432550245332965e+00 5.517426866737110913e+00 0.000000000000000000e+00
8.119747006825942526e-01 5.686612759221584490e+00 0.000000000000000000e+00
-6.970546106133536313e+00 1.622796215746440951e-01 0.000000000000000000e+00
1.386560037075197815e+00 -1.402237626650505398e+01 0.000000000000000000e+00
1.148844436120133672e+01 1.407120070245316379e+00 0.000000000000000000e+00
-9.535670166701191164e+00 1.609322859969698527e+01 0.000000000000000000e+00
1.132943619855342199e+01 -1.337049360514683372e+01 0.000000000000000000e+00
1.692876180847147793e+01 7.242326983699494569e+00 0.000000000000000000e+00
-8.468848724607968004e-01 -1.050299835059964337e+01 0.000000000000000000e+00
1.808697151966707883e+00 -1.562051891189102193e+01 0.000000000000000000e+00
-3.063208514825661588e+00 1.385432780431548494e+01 0.000000000000000000e+00
1.811399389352178257e+00 9.358176558941398326e+00 0.000000000000000000e+00
1.053043432965523785e+01 1.575062903623133082e+01 0.000000000000000000e+00
-1.368771725086940272e+01 6.506182708815360094e+00 0.000000000000000000e+00
4.169345630533981550e-01 2.248874119113773440e-01 0.000000000000000000e+00
-1.206047571630665161e+01 -7.989069755042276455e+00 0.000000000000000000e+00
-2.466529845356022488e+00 -1.396910407426236844e+00 0.000000000000000000e+00
-1.325856010162851817e+01 -1.123671073433813028e+01 0.000000000000000000e+00
