-9.803710934017512812e+00 -1.185196626817862864e+01 0.000000000000000000e+00
5.937861331506937290e-01 1.367021421860443553e+01 0.000000000000000000e+00
-1.067808828039411750e+01 4.005610781126682340e+00 0.000000000000000000e+00
-7.034654188257997376e+00 1.125271769301696523e+01 0.000000000000000000e+00
6.465731519553228779e+00 1.568327076249000740e+01 0.000000000000000000e+00
-1.481456499641664148e+00 3.424560857796122626e+00 0.000000000000000000e+00
-1.563510289075960635e+01 7.444788268407529941e+00 0.000000000000000000e+00
-6.655707343952688149e+00 3.793521204953528070e+00 0.000000000000000000e+00
8.272963198475220992e+00 -1.148169213671134692e+01 0.000000000000000000e+00
1.573346200268038686e+01 -3.568707567764390021e+00 0.000000000000000000e+00
1.854557548569690795e+00 -1.630106251091994451e+01 0.000000000000000000e+00
1.033347576039867821e+00 3.156996626394090288e+00 0.000000000000000000e+00
-1.226535451422869627e-01 -9.168358306601515295e+00 0.000000000000000000e+00
-1.250142073893703687e+00 -2.383338814913541714e+00 0.000000000000000000e+00
-1.053832951256693384e+01 -9.540794475213012049e+00 0.000000000000000000e+00
-1.102624251855707005e+00 -4.475838830175757010e+00 0.000000000000000000e+00
1.407834009109445539e+01 -4.141269655776270930e+00 0.000000000000000000e+00
-1.341002229807090274e+01 -1.062979825922780641e+01 0.000000000000000000e+00
7.491132076808558082e+00 1.237603015510991611e+01 0.000000000000000000e+00
1.362076637795596845e+01 -7.674280223702388604e+00 0.000000000000000000e+00
1.091998289862138272e+01 1.260177337065346848e-01 0.000000000000000000e+00
-9.645138891569887463e+00 1.231460828360060766e+01 0.000000000000000000e+00
1.312707223305857873e+01 3.378162813364703254e+00 0.000000000000000000e+00
1.231974182844975907e+01 -5.690866175502447000e-01 0.000000000000000000e+00
-1.217376429485356049e+01 8.975183560892309842e+00 0.000000000000000000e+00
4.934893883055814889e+00 1.223049989333916621e+00 0.000000000000000000e+00
1.976434661727542785e+00 -5.202635308567039374e+00 0.000000000000000000e+00
-1.133632791582726185e+01 -1.682406190827320014e+00 0.000000000000000000e+00
1.085676736397574160e+01 2.202499002126133476e+00 0.000000000000000000e+00
4.238389355870781472e+00 -1.672501495863000187e+01 0.000000000000000000e+00
-7.219107759485616782e+00 -2.751663492070596018e+00 0.000000000000000000e+00
-1.570895973136165935e+01 -3.397827130907295601e+00 0.000000000000000000e+00
1.002560646168146796e+01 4.230413596133863585e+00 0.000000000000000000e+00
-1.295202732904055409e+01 -5.543923321537129745e+00 0.000000000000000000e+00
9.976033039607137276e-01 1.131954934487538367e+01 0.000000000000000000e+00
-3.070973602796916335e+00 -6.116306616397914730e+00 0.000000000000000000e+00
-1.843889540371169700e+00 6.946717684447598629e+00 0.000000000000000000e+00
9.293888040196351952e+00 2.168122747366735048e+00 0.000000000000000000e+00
7.091005718616846920e+00 -1.587627819496394110e+01 0.000000000000000000e+00
1.498446149295808638e+01 -6.468411490304454503e+00 0.000000000000000000e+00
6.968685394643628683e+00 -1.240985509376419671e+01 0.000000000000000000e+00
6.188573314520936508e-01 -5.957508813085122590e+00 0.000000000000000000e+00
5.982265721832560779e+00 -4.914203448399550922e+00 0.000000000000000000e+00
8.388097176912342690e+00 -7.039374151107257838e+00 0.000000000000000000e+00
8.378063065480718663e+00 7.589110896346684676e+00 0.000000000000000000e+00
1.093797271215341205e+01 -3.948551569788001370e+00 0.000000000000000000e+00
1.063317656940624367e+01 -7.008985340775486961e+00 0.000000000000000000e+00
1.055265224238373811e+01 -1.080951259515867058e+01 0.000000000000000000e+00
-8.394167246773172053e+00 -1.333647445740104942e+01 0.000000000000000000e+00
-2.003177340607265600e-01 1.722099157797390134e+01 0.000000000000000000e+00
1.600967254858144173e+01 -5.320728852765832073e+00 0.000000000000000000e+00
5.260838810617696204e+00 7.818732642163018554e+00 0.000000000000000000e+00
2.246050612541235225e-02 4.318667854422815644e+00 0.000000000000000000e+00
2.163717398454316765e+00 1.444802071563723977e+00 0.000000000000000000e+00
-1.716228601643140550e+01 3.350864784369890437e+00 0.000000000000000000e+00
-7.217562105765864544e+00 9.425505329332574789e+00 0.000000000000000000e+00
3.944203618525473853e+00 -1.215964276572993974e+01 0.000000000000000000e+00
2.203415147030722832e+00 1.226959848382318619e+01 0.000000000000000000e+00
-8.087784171072247119e+00 -7.485208716076020785e+00 0.000000000000000000e+00
-1.405409022304807110e+01 7.803828406884046665e+00 0.000000000000000000e+00
3.928736237715296120e+00 1.232203879148418935e+01 0.000000000000000000e+00
1.591594548663057385e+00 5.666098957768630484e+00 0.000000000000000000e+00
-1.570565833226233998e+01 -6.697096909829850730e+00 0.000000000000000000e+00
-1.832960254828717384e+00 -1.478090306855616731e+01 0.000000000000000000e+00
4.063541604057515855e+00 -2.295656642484469045e-01 0.000000000000000000e+00
-1.288844493215993303e+01 -7.690412714053526777e+00 0.000000000000000000e+00
5.188160828133071556e-01 7.615380785499777261e+00 0.000000000000000000e+00
-7.775224314737230635e+00 4.932166160408253397e+00 0.000000000000000000e+00
-3.449391665366970283e+00 -1.022429683206314799e+01 0.000000000000000000e+00
1.697529016696788418e+01 2.658924868035984268e+00 0.000000000000000000e+00
-2.395022932688613881e+00 -8.193791653571793177e+00 0.000000000000000000e+00
-1.454519436649208020e+00 8.630462499320744385e+00 0.000000000000000000e+00
-3.381697118765582211e+00 4.034359259130666508e+00 0.000000000000000000e+00
1.513998220896085734e+01 9.280760256303680622e-01 0.000000000000000000e+00
-3.984239261432595214e+00 1.935105672456405967e+00 0.000000000000000000e+00
1.227258428361717613e+01 -5.132464697818142518e+00 0.000000000000000000e+00
4.309138986219175571e+00 -5.788847059969842945e+00 0.000000000000000000e+00
-5.204353952028262231e-01 -1.668695315069488316e+01 0.000000000000000000e+00
-1.345510721462586545e+01 3.888829238932285826e+00 0.000000000000000000e+00
3.608654658257461012e+00 -1.025529808882047433e+01 0.000000000000000000e+00
-5.816448800101255756e+00 -4.949351403562724627e+00 0.000000000000000000e+00
-5.524152005862020154e+00 -6.954309660418043215e+00 0.000000000000000000e+00
6.569866503927868528e+00 5.547121217290743367e+00 0.000000000000000000e+00
-5.496797776301036720e+00 1.014981622162049391e+01 0.000000000000000000e+00
-6.692587968800618015e+00 1.447252170523652737e+01 0.000000000000000000e+00
4.754865406590653265e+00 -1.343851229771163780e+01 0.000000000000000000e+00
1.074542352368652232e+01 -8.767286861557751720e+00 0.000000000000000000e+00
-4.894665573957843741e+00 6.429763557392230489e+00 0.000000000000000000e+00
5.216322478284972419e+00 1.315895028583798165e+01 0.000000000000000000e+00
2.995879016870922396e+00 -2.848436716606423946e+00 0.000000000000000000e+00
1.574005391453238722e+01 7.186748806392653677e+00 0.000000000000000000e+00
1.337477437581286388e+01 1.730545648881658849e+00 0.000000000000000000e+00
-2.892182345616042483e+00 -3.616837709313991844e+00 0.000000000000000000e+00
-1.612611501692673599e+01 1.479671182506977045e+00 0.000000000000000000e+00
1.127268579376655744e+01 7.279029597918148298e+00 0.000000000000000000e+00
-4.646530456005557141e+00 -2.931191058666493099e+00 0.000000000000000000e+00
-1.330417864376337356e+01 2.634132134207333720e-01 0.000000000000000000e+00
-2.869062588503523248e+00 1.622139011479067960e+01 0.000000000000000000e+00
-2.539339421394943841e-01 5.477163097873313791e-02 0.000000000000000000e+00
-8.000880716567372986e+00 -3.583284698953992931e-01 0.000000000000000000e+00
-7.434003189680532309e+00 -1.215853634174533759e+01 0.000000000000000000e+00
2.824466853912988462e+00 8.753218925410401141e+00 0.000000000000000000e+00
8.548013688586580727e+00 -1.507042132171923043e+01 0.000000000000000000e+00
8.361890453135739421e+00 -9.317361261790107818e+00 0.000000000000000000e+00
-1.733636323930385004e+01 -2.194437673853024240e+00 0.000000000000000000e+00
-1.059387595895791678e+00 1.444551698218447378e+01 0.000000000000000000e+00
-1.631411049954015979e+00 -9.643493551143592413e+00 0.000000000000000000e+00
1.236435341852351222e+01 -3.388252652586158931e+00 0.000000000000000000e+00
7.609776967327525066e-01 -1.334731373304907009e+01 0.000000000000000000e+00
5.953290299134369690e+00 -1.121567420685740446e+00 0.000000000000000000e+00
-1.431801519914471399e+01 -1.983257772161273191e+00 0.000000000000000000e+00
-8.992026149721834116e+00 1.405084469116939871e+01 0.000000000000000000e+00
8.073602410799532336e+00 -9.033904915482905418e-01 0.000000000000000000e+00
1.206555115023137326e+01 9.880892981809600073e+00 0.000000000000000000e+00
1.013616266459301940e+01 -1.305888470763418496e+01 0.000000000000000000e+00
-6.355694161226925765e+00 1.284207188885406303e+01 0.000000000000000000e+00
-1.503486963046701774e+01 4.079800627506431354e+00 0.000000000000000000e+00
-3.616353934275778670e+00 -1.461534394407571469e+01 0.000000000000000000e+00
3.500488049018673387e+00 1.547253661030496730e+01 0.000000000000000000e+00
-1.178794129922236777e+01 7.661028636100163380e-01 0.000000000000000000e+00
-3.013023801145824354e+00 -6.716212161541418313e-01 0.000000000000000000e+00
-2.754051532231777788e+00 -1.311087610927836344e+01 0.000000000000000000e+00
4.787535788433632256e+00 1.088697902323263023e+01 0.000000000000000000e+00
6.098386308188642246e+00 -1.452435421699983209e+01 0.000000000000000000e+00
-1.620432670603305425e+01 -4.776102464646237999e-01 0.000000000000000000e+00
-9.108045855834420834e+00 -2.060728518271696785e+00 0.000000000000000000e+00
1.489671078029224915e+01 4.062589849460167990e+00 0.000000000000000000e+00
-5.930860688639426392e+00 -1.116875513294668210e+01 0.000000000000000000e+00
2.317930251181369972e+00 -1.160778061407318340e+01 0.000000000000000000e+00
1.734907579605190620e+01 -4.734760794231106518e-01 0.000000000000000000e+00
4.591014751721141707e+00 4.816781626807910222e+00 0.000000000000000000e+00
8.556918521424201174e+00 5.980296773687133971e+00 0.000000000000000000e+00
1.467333018330684880e+01 8.248091947362473420e+00 0.000000000000000000e+00
-7.448333800065461974e-01 1.055790010106990096e+01 0.000000000000000000e+00
-9.569364655414956289e+00 1.086004136487791927e+00 0.000000000000000000e+00
8.629361777843110204e+00 1.101380318402454073e+01 0.000000000000000000e+00
1.588429869621038293e+01 5.546292761654630254e+00 0.000000000000000000e+00
-8.905360062019488154e+00 2.502188749728023964e+00 0.000000000000000000e+00
-2.890003063884273082e+00 1.346778338408381259e+01 0.000000000000000000e+00
3.656515421290590151e+00 -7.959370444396838273e+00 0.000000000000000000e+00
-1.198547290025707390e+01 3.177374076387016633e+00 0.000000000000000000e+00
2.290526776212729182e-02 -1.516909609650958579e+01 0.000000000000000000e+00
-5.169510244029448920e+00 4.814114631952397083e+00 0.000000000000000000e+00
1.367241908131183692e+01 -1.886201833379159698e+00 0.000000000000000000e+00
1.057970900952071958e+01 9.645260136632202830e+00 0.000000000000000000e+00
9.361792448934869171e+00 1.276851717745968173e+01 0.000000000000000000e+00
-1.217796371009954726e+01 1.074546208654008517e+01 0.000000000000000000e+00
-4.456169682252641984e+00 1.467119285899198466e+01 0.000000000000000000e+00
6.963190196991360104e+00 -6.167272884024085577e+00 0.000000000000000000e+00
1.040441745277282237e+01 -1.934190873185847037e+00 0.000000000000000000e+00
8.503422137556697180e+00 -4.890151151990266065e+00 0.000000000000000000e+00
-7.168547499749731600e+00 -1.496649420372843053e+01 0.000000000000000000e+00
4.510529225423846711e+00 2.968623313860749846e+00 0.000000000000000000e+00
-9.377744272712538631e+00 6.364675939596819099e+00 0.000000000000000000e+00
-5.135558834965030961e+00 -1.357065039530040806e+01 0.000000000000000000e+00
-2.824960541886421428e+00 1.184579919391237368e+01 0.000000000000000000e+00
1.245307918367938704e+01 -8.721310717741587837e+00 0.000000000000000000e+00
-2.166362223520243102e+00 2.028216913623760220e+00 0.000000000000000000e+00
-5.464487645570499375e+00 8.548375232348087494e+00 0.000000000000000000e+00
-1.002711670371130959e+00 -1.344520733548197455e+01 0.000000000000000000e+00
-1.517630536439461331e+01 5.872726867468379908e+00 0.000000000000000000e+00
1.286152306382104094e+01 -1.107869348807079035e+01 0.000000000000000000e+00
1.579508683019964277e+00 -1.204519471202662589e-01 0.000000000000000000e+00
3.119158737228564959e+00 5.401066062772255982e+00 0.000000000000000000e+00
-9.064244407846970830e+00 -4.956704110452022860e+00 0.000000000000000000e+00
-3.793437808435264014e+00 8.381038298471867876e+00 0.000000000000000000e+00
-1.446298306142536072e-01 2.044828778531870839e+00 0.000000000000000000e+00
-9.978020756601587493e+00 -7.729540679485706001e+00 0.000000000000000000e+00
-4.752249088195237725e+00 3.269700194380423142e+00 0.000000000000000000e+00
5.597436018236276567e+00 -1.155931042798824571e+01 0.000000000000000000e+00
-3.894305970563536778e+00 -1.627548181754331225e+01 0.000000000000000000e+00
2.598825994871621248e+00 3.854081698311237147e+00 0.000000000000000000e+00
-5.685517392213867538e+00 1.283452271256959598e+00 0.000000000000000000e+00
-1.197167851933268956e+01 5.800816706534250855e+00 0.000000000000000000e+00
-4.588131433129363224e+00 1.302765168455150757e+01 0.000000000000000000e+00
-1.299177837724023199e+01 -3.115154727817291302e+00 0.000000000000000000e+00
1.001507904146927963e+01 1.433101109988242783e+01 0.000000000000000000e+00
1.321341702769354587e+00 -7.621807960247631186e+00 0.000000000000000000e+00
-5.947871801241957357e+00 -1.624525927992399943e+01 0.000000000000000000e+00
-6.640998282547632137e+00 6.214776807752998344e+00 0.000000000000000000e+00
1.342434063390434495e+01 5.060644240932832716e+00 0.000000000000000000e+00
-4.255072243049043301e+00 -8.449447909782662691e+00 0.000000000000000000e+00
-3.665876823100434612e-01 1.242198586800356708e+01 0.000000000000000000e+00
8.451543369526947069e-01 -3.033616661827957195e+00 0.000000000000000000e+00
6.617067731045698231e+00 1.024968764952012501e+00 0.000000000000000000e+00
-3.320537948007884044e+00 1.021663480895808895e+01 0.000000000000000000e+00
1.024731049993524046e+01 -5.526915862957578085e+00 0.000000000000000000e+00
3.306672519399501464e+00 -1.500140032016900449e+01 0.000000000000000000e+00
-1.397588480617738327e+01 9.711605783852235163e+00 0.000000000000000000e+00
-1.074918658475893096e+01 -3.317044342413644209e+00 0.000000000000000000e+00
6.153822606394206751e+00 9.236350262104350506e+00 0.000000000000000000e+00
1.450973574243237030e+00 -1.008542535007532415e+01 0.000000000000000000e+00
5.650532419225692271e-01 -1.142812984666351284e+01 0.000000000000000000e+00
6.546446785796575796e-01 9.332317643835986942e+00 0.000000000000000000e+00
6.650113826028628550e-01 1.524200881190566648e+01 0.000000000000000000e+00
-9.547512564153240788e+00 9.631476660407463086e+00 0.000000000000000000e+00
1.187666909201428389e+01 4.523994069892894210e+00 0.000000000000000000e+00
1.062898014497265997e+01 5.878725282082958969e+00 0.000000000000000000e+00
7.463654167885463764e+00 4.219669700866353068e+00 0.000000000000000000e+00
1.119269725301778529e+01 1.193153259704392966e+01 0.000000000000000000e+00
-1.085815223208979141e+01 -6.244096101546351640e+00 0.000000000000000000e+00
-1.150336103794314546e+01 -1.274820092493156842e+01 0.000000000000000000e+00
-1.449790932726018866e+01 -8.221094832463464286e+00 0.000000000000000000e+00
2.570983728140501245e+00 1.671623269366718034e+01 0.000000000000000000e+00
-2.290364705993086947e+00 -1.626555750449255555e+01 0.000000000000000000e+00
-9.079467535597688155e+00 -1.044722841289460114e+01 0.000000000000000000e+00
1.640077928953290964e+01 -2.032554009116422034e+00 0.000000000000000000e+00
6.899567976213070608e+00 1.095923733094789121e+01 0.000000000000000000e+00
-6.371294634794941736e+00 -1.279260971241602540e+00 0.000000000000000000e+00
1.695559123916318356e+01 1.156737902960102371e+00 0.000000000000000000e+00
-1.103519522194648417e+01 7.572231660706267853e+00 0.000000000000000000e+00
5.181903245519007939e+00 1.476166574891601613e+01 0.000000000000000000e+00
3.003407717413037137e+00 1.049875280983109960e+01 0.000000000000000000e+00
8.238804361034652857e+00 1.381088305139195782e+01 0.000000000000000000e+00
-5.777284265330328239e+00 -9.347618195373168959e+00 0.000000000000000000e+00
9.927233611211978115e+00 8.052049614533780542e+00 0.000000000000000000e+00
-6.781343716184008663e+00 1.612968554496944407e+01 0.000000000000000000e+00
6.212931738109115365e+00 -8.225219428829035451e+00 0.000000000000000000e+00
6.281427898914059504e+00 -3.251494253418040437e+00 0.000000000000000000e+00
-1.413526617221746484e+01 1.679009230597430236e+00 0.000000000000000000e+00
1.396722802238499561e+01 -1.741852479673848264e-01 0.000000000000000000e+00
-1.656963607903863789e+01 -4.666668430359230513e+00 0.000000000000000000e+00
1.174454285053464275e+01 -1.266460666726678674e+01 0.000000000000000000e+00
2.965316107681795987e+00 7.145506819265214027e+00 0.000000000000000000e+00
6.718606979162807136e+00 2.582302231909943568e+00 0.000000000000000000e+00
-3.516089288792563217e+00 5.617778202204940285e+00 0.000000000000000000e+00
8.825137029141487233e+00 -2.696310242313734395e+00 0.000000000000000000e+00
1.359027726942028202e+01 1.039194120878660677e+01 0.000000000000000000e+00
-2.206866535500254800e-01 -7.489289734744668081e+00 0.000000000000000000e+00
6.628238304063751585e+00 1.396284038530392735e+01 0.000000000000000000e+00
4.505065915117605790e+00 9.200886515190909165e+00 0.000000000000000000e+00
-1.177407647362528209e+01 1.231895171253310828e+01 0.000000000000000000e+00
-8.656970501157374542e+00 1.102337591092621061e+01 0.000000000000000000e+00
1.283061634855580202e+01 6.832481586353559067e+00 0.000000000000000000e+00
2.392616493131131783e+00 -1.340368812238259721e+01 0.000000000000000000e+00
-7.564994974064494393e+00 1.522586170385329840e+00 0.000000000000000000e+00
-1.466454747304466188e+01 -5.193284001184352405e+00 0.000000000000000000e+00
4.794843146441895243e+00 -2.264966922334511690e+00 0.000000000000000000e+00
-1.357771949659129440e+01 5.390945394728523965e+00 0.000000000000000000e+00
-1.053288437240881059e+01 1.367997688098711606e+01 0.000000000000000000e+00
8.498587891818841555e+00 8.410360174689363033e-01 0.000000000000000000e+00
-8.372700978752018131e+00 7.579125473268537583e+00 0.000000000000000000e+00
2.265778500565359455e+00 1.383646125607929633e+01 0.000000000000000000e+00
-9.067474600506544746e+00 -1.475530126394071395e+01 0.000000000000000000e+00
-4.051562810824394845e+00 -1.180369540349014201e+01 0.000000000000000000e+00
-1.210938202694756249e+01 -9.385479478867337022e+00 0.000000000000000000e+00
-1.052202516422419976e+01 1.103741466019562267e+01 0.000000000000000000e+00
1.322912660922846939e+01 8.718854435101057732e+00 0.000000000000000000e+00
-1.283344466894926406e+01 -1.169071356962491537e+00 0.000000000000000000e+00
9.018964925374090669e+00 9.472240731311920570e+00 0.000000000000000000e+00
-9.173635264547609580e+00 4.224478911746677667e+00 0.000000000000000000e+00
1.556672408428455512e+01 -6.344003569294033307e-01 0.000000000000000000e+00
5.544219193476997987e+00 -9.697834776973108362e+00 0.000000000000000000e+00
-7.405996009024404358e+00 -5.168406575353255761e+00 0.000000000000000000e+00
-1.198423139120459879e+01 -1.114402609975330272e+01 0.000000000000000000e+00
-1.013621040326058065e+01 -3.600552146391780561e-01 0.000000000000000000e+00
