-8.366992351955190088e+00 -1.516315187660677211e+01 0.000000000000000000e+00
-1.454515338554839765e+01 1.617297617494719786e+00 0.000000000000000000e+00
1.207478231037395311e+01 1.184939970157825861e+01 0.000000000000000000e+00
-4.992565005519577603e+00 -1.524227127899416834e+00 0.000000000000000000e+00
1.429804960180041773e+00 1.261086530366454639e+01 0.000000000000000000e+00
1.241686136245651007e+01 -5.403231174486773369e+00 0.000000000000000000e+00
7.837841826914266896e-01 -8.362071013505822492e+00 0.000000000000000000e+00
-1.353085994095336808e+01 -2.162100443940095040e+00 0.000000000000000000e+00
7.430928618528332308e+00 -1.059738089618572587e+01 0.000000000000000000e+00
-7.043514977957374690e+00 5.299925988848358749e+00 0.000000000000000000e+00
-3.625805459351622240e+00 -1.659532405140943467e+01 0.000000000000000000e+00
-8.648450298604201336e+00 1.097753596384981911e+01 0.000000000000000000e+00
-1.010123938196042914e+01 3.308068689658903327e+00 0.000000000000000000e+00
2.065626468110895342e+00 1.384022671093142698e+00 0.000000000000000000e+00
9.946174652908323921e+00 -1.070055906444571381e+00 0.000000000000000000e+00
-1.698320145041394014e+01 -2.468481600347500748e+00 0.000000000000000000e+00
9.152575425920452812e-01 -2.948824649352184579e+00 0.000000000000000000e+00
9.780188918225267258e+00 1.575078269719235591e+00 0.000000000000000000e+00
-7.496994169401360431e+00 -2.009463877297251511e+00 0.000000000000000000e+00
-8.694656735169786543e+00 -1.296652374965148624e+01 0.000000000000000000e+00
-6.844261594215809374e+00 9.653036818379947093e+00 0.000000000000000000e+00
-1.625853876931964592e+01 2.934855501672436695e+00 0.000000000000000000e+00
1.090698748303295673e+01 1.364397461337522799e+01 0.000000000000000000e+00
-9.842787993689690040e+00 -7.995201401351494930e+00 0.000000000000000000e+00
8.724158225675328282e+00 -3.210310596541023909e+00 0.000000000000000000e+00
-7.472998867513192423e+00 2.962756262090952220e+00 0.000000000000000000e+00
9.134610080563488665e+00 8.605083947031372915e+00 0.000000000000000000e+00
9.992933506386304288e+00 1.223596595710236379e+01 0.000000000000000000e+00
1.359800956820890505e+01 -7.816192083451986683e+00 0.000000000000000000e+00
1.479412227406502467e+01 -2.922179571385972174e+00 0.000000000000000000e+00
1.449892498126957285e+01 -6.583536556265755735e+00 0.000000000000000000e+00
1.532674111447576148e-01 -1.626114064300799811e+01 0.000000000000000000e+00
5.960660634936044033e+00 3.606143540933083536e+00 0.000000000000000000e+00
4.840220240216142500e+00 5.452339451141154925e-01 0.000000000000000000e+00
1.480523487839988306e+01 8.439133306762721887e+00 0.000000000000000000e+00
-4.255454782610367914e+00 -1.196535382207163956e+01 0.000000000000000000e+00
1.058785943698491394e+01 -1.141739387927435878e+01 0.000000000000000000e+00
-1.415898339863108646e+01 3.161820232237573691e+00 0.000000000000000000e+00
-1.208984333560523616e+01 4.469172878365248458e+00 0.000000000000000000e+00
-6.141115707156648007e+00 -1.190790578354248375e+01 0.000000000000000000e+00
-3.986054233680634606e+00 5.257374572430035364e+00 0.000000000000000000e+00
-1.015705546386889857e+01 -1.028278903848301695e+01 0.000000000000000000e+00
-4.237580835175559502e-01 1.646732524516278318e+01 0.000000000000000000e+00
7.869574051890823263e+00 -1.413728990106493200e+01 0.000000000000000000e+00
1.271682815854006954e+01 -9.781298215125440620e+00 0.000000000000000000e+00
4.389252757209137101e+00 -7.704768400699924413e+00 0.000000000000000000e+00
-1.517096169213335699e+01 -3.281745343112495217e+00 0.000000000000000000e+00
-1.309242726657294753e+01 9.231411268563716632e+00 0.000000000000000000e+00
-6.212006363561139111e+00 6.918545872545033504e+00 0.000000000000000000e+00
-3.178746488926376679e-01 -4.840987580399695456e-01 0.000000000000000000e+00
8.091332299009868834e+00 1.178734149988547308e+01 0.000000000000000000e+00
2.812790039267809572e+00 -3.962361410956875218e+00 0.000000000000000000e+00
6.565583690134220163e+00 6.821692545986626222e+00 0.000000000000000000e+00
-1.511510775237022308e+01 -5.155754291787583377e+00 0.000000000000000000e+00
-8.412032925897818814e+00 -9.946781840218465121e+00 0.000000000000000000e+00
1.015462062606693294e+01 6.888559338081286398e+00 0.000000000000000000e+00
-7.026792221641185776e+00 -1.397411366573756908e+01 0.000000000000000000e+00
5.968511709077056082e+00 -1.568705189547320344e+01 0.000000000000000000e+00
2.697597033836164560e+00 -7.012864987751475709e+00 0.000000000000000000e+00
-1.015955596348574375e+01 -1.993389707553346435e+00 0.000000000000000000e+00
2.370971410526170775e+00 1.063146668667310557e+01 0.000000000000000000e+00
-1.688722863569890986e+00 1.025863387021509432e+01 0.000000000000000000e+00
8.017728112344109093e+00 4.939520565279654996e+00 0.000000000000000000e+00
-7.000026265340950626e-01 7.370905792378954935e+00 0.000000000000000000e+00
-4.147457681587656708e+00 -4.310604719753358793e+00 0.000000000000000000e+00
5.079011157852032277e+00 9.638276192922559105e+00 0.000000000000000000e+00
-2.732737573079917048e+00 1.605864567815733324e+01 0.000000000000000000e+00
9.515826368354975529e+00 5.360530391405237793e+00 0.000000000000000000e+00
1.987437743807637158e+00 -1.455461207457838135e+01 0.000000000000000000e+00
-1.555676239290873175e+00 1.363976980817063911e+01 0.000000000000000000e+00
3.641363825325436121e+00 -1.366630535704049798e+01 0.000000000000000000e+00
6.687407431328190377e+00 -4.131015433411572957e+00 0.000000000000000000e+00
2.858702122360304632e+00 1.377722370120134343e+01 0.000000000000000000e+00
-1.588648899002008186e+01 6.366214516944019852e-01 0.000000000000000000e+00
1.682471439463184737e+01 -1.533276624839284397e+00 0.000000000000000000e+00
1.154250376296333425e+00 -6.096266793460251243e+00 0.000000000000000000e+00
-7.977936452615123075e-01 2.563205497315173886e+00 0.000000000000000000e+00
-4.138130369933493036e+00 1.062294647339722964e+01 0.000000000000000000e+00
-1.045547890570640526e+01 1.204533877186431745e+01 0.000000000000000000e+00
6.979049561728705164e+00 -1.507998064527660720e+00 0.000000000000000000e+00
-1.179451068080679121e+01 6.529667453762604268e+00 0.000000000000000000e+00
6.550716914664483248e+00 -9.272172524411196548e+00 0.000000000000000000e+00
1.157848588766837317e+01 -8.150450463651853994e+00 0.000000000000000000e+00
-1.429845595964519767e+01 6.289356592877616947e+00 0.000000000000000000e+00
-1.361747535497616823e+01 -4.996959447238817020e+00 0.000000000000000000e+00
-4.896512765344827045e+00 -8.542154596475100448e+00 0.000000000000000000e+00
-1.108182899463186111e+01 -3.743692677578959849e+00 0.000000000000000000e+00
4.247434230746743311e-01 -1.170208398425867280e+01 0.000000000000000000e+00
6.829781789241376799e+00 -5.830156983147506189e+00 0.000000000000000000e+00
-3.480035558518114858e+00 1.339196010348023824e+00 0.000000000000000000e+00
-1.490396960870909027e+01 -7.645910267312476805e+00 0.000000000000000000e+00
8.711787975971683196e+00 -5.507727722111751767e+00 0.000000000000000000e+00
1.366910617958693308e+01 3.297397202485114476e-01 0.000000000000000000e+00
2.969208520355989034e+00 -1.211990106515661658e+01 0.000000000000000000e+00
-7.422412896707136554e+00 1.451949228819373872e+01 0.000000000000000000e+00
-1.196049984799847898e+01 -1.342158292834820799e+00 0.000000000000000000e+00
1.152271493385345735e+01 -1.243831853331261339e+00 0.000000000000000000e+00
5.612229481169360490e+00 1.484139133412097245e+01 0.000000000000000000e+00
6.897549721637059150e+00 1.086091531003609223e+00 0.000000000000000000e+00
3.430227304394741772e+00 4.800653154506240305e+00 0.000000000000000000e+00
1.692375144900999828e+01 2.090003129601955223e+00 0.000000000000000000e+00
1.639760998262009650e+01 -7.634156281394288701e-02 0.000000000000000000e+00
1.322508612192576294e+01 3.306038846021630562e+00 0.000000000000000000e+00
7.781146872722921604e-01 3.672417129318845230e+00 0.000000000000000000e+00
-1.150988539469948790e+01 -5.266712493282946994e+00 0.000000000000000000e+00
-7.881416696598905425e+00 6.806773941138917650e+00 0.000000000000000000e+00
1.093906583249162701e+01 -1.302880695779240483e+01 0.000000000000000000e+00
2.706824009445505386e+00 7.543737059341118822e+00 0.000000000000000000e+00
4.105271756091855018e+00 1.468238490830720089e+01 0.000000000000000000e+00
-2.354408432347707691e+00 -1.554686608625502942e+01 0.000000000000000000e+00
3.888874441067594834e+00 -6.074576497297390354e+00 0.000000000000000000e+00
1.425799358033293274e+01 2.002086246394809255e+00 0.000000000000000000e+00
1.302156783252400984e+01 8.921701159552672067e+00 0.000000000000000000e+00
-7.398847382135188555e-01 -7.508080637589761075e+00 0.000000000000000000e+00
-2.709292916065929369e+00 8.571761508240228977e+00 0.000000000000000000e+00
6.234127687981551036e-01 9.504077845164802696e+00 0.000000000000000000e+00
-2.617742342852119375e+00 -7.038016571751032124e+00 0.000000000000000000e+00
-1.091096476685164340e+01 8.501465791740862032e-01 0.000000000000000000e+00
-5.795344570180495758e+00 4.115456480270088591e+00 0.000000000000000000e+00
-1.297476025986261439e+00 -4.641535140818331406e+00 0.000000000000000000e+00
-7.066599597410188949e+00 -6.618649580259998721e+00 0.000000000000000000e+00
1.407388587288791193e+01 -4.782037095797046611e+00 0.000000000000000000e+00
1.526393296487102802e+01 6.900675773967128279e+00 0.000000000000000000e+00
-4.205526322133163575e+00 -1.370049782900360569e+01 0.000000000000000000e+00
-5.327956848982123184e+00 -6.861111993880624205e+00 0.000000000000000000e+00
1.232624218960149065e+00 1.646346261871488892e+01 0.000000000000000000e+00
9.001461734113400226e+00 1.051808950695699174e+01 0.000000000000000000e+00
-1.131631247063612022e+01 -1.193584482230826005e+01 0.000000000000000000e+00
6.870035644683810672e-01 5.827123249689438289e+00 0.000000000000000000e+00
-1.387743529256221242e+00 -9.337589200259651889e+00 0.000000000000000000e+00
-4.639888474201780966e+00 1.643785122308037927e+01 0.000000000000000000e+00
1.966139278444151706e-01 1.131198674218434341e+01 0.000000000000000000e+00
-2.529425105734127488e+00 -3.301177145182755623e+00 0.000000000000000000e+00
-1.957165220633384939e+00 1.509652868909215906e+00 0.000000000000000000e+00
-2.335575519891202045e+00 4.689660682328463892e+00 0.000000000000000000e+00
-3.534719462591584538e+00 1.471723367596848142e+01 0.000000000000000000e+00
-6.331291680961708579e+00 -1.593760263500547936e+01 0.000000000000000000e+00
-8.871620546558199649e+00 -5.657762823706993238e+00 0.000000000000000000e+00
-5.694064888903039190e+00 1.073065247533675581e+01 0.000000000000000000e+00
5.388299629418346726e+00 -1.218035185382124119e+01 0.000000000000000000e+00
8.590622141943301315e+00 6.792790822583365973e+00 0.000000000000000000e+00
1.299573997282814020e+01 6.123449015657678629e+00 0.000000000000000000e+00
1.493094025844743022e+01 -5.087987279045729228e-01 0.000000000000000000e+00
8.960793932753146507e+00 -7.699541056659881200e+00 0.000000000000000000e+00
-1.078713586271610181e+00 -1.293259745502492386e+01 0.000000000000000000e+00
-1.185704766996432680e+00 -1.102403307382696163e+01 0.000000000000000000e+00
-3.381827016694413324e+00 -5.741154859299224533e+00 0.000000000000000000e+00
3.674736608037640906e+00 -9.794381520218413684e+00 0.000000000000000000e+00
1.500168517531633050e+01 4.457884459629757323e+00 0.000000000000000000e+00
-4.622581899084074131e+00 1.254100655744953841e+01 0.000000000000000000e+00
1.594302388750334476e+00 -2.076822388853514501e-01 0.000000000000000000e+00
1.036295540135979820e+01 -6.723446809063754692e+00 0.000000000000000000e+00
-6.974149184064403428e+00 1.194362910960339086e+01 0.000000000000000000e+00
5.417069877778756037e+00 5.499965221663222437e+00 0.000000000000000000e+00
-3.348132168741412951e+00 -9.914726630062595802e+00 0.000000000000000000e+00
1.667958873804360209e+01 3.889091596854923338e+00 0.000000000000000000e+00
-8.287744760650779696e+00 8.261891506369437366e+00 0.000000000000000000e+00
-1.355938914156612363e+01 -1.052277523070017828e+01 0.000000000000000000e+00
1.218485927879634367e+01 2.122531852195641555e+00 0.000000000000000000e+00
-1.348697709807678891e+01 1.083332744284393812e+01 0.000000000000000000e+00
8.238291569959041993e+00 1.478347473822057978e+01 0.000000000000000000e+00
-1.591977401250945334e+01 6.015309989348443409e+00 0.000000000000000000e+00
1.061994036937363184e+01 8.851125141777956173e+00 0.000000000000000000e+00
5.746384416290972297e+00 1.206973607094461975e+01 0.000000000000000000e+00
-7.089712991300516798e+00 -4.710474632837661879e+00 0.000000000000000000e+00
9.507851611486206167e+00 -1.257085382590033262e+01 0.000000000000000000e+00
-5.463765951811390131e+00 6.255268899924215642e-01 0.000000000000000000e+00
-1.211906663022482711e+01 -7.029657492363048377e+00 0.000000000000000000e+00
-1.054729012856037329e+01 8.722300800115217356e+00 0.000000000000000000e+00
-1.402324366352036655e+01 7.867568500128865772e+00 0.000000000000000000e+00
-1.194167982520817439e+01 1.176439795251439868e+01 0.000000000000000000e+00
3.503358377851594763e-01 1.494594208671333035e+01 0.000000000000000000e+00
1.062510275127153925e+01 -3.870427734374771500e+00 0.000000000000000000e+00
-1.229572017100008630e+01 2.658344981217385161e+00 0.000000000000000000e+00
-6.449234111226800792e+00 -8.775523249522321212e-01 0.000000000000000000e+00
-4.513395721465987442e+00 8.338339109053768183e+00 0.000000000000000000e+00
5.432284530354298369e+00 1.648625396388667141e+01 0.000000000000000000e+00
1.211952396409907351e+01 -2.922760365245949288e+00 0.000000000000000000e+00
-2.308877580366867632e-01 -1.476959096383273895e+01 0.000000000000000000e+00
1.087640738104841454e+01 -9.831140588018003612e+00 0.000000000000000000e+00
-9.371341515415306134e+00 -3.144490309235955516e-01 0.000000000000000000e+00
-1.032512407426553125e+01 6.989753156846392201e+00 0.000000000000000000e+00
4.683453140101742740e+00 -3.773796024056679244e+00 0.000000000000000000e+00
8.996245331434906234e+00 -9.936716506547403682e+00 0.000000000000000000e+00
-5.856903221934654624e+00 -9.974342258131278172e+00 0.000000000000000000e+00
5.051428958696256188e+00 -1.151554639469361430e+00 0.000000000000000000e+00
7.678420356712098993e+00 2.892389536313940912e+00 0.000000000000000000e+00
-1.348284918131166243e+01 -8.774856548327223393e+00 0.000000000000000000e+00
6.577288645626690133e+00 1.010313338251871507e+01 0.000000000000000000e+00
9.851117864091078147e+00 3.323783963618493598e+00 0.000000000000000000e+00
1.631154629596395722e+01 -5.341211830854649456e+00 0.000000000000000000e+00
4.883907925432540709e-01 1.444027965808865499e+00 0.000000000000000000e+00
8.045862199458408526e+00 -4.080520975122837735e-01 0.000000000000000000e+00
-9.307903802821542172e+00 4.627936342940159875e+00 0.000000000000000000e+00
4.316620296012327884e+00 3.043031326339106890e+00 0.000000000000000000e+00
7.024435509836632008e+00 1.571668174789651395e+01 0.000000000000000000e+00
2.074864876506393063e+00 -1.033626078743503918e+01 0.000000000000000000e+00
-6.536151630739580831e+00 -8.515684116452282737e+00 0.000000000000000000e+00
1.435316593573258359e+01 -9.465610679845790187e+00 0.000000000000000000e+00
2.984187225274818278e+00 -1.630559775925061672e+01 0.000000000000000000e+00
-1.411434064624716100e+01 -2.590794081242403513e-01 0.000000000000000000e+00
-2.846050183156690672e+00 7.024693960071195953e+00 0.000000000000000000e+00
5.388690443037489786e+00 -5.382022446015153783e+00 0.000000000000000000e+00
3.144354112626396525e+00 9.311011763367153193e+00 0.000000000000000000e+00
-1.246847319681615929e+01 1.097919552277021982e+00 0.000000000000000000e+00
2.847693171936720447e+00 1.205392790271618608e+01 0.000000000000000000e+00
-1.138404435974121753e+01 -9.411285912239366169e+00 0.000000000000000000e+00
-1.628025327572820302e+01 -8.155827484939296435e-01 0.000000000000000000e+00
-6.222804894520779229e+00 -3.321393613966064695e+00 0.000000000000000000e+00
1.101607140172809629e+01 4.636476291155965157e+00 0.000000000000000000e+00
1.318230719344609891e+00 -1.736300325114076770e+01 0.000000000000000000e+00
-8.613711370357126640e+00 1.322936825969839347e+01 0.000000000000000000e+00
-6.985454670546975997e+00 1.476463870587897187e+00 0.000000000000000000e+00
-8.123678345517284072e+00 -8.344064417069683159e+00 0.000000000000000000e+00
1.235212451500623132e+01 1.031207705545117825e+01 0.000000000000000000e+00
1.551591504102956520e+01 2.931259032032902834e+00 0.000000000000000000e+00
6.736375158969085675e+00 -1.309959241864839541e+01 0.000000000000000000e+00
3.600914538406294607e+00 -5.952788907036887789e-01 0.000000000000000000e+00
-2.590478401108240014e+00 -1.395668286140770098e+00 0.000000000000000000e+00
2.770198327088142065e+00 1.683383699350330076e+01 0.000000000000000000e+00
1.234002863288183960e+01 -1.219607253676731240e+01 0.000000000000000000e+00
2.243833535370608256e+00 2.987642197147972301e+00 0.000000000000000000e+00
-1.739485401106432505e+01 1.642669703638988787e+00 0.000000000000000000e+00
6.576316442455302891e+00 8.385279043082425332e+00 0.000000000000000000e+00
-2.550874157696771505e+00 -1.360983805558770676e+01 0.000000000000000000e+00
-8.948271022182623824e+00 1.799205101702722631e+00 0.000000000000000000e+00
-2.179556518475923355e+00 1.199182023260904906e+01 0.000000000000000000e+00
1.677922691412711842e+01 -3.033784327061118891e+00 0.000000000000000000e+00
-6.661715549120048152e+00 1.614287958088989328e+01 0.000000000000000000e+00
1.210130762626229561e+01 7.395673785807404421e+00 0.000000000000000000e+00
3.375285334138527826e+00 -2.138589934556918148e+00 0.000000000000000000e+00
6.811013257767855045e-01 -1.339604584589627301e+01 0.000000000000000000e+00
-1.051005012367897251e+01 -1.362496172661734306e+01 0.000000000000000000e+00
-5.590545956716143294e+00 1.449405977870513240e+01 0.000000000000000000e+00
-5.195918197721761445e+00 2.222605149770508159e+00 0.000000000000000000e+00
4.503804825888019003e+00 -1.616242547653499884e+01 0.000000000000000000e+00
6.022162397532019540e+00 -7.725684932366356783e+00 0.000000000000000000e+00
-1.087114338035071626e+01 1.056471998002107782e+01 0.000000000000000000e+00
5.551118218895337186e+00 1.901755730078332540e+00 0.000000000000000000e+00
-9.340636634584774001e+00 1.467000631013061707e+01 0.000000000000000000e+00
4.425714494933437493e+00 7.493589889656750991e+00 0.000000000000000000e+00
-1.061605966500474096e+01 5.410690801820138951e+00 0.000000000000000000e+00
9.525426809148676455e+00 -1.451630923603517509e+01 0.000000000000000000e+00
-9.424606065563207125e+00 -3.824694629248601707e+00 0.000000000000000000e+00
-6.827852552005094777e-01 4.399162293488770636e+00 0.000000000000000000e+00
-4.815091215580837303e-01 -2.091581599293744098e+00 0.000000000000000000e+00
-1.387120935811017475e+01 -6.513874770604537012e+00 0.000000000000000000e+00
8.553808847692955908e+00 1.326773282239493845e+01 0.000000000000000000e+00
-1.480358200229149013e+01 4.707440505935282182e+00 0.000000000000000000e+00
-1.460294253566840261e+01 9.469292634218913207e+00 0.000000000000000000e+00
-1.666596901593181101e+01 -5.173719431309554473e+00 0.000000000000000000e+00
-2.012800634205541783e+00 -1.717232972227412446e+01 0.000000000000000000e+00
-3.722332249125769099e+00 3.440100753153753299e+00 0.000000000000000000e+00
1.212172837915938217e+00 7.964245342423560636e+00 0.000000000000000000e+00
4.868928658845772972e+00 1.334992918018698127e+01 0.000000000000000000e+00
-2.004798360158083215e-01 1.298931272938034809e+01 0.000000000000000000e+00
