-2.208451813681842069e+00 -1.425056023608735245e+01 0.000000000000000000e+00
-6.028322923486774343e+00 5.125623563202506894e+00 0.000000000000000000e+00
1.581243001992712616e+00 -3.897764194286942985e+00 0.000000000000000000e+00
-2.976412438577913377e+00 -1.209101524709687459e+00 0.000000000000000000e+00
-1.594476839612584484e+01 5.929614109871579331e+00 0.000000000000000000e+00
3.557292498228894040e+00 1.344579190531784363e+01 0.000000000000000000e+00
1.571516720371504805e+00 1.723440979821399921e+01 0.000000000000000000e+00
-4.258456483357096367e+00 -2.141476898907571869e+00 0.000000000000000000e+00
1.286047393808116013e+01 -9.217923855392831101e+00 0.000000000000000000e+00
-4.704826172794205896e-01 9.908015359150070367e+00 0.000000000000000000e+00
-1.355468479264937898e+01 -8.857906262828114663e+00 0.000000000000000000e+00
-1.254617417429688686e+00 1.574687296075654608e+01 0.000000000000000000e+00
8.459279521127410106e+00 -5.929494157504173746e-01 0.000000000000000000e+00
8.307853303420946744e+00 1.544185062396262742e+00 0.000000000000000000e+00
-1.070730513226707536e+01 6.066521249478242339e+00 0.000000000000000000e+00
9.343887855456879166e+00 -5.144264176200833205e+00 0.000000000000000000e+00
1.292764543346468731e+00 -6.485675604508323033e+00 0.000000000000000000e+00
-7.449276489463662720e+00 8.196350761491819625e+00 0.000000000000000000e+00
-7.978586799094773419e+00 -1.279068618541953484e+01 0.000000000000000000e+00
8.178836396422310528e+00 5.006079227817429533e+00 0.000000000000000000e+00
1.612931643997217535e+01 2.534622194549495777e+00 0.000000000000000000e+00
-9.325091214456666222e+00 -9.361107931532099136e-02 0.000000000000000000e+00
1.214723365031893643e+01 -6.410792766974707568e+00 0.000000000000000000e+00
8.214583822377376165e+00 -8.995825748807751765e+00 0.000000000000000000e+00
4.206051292833380195e+00 -3.362675858173793664e+00 0.000000000000000000e+00
1.016639807957474240e+01 -7.399591044170019671e+00 0.000000000000000000e+00
-9.899944055043778945e+00 3.033672144499910850e+00 0.000000000000000000e+00
1.254536843787408884e+01 -8.296793956647091628e-02 0.000000000000000000e+00
-1.669070287770940908e+01 1.949780319459137656e+00 0.000000000000000000e+00
7.462903864250092667e+00 -6.992870089370443409e+00 0.000000000000000000e+00
-6.862796581253349792e+00 -8.169501421334521396e+00 0.000000000000000000e+00
-4.264983453641576716e+00 9.455598729203556374e+00 0.000000000000000000e+00
1.005769661101839318e+01 -1.185549692983381576e+01 0.000000000000000000e+00
1.035415488111480364e+01 -3.614568049904780089e+00 0.000000000000000000e+00
-1.095990432836145168e+01 -2.891426911158825774e+00 0.000000000000000000e+00
-1.186542765754598072e+01 1.210966808445933651e+01 0.000000000000000000e+00
-8.570234229013411476e-01 -9.822284061753581597e+00 0.000000000000000000e+00
5.266704078918685639e+00 1.365697453121926408e+01 0.000000000000000000e+00
3.650462110999729948e+00 -1.479284464068797611e+01 0.000000000000000000e+00
-6.501807592866985175e+00 -3.222043594052327098e+00 0.000000000000000000e+00
-2.428126538974733073e+00 9.283315610820073172e-01 0.000000000000000000e+00
-8.046350791870263919e+00 -1.445167019751758986e+01 0.000000000000000000e+00
5.859656566191390858e+00 -6.766520386242460106e+00 0.000000000000000000e+00
4.185980735230757865e+00 2.197061702282196993e+00 0.000000000000000000e+00
-1.286488698274355258e+01 4.950056496014984653e+00 0.000000000000000000e+00
1.129778180003290267e+01 -1.023662762595404274e+01 0.000000000000000000e+00
-5.337447180383911860e-01 -1.609180635717407171e+01 0.000000000000000000e+00
2.717858627408995531e+00 1.528024919096769807e+01 0.000000000000000000e+00
9.438408918893124167e+00 1.291994151698461479e+01 0.000000000000000000e+00
6.314243668193994630e+00 7.325443394039645284e+00 0.000000000000000000e+00
1.354577626679932578e+01 -4.452320044525996501e+00 0.000000000000000000e+00
7.661884640819231151e+00 -4.521169963550209836e+00 0.000000000000000000e+00
1.411231313030629320e+00 1.419178348305133452e+00 0.000000000000000000e+00
-6.643299664002157101e+00 1.278589890404491491e+01 0.000000000000000000e+00
5.922627496988352114e+00 5.660680520216794243e-01 0.000000000000000000e+00
-7.828866431235378620e+00 -6.141241198316086169e+00 0.000000000000000000e+00
9.466947574371870289e+00 3.831530780874043973e+00 0.000000000000000000e+00
4.670799649569511658e+00 1.557646270623192386e+01 0.000000000000000000e+00
2.310568714733608253e+00 2.925368957822239491e+00 0.000000000000000000e+00
5.986416480698672160e+00 9.624069501074263400e+00 0.000000000000000000e+00
1.066677305443022838e+01 1.508122335705684103e+00 0.000000000000000000e+00
1.465635724932012884e+01 6.922912657120847690e+00 0.000000000000000000e+00
-3.598636036298353158e+00 -1.039497513162667808e+01 0.000000000000000000e+00
6.160913892962676108e+00 -1.466346204483903470e+01 0.000000000000000000e+00
-1.432262364169484492e+01 9.082675411380940034e+00 0.000000000000000000e+00
-1.414815096467724409e+01 6.141735562871775578e+00 0.000000000000000000e+00
1.433027288492541729e+01 8.863007568226912269e+00 0.000000000000000000e+00
1.459036678319001190e+01 -1.867261627110577749e+00 0.000000000000000000e+00
-2.120316499444803604e+00 2.501000842605117569e+00 0.000000000000000000e+00
2.953394958297518524e+00 8.450113884557911348e+00 0.000000000000000000e+00
-8.993944036901192263e+00 -3.530484240150633113e+00 0.000000000000000000e+00
1.160970850485891148e+01 -7.902800262216931770e+00 0.000000000000000000e+00
1.418996634034635207e+01 5.493764281161079843e+00 0.000000000000000000e+00
-8.068910491213715730e+00 -1.579233802805402709e+00 0.000000000000000000e+00
-1.623234349555334433e+01 -4.918716329422399447e+00 0.000000000000000000e+00
-5.014653344272351987e+00 5.933321450401034536e-01 0.000000000000000000e+00
7.091540712054007045e+00 -1.257973640823519546e+01 0.000000000000000000e+00
-3.240355154361969525e+00 3.613037748004983118e+00 0.000000000000000000e+00
-1.179070961407408014e+01 -9.234397274734167382e+00 0.000000000000000000e+00
5.941739681506455817e+00 -1.642384001876035882e+01 0.000000000000000000e+00
-5.617251755807659563e+00 6.613389506897012105e+00 0.000000000000000000e+00
-2.570617037731448118e+00 -4.531572813455492899e+00 0.000000000000000000e+00
-1.241094364970316200e+01 -4.921796532513490696e+00 0.000000000000000000e+00
6.363089934410853132e+00 1.576450550785262372e+01 0.000000000000000000e+00
-3.610065354858362330e+00 1.285863306201776446e+01 0.000000000000000000e+00
-9.833998851482254722e+00 -9.968624349701327603e+00 0.000000000000000000e+00
-6.689859593212832856e+00 2.880194254559098166e+00 0.000000000000000000e+00
-5.621241715211075629e+00 -1.354385375802478109e+01 0.000000000000000000e+00
3.847493651501042500e+00 -1.698845700809669168e+01 0.000000000000000000e+00
-1.065175396446374734e+01 1.375878166417136583e+01 0.000000000000000000e+00
-3.487733082769776116e-01 4.713278213508393044e+00 0.000000000000000000e+00
-8.386226113821996009e+00 3.119289955248876645e+00 0.000000000000000000e+00
-1.345541610063292737e+01 -6.232217197927638175e+00 0.000000000000000000e+00
-7.973951186409889758e+00 5.853584296206671977e-01 0.000000000000000000e+00
1.235841412523221106e+00 1.373529181279563716e+01 0.000000000000000000e+00
-3.992855522145757785e+00 4.911355434450356938e+00 0.000000000000000000e+00
-9.452511268617882934e+00 -5.006894900675764148e+00 0.000000000000000000e+00
-1.517628311962881327e+01 -4.359088454201545670e-01 0.000000000000000000e+00
4.173968294540406632e+00 6.016306372581918360e+00 0.000000000000000000e+00
6.435881062791948715e+00 -9.528082879250966641e+00 0.000000000000000000e+00
-1.125791983220360226e+00 1.344110214988210039e+01 0.000000000000000000e+00
1.476937604503248203e+01 1.776924859073657492e+00 0.000000000000000000e+00
-2.806917122982651058e+00 8.764592736849399657e+00 0.000000000000000000e+00
-4.869270984020772075e-01 -1.220025403027873701e+01 0.000000000000000000e+00
1.378317794793166406e+01 -6.144320781232482709e+00 0.000000000000000000e+00
-1.196519766433369192e+01 9.666996227537669739e-01 0.000000000000000000e+00
-1.315973246449120282e+01 1.040592786466399744e+01 0.000000000000000000e+00
-3.700112111355304944e-03 -4.826860885034966131e+00 0.000000000000000000e+00
-1.172631452013091646e+01 -1.400938962918297559e+00 0.000000000000000000e+00
-6.472968152973352929e-01 2.909076897117944593e+00 0.000000000000000000e+00
3.322817797420936081e+00 -1.450582034173018675e+00 0.000000000000000000e+00
1.028947288789395209e+01 8.721833513953868078e+00 0.000000000000000000e+00
-9.125074954339410738e+00 5.902734714801633586e+00 0.000000000000000000e+00
-4.694047878061594070e-01 6.792897455876246937e+00 0.000000000000000000e+00
3.926356182790152971e+00 -9.361599493995980126e+00 0.000000000000000000e+00
-6.880807026668104065e+00 1.468441611737576480e+01 0.000000000000000000e+00
-9.102747870301518773e+00 1.189407871329031963e+01 0.000000000000000000e+00
-5.149768695753710546e+00 -9.637983152756918415e+00 0.000000000000000000e+00
-1.047556462776059760e+01 7.836742940272063862e+00 0.000000000000000000e+00
1.058853063879881518e+01 5.871574033839760176e+00 0.000000000000000000e+00
-9.225677576926901935e+00 -7.052042806483147075e+00 0.000000000000000000e+00
1.254619089928095654e+01 8.994555600375162996e+00 0.000000000000000000e+00
7.109248698016029877e+00 1.409860482085943012e+01 0.000000000000000000e+00
6.088125570171645684e+00 -3.461823333570434258e+00 0.000000000000000000e+00
1.330620691006604339e+01 -1.134434041913652358e+01 0.000000000000000000e+00
-4.260859025216841900e+00 -5.931931587638891834e+00 0.000000000000000000e+00
-8.569202132239709613e+00 1.367913008606657499e+01 0.000000000000000000e+00
8.722254055321629451e+00 -1.102707170553590998e+01 0.000000000000000000e+00
-1.040659610985171213e+01 -8.444330786783659448e+00 0.000000000000000000e+00
8.152146317619447302e+00 9.924995110526051434e+00 0.000000000000000000e+00
5.074716944938415963e+00 -7.854056445394441699e-01 0.000000000000000000e+00
5.786623277555553280e+00 5.605311696847253167e+00 0.000000000000000000e+00
8.136742538161289007e-01 -1.019543455154741096e+01 0.000000000000000000e+00
-7.245993950269314254e+00 1.040965383147727685e+01 0.000000000000000000e+00
1.727086125364324598e+00 -1.399288148039699031e+01 0.000000000000000000e+00
2.762606602651259902e+00 -1.188810806283305155e+01 0.000000000000000000e+00
-1.618785074018156678e+01 -6.576730606092841214e+00 0.000000000000000000e+00
-1.177162823434482597e+01 -7.715894694622413397e+00 0.000000000000000000e+00
1.600086351659629713e+01 -8.855240941592446013e-01 0.000000000000000000e+00
1.610558546406676683e+01 -4.970648141461479597e+00 0.000000000000000000e+00
-1.677883843743602554e+01 -1.111306267712208085e+00 0.000000000000000000e+00
2.092840838583862606e+00 5.565480575419523568e+00 0.000000000000000000e+00
-1.294546640180203489e+00 -6.838442053139754506e+00 0.000000000000000000e+00
-4.830808998806872978e+00 1.614399410597937745e+01 0.000000000000000000e+00
4.494147004932082190e+00 1.171261441624264599e+01 0.000000000000000000e+00
-1.154421146681657540e+01 4.102370131072100357e+00 0.000000000000000000e+00
9.022294632694668692e+00 -1.376770177335139422e+01 0.000000000000000000e+00
-4.220208385827124431e+00 7.826360930029731655e+00 0.000000000000000000e+00
-8.634953208287130977e+00 9.559151499639449767e+00 0.000000000000000000e+00
8.208329568501312679e+00 7.172263187320813138e+00 0.000000000000000000e+00
1.191315447734169020e+01 1.231599589572705611e+01 0.000000000000000000e+00
1.521106741562271125e+01 -7.417137375274436728e+00 0.000000000000000000e+00
-3.213638925396066881e+00 -1.269500362747266209e+01 0.000000000000000000e+00
3.833502952048048584e+00 4.775427140495526190e-01 0.000000000000000000e+00
-1.470993105512159893e+01 1.098299425050459632e+00 0.000000000000000000e+00
-1.213111621057222322e+01 7.159574347690578655e+00 0.000000000000000000e+00
-5.696482355153719368e+00 -1.534072625246462351e+01 0.000000000000000000e+00
1.065518075322898106e+01 -8.906823440021083282e-02 0.000000000000000000e+00
-2.013052605389971994e+00 1.102216316565067977e+01 0.000000000000000000e+00
-1.552449511863922460e+01 4.095554042840073627e+00 0.000000000000000000e+00
1.164096379403587811e+01 3.624803299550885427e+00 0.000000000000000000e+00
3.868550242157941521e-01 1.243124880294753254e+01 0.000000000000000000e+00
1.292051336859752597e+00 1.024818284228094001e+01 0.000000000000000000e+00
3.122466150878260738e+00 -5.772607127889954448e+00 0.000000000000000000e+00
1.112311322745892062e+00 -1.595032535858962852e+01 0.000000000000000000e+00
4.453748986585338798e+00 7.820405870085430422e+00 0.000000000000000000e+00
-3.115346787511949156e+00 1.669253062728538595e+01 0.000000000000000000e+00
5.321015164903292849e+00 -1.272317647622957537e+01 0.000000000000000000e+00
1.208391983868799002e+01 -2.013154158033952701e+00 0.000000000000000000e+00
-1.365209880653164021e+01 -2.113545565211418342e+00 0.000000000000000000e+00
-1.314675039577274873e+01 -3.543388293639861519e+00 0.000000000000000000e+00
-1.568483964783465723e+01 -3.004823275327383136e+00 0.000000000000000000e+00
-1.093864482713996367e+01 -1.117473402734872323e+01 0.000000000000000000e+00
1.631385220435086225e+01 -3.321515934879460730e+00 0.000000000000000000e+00
1.043135602409388241e-01 1.476709505091806385e+01 0.000000000000000000e+00
1.247382370128497797e+01 1.538509318633108247e+00 0.000000000000000000e+00
6.944667212463845551e+00 2.752429115692184958e+00 0.000000000000000000e+00
-1.318290750823504887e+01 2.089476824755958084e+00 0.000000000000000000e+00
2.726562284078825726e+00 1.175650480608911330e+01 0.000000000000000000e+00
-1.984107283715337511e+00 -1.726091239222249740e+01 0.000000000000000000e+00
-7.570043521461214953e-01 -1.385393323972135882e+00 0.000000000000000000e+00
1.319388423568315893e+01 7.570673279598080008e+00 0.000000000000000000e+00
1.034638707803780910e+01 1.154190386046681915e+01 0.000000000000000000e+00
7.657389448101699359e-02 1.691248105928156065e+01 0.000000000000000000e+00
-2.861268713749645087e+00 -7.153520809142627890e+00 0.000000000000000000e+00
-2.202425965338229652e+00 7.286759944909151798e+00 0.000000000000000000e+00
5.711015614962858145e+00 3.701085050119055087e+00 0.000000000000000000e+00
-5.676695092618592176e-01 -8.233749192099647729e+00 0.000000000000000000e+00
-2.642213279190715358e+00 1.476401232812832198e+01 0.000000000000000000e+00
-1.063775688427218569e+01 -1.289248567112286636e+01 0.000000000000000000e+00
-8.647554659977332303e-01 -3.023247416805086463e+00 0.000000000000000000e+00
8.971399656169056769e+00 1.502035797530921890e+01 0.000000000000000000e+00
-3.951320825371337442e+00 -1.678503848052198677e+01 0.000000000000000000e+00
1.353596489273311576e+01 3.538385098664812212e+00 0.000000000000000000e+00
6.284248525426086474e+00 1.241271615104365900e+01 0.000000000000000000e+00
-9.938867652929777918e+00 1.052445906392969555e+01 0.000000000000000000e+00
-1.914266518905231473e+00 -1.097777508178498884e+01 0.000000000000000000e+00
-2.292325512683938360e+00 -9.072870281334978415e+00 0.000000000000000000e+00
6.830120039632462614e+00 -1.619938156058013723e+00 0.000000000000000000e+00
1.143513799719513457e+01 -1.299403083327990061e+01 0.000000000000000000e+00
-7.119237206625401271e+00 6.196024039823458729e+00 0.000000000000000000e+00
7.975836055018796777e+00 -1.537795983383450604e+01 0.000000000000000000e+00
2.404063644454872417e+00 -1.008784764532014400e+01 0.000000000000000000e+00
-9.137464246776794141e+00 1.719101768150064213e+00 0.000000000000000000e+00
1.644666234578804165e+01 5.933848641358983933e+00 0.000000000000000000e+00
9.750727292696911519e+00 -1.892854871167855890e+00 0.000000000000000000e+00
-6.315882649061899556e+00 -5.954241774248926866e+00 0.000000000000000000e+00
-1.571828537602790021e+01 7.485078468985968847e+00 0.000000000000000000e+00
-4.900529757583291790e+00 3.305268502346497161e+00 0.000000000000000000e+00
2.066122964371382764e+00 -4.314279257810956780e-01 0.000000000000000000e+00
-5.023159646871254935e+00 -3.979673387423115827e+00 0.000000000000000000e+00
-5.960538453133924719e+00 8.558343517222681385e+00 0.000000000000000000e+00
-5.279035809629363918e+00 1.382241945284599716e+01 0.000000000000000000e+00
-5.145492564486366049e+00 -1.138723529404855661e+01 0.000000000000000000e+00
3.504574749016558410e+00 1.672554239127800102e+01 0.000000000000000000e+00
1.207713320301293081e+00 -1.227229213916656292e+01 0.000000000000000000e+00
1.756103078727740963e+00 -8.328328779259830839e+00 0.000000000000000000e+00
-5.435903320197867927e+00 1.063592177103294389e+01 0.000000000000000000e+00
6.129644685608016452e+00 -1.134422501945709882e+01 0.000000000000000000e+00
2.183848450758097304e+00 -1.713018966177065394e+01 0.000000000000000000e+00
3.696563888262637487e+00 4.440827050052704728e+00 0.000000000000000000e+00
1.201512960136931207e+00 7.795150146463463159e+00 0.000000000000000000e+00
-8.887244818395964585e-03 9.187849920989350494e-01 0.000000000000000000e+00
-7.996181939750860224e+00 -1.102786785828058314e+01 0.000000000000000000e+00
3.473994800515657566e+00 -7.282024752002144830e+00 0.000000000000000000e+00
-1.263081734354525842e+01 -1.198366663191137427e+01 0.000000000000000000e+00
1.330953569108848278e+01 1.039646802877333620e+01 0.000000000000000000e+00
-6.872909973026878561e+00 -9.735363419789040407e+00 0.000000000000000000e+00
-7.501079954388026216e+00 -4.438454835875432991e+00 0.000000000000000000e+00
1.588969043658037528e+01 4.089297359583047964e+00 0.000000000000000000e+00
-5.681711634367119679e+00 -1.341941729892834223e+00 0.000000000000000000e+00
7.502891443165051300e+00 8.514700993794630079e+00 0.000000000000000000e+00
4.280722929575047964e+00 9.954792157245012874e+00 0.000000000000000000e+00
-5.118042153226453728e+00 -8.053066387293306150e+00 0.000000000000000000e+00
8.408759181177131836e+00 -2.873348111828719187e+00 0.000000000000000000e+00
-1.358850375944195044e+01 7.549094757443818082e+00 0.000000000000000000e+00
-1.196759878011660128e+01 9.060905722869627255e+00 0.000000000000000000e+00
1.189469579417113110e+01 6.734244042229707183e+00 0.000000000000000000e+00
1.464194651528861080e+01 -9.321190712881891827e+00 0.000000000000000000e+00
-1.979185898395229737e+00 4.525790270053525965e+00 0.000000000000000000e+00
-2.688671282996406120e+00 -2.823357767971010013e+00 0.000000000000000000e+00
-8.614776490672028331e+00 -8.538565020718531073e+00 0.000000000000000000e+00
1.603146507663146636e+01 7.031336085985606665e-01 0.000000000000000000e+00
-1.452897404755644217e+01 2.895450220725397372e+00 0.000000000000000000e+00
4.897934316514565012e+00 -4.739136772357395166e+00 0.000000000000000000e+00
-1.093866065517363495e+01 -6.061795213177938457e+00 0.000000000000000000e+00
-1.667385609351936893e+01 4.064529025865302736e-01 0.000000000000000000e+00
6.948785368478593849e-01 -1.861475544450833519e+00 0.000000000000000000e+00
-1.437514635201137025e+01 -4.796125301223021609e+00 0.000000000000000000e+00
-7.674589888919344460e+00 4.567152446213620820e+00 0.000000000000000000e+00
-3.790646543712812289e+00 1.114562335043114594e+01 0.000000000000000000e+00
-1.001872046138290884e+01 4.560361167308496277e+00 0.000000000000000000e+00
1.176671151008017624e+01 -4.872681305704157140e+00 0.000000000000000000e+00
1.344879941254112588e+01 -7.695549727209018087e+00 0.000000000000000000e+00
-1.281884373992513204e+01 -1.047693625571043796e+01 0.000000000000000000e+00
1.162050753316794172e+01 1.061308405481379147e+01 0.000000000000000000e+00
