8.463609074590680237e+00 -9.697663367474872231e+00 0.000000000000000000e+00
6.025627995235164569e+00 -4.243897365971865732e+00 0.000000000000000000e+00
1.425803680529141027e-01 1.129955804269730280e+01 0.000000000000000000e+00
-6.109185331785208284e+00 -7.184441374163188065e+00 0.000000000000000000e+00
-1.143298074310804324e+00 -1.640712070423363400e+01 0.000000000000000000e+00
-4.107644529744968409e+00 1.334895758741266647e+01 0.000000000000000000e+00
1.208416207144895615e+01 1.086865050082206352e+01 0.000000000000000000e+00
-1.132303653457618431e+01 -8.036668635501829527e+00 0.000000000000000000e+00
1.585915685659172425e+01 -6.938198494242485026e+00 0.000000000000000000e+00
2.572328806601507534e+00 -1.191641837745143917e+01 0.000000000000000000e+00
8.787324583907610176e+00 -7.115230326210666867e+00 0.000000000000000000e+00
9.454522183785888600e+00 -1.106613685578353490e+00 0.000000000000000000e+00
-9.057453837780814254e+00 -2.841736140741371042e+00 0.000000000000000000e+00
3.803846875480959344e+00 -6.092868623967090613e+00 0.000000000000000000e+00
4.500334162584348263e+00 -1.077742112826076237e+01 0.000000000000000000e+00
9.847696643909944481e-01 1.460848683207630394e+01 0.000000000000000000e+00
1.114597184197292812e+01 -1.252867600388973202e+01 0.000000000000000000e+00
4.339676256709757318e+00 -1.271538845718736255e+01 0.000000000000000000e+00
1.433242431393964844e-01 9.770237633485974627e+00 0.000000000000000000e+00
6.539546043308979151e+00 3.625738740833700291e+00 0.000000000000000000e+00
-5.203745143247665572e-01 -1.928613349944209521e+00 0.000000000000000000e+00
6.884210272033786993e+00 -1.160052279363497618e+01 0.000000000000000000e+00
5.797584846876029374e+00 1.485798785115046527e+01 0.000000000000000000e+00
1.197064933833591382e+01 -9.710248816832194763e+00 0.000000000000000000e+00
-3.396534845366236954e+00 9.074689181055710208e+00 0.000000000000000000e+00
-7.668839380822127794e+00 -1.038746779393046604e-01 0.000000000000000000e+00
1.593864410452736458e+01 -1.963293723528070744e+00 0.000000000000000000e+00
-7.842162337358261404e+00 1.520861861959926209e+01 0.000000000000000000e+00
-7.807289583657305521e+00 1.487194643978940523e+00 0.000000000000000000e+00
9.364333308727307070e+00 1.041869908656469335e+01 0.000000000000000000e+00
-1.317003529407329943e+01 -8.481465780920560249e+00 0.000000000000000000e+00
-5.977907736439605380e+00 -1.823764301683045153e+00 0.000000000000000000e+00
2.855374735229149419e+00 9.592270889430931646e+00 0.000000000000000000e+00
-1.077953501911552436e+01 -3.709039895212101534e+00 0.000000000000000000e+00
1.173170460367915524e+01 -3.893320461346792438e+00 0.000000000000000000e+00
-7.890151016144645313e-01 1.397157884827885077e+01 0.000000000000000000e+00
-6.861360774145667252e-01 -2.527398047239299839e-01 0.000000000000000000e+00
8.393703226387959404e+00 1.517889785562158922e+00 0.000000000000000000e+00
-1.398701534990773210e+00 -9.498731195776755953e+00 0.000000000000000000e+00
-6.996609927513288696e+00 -1.149062430542340429e+01 0.000000000000000000e+00
1.179834329565892936e+01 -2.195558548932236675e+00 0.000000000000000000e+00
-2.149164807687315992e-01 1.673733470903669485e+01 0.000000000000000000e+00
8.870029330330906348e+00 -4.474630509541943191e+00 0.000000000000000000e+00
-5.280477054429666417e+00 -1.019639806196304477e+01 0.000000000000000000e+00
1.746195852811710747e+00 5.367295803793820319e+00 0.000000000000000000e+00
1.075555615303097490e+01 -1.074346266849862452e+01 0.000000000000000000e+00
1.138030607875760020e-01 6.917254689090418296e+00 0.000000000000000000e+00
3.401240186838492274e+00 1.641441188858799904e+01 0.000000000000000000e+00
5.794336123436626629e+00 -5.939670785854965551e+00 0.000000000000000000e+00
-1.064302478182118072e+01 7.295803719613183524e+00 0.000000000000000000e+00
2.404600456548224852e+00 -1.720224600429487216e+00 0.000000000000000000e+00
-1.435273582753475807e+01 6.633150649100875818e+00 0.000000000000000000e+00
1.133738206104785284e+01 4.742371323494169566e+00 0.000000000000000000e+00
3.995572998630453565e+00 -7.681142225743897711e+00 0.000000000000000000e+00
-3.043835413447436800e+00 2.467893667280267600e+00 0.000000000000000000e+00
-1.242460259694675662e+00 4.134013518087114925e+00 0.000000000000000000e+00
1.987055953988599022e+00 3.121077471706361628e+00 0.000000000000000000e+00
-6.752720840562877136e+00 5.634080482166928583e+00 0.000000000000000000e+00
1.275830223493127580e+00 -8.182399502702942584e+00 0.000000000000000000e+00
-1.060880346951771536e+01 4.555699713613027058e+00 0.000000000000000000e+00
-5.122680148658425026e+00 -1.224353334463718568e+01 0.000000000000000000e+00
2.672066526862898250e+00 -9.636778459356838411e+00 0.000000000000000000e+00
-1.612422420388700317e+01 -4.265084625069581747e+00 0.000000000000000000e+00
4.793793064719190866e+00 2.780890970807900153e+00 0.000000000000000000e+00
-1.123053146914824119e+01 9.925664946451682624e+00 0.000000000000000000e+00
2.453109266200751204e+00 1.217591174209747962e+01 0.000000000000000000e+00
-1.350266360834903479e+00 -1.158381368549509460e+01 0.000000000000000000e+00
-3.492206219014913682e+00 8.792033841234635494e-01 0.000000000000000000e+00
-1.357942786490366416e+01 -1.703067340465996837e+00 0.000000000000000000e+00
1.329091895219780994e+01 3.528016643642155170e+00 0.000000000000000000e+00
-1.210459517566202692e+01 3.530396382609573447e+00 0.000000000000000000e+00
-1.592503380384459888e+01 6.612607228472613397e-01 0.000000000000000000e+00
-1.381705750761526907e+00 2.100695567212248260e+00 0.000000000000000000e+00
3.598428498287577160e+00 4.478125165569336374e+00 0.000000000000000000e+00
5.600810722159655919e-01 -4.950559590026354151e+00 0.000000000000000000e+00
1.075856377662187136e+01 2.334133834242916539e+00 0.000000000000000000e+00
-1.251270959029020524e+01 8.818754858200975377e+00 0.000000000000000000e+00
1.304772896781823555e+01 -5.733383055477130341e+00 0.000000000000000000e+00
-2.352172606047567616e+00 1.066468643295505281e+01 0.000000000000000000e+00
9.948623306034718894e+00 6.727241875697935747e+00 0.000000000000000000e+00
-6.161716911558982268e+00 1.033202366547639173e+01 0.000000000000000000e+00
-5.703838450500927415e+00 1.655984354969870065e+00 0.000000000000000000e+00
8.132894302175145640e+00 1.171367193425734854e+01 0.000000000000000000e+00
1.653168800970260088e+00 -1.663301056167443903e+01 0.000000000000000000e+00
1.675459816253327361e+01 4.340339296729205820e+00 0.000000000000000000e+00
1.078035495086556317e+01 1.230540694389005552e+01 0.000000000000000000e+00
-4.544545397615972426e+00 -6.370132006654747769e+00 0.000000000000000000e+00
-1.210114970695764391e+01 -2.040030637798726509e+00 0.000000000000000000e+00
1.501369643783412577e+01 1.236320853600081510e-01 0.000000000000000000e+00
8.240662814598008978e+00 -1.275770455683615623e+01 0.000000000000000000e+00
3.962055007429014619e+00 1.425696514340496712e+01 0.000000000000000000e+00
-4.244922729305505626e+00 -1.447461054247634493e+00 0.000000000000000000e+00
-1.058626741413020689e+01 -1.279866623515116864e+01 0.000000000000000000e+00
-1.278083995707655340e+01 -5.940496726231106805e+00 0.000000000000000000e+00
-1.576259206108987510e+00 -7.814129602599360958e+00 0.000000000000000000e+00
2.874034974022263711e+00 6.629557208973944071e+00 0.000000000000000000e+00
1.125346093404802161e+01 8.383775871227554077e+00 0.000000000000000000e+00
-2.891149313053981817e+00 5.302839961425162230e+00 0.000000000000000000e+00
-4.389329111047196363e+00 1.563760949099421538e+01 0.000000000000000000e+00
-1.019429147466051333e+01 1.114316933400263387e+01 0.000000000000000000e+00
-3.755533502062523343e+00 -1.004174034164788587e+01 0.000000000000000000e+00
1.466799536385214076e+01 7.791656726120004706e+00 0.000000000000000000e+00
8.811363530318690351e+00 1.485223417977724836e+01 0.000000000000000000e+00
1.436073923128812879e+01 5.235155421526009434e+00 0.000000000000000000e+00
-1.638148680260424683e+01 -1.932331607135485685e+00 0.000000000000000000e+00
-1.555997999881792992e+01 -6.699421380567826212e+00 0.000000000000000000e+00
-5.150654300796759344e+00 6.194142794546569242e+00 0.000000000000000000e+00
1.257746364962843089e+01 6.771132669984463170e+00 0.000000000000000000e+00
5.894954452762949160e+00 5.667060243171332168e+00 0.000000000000000000e+00
4.301109076228813999e-01 -3.188142332005047042e+00 0.000000000000000000e+00
6.729025712644642887e+00 -7.889988126851047667e+00 0.000000000000000000e+00
-6.800805949065038547e-01 -6.328488481968375545e+00 0.000000000000000000e+00
-3.855658820028183165e+00 -1.627602653533150701e+01 0.000000000000000000e+00
1.046245174667823363e+01 -7.579662910687271271e+00 0.000000000000000000e+00
4.653776178229819815e-01 4.338861539710548776e+00 0.000000000000000000e+00
5.444105604810376420e+00 -1.651348742540263315e+00 0.000000000000000000e+00
-6.487459151646790545e+00 -1.347843603461371309e+01 0.000000000000000000e+00
-1.456054348560349254e+01 1.896495387070000538e+00 0.000000000000000000e+00
-8.043579835491655672e+00 -5.050246361920375016e+00 0.000000000000000000e+00
-8.514078183995620108e+00 -9.435601341204179704e+00 0.000000000000000000e+00
1.392440054144245565e+01 -3.152214502098864113e+00 0.000000000000000000e+00
1.582287026373214545e+01 5.838053932619200914e+00 0.000000000000000000e+00
6.174856965406433140e+00 1.203525332401765269e+01 0.000000000000000000e+00
7.388462191445246852e+00 -1.411149850131948824e+01 0.000000000000000000e+00
-7.672081733049711083e+00 1.136654168613276639e+01 0.000000000000000000e+00
-1.099974428372267354e+01 -1.054397588211674908e+01 0.000000000000000000e+00
-1.341030838304033246e+01 4.625627264623411783e+00 0.000000000000000000e+00
6.371155732242298697e+00 -1.601880758811351058e+01 0.000000000000000000e+00
9.647612384033561028e+00 5.801672039920228174e-01 0.000000000000000000e+00
-2.068397605131436556e+00 -2.481167827858737684e+00 0.000000000000000000e+00
7.101131440777162851e+00 -8.156754541541338943e-02 0.000000000000000000e+00
-8.670942509271451826e+00 7.298143899533445556e+00 0.000000000000000000e+00
-5.089060922439726298e+00 4.435627527345292087e+00 0.000000000000000000e+00
-1.200722892688195742e+01 -1.204446932765712575e+01 0.000000000000000000e+00
1.216402638788621360e+01 -2.406220787965731023e-01 0.000000000000000000e+00
5.581773985905003066e+00 7.387379854019653358e+00 0.000000000000000000e+00
-5.262192259235729530e+00 -4.977527609131014330e+00 0.000000000000000000e+00
-7.011290042263041755e+00 1.354109990687607912e+01 0.000000000000000000e+00
-7.008274286650634899e+00 3.488232649407936314e+00 0.000000000000000000e+00
1.651635886996636104e+00 1.700060383178416501e+01 0.000000000000000000e+00
1.368582509644384260e+01 -8.484618309084289933e+00 0.000000000000000000e+00
-3.068067216617023973e+00 -5.915724442817878348e+00 0.000000000000000000e+00
1.305022643406042704e+01 -1.128269550321553893e+01 0.000000000000000000e+00
-1.105959484423371109e+01 1.297354073664594232e+01 0.000000000000000000e+00
1.253430477538078902e+00 -1.041735933875243880e+01 0.000000000000000000e+00
-1.789129299388662275e+00 7.556768225272001871e+00 0.000000000000000000e+00
1.003323195825631231e+01 -2.789404809721347522e+00 0.000000000000000000e+00
-2.457263802986794143e+00 -3.934357241469762734e+00 0.000000000000000000e+00
3.035084052215469619e+00 -2.580644260219626396e-02 0.000000000000000000e+00
-2.283391766680647361e+00 1.504218450523421602e+01 0.000000000000000000e+00
1.559965715092225480e+01 -4.316024883399506074e+00 0.000000000000000000e+00
-5.638692741088481952e+00 1.433197667094321126e+01 0.000000000000000000e+00
-1.113372352844441870e+01 -5.864320603909178864e+00 0.000000000000000000e+00
-8.511512340631124829e+00 -7.861463761188608679e+00 0.000000000000000000e+00
-1.466309813647050042e+01 -2.836289973996367619e-01 0.000000000000000000e+00
-5.582082424685888888e+00 -1.647281220036136062e+01 0.000000000000000000e+00
4.513495287364627018e+00 1.132205486052998111e+01 0.000000000000000000e+00
-4.540353485187198501e+00 -3.661726738091183986e+00 0.000000000000000000e+00
-9.299887400454469599e+00 1.411991451086303861e+01 0.000000000000000000e+00
-1.711482166614684175e+01 2.733297769153442580e+00 0.000000000000000000e+00
-8.254489308971063366e+00 -1.496750647757119879e+01 0.000000000000000000e+00
-1.023864649382950454e+01 9.208643856101913494e-01 0.000000000000000000e+00
1.677551671176984271e+01 1.579295022252048319e+00 0.000000000000000000e+00
-1.510697021735480927e+00 -1.364469023507350798e+01 0.000000000000000000e+00
1.292561177424431307e+01 1.214217109433129549e+00 0.000000000000000000e+00
-1.273311716763870649e+01 1.421993400217502534e+00 0.000000000000000000e+00
9.135354650614367245e+00 -1.462555134856769001e+01 0.000000000000000000e+00
1.210039875906135931e+00 8.539513782003823605e-01 0.000000000000000000e+00
-9.390206224668164126e+00 -6.389352585408695440e+00 0.000000000000000000e+00
-1.539814895814177653e+01 7.913233403747636174e+00 0.000000000000000000e+00
-1.788771705628046549e+00 1.273952828991175501e+01 0.000000000000000000e+00
-6.203357289556967302e+00 8.752829293552547796e+00 0.000000000000000000e+00
-8.873113773038191709e+00 1.010779701696777622e+01 0.000000000000000000e+00
4.707853494210580969e+00 -1.617647418703173656e+01 0.000000000000000000e+00
-1.554926953866057460e+01 4.589834957841650187e+00 0.000000000000000000e+00
-1.306525962917785444e+00 -4.897499756142352112e+00 0.000000000000000000e+00
-1.332253331064272217e+01 -3.354271360962173709e+00 0.000000000000000000e+00
-9.019593242192536664e+00 1.208506870261792088e+01 0.000000000000000000e+00
-4.463295944850034225e+00 -1.475947273005720284e+01 0.000000000000000000e+00
-1.288561504535628011e+01 -1.071211974619820673e+01 0.000000000000000000e+00
9.502199186918799612e+00 4.467949847795885887e+00 0.000000000000000000e+00
2.814357509485014841e+00 -1.343311605332865533e+01 0.000000000000000000e+00
-1.346887905327205281e+01 1.040501405592087458e+01 0.000000000000000000e+00
6.074198579887648997e+00 -1.011133080929511507e+01 0.000000000000000000e+00
7.667478605405058545e+00 -3.357186186037485420e+00 0.000000000000000000e+00
4.873212870356268489e+00 9.393813267450202176e+00 0.000000000000000000e+00
6.389334731371315579e-01 -1.467931307949865349e+01 0.000000000000000000e+00
-1.227808556417757302e+01 1.186490117007195266e+01 0.000000000000000000e+00
-5.543312272343173142e+00 1.234956260733348898e+01 0.000000000000000000e+00
-1.716739217961693154e+00 1.668412986755095773e+01 0.000000000000000000e+00
6.748803190280048270e+00 2.089112443984381340e+00 0.000000000000000000e+00
8.674238324211261286e+00 5.815570216783394031e+00 0.000000000000000000e+00
1.685477294149933769e+01 -6.224212581659596122e-01 0.000000000000000000e+00
1.355921579054908221e+01 1.004505711235289311e+01 0.000000000000000000e+00
1.470211738647456201e+01 -5.968275241118861985e+00 0.000000000000000000e+00
1.490683195002604400e+01 2.609695921458024426e+00 0.000000000000000000e+00
-1.471196980146486410e+01 -8.883247672620296242e+00 0.000000000000000000e+00
1.393276760405126069e+01 -9.462559638279369745e-01 0.000000000000000000e+00
-9.946302999818714241e+00 -1.536435227539712178e+00 0.000000000000000000e+00
2.409211742345067631e+00 1.378972147568192064e+01 0.000000000000000000e+00
-9.801572226510097963e+00 -1.427798327403350598e+01 0.000000000000000000e+00
3.948034213628613731e+00 7.707736107817924953e+00 0.000000000000000000e+00
9.429427609084395812e+00 1.317157745592575679e+01 0.000000000000000000e+00
-9.096504100026461259e+00 -1.099821398712608556e+01 0.000000000000000000e+00
-1.273637217280522016e+01 6.245691673766968322e+00 0.000000000000000000e+00
-3.517280023566000668e+00 -1.222229108475126580e+01 0.000000000000000000e+00
-9.666541671830406912e+00 -4.778715920599402978e+00 0.000000000000000000e+00
-4.090214939745824729e+00 7.442995343557899268e+00 0.000000000000000000e+00
-9.000412314963618599e+00 5.090733224605173746e+00 0.000000000000000000e+00
7.894919888379785533e+00 8.633432684369299892e+00 0.000000000000000000e+00
-4.392973758329795864e+00 1.095315889706377988e+01 0.000000000000000000e+00
2.808046695834648387e-01 -1.160804678270226376e+01 0.000000000000000000e+00
4.429413228248145096e+00 -3.842351508057499920e+00 0.000000000000000000e+00
-7.605335057304365876e+00 -6.506985331071470036e+00 0.000000000000000000e+00
-6.861534603922311959e+00 -3.369715681314310096e+00 0.000000000000000000e+00
-6.248895235794409864e+00 1.634133229578119284e+01 0.000000000000000000e+00
4.406942702152742086e+00 6.965069574059064017e-01 0.000000000000000000e+00
1.558647982660141151e+00 8.658523393701875293e+00 0.000000000000000000e+00
8.050176103813797113e+00 3.091390413010000060e+00 0.000000000000000000e+00
-6.577515484098917398e+00 -1.499667064679138839e+01 0.000000000000000000e+00
-6.782902460157970381e+00 -8.576256369427532888e+00 0.000000000000000000e+00
1.100219787129706717e+01 -5.242408706793971973e+00 0.000000000000000000e+00
1.290812043554250721e+01 8.258565876737595346e+00 0.000000000000000000e+00
-4.900242730965706173e+00 -8.189669190745453520e+00 0.000000000000000000e+00
2.046585960590625142e+00 -6.362527904338488582e+00 0.000000000000000000e+00
-1.175866534520951801e+00 5.756182633048362085e+00 0.000000000000000000e+00
-5.201291139358227511e+00 -3.706870870273984431e-02 0.000000000000000000e+00
2.286921992598123676e+00 -3.595656200564241622e+00 0.000000000000000000e+00
1.207008290789511484e+01 -8.040619970411304607e+00 0.000000000000000000e+00
-8.232530079125973899e+00 -1.310298308286534130e+01 0.000000000000000000e+00
-7.933446284778947089e+00 8.909470371006174005e+00 0.000000000000000000e+00
-3.109386991754599983e+00 -8.674596487412413737e+00 0.000000000000000000e+00
5.761892349754319298e+00 -1.361762641884632430e+01 0.000000000000000000e+00
-1.466624668964716705e+01 -5.165538641874564796e+00 0.000000000000000000e+00
7.805160187414957207e+00 -5.953268335495862651e+00 0.000000000000000000e+00
-1.250250433127168392e+01 -1.210505424757612886e-01 0.000000000000000000e+00
1.521487129857861476e+01 -8.568435757809041320e+00 0.000000000000000000e+00
8.891686328937259631e+00 -1.114547657310211015e+01 0.000000000000000000e+00
-1.004704094505111911e+01 8.884914934070037518e+00 0.000000000000000000e+00
6.640030848995487567e+00 1.037355101202300212e+01 0.000000000000000000e+00
-1.118882323192110384e+01 2.244769744957203716e+00 0.000000000000000000e+00
3.232431160459186437e+00 -1.658474006128995271e+01 0.000000000000000000e+00
-6.476949705785676414e+00 7.236036895149339010e+00 0.000000000000000000e+00
4.404863473210470559e+00 -9.162074447437746016e+00 0.000000000000000000e+00
7.098369400754711123e+00 7.034041248785044331e+00 0.000000000000000000e+00
5.078937008569774036e+00 1.626799637860356640e+01 0.000000000000000000e+00
7.133645229132250520e+00 1.334323515091688073e+01 0.000000000000000000e+00
-9.867926246329497886e+00 3.168819526697442157e+00 0.000000000000000000e+00
-1.615747560787482939e+01 6.505868007994270563e+00 0.000000000000000000e+00
-7.614681644812921313e+00 -1.608409578124149863e+00 0.000000000000000000e+00
2.794936148047793445e+00 -1.498709384039777603e+01 0.000000000000000000e+00
4.509114065843362162e+00 -1.444774476962795262e+01 0.000000000000000000e+00
1.279769966718538425e-02 -1.326938193662510024e+01 0.000000000000000000e+00
-3.200696997516617959e+00 1.213778221105898147e+01 0.000000000000000000e+00
1.412005891596730933e+01 -1.016616973909541422e+01 0.000000000000000000e+00
1.677917608856663634e+01 -3.306104845595921216e+00 0.000000000000000000e+00
