1.213009642123763676e+01 8.343690281902285122e+00 0.000000000000000000e+00
-6.673766747744877215e+00 -1.496359272304783328e-01 0.000000000000000000e+00
4.426530590984802394e-01 -1.397991351261248383e+01 0.000000000000000000e+00
1.306769610354069577e+01 3.505728944566230076e+00 0.000000000000000000e+00
3.394678538765103948e+00 -8.360651316617001783e+00 0.000000000000000000e+00
2.793188619892313707e+00 -1.415943592961119712e+01 0.000000000000000000e+00
-1.689376914986906186e+01 -1.001586470706793408e+00 0.000000000000000000e+00
-6.661796413592157018e-01 1.300951184454025622e+01 0.000000000000000000e+00
7.786549871247930299e-02 -2.365202270282551922e+00 0.000000000000000000e+00
-6.330854856377036155e-01 4.123619292258410951e+00 0.000000000000000000e+00
4.660542045827122948e+00 4.728563058469718250e+00 0.000000000000000000e+00
1.616270385281576694e+01 8.837502977436534124e+00 0.000000000000000000e+00
-8.442194511543979374e+00 1.608711012550009656e+01 0.000000000000000000e+00
-3.971844530383369598e+00 6.519541959683866850e+00 0.000000000000000000e+00
-1.876459604379513646e+00 -1.189051702169804337e+01 0.000000000000000000e+00
3.199053745265551640e+00 -2.807684667025397207e+00 0.000000000000000000e+00
-1.073819819633447814e+01 1.401035563134922235e+01 0.000000000000000000e+00
-7.841360164265991362e-01 -1.064100397608777016e+01 0.000000000000000000e+00
1.699507735262958263e+01 -1.854462131713503936e+00 0.000000000000000000e+00
-2.274971483602059585e+00 1.023460059006043466e+01 0.000000000000000000e+00
-1.115117362154657954e+01 3.171685731105233330e+00 0.000000000000000000e+00
1.563674345977787539e+01 6.075759396782898669e+00 0.000000000000000000e+00
6.735216493575593155e+00 -2.003950698614007209e+00 0.000000000000000000e+00
7.144240646390704441e+00 7.292424338024028785e+00 0.000000000000000000e+00
-1.069490089229438290e+01 -1.162553303179186770e+01 0.000000000000000000e+00
-4.015637677422229324e+00 3.124962853982964806e+00 0.000000000000000000e+00
1.344127021006529255e+00 1.416904346611027243e+01 0.000000000000000000e+00
1.274869066872969725e+01 1.784953846307239106e-02 0.000000000000000000e+00
-1.660475326864809986e+01 5.727839787627846846e+00 0.000000000000000000e+00
1.127405504668905856e+01 4.317103793136015888e+00 0.000000000000000000e+00
1.435095693917558712e+01 3.681130128901228815e-01 0.000000000000000000e+00
-7.617501485272095252e+00 -1.045142386023043102e+01 0.000000000000000000e+00
-1.053703227430903411e+01 -8.873264319933076294e+00 0.000000000000000000e+00
-1.336937810759876122e+01 4.046257467319750667e+00 0.000000000000000000e+00
-7.191386495235077447e+00 -1.332125210476661437e+01 0.000000000000000000e+00
7.075481932939869267e+00 1.763120074921284797e+01 0.000000000000000000e+00
-1.534209613368749459e+01 -1.061201693068117002e+01 0.000000000000000000e+00
-2.773789122781004757e+00 1.182378638478152588e+01 0.000000000000000000e+00
-4.543290618353291954e+00 -1.196738785146912143e+01 0.000000000000000000e+00
-1.341648478402022349e+01 -4.170121020357057340e+00 0.000000000000000000e+00
1.403180353407928749e+01 -9.193033518506105395e+00 0.000000000000000000e+00
5.540460646063980477e+00 -7.601443191304119829e+00 0.000000000000000000e+00
-8.211504045903581073e+00 5.514889823595055418e+00 0.000000000000000000e+00
-1.138387762613069931e+01 -1.440459295109647009e+01 0.000000000000000000e+00
-7.135457100499547956e+00 1.722140402774286017e+01 0.000000000000000000e+00
2.113212390873996593e+00 1.671236602221130596e+01 0.000000000000000000e+00
8.796756656472638269e+00 1.110260263253127988e+01 0.000000000000000000e+00
-1.680823636372888785e+01 1.963643434788240327e+00 0.000000000000000000e+00
-3.222643300247507891e+00 1.790648044306686060e-01 0.000000000000000000e+00
-8.965515051478062603e+00 -1.531724010927528035e+01 0.000000000000000000e+00
-1.494960250895467446e+01 -2.615999687999182921e+00 0.000000000000000000e+00
-9.473640701037986389e+00 -1.317913516550336439e+01 0.000000000000000000e+00
-5.624111582482095528e+00 -6.157623689045494508e+00 0.000000000000000000e+00
-9.737044619579544147e+00 1.758682205218308869e+00 0.000000000000000000e+00
2.396097497508247187e+00 5.171169720217787535e+00 0.000000000000000000e+00
-1.227453040542200746e+01 1.035597824067340156e+01 0.000000000000000000e+00
-1.184808586048419166e+01 4.982084626376664716e+00 0.000000000000000000e+00
-7.383905997028176849e+00 -1.686413720211937672e+01 0.000000000000000000e+00
-9.711014541602256855e+00 8.625361502710269690e+00 0.000000000000000000e+00
-6.342348007208759242e+00 5.843881374848995058e+00 0.000000000000000000e+00
-2.782094158201488643e+00 1.374186006323815867e+01 0.000000000000000000e+00
-4.853645248325143963e-02 1.657912879327322386e+01 0.000000000000000000e+00
1.482868199424758116e+00 -1.041823658232771399e-01 0.000000000000000000e+00
5.435594561216896992e+00 1.772435952323654007e+01 0.000000000000000000e+00
8.985540238238021615e+00 -9.862520821198847543e+00 0.000000000000000000e+00
-5.751864822992548004e-02 -8.854854002524181311e+00 0.000000000000000000e+00
-1.773840769059344424e+01 -5.820586299678224940e+00 0.000000000000000000e+00
-9.085933780407255966e+00 -5.426481614941382148e+00 0.000000000000000000e+00
8.893010760108451151e+00 4.712560932269828307e+00 0.000000000000000000e+00
2.584150328834421195e+00 -1.066335793859261649e+01 0.000000000000000000e+00
1.437947273235808510e+01 1.229178816643377381e+01 0.000000000000000000e+00
-2.766856683705264164e+00 5.420987353691963051e+00 0.000000000000000000e+00
8.539720323698755777e+00 1.512539554477941195e+01 0.000000000000000000e+00
1.231337122203450640e+01 -1.411159830056987730e+01 0.000000000000000000e+00
1.053393913806613402e-01 1.123305463111186420e+01 0.000000000000000000e+00
8.515576896159243958e+00 3.201600659061734078e+00 0.000000000000000000e+00
8.239119786451077232e+00 -2.787350750884041162e+00 0.000000000000000000e+00
-3.211513613806325385e+00 8.500169510817203289e+00 0.000000000000000000e+00
5.772839428541757023e+00 -1.509917689025601106e+01 0.000000000000000000e+00
-7.621972753288564384e+00 -3.864603404486235405e+00 0.000000000000000000e+00
-8.136879291478999576e+00 -1.201509247972458994e+01 0.000000000000000000e+00
1.193243015828012510e+01 6.090416679932030064e+00 0.000000000000000000e+00
-6.710841732445779861e+00 -9.251373378141087400e+00 0.000000000000000000e+00
-5.881740146850559015e+00 9.994040459077284666e+00 0.000000000000000000e+00
-1.124684998711558137e+01 6.827198925055800949e+00 0.000000000000000000e+00
-1.014176781546247952e+01 1.581701110646892516e+01 0.000000000000000000e+00
-2.265986319296584117e+00 1.799100149987432617e+00 0.000000000000000000e+00
-1.463565568162471919e+01 -8.854527362576339655e+00 0.000000000000000000e+00
-4.627255591518129485e+00 1.677324917968434548e+01 0.000000000000000000e+00
-7.761408687313663179e+00 1.125857297774372157e+01 0.000000000000000000e+00
-2.666302809874783630e+00 -3.199681076210067587e+00 0.000000000000000000e+00
1.830512797623724452e+01 1.363713821552183347e+00 0.000000000000000000e+00
-1.048200666096544431e+01 -6.114597906646208614e+00 0.000000000000000000e+00
-1.902471232863596207e+00 1.774843882434592146e+01 0.000000000000000000e+00
-1.102785869156895160e+01 1.883797719374314186e-02 0.000000000000000000e+00
1.275471507114509961e+01 1.194118115886882769e+01 0.000000000000000000e+00
8.222129568453517834e+00 -1.364581144048666772e+01 0.000000000000000000e+00
1.294724031295696243e+01 1.386186018287456001e+01 0.000000000000000000e+00
1.424355923270264945e+01 1.077527634724872563e+01 0.000000000000000000e+00
1.429100301826687458e+00 -8.327599764008343897e+00 0.000000000000000000e+00
-1.730864731149635460e+01 7.249806124206322977e+00 0.000000000000000000e+00
-1.435873323679158631e+01 6.629150735154040852e+00 0.000000000000000000e+00
1.017323862454742489e+01 9.426309502660744855e+00 0.000000000000000000e+00
-3.455406772021595019e-02 7.562318584902217644e+00 0.000000000000000000e+00
-5.977267330218813512e+00 -1.610824391429709834e+01 0.000000000000000000e+00
8.584832889773174713e+00 -5.834030182836623446e+00 0.000000000000000000e+00
-1.339774467955958137e+01 -9.054081892065650727e-01 0.000000000000000000e+00
6.800938391354800494e+00 -5.550352356587012537e+00 0.000000000000000000e+00
-3.750583944340221354e+00 -6.405621692412829304e+00 0.000000000000000000e+00
8.084496745170591581e+00 -8.125689325321355128e+00 0.000000000000000000e+00
1.700856642325430546e+00 -6.011221735848766734e+00 0.000000000000000000e+00
-1.841900017963522274e+01 -2.112964541326121992e+00 0.000000000000000000e+00
-4.968308657148425844e+00 -1.324201582576848946e+00 0.000000000000000000e+00
9.192120071078493382e+00 -1.483693897705503417e+00 0.000000000000000000e+00
4.043918264458822520e+00 -1.598430952172975239e+01 0.000000000000000000e+00
1.770135453557730898e+01 -5.085333358035422968e+00 0.000000000000000000e+00
-2.961675577811679894e+00 -1.423607102661635260e+01 0.000000000000000000e+00
7.017459581606648733e+00 -7.062328921849142738e+00 0.000000000000000000e+00
1.620815040836500387e+01 -8.379945021419192841e+00 0.000000000000000000e+00
1.046492935454822160e+01 -5.319309562549582537e+00 0.000000000000000000e+00
5.789193784197769865e+00 -1.327119351814425030e-01 0.000000000000000000e+00
7.174959559425824196e+00 1.069724155023696710e+01 0.000000000000000000e+00
1.367575186162774514e+01 -5.725190281069405529e+00 0.000000000000000000e+00
9.359781873153165677e+00 -1.206054345863000243e+01 0.000000000000000000e+00
6.130930024629057229e+00 2.493642019474776816e+00 0.000000000000000000e+00
-2.224741383270910866e+00 1.612688116267168326e+01 0.000000000000000000e+00
-1.236066316283503941e+00 -1.583179734606511069e+01 0.000000000000000000e+00
5.215057832236795754e+00 -1.171535656496337019e+01 0.000000000000000000e+00
-7.027773949400027753e+00 -7.652763893469365364e+00 0.000000000000000000e+00
5.159904081896637962e+00 7.425356100763024436e+00 0.000000000000000000e+00
1.012611652606494239e+01 7.644067180930300687e+00 0.000000000000000000e+00
-9.141973339555228506e+00 -2.243573715234750576e+00 0.000000000000000000e+00
-1.749586027755798412e+01 -4.079229300853025819e+00 0.000000000000000000e+00
5.231768245934685702e+00 1.542341788343856734e+01 0.000000000000000000e+00
1.567955934987153466e+00 9.020026535148645053e+00 0.000000000000000000e+00
4.879382371841376020e+00 1.272794268467425560e+01 0.000000000000000000e+00
-4.492001179122969035e+00 1.452782773091135304e+01 0.000000000000000000e+00
1.789084133045565350e+00 1.164096616623715086e+01 0.000000000000000000e+00
-1.254749984074962654e+01 7.862131775176346871e+00 0.000000000000000000e+00
1.446562089712376675e+01 -1.147624977648557909e+01 0.000000000000000000e+00
-5.902937201238763087e+00 -1.437876663575034542e+01 0.000000000000000000e+00
-7.906850786170608991e+00 9.056054683801905369e+00 0.000000000000000000e+00
8.175548509366889149e+00 1.255497974633730429e+01 0.000000000000000000e+00
-1.644295538222262154e+00 -6.139536281588286570e+00 0.000000000000000000e+00
3.550225002546861131e+00 1.095101213786478844e+01 0.000000000000000000e+00
-8.627120988563103055e+00 7.180019509159500046e+00 0.000000000000000000e+00
-1.726999070435624839e+00 -8.387874020153558874e+00 0.000000000000000000e+00
-2.865555618514263325e-01 -4.646475188482643404e+00 0.000000000000000000e+00
1.037177075786768476e+01 1.954887363622592300e+00 0.000000000000000000e+00
-6.198156157492246798e+00 4.082748182884625265e+00 0.000000000000000000e+00
-1.134724216343788950e+00 -1.404472999569775560e+01 0.000000000000000000e+00
-1.773555158126211140e+01 3.153999033185331147e+00 0.000000000000000000e+00
1.889438436212344286e+01 -9.901367715777007472e-01 0.000000000000000000e+00
1.568000178018323254e+01 1.733762150581734884e+00 0.000000000000000000e+00
1.389014124699228780e+01 2.200300765465129427e+00 0.000000000000000000e+00
4.515459565053687285e+00 -6.020794626046030551e+00 0.000000000000000000e+00
1.348042726690005289e+01 5.729392246612608375e+00 0.000000000000000000e+00
1.581976769009749617e+01 -2.950708117531017916e+00 0.000000000000000000e+00
1.137171514170290010e+01 -7.195075091570268810e+00 0.000000000000000000e+00
-5.152937523513791085e+00 2.334373791165278433e-01 0.000000000000000000e+00
6.523470442375172595e+00 4.975582576119984779e+00 0.000000000000000000e+00
1.801040145485876920e+01 5.170469340955294868e+00 0.000000000000000000e+00
-5.881712350157195957e+00 2.412295334301302052e+00 0.000000000000000000e+00
-1.958265346087115111e+00 -1.716324091137748198e+01 0.000000000000000000e+00
1.497841230460353223e+00 -3.645597940306585460e+00 0.000000000000000000e+00
3.825308773484605851e+00 3.306091641137276493e-01 0.000000000000000000e+00
-1.051380199687478267e+01 1.245589487702096676e+01 0.000000000000000000e+00
-1.395329496785416445e+01 -1.246831860257720059e+01 0.000000000000000000e+00
-1.458385348406959814e+01 1.902218953314128047e+00 0.000000000000000000e+00
1.364250634487436287e+01 9.227844729362198350e+00 0.000000000000000000e+00
-4.501024027568699681e-01 5.776244004694986778e+00 0.000000000000000000e+00
2.430912673951518332e+00 1.664232958662086315e+00 0.000000000000000000e+00
3.869139071793126661e+00 3.355455210337563887e+00 0.000000000000000000e+00
-1.527898809681569325e+00 8.880568765581905666e+00 0.000000000000000000e+00
1.319069447432532804e+01 -4.186301614596437126e+00 0.000000000000000000e+00
8.525584654085685443e+00 -1.681786186273086869e+01 0.000000000000000000e+00
-1.059682287056207528e+01 -3.879393326786226392e+00 0.000000000000000000e+00
4.079716233995876351e+00 1.640310830538896525e+01 0.000000000000000000e+00
1.362685278827125579e+01 -1.345061298191941201e+00 0.000000000000000000e+00
-1.935404146008829596e+00 -1.518793474233152807e+00 0.000000000000000000e+00
1.643024586145195798e+01 4.323809300643159936e+00 0.000000000000000000e+00
-1.201143498004307020e+01 -1.296969475340024758e+01 0.000000000000000000e+00
1.381593485249550390e+01 -1.298956502820577086e+01 0.000000000000000000e+00
-8.521482097486359208e+00 -1.583442292805702090e-01 0.000000000000000000e+00
-5.855591019730337798e+00 1.258556187409066496e+01 0.000000000000000000e+00
-5.507401658939564015e+00 -8.218445847542904303e+00 0.000000000000000000e+00
-3.246192327111098452e-02 -1.779375873067209923e+01 0.000000000000000000e+00
2.271914909329585619e+00 -1.654679717001904393e+01 0.000000000000000000e+00
-1.426179019771755740e+01 8.680872255280897676e+00 0.000000000000000000e+00
3.447720456249724119e+00 1.403664978971013255e+01 0.000000000000000000e+00
-4.643482391310020496e+00 -4.569973761867044182e+00 0.000000000000000000e+00
9.994020335211621031e+00 -1.412359288408609359e+01 0.000000000000000000e+00
-1.348807409088897202e+01 1.308916180723775113e+01 0.000000000000000000e+00
1.049009038387952231e+01 -3.145771573329085857e+00 0.000000000000000000e+00
-1.621411937055248131e+01 -9.044921534108194550e+00 0.000000000000000000e+00
9.996695707967331757e+00 5.868831984957642689e+00 0.000000000000000000e+00
6.724584459457768837e+00 1.497051078584441797e+01 0.000000000000000000e+00
7.451859365518874512e+00 -9.823876772455472306e+00 0.000000000000000000e+00
1.174262121638636458e+01 -1.086780432564667542e+01 0.000000000000000000e+00
4.964699370297045888e+00 1.519215570445656915e+00 0.000000000000000000e+00
-8.970612943412033857e+00 -9.050448017613394569e+00 0.000000000000000000e+00
5.659459940295890945e+00 -1.336541169699044751e+01 0.000000000000000000e+00
-2.946052703026961428e+00 -1.067397255897345332e+01 0.000000000000000000e+00
2.882667495041685513e+00 7.833279522864789790e+00 0.000000000000000000e+00
-1.222919906983491956e+01 -2.032689011412173841e+00 0.000000000000000000e+00
1.116723323021755654e+01 -1.313674295149854210e+01 0.000000000000000000e+00
-4.161420407925388254e+00 1.061850455316934649e+01 0.000000000000000000e+00
2.425477443414309153e+00 -1.809471445114553489e+01 0.000000000000000000e+00
4.940115489715826591e+00 -1.020989820852940966e+01 0.000000000000000000e+00
-1.325815512965861132e+01 -1.054525304150845422e+01 0.000000000000000000e+00
-1.733282561183780157e-01 -6.831199714536212220e+00 0.000000000000000000e+00
1.183652966081858970e+01 -8.917180068324732645e+00 0.000000000000000000e+00
1.545592353435891297e+00 -1.726856724683073274e+00 0.000000000000000000e+00
-1.480066190574496865e+01 -3.186818512566286787e-01 0.000000000000000000e+00
-1.671999987571158286e+01 -6.962523825020013213e+00 0.000000000000000000e+00
1.229044702835821745e+01 -2.776446481243922459e+00 0.000000000000000000e+00
-9.708665033968886249e+00 3.798227505488751987e+00 0.000000000000000000e+00
-1.186375226658579152e+01 -7.406244380434643837e+00 0.000000000000000000e+00
7.117426386735519195e+00 6.626684789070763637e-01 0.000000000000000000e+00
8.734881295993824679e+00 3.069135383752326085e-01 0.000000000000000000e+00
-1.942461144621647984e+00 6.811124443818887819e+00 0.000000000000000000e+00
7.585140774267741248e-01 1.274904261939584948e+00 0.000000000000000000e+00
1.034971368854760243e+01 1.423025606785568797e+01 0.000000000000000000e+00
-1.594125665075940290e+01 3.441659811888638121e+00 0.000000000000000000e+00
-1.473316462653261993e+01 -5.864752464025024814e+00 0.000000000000000000e+00
-6.480375350248654520e+00 -2.489134976352914475e+00 0.000000000000000000e+00
1.336316199529024118e+01 -7.711440740294228213e+00 0.000000000000000000e+00
-1.544839682658661495e+01 1.072844891169910397e+01 0.000000000000000000e+00
1.554127887691143428e+01 -6.126871133555578552e+00 0.000000000000000000e+00
-1.639827305642803168e+01 8.964115632206517859e+00 0.000000000000000000e+00
-8.110390638404075814e-01 6.775347551211440278e-01 0.000000000000000000e+00
-8.755937749181647689e+00 1.275044058818335557e+01 0.000000000000000000e+00
-6.186263984326745735e+00 1.594778389248487116e+01 0.000000000000000000e+00
-3.740421990870799185e+00 -8.871896754209849689e+00 0.000000000000000000e+00
4.546016151553176066e+00 -1.670275950869697379e+00 0.000000000000000000e+00
-4.915400864328352881e+00 8.816679720085319971e+00 0.000000000000000000e+00
4.619073781407029955e+00 -1.830962846248510090e+01 0.000000000000000000e+00
-3.490261326974517075e+00 -1.735075436223612755e+01 0.000000000000000000e+00
1.723613029743165370e+01 2.455431670058697335e+00 0.000000000000000000e+00
5.287187926903732738e+00 1.079977978044300002e+01 0.000000000000000000e+00
6.639080706297021628e+00 -1.751589252232960092e+01 0.000000000000000000e+00
1.046475966595824758e+01 3.532214442883425676e-01 0.000000000000000000e+00
-1.494734380666121609e+01 5.109094145014497990e+00 0.000000000000000000e+00
6.812318325692336973e-01 -1.171581515443157429e+01 0.000000000000000000e+00
5.898055142072981205e+00 9.034337629470098108e+00 0.000000000000000000e+00
-1.237848575831434950e+01 1.577234078636031267e+00 0.000000000000000000e+00
1.667775187537594128e+00 6.925143413875574971e+00 0.000000000000000000e+00
1.769761552747535660e+01 -3.426973090921498155e+00 0.000000000000000000e+00
-6.000371452049967580e+00 -1.073834117184772552e+01 0.000000000000000000e+00
1.239305735394510055e+00 1.830296522627449107e+01 0.000000000000000000e+00
-7.502039742137608158e+00 -5.996297369094662599e+00 0.000000000000000000e+00
-1.063776513738748974e+01 1.038630664874877851e+01 0.000000000000000000e+00
-8.316564746103896510e+00 3.040441108867609099e+00 0.000000000000000000e+00
-3.917549559365292033e+00 -1.556548395200280588e+01 0.000000000000000000e+00
1.728158638999743957e+01 6.596376039792866131e+00 0.000000000000000000e+00
7.651630233074746990e+00 -4.213057590507359507e+00 0.000000000000000000e+00
