-4.608589905638446282e+00 1.368597394211670526e+01 0.000000000000000000e+00
9.836790390198023815e+00 -2.626884320729938604e+00 0.000000000000000000e+00
-1.247068690364576860e+01 -5.861706598999827378e+00 0.000000000000000000e+00
-6.470421205944763443e+00 2.742443958030259310e+00 0.000000000000000000e+00
-9.634181939754236979e+00 -3.949023249271494951e+00 0.000000000000000000e+00
3.927157937255685738e+00 -1.553159757064530844e+01 0.000000000000000000e+00
-1.502374313814403806e+01 5.185553799840054268e+00 0.000000000000000000e+00
-1.314252599198653293e+01 1.053980539045863374e+01 0.000000000000000000e+00
-5.600625543575367793e+00 -1.291582505550737103e+01 0.000000000000000000e+00
-5.761226311227633623e+00 -8.791956906046006992e+00 0.000000000000000000e+00
4.195422359625653463e-01 -4.566369991777452064e+00 0.000000000000000000e+00
-1.528233814750698727e+01 8.415081580362359759e+00 0.000000000000000000e+00
9.036254161471605428e+00 -9.432670701102951583e+00 0.000000000000000000e+00
-1.745406429493101319e+00 5.003930072629227510e+00 0.000000000000000000e+00
3.336423644430670077e+00 4.346722132478248568e+00 0.000000000000000000e+00
3.023904724723175619e+00 1.171021085958284225e+01 0.000000000000000000e+00
-7.162191337030176186e+00 -1.329071342564760894e+00 0.000000000000000000e+00
-4.634414708985302944e+00 5.688536404381530964e+00 0.000000000000000000e+00
-8.266448099036496799e+00 -1.390220373486405236e+01 0.000000000000000000e+00
-1.048443140940992535e+01 1.278055485507363365e+01 0.000000000000000000e+00
-6.704795208256853378e+00 -4.844406930206742956e+00 0.000000000000000000e+00
5.389727386817873445e+00 -1.216565891076326844e+00 0.000000000000000000e+00
1.239741695699034096e+01 1.956539337864350303e-01 0.000000000000000000e+00
-4.371376318646117975e-01 1.660919228798335823e+01 0.000000000000000000e+00
-5.135328046970898619e+00 7.695218556495875717e+00 0.000000000000000000e+00
-1.204826957940187349e+00 8.014695775972288772e+00 0.000000000000000000e+00
1.672228591526516928e+00 -1.645210388111329181e+01 0.000000000000000000e+00
4.693223957853474460e+00 5.817684163818468868e+00 0.000000000000000000e+00
1.190744061869904691e+01 8.137834602528524641e+00 0.000000000000000000e+00
-1.280872306515642123e+01 2.690476866192665351e-01 0.000000000000000000e+00
6.520356104148056886e+00 1.574655858888595328e-01 0.000000000000000000e+00
7.818480451668111009e+00 -1.160261535887747542e+01 0.000000000000000000e+00
-1.088372846174819308e+01 -1.036950309518229574e+01 0.000000000000000000e+00
-1.933603960080726214e+00 -3.626857113814865308e+00 0.000000000000000000e+00
-3.863853985920704392e+00 9.587340120625041706e+00 0.000000000000000000e+00
2.336140150620794387e+00 -1.035834499734153802e+01 0.000000000000000000e+00
8.721423807775543935e+00 6.826519986106934113e+00 0.000000000000000000e+00
1.118009561574531396e+01 4.789760630528530960e+00 0.000000000000000000e+00
-7.655918724960155686e+00 -6.665602394239405371e+00 0.000000000000000000e+00
-1.362959112889507729e+01 -3.572423572832843508e+00 0.000000000000000000e+00
-1.160501955427326770e+01 1.030144340610642928e+01 0.000000000000000000e+00
1.352001446373383331e+01 -8.686040712021538823e+00 0.000000000000000000e+00
7.975526455560389749e+00 -6.102416942384357057e+00 0.000000000000000000e+00
1.007849024491475376e+01 -7.926222376927142044e+00 0.000000000000000000e+00
9.595315968904397641e-01 1.480240783826702078e+01 0.000000000000000000e+00
-1.960841775521674935e+00 1.561613677722112037e+01 0.000000000000000000e+00
2.884974875180816856e+00 -1.299831338949124415e+01 0.000000000000000000e+00
-1.404348951711759419e+01 4.025340242845365069e+00 0.000000000000000000e+00
-6.224152477849424159e+00 9.482175824973799294e+00 0.000000000000000000e+00
-9.656736630586609138e+00 5.035687373668408462e+00 0.000000000000000000e+00
1.078524561694865547e+01 -9.711954940613075848e+00 0.000000000000000000e+00
-1.328876228835149576e+01 2.116479978869558298e+00 0.000000000000000000e+00
6.390647071806223600e-01 8.248901542374287743e+00 0.000000000000000000e+00
-9.524374433116591376e+00 2.070356980720915896e+00 0.000000000000000000e+00
-3.619189259074278908e+00 -1.466844485715964197e+01 0.000000000000000000e+00
-3.083971868393510007e+00 3.989112194458970251e+00 0.000000000000000000e+00
1.432250553585634911e+01 5.085293450099226398e+00 0.000000000000000000e+00
-7.801120266565285455e+00 3.800504526218209111e+00 0.000000000000000000e+00
1.677321646480610084e+01 9.862717446077912120e-01 0.000000000000000000e+00
6.479300349343787957e+00 4.458737930467064459e+00 0.000000000000000000e+00
1.027399188077794534e+01 -1.219910647639934709e+01 0.000000000000000000e+00
1.411238572827497251e+01 3.044138261186784433e+00 0.000000000000000000e+00
3.669161684986120164e+00 8.259691578396325395e-01 0.000000000000000000e+00
-6.267669685137629898e+00 1.330715900362219983e+01 0.000000000000000000e+00
-1.009517116788050473e+01 -1.180856152296132677e+01 0.000000000000000000e+00
9.500544322011286624e+00 5.056450054281848239e+00 0.000000000000000000e+00
1.170669575357952219e+01 -2.041812567846453152e+00 0.000000000000000000e+00
3.755696119766911423e-01 3.877842744944739461e+00 0.000000000000000000e+00
-1.244369824050984796e+01 8.556707495101923300e+00 0.000000000000000000e+00
-1.137930837417305874e+01 -2.282104523999442858e+00 0.000000000000000000e+00
2.400891704743669752e+00 -9.885208017591032847e-01 0.000000000000000000e+00
-8.569439379665000800e+00 1.438160868246291280e+01 0.000000000000000000e+00
6.354798151117481808e+00 -4.319322431873751533e+00 0.000000000000000000e+00
7.078218983735470538e+00 9.496139627701193575e+00 0.000000000000000000e+00
5.655270699816520974e+00 -1.382534929231312582e+01 0.000000000000000000e+00
8.390315741401362937e-01 -9.713619944164962661e+00 0.000000000000000000e+00
1.061288233309385198e+01 1.274626036825081243e+01 0.000000000000000000e+00
1.678471696180813666e+01 3.446928197411510464e+00 0.000000000000000000e+00
1.476360667560865281e+01 7.235333713178547121e+00 0.000000000000000000e+00
6.284680414969860074e+00 -9.255368646759007945e+00 0.000000000000000000e+00
1.100331282444702730e+01 -4.027962254734918091e+00 0.000000000000000000e+00
-4.748116646865586432e+00 -2.676971140321669385e+00 0.000000000000000000e+00
6.733684317984914180e+00 2.103948031494907056e+00 0.000000000000000000e+00
1.178474428494565274e+01 1.052855127631950261e+01 0.000000000000000000e+00
-7.049046964497091672e+00 7.749150783700038403e+00 0.000000000000000000e+00
-8.260390473718160820e+00 8.924384412032456027e+00 0.000000000000000000e+00
1.175747791719867585e+01 -1.287259108106909622e+01 0.000000000000000000e+00
4.654174656676621780e+00 -4.587444977047183237e+00 0.000000000000000000e+00
-7.447864877979546883e+00 -3.113478023602807010e+00 0.000000000000000000e+00
1.005571691529427270e+01 2.552775309230733036e+00 0.000000000000000000e+00
-9.960795100300556371e+00 -4.664682091110205486e-01 0.000000000000000000e+00
-1.099431621411197924e+01 6.659162405482454972e+00 0.000000000000000000e+00
7.746831615104041724e+00 1.214853591268204269e+01 0.000000000000000000e+00
7.556747814062020341e-01 1.788254076497835188e+00 0.000000000000000000e+00
-1.705445125217526670e+00 9.625444342268886899e+00 0.000000000000000000e+00
-1.557431462412427159e+01 3.672985726220944436e+00 0.000000000000000000e+00
-1.575211199586635935e+01 6.789305377188445512e+00 0.000000000000000000e+00
-4.023790562943959870e+00 -5.744490374433127711e-01 0.000000000000000000e+00
2.555971034637402717e+00 -5.181929858072588324e+00 0.000000000000000000e+00
-3.979416428548587792e+00 2.182264648685376507e+00 0.000000000000000000e+00
-1.284933164761840985e+01 -1.120278949460654694e+01 0.000000000000000000e+00
4.110279385908494731e+00 1.396904601420099290e+01 0.000000000000000000e+00
-1.655718783277424322e+01 -5.022973094045395825e+00 0.000000000000000000e+00
1.357964059936706036e+01 -6.470019833041198432e+00 0.000000000000000000e+00
-4.126952137117326558e+00 1.173103576983728402e+01 0.000000000000000000e+00
4.989524907456725167e+00 2.459154428269781256e+00 0.000000000000000000e+00
-1.071380970673857824e+01 -5.216832230874034693e+00 0.000000000000000000e+00
-1.478301953902691857e+01 -2.198615730356687337e+00 0.000000000000000000e+00
1.576485597887879786e+00 6.007324123562329810e+00 0.000000000000000000e+00
-3.844860402279725031e-01 -1.701415557989458094e+01 0.000000000000000000e+00
4.239729856446933232e-01 -6.547992149227503056e+00 0.000000000000000000e+00
-4.645665264162718522e+00 -5.709480002178461078e+00 0.000000000000000000e+00
-2.734375988587263162e+00 -8.935041553504822431e+00 0.000000000000000000e+00
1.584064623270139549e+01 -5.854636319540372114e+00 0.000000000000000000e+00
-6.527987478319491998e+00 -1.171061727881992987e+01 0.000000000000000000e+00
-1.363542184772922994e+01 -9.415234325091210721e+00 0.000000000000000000e+00
-2.801198120529202029e+00 -6.568823237669937143e+00 0.000000000000000000e+00
8.352370228292244292e+00 1.221519912075494929e+00 0.000000000000000000e+00
1.379571458115590765e+01 -2.208364400304963393e+00 0.000000000000000000e+00
-1.226218855124806595e+01 4.198876663699643075e+00 0.000000000000000000e+00
-9.851841570503369283e+00 8.696519065442368301e+00 0.000000000000000000e+00
2.691067761460908536e-01 1.125109414867692514e+01 0.000000000000000000e+00
-1.577989286808048774e+01 -7.040758679358114946e+00 0.000000000000000000e+00
1.676333604797755328e+01 -2.692697405426883517e+00 0.000000000000000000e+00
1.404229094209203588e+01 1.260719735258199137e+00 0.000000000000000000e+00
-1.173494660331845907e+00 -1.486363600824177844e+01 0.000000000000000000e+00
-5.887457781740830676e+00 -7.176199024383199010e+00 0.000000000000000000e+00
5.041227697811448749e+00 -7.477364212683246691e+00 0.000000000000000000e+00
-1.575023068977283103e+01 2.179546409318054323e+00 0.000000000000000000e+00
9.124489091363660265e+00 -1.113322523349043802e+00 0.000000000000000000e+00
-7.363542940696468975e+00 5.358122872510423740e+00 0.000000000000000000e+00
1.188379536568809680e+00 -2.713728457029429109e+00 0.000000000000000000e+00
1.434878187431580443e+01 9.825792271479738105e+00 0.000000000000000000e+00
1.077817853353382205e+01 -1.836374171041457448e-01 0.000000000000000000e+00
-1.152618108942218278e+01 -1.232577201524216370e+01 0.000000000000000000e+00
-1.144697795559469045e+00 -5.744541430783034031e+00 0.000000000000000000e+00
9.207250228808579351e+00 1.403590212364381173e+01 0.000000000000000000e+00
-8.224352421422739923e+00 -1.030917618422212456e+01 0.000000000000000000e+00
-9.113894157453483302e+00 -8.083023964426194752e+00 0.000000000000000000e+00
-1.114451412921967766e+01 1.722559374180234304e+00 0.000000000000000000e+00
2.170614555084781294e+00 9.739124858216779757e+00 0.000000000000000000e+00
2.801871706150292241e+00 7.142351400847992693e+00 0.000000000000000000e+00
-1.594586383351266790e+00 -9.876435282696863771e-01 0.000000000000000000e+00
-8.230147346470396030e+00 1.070440338743839881e+01 0.000000000000000000e+00
1.132700930839151532e+01 -7.002929031786280234e+00 0.000000000000000000e+00
7.635017976751783841e+00 1.526545332283984813e+01 0.000000000000000000e+00
4.698999080253277505e+00 -2.809715080521994146e+00 0.000000000000000000e+00
5.730554181750929565e+00 1.306689474079247049e+01 0.000000000000000000e+00
-8.959396864182815889e+00 1.235140977687768959e+01 0.000000000000000000e+00
5.995233152850228286e+00 -1.215523126901925188e+01 0.000000000000000000e+00
-2.264615394270363069e+00 1.723095830995626088e+01 0.000000000000000000e+00
-7.480312388203903540e-01 -2.449340640152578796e+00 0.000000000000000000e+00
-1.788431664563851164e+00 1.832293815091963207e+00 0.000000000000000000e+00
-2.874123658819572213e+00 -1.180075666973196746e+01 0.000000000000000000e+00
-1.239308672446659010e+01 1.223996286213015061e+01 0.000000000000000000e+00
-1.653429253320556214e+01 7.208438823121937622e-01 0.000000000000000000e+00
8.163725094642588331e+00 -2.756252253277291508e+00 0.000000000000000000e+00
3.036699985202994778e+00 -3.381530322553971679e+00 0.000000000000000000e+00
-5.875307539946390101e+00 1.604485399532740075e+01 0.000000000000000000e+00
4.879564398868980746e+00 1.589224026319086747e+01 0.000000000000000000e+00
-6.108874813749753940e+00 1.127142173815584059e+01 0.000000000000000000e+00
9.615153422492122459e+00 8.867606304596179712e+00 0.000000000000000000e+00
1.104315366038311552e+01 6.637269155557888212e+00 0.000000000000000000e+00
1.401300279564539331e+01 -4.990808407218866094e+00 0.000000000000000000e+00
-2.092781961789011103e+00 1.352181649957244503e+01 0.000000000000000000e+00
1.272941932714477353e+01 4.175908297029341298e+00 0.000000000000000000e+00
1.244437108991777308e+01 -4.683826090660790697e+00 0.000000000000000000e+00
-1.708928290076956102e+01 -9.496759174497295675e-01 0.000000000000000000e+00
1.503059994985255221e+00 4.218121632191659254e-01 0.000000000000000000e+00
3.357509182166693584e+00 -8.521861415567830278e+00 0.000000000000000000e+00
-9.637215800858167647e-01 -9.244664502966985609e+00 0.000000000000000000e+00
7.602647167606816581e+00 -7.858897302787447359e+00 0.000000000000000000e+00
1.292753680421857609e+01 6.326071650452611550e+00 0.000000000000000000e+00
7.902648250166796728e+00 -1.397976959913767381e+01 0.000000000000000000e+00
5.208351405790772937e+00 1.035259207068607701e+01 0.000000000000000000e+00
-7.658116333556361788e+00 1.257479385435405383e+00 0.000000000000000000e+00
6.551132876047272902e+00 6.514238272849619982e+00 0.000000000000000000e+00
-3.743415441019537937e+00 1.561126667750510322e+01 0.000000000000000000e+00
6.312584241905820903e+00 8.080504269666308303e+00 0.000000000000000000e+00
-5.828198287097050567e-01 -7.710033880798148331e+00 0.000000000000000000e+00
-6.925917358787463840e+00 -1.470376675461978166e+01 0.000000000000000000e+00
-4.377014724068989615e+00 -7.417112036102422756e+00 0.000000000000000000e+00
-2.624229189097490700e+00 7.290016459306817964e+00 0.000000000000000000e+00
1.531647559216728638e+01 -3.865973989314575032e+00 0.000000000000000000e+00
-2.549849830690936958e+00 -1.588580934935066580e+01 0.000000000000000000e+00
-5.144712774824811596e+00 3.998936907708178889e+00 0.000000000000000000e+00
4.687089909305626634e+00 -9.493804026125832962e+00 0.000000000000000000e+00
4.413515046793146546e+00 9.062865443714199998e+00 0.000000000000000000e+00
9.799239788092442893e+00 -1.431737624152902200e+01 0.000000000000000000e+00
1.443304957699610869e+00 -1.413388685133165268e+01 0.000000000000000000e+00
-1.451682454415820978e+01 -8.032374860292463836e+00 0.000000000000000000e+00
2.298592451767517364e+00 1.575834686429102049e+01 0.000000000000000000e+00
-1.291447395881928806e+01 5.709985316200597794e+00 0.000000000000000000e+00
-1.082777525537403385e+01 -8.815605521116435028e+00 0.000000000000000000e+00
-7.029672273106628566e-01 -1.224179623252243587e+01 0.000000000000000000e+00
-1.294936640527398808e+01 -8.017731740349981706e+00 0.000000000000000000e+00
-8.906896056199979483e+00 7.358660056560820450e+00 0.000000000000000000e+00
1.019074872634845441e+01 -5.303970619927932617e+00 0.000000000000000000e+00
-8.004787306725918983e-01 5.204374238660510743e-01 0.000000000000000000e+00
-3.032793459059754060e+00 8.814681230843740556e-01 0.000000000000000000e+00
1.287367662658222223e+01 -1.139567580188559326e+01 0.000000000000000000e+00
-1.535755361683172104e+01 -3.633375679004831937e+00 0.000000000000000000e+00
7.213389334916634255e+00 1.375541356065932419e+01 0.000000000000000000e+00
-1.031686290144550178e+01 -7.114252235376048006e+00 0.000000000000000000e+00
4.899673305815973379e+00 7.478805425518872063e+00 0.000000000000000000e+00
-9.384857334752264579e-01 6.394715378159427921e+00 0.000000000000000000e+00
1.601892953961835175e+01 6.050562460395960684e+00 0.000000000000000000e+00
-1.775619360654173917e+00 1.174884370338528505e+01 0.000000000000000000e+00
6.477543654518381544e+00 -6.517709899090324832e+00 0.000000000000000000e+00
-1.523433198067389149e+01 -5.965268436678687891e-01 0.000000000000000000e+00
1.537207967050736634e+01 -8.357198209433306602e+00 0.000000000000000000e+00
-1.094786473529407367e+01 3.357318870108848330e+00 0.000000000000000000e+00
8.868940501981317226e+00 -1.275751958066755343e+01 0.000000000000000000e+00
-1.444461517783630278e+01 -5.690316295846824524e+00 0.000000000000000000e+00
-1.626999629550724524e+00 -1.072330050107862576e+01 0.000000000000000000e+00
7.862081155604517813e-01 -1.086282914302381108e+00 0.000000000000000000e+00
3.062024633585954447e+00 -7.027637448875624138e+00 0.000000000000000000e+00
-1.060163891247070644e+01 -1.357296959928894253e+01 0.000000000000000000e+00
-5.344829462534533837e-01 2.656796113382109858e+00 0.000000000000000000e+00
1.529203932556096657e+00 1.334878495224919348e+01 0.000000000000000000e+00
9.856930517325292129e+00 1.066215754515707914e+01 0.000000000000000000e+00
8.076507285250793089e+00 3.031243857617016868e+00 0.000000000000000000e+00
-3.003985758011737506e+00 -4.808596858386393613e+00 0.000000000000000000e+00
1.419572430132401486e+01 -7.225500554956527655e-01 0.000000000000000000e+00
5.770756458873423256e+00 -1.556579682045409463e+01 0.000000000000000000e+00
1.550482170233266066e+00 1.708166926372452110e+01 0.000000000000000000e+00
-3.108385330306007166e+00 5.741575198758940957e+00 0.000000000000000000e+00
-5.448641780276962443e+00 -1.653566762214567021e+01 0.000000000000000000e+00
-7.433849553903047358e+00 -8.456725010620710137e+00 0.000000000000000000e+00
-1.293658703827199652e+01 -1.823953994285647529e+00 0.000000000000000000e+00
5.609339032338741537e-01 -1.120298767159220965e+01 0.000000000000000000e+00
1.017092227466740023e-01 1.283067741232070702e+01 0.000000000000000000e+00
2.336132302157501339e+00 1.850450631637543975e+00 0.000000000000000000e+00
-1.385503341941724820e+01 9.099755549316563830e+00 0.000000000000000000e+00
-1.655750165841270061e+01 -2.681926837959816012e+00 0.000000000000000000e+00
4.248759964917717014e+00 -1.231292377049191877e+01 0.000000000000000000e+00
1.735256005638397170e+01 -9.044983777979718198e-01 0.000000000000000000e+00
1.572818814213016658e+01 -1.491119773432156403e+00 0.000000000000000000e+00
6.596686157205599699e+00 -2.131633519154044532e+00 0.000000000000000000e+00
1.229659352355980850e+01 2.516481999549120552e+00 0.000000000000000000e+00
-4.110641388543027297e+00 -1.315771603324189165e+01 0.000000000000000000e+00
1.308013240894643658e+01 1.158846235826299953e+01 0.000000000000000000e+00
-5.781222402271696481e+00 9.225988742179389579e-01 0.000000000000000000e+00
-4.571195859009463014e+00 -1.111820681841724578e+01 0.000000000000000000e+00
-5.285539358558046352e+00 -4.102515579329386597e+00 0.000000000000000000e+00
-7.321487975095170020e-01 1.458641821904438807e+01 0.000000000000000000e+00
-5.485381101619789312e+00 -1.120257267850580885e+00 0.000000000000000000e+00
-2.366715592549850200e+00 -1.328080900123497621e+01 0.000000000000000000e+00
7.884491849000323072e+00 -1.550180545599511284e+01 0.000000000000000000e+00
-1.178439804699061710e+01 -4.046775131593693509e+00 0.000000000000000000e+00
8.145017838305445679e+00 8.374312355051076295e+00 0.000000000000000000e+00
-1.425225281486795126e+01 6.639921868595279442e+00 0.000000000000000000e+00
-8.232008169225375482e+00 -5.141282986775033592e+00 0.000000000000000000e+00
1.676265853650451731e+01 -4.404517421545611988e+00 0.000000000000000000e+00
-8.379313304766345283e+00 -4.075166183184659729e-01 0.000000000000000000e+00
-9.416075608209411030e+00 -2.316036319030551738e+00 0.000000000000000000e+00
