8.584858338041190251e+00 -1.031525378015352779e+01 0.000000000000000000e+00
2.849951671716149271e+00 -1.923441922697497919e+00 0.000000000000000000e+00
2.062193165492391400e-01 2.904710998112720877e-02 0.000000000000000000e+00
-9.053100502170634556e+00 -1.449879697995771899e+01 0.000000000000000000e+00
-3.990337318576397063e+00 -1.776670293693787173e+01 0.000000000000000000e+00
-1.520146276739612556e+00 9.587207812189788569e+00 0.000000000000000000e+00
9.247363144211670161e+00 -1.565869866242462116e+01 0.000000000000000000e+00
-5.458265478714590557e+00 1.611939043888859757e+01 0.000000000000000000e+00
-1.114783419365084072e+01 -1.470330110558804471e+01 0.000000000000000000e+00
1.040630267055138702e+01 -3.490831253322724592e+00 0.000000000000000000e+00
-1.263844396540856785e+01 -7.603898326176867783e+00 0.000000000000000000e+00
5.680891119741734663e+00 -3.779041092449350603e-01 0.000000000000000000e+00
-8.064848513248987771e+00 3.075322857078433447e+00 0.000000000000000000e+00
1.719633755455097202e+01 9.282421255492001588e-01 0.000000000000000000e+00
1.801423484471746761e+01 4.664175226690398190e+00 0.000000000000000000e+00
7.960080138635071911e+00 1.406946547914009082e+00 0.000000000000000000e+00
6.596452752775677775e-02 6.691415813036559967e+00 0.000000000000000000e+00
5.246619444196750415e+00 9.922866566670911936e+00 0.000000000000000000e+00
-1.014394504013570320e+01 -7.448236754343414034e+00 0.000000000000000000e+00
-5.783090301632831221e+00 -1.729043214414685181e+01 0.000000000000000000e+00
5.580309880773315356e+00 -1.522147404128109294e+01 0.000000000000000000e+00
4.194203129522350970e+00 1.139998374173196005e+01 0.000000000000000000e+00
3.116706058203549734e+00 1.435257446083952004e+01 0.000000000000000000e+00
-7.429327261074260669e+00 -1.048550736738823375e+00 0.000000000000000000e+00
-1.661134617383443413e+01 6.762988173019842897e+00 0.000000000000000000e+00
5.778233267014288854e-01 1.775801235260415778e+00 0.000000000000000000e+00
9.485798599245804041e+00 -8.578245604932668300e+00 0.000000000000000000e+00
1.125656417687922328e+01 1.121299594643035569e+01 0.000000000000000000e+00
-1.326254561093386020e+00 -8.921630451959751795e+00 0.000000000000000000e+00
-4.985908051974992539e+00 -1.978506825123903967e+00 0.000000000000000000e+00
-9.378069399056757405e+00 5.892924448774063073e+00 0.000000000000000000e+00
5.187855104012419005e+00 -9.138778584448818521e+00 0.000000000000000000e+00
9.568991352248374938e+00 -5.955757172980662872e+00 0.000000000000000000e+00
-1.520091984367386573e+01 -1.067348435359972214e+01 0.000000000000000000e+00
-2.214386252174945557e+00 1.380955241401023237e+01 0.000000000000000000e+00
4.967540421714564225e+00 -1.355197174052295495e+01 0.000000000000000000e+00
-1.299152835886151891e+01 6.809706343384434035e+00 0.000000000000000000e+00
9.149168642736714929e+00 -2.275970100292118214e+00 0.000000000000000000e+00
-1.014601440154692469e+01 1.595201834337268920e+01 0.000000000000000000e+00
9.812655511807955033e-01 1.227706042553693777e+01 0.000000000000000000e+00
5.867425734170225837e+00 1.674460057742905761e+01 0.000000000000000000e+00
6.785118078793831664e+00 -9.602716943905491576e+00 0.000000000000000000e+00
-1.350884131454047399e+01 -4.976067393738327738e+00 0.000000000000000000e+00
-1.233501862564795459e+01 -1.100810065369407020e+01 0.000000000000000000e+00
-1.532373229444402618e+01 4.185530130373327218e+00 0.000000000000000000e+00
2.347744195250532628e-01 1.761107092155808829e+01 0.000000000000000000e+00
-4.098850714004136364e+00 1.019316541318857361e+01 0.000000000000000000e+00
-1.012234043354255419e+01 -9.804789966805428136e+00 0.000000000000000000e+00
1.254414038991750679e+01 6.059262173857983269e-01 0.000000000000000000e+00
-1.076065352536453901e+01 -5.649919244194943957e+00 0.000000000000000000e+00
1.381580367472531456e+01 6.245474063501986528e+00 0.000000000000000000e+00
-8.184471597749642058e+00 1.031138241690459978e+01 0.000000000000000000e+00
-1.396202154698893594e+01 -1.283991138507084884e+01 0.000000000000000000e+00
-5.893297931691842351e+00 -1.401820178809322215e+01 0.000000000000000000e+00
-1.025918363703176084e+01 4.517683250619777269e+00 0.000000000000000000e+00
-7.744717807258332698e+00 1.639083994353845242e+01 0.000000000000000000e+00
-8.055381201037480565e+00 -9.865738790528377322e+00 0.000000000000000000e+00
2.278110797096730256e+00 -1.744674840950855454e+01 0.000000000000000000e+00
7.128493369839075111e-01 -1.238868497895462539e+01 0.000000000000000000e+00
-2.571501651343594208e+00 -5.647135060275323415e-01 0.000000000000000000e+00
8.248246864606631590e+00 9.842540433557932289e+00 0.000000000000000000e+00
-7.266738987094811364e+00 -7.648350550211989507e+00 0.000000000000000000e+00
5.974725391999275992e+00 -1.686784778135506357e+01 0.000000000000000000e+00
-7.190652595390627511e-01 1.632363690155932190e+01 0.000000000000000000e+00
6.223527359743546761e+00 1.411376024363841353e+01 0.000000000000000000e+00
2.791060262930365465e-01 -1.464462186084697670e+01 0.000000000000000000e+00
1.663429267194765870e+01 -4.393046610864576706e+00 0.000000000000000000e+00
4.057264187450888571e+00 7.894544599236055227e+00 0.000000000000000000e+00
5.966960871513621312e-01 -9.734366207445113162e+00 0.000000000000000000e+00
1.443967355753009585e+01 3.967558128829707265e+00 0.000000000000000000e+00
-7.323553898590868805e+00 -5.018651343508389040e+00 0.000000000000000000e+00
-4.772761946617163353e+00 7.409794769648894608e+00 0.000000000000000000e+00
-5.408659379649102483e+00 1.105113916956180908e+01 0.000000000000000000e+00
-1.216180545432477977e+01 5.858521633738855705e-01 0.000000000000000000e+00
7.147353581951135126e+00 1.203363023124405196e+01 0.000000000000000000e+00
8.383654431906100157e+00 -1.435914271809228460e+01 0.000000000000000000e+00
-3.018255872005279006e+00 2.394706738535870461e+00 0.000000000000000000e+00
-1.744075396146466161e+01 -5.922697446178831093e+00 0.000000000000000000e+00
1.508792493580937588e+01 -5.085523370383481456e+00 0.000000000000000000e+00
9.688438959087413593e+00 4.879057804138491328e+00 0.000000000000000000e+00
6.797168564375436484e-01 1.074385289160874812e+01 0.000000000000000000e+00
-8.654395339985590851e+00 -6.577266793190648997e+00 0.000000000000000000e+00
3.031361986946370823e+00 -5.131282138654539970e+00 0.000000000000000000e+00
1.498100411496596962e+01 -1.159845896177770541e+01 0.000000000000000000e+00
1.627038263359611392e+01 -9.376984207483884504e+00 0.000000000000000000e+00
-4.174022593198570164e+00 1.470293433499886682e+01 0.000000000000000000e+00
-1.091594636962877729e+01 -1.875433618551406223e+00 0.000000000000000000e+00
1.466700146105147873e+01 -1.055190099145396410e+00 0.000000000000000000e+00
-1.528096473397121846e+00 5.323367798582178345e+00 0.000000000000000000e+00
3.946831252438582904e+00 -1.822374895351204671e+01 0.000000000000000000e+00
-5.845902640532484318e-01 -4.037617469651634927e+00 0.000000000000000000e+00
8.751326150288081251e+00 -1.183899265407620582e+01 0.000000000000000000e+00
-1.248648845212497172e+01 1.299765131608184277e+01 0.000000000000000000e+00
4.555565985317477029e+00 -7.145262287023824044e+00 0.000000000000000000e+00
-1.367852621066690944e+01 9.703198228359410038e+00 0.000000000000000000e+00
-1.643662091507854228e+01 2.489409907029910940e+00 0.000000000000000000e+00
-1.847449879690537244e+01 -2.916783517554303873e-01 0.000000000000000000e+00
1.442930634612254792e+01 -3.704286743739065635e+00 0.000000000000000000e+00
-8.623482217946218498e+00 1.682257446906793463e+00 0.000000000000000000e+00
1.043689526021658409e+01 8.308030025762578319e+00 0.000000000000000000e+00
1.210929123064534529e+01 8.745462388454543046e+00 0.000000000000000000e+00
1.163208581449947765e+01 -5.822242882100377770e+00 0.000000000000000000e+00
-6.390278171944593133e+00 4.040495898784464135e-01 0.000000000000000000e+00
-1.021705548946853526e+01 1.016026808771720980e+01 0.000000000000000000e+00
-6.526148370345087102e+00 8.287049753422413900e+00 0.000000000000000000e+00
-1.025676088431387178e+01 -1.256502417684514050e+01 0.000000000000000000e+00
3.040906559280353250e+00 -8.648924528156380021e+00 0.000000000000000000e+00
1.427281932038449774e+00 4.987905652014498870e+00 0.000000000000000000e+00
-2.295612461624204403e+00 -1.024672573578341606e+01 0.000000000000000000e+00
8.421099658887476025e+00 3.686344565043092825e+00 0.000000000000000000e+00
1.194331037858473366e+01 -1.082930908187539387e+01 0.000000000000000000e+00
1.677964685274706103e+00 -7.401381770847571318e+00 0.000000000000000000e+00
-1.019266449712279510e+01 1.281089917075470730e+01 0.000000000000000000e+00
-8.581915955269709073e+00 3.740457784888385345e-02 0.000000000000000000e+00
-5.315073703237623626e+00 3.320099302853763756e+00 0.000000000000000000e+00
-2.887469037253076909e+00 -1.206683946921397776e+01 0.000000000000000000e+00
9.521679472484628093e+00 1.105737230881714694e+01 0.000000000000000000e+00
-1.439194998932856073e+01 -1.236124142249226621e+00 0.000000000000000000e+00
1.603606487044080708e+01 8.116766813666400182e+00 0.000000000000000000e+00
1.876765001760242768e+01 -1.520990396152219759e-01 0.000000000000000000e+00
1.282614439606540557e+01 2.785223707535388282e+00 0.000000000000000000e+00
1.614374266277413028e+01 -6.289778749090698673e-01 0.000000000000000000e+00
-1.744429821516791890e+01 -2.868364758136193959e+00 0.000000000000000000e+00
1.209092233805887373e+00 1.553917077093941757e+01 0.000000000000000000e+00
-7.873867667206265963e+00 -2.497039207090154811e+00 0.000000000000000000e+00
1.743356810097673204e+01 -2.801097853296447671e+00 0.000000000000000000e+00
-1.620513591478144733e+01 7.828299445966511172e-01 0.000000000000000000e+00
-5.386651199621411479e+00 5.467164131770702262e+00 0.000000000000000000e+00
-3.615829857755251009e+00 1.741269096286982077e+01 0.000000000000000000e+00
6.608423207663624233e+00 6.317599749617908600e+00 0.000000000000000000e+00
5.884156486005957198e+00 8.176862967803739224e+00 0.000000000000000000e+00
-1.841908408936916430e+01 4.516380030094391707e+00 0.000000000000000000e+00
-1.064958100929320217e+01 7.799862595713071833e+00 0.000000000000000000e+00
1.720622652824645726e+01 6.679025763681702088e+00 0.000000000000000000e+00
1.221776041591517270e+01 -2.170535150066910557e+00 0.000000000000000000e+00
1.069679551311303101e+01 -1.294982742710938517e+01 0.000000000000000000e+00
5.068118441572255328e+00 -1.105476962767456151e+01 0.000000000000000000e+00
1.715199795363962565e+01 -7.330994565195212864e+00 0.000000000000000000e+00
1.047881457869082844e+01 1.477983404679701351e+01 0.000000000000000000e+00
3.346505800449138146e+00 -1.421932854422731829e+01 0.000000000000000000e+00
6.988981640407778251e+00 -8.114937834838853448e+00 0.000000000000000000e+00
2.155745825625024814e+00 9.351437880013508064e+00 0.000000000000000000e+00
-8.125084574270102777e+00 7.804599056645506572e+00 0.000000000000000000e+00
1.302055757846164141e+01 -8.533369595643215177e+00 0.000000000000000000e+00
1.498139311131010676e-01 -7.508554405517697816e+00 0.000000000000000000e+00
-4.069594064268565070e+00 8.203451345767455161e-01 0.000000000000000000e+00
1.537339954209818238e+01 2.102178440657912706e+00 0.000000000000000000e+00
1.528013872874936219e+01 -7.141265000812115460e+00 0.000000000000000000e+00
-3.425947795758690795e+00 -9.145457013606021590e+00 0.000000000000000000e+00
1.281957001165235965e+01 -3.662429649958132583e+00 0.000000000000000000e+00
-2.615062839286398599e+00 -7.726591341573402438e+00 0.000000000000000000e+00
-1.122555620203903004e+01 -8.780113852572311472e+00 0.000000000000000000e+00
2.178920820461323959e+00 2.535900633632160339e+00 0.000000000000000000e+00
-3.405413546160633409e+00 -1.594498807317155631e+01 0.000000000000000000e+00
-1.760051288740658082e+00 -2.288405741521546855e+00 0.000000000000000000e+00
-1.406918264716393452e+01 3.231825299426107190e+00 0.000000000000000000e+00
-1.172116731532159406e+01 4.170896243731999853e+00 0.000000000000000000e+00
-2.775790766593470238e+00 4.148754755646620218e+00 0.000000000000000000e+00
2.553443254751177172e+00 -1.291208185660504526e+01 0.000000000000000000e+00
4.434486641020197517e+00 2.003612436516114759e+00 0.000000000000000000e+00
-2.139798447859084352e+00 1.163038539166084462e+00 0.000000000000000000e+00
-1.826803044618895910e+01 1.980468421052324235e+00 0.000000000000000000e+00
4.397284385255833428e+00 3.650771133421724102e+00 0.000000000000000000e+00
-5.113809913717540789e-01 1.439722876309186361e+01 0.000000000000000000e+00
-1.672303999737004432e+01 8.382926391216672712e+00 0.000000000000000000e+00
1.136984630685665643e+01 3.185234868403471697e+00 0.000000000000000000e+00
-9.494083261155437103e-01 -1.590068770471874160e+01 0.000000000000000000e+00
6.844127242951922874e+00 -1.408709721866481956e+01 0.000000000000000000e+00
1.366953799263277425e+01 -6.271369310949430620e+00 0.000000000000000000e+00
-1.570054491475522696e+01 -7.134425215765586081e+00 0.000000000000000000e+00
-7.687585532801914034e+00 1.342449630715945652e+01 0.000000000000000000e+00
8.699845747497786164e+00 6.931831472274352812e+00 0.000000000000000000e+00
-6.447081483699000692e+00 -1.141683401323612124e+01 0.000000000000000000e+00
1.279082500616658713e+01 1.350511930664606730e+01 0.000000000000000000e+00
-5.251619927600165383e+00 1.344857194683458879e+01 0.000000000000000000e+00
4.477245567987693242e+00 6.337240282588092910e+00 0.000000000000000000e+00
4.474902801446602463e-01 -2.293179275121118632e+00 0.000000000000000000e+00
-1.200378197755405196e+01 -4.112051482298797467e+00 0.000000000000000000e+00
6.525209015702607473e+00 -2.948581897677578834e+00 0.000000000000000000e+00
1.174787913137203255e+01 -1.480361201177010599e+01 0.000000000000000000e+00
-2.388015033311417235e-01 -1.850601316608927149e+01 0.000000000000000000e+00
3.055805115275255890e+00 1.273896878679355282e+01 0.000000000000000000e+00
-2.388119634786321388e+00 -1.398421712243353632e+01 0.000000000000000000e+00
-4.253817682340720552e+00 -7.587866694895687658e+00 0.000000000000000000e+00
-1.180475529438515991e+01 1.084857482395581485e+01 0.000000000000000000e+00
-1.520396192042112915e+01 -3.047147198330453222e+00 0.000000000000000000e+00
-9.839848320923238134e+00 -4.147086759265544487e+00 0.000000000000000000e+00
-1.323072545073030959e+01 -9.388505223698185631e+00 0.000000000000000000e+00
-8.228721533701081631e-04 4.189333734027973044e+00 0.000000000000000000e+00
8.595032238040132277e-01 -1.605311222552046857e+01 0.000000000000000000e+00
1.871523822984213226e+01 1.467531867093943010e+00 0.000000000000000000e+00
7.953149724869347459e+00 1.659377688325930933e+01 0.000000000000000000e+00
-9.405318436889656297e+00 -1.631211325224575504e+01 0.000000000000000000e+00
-1.827176110140786136e+01 -4.176591680884497393e+00 0.000000000000000000e+00
-1.575280219347260058e+01 -5.246280688222149102e+00 0.000000000000000000e+00
-1.299731038487770896e+01 4.974004709384381329e+00 0.000000000000000000e+00
-2.818581614160390991e+00 1.116657687025668011e+01 0.000000000000000000e+00
-3.892466234553333404e+00 -4.066379043032749330e+00 0.000000000000000000e+00
7.164823758218510363e+00 -1.127710855079107510e+01 0.000000000000000000e+00
9.899979333058473330e+00 1.328589995988124173e+01 0.000000000000000000e+00
4.960764044314869281e+00 1.803916937808521226e+01 0.000000000000000000e+00
-5.074883930897397200e+00 -1.077336260329695961e+01 0.000000000000000000e+00
-5.699320462485595762e+00 -8.143195236525581748e+00 0.000000000000000000e+00
-9.066770137403301177e+00 9.019251509303135350e+00 0.000000000000000000e+00
-1.484564290408798470e+01 7.861336416632558333e+00 0.000000000000000000e+00
-1.453732606389227833e+01 9.129074121283162757e-01 0.000000000000000000e+00
4.804299933384251986e+00 -2.735494469395791661e+00 0.000000000000000000e+00
-6.959938409205121523e+00 -1.561244621264445520e+01 0.000000000000000000e+00
1.376943712929177188e+01 1.156479319460570032e+01 0.000000000000000000e+00
-1.655865034507283085e+01 -9.172997901782713015e+00 0.000000000000000000e+00
1.123455205654692968e+01 -8.903463361678042531e+00 0.000000000000000000e+00
-3.416956988116968574e+00 1.276122781983573162e+01 0.000000000000000000e+00
-3.455425981349493636e+00 6.652245621034852618e+00 0.000000000000000000e+00
-1.366797756643549633e+01 -3.220874661459301347e+00 0.000000000000000000e+00
-1.828242736487120546e+00 1.747996486107668801e+01 0.000000000000000000e+00
8.016991767470067032e+00 -5.818210374397650320e+00 0.000000000000000000e+00
1.572019106248250964e+01 -2.826547268661326218e+00 0.000000000000000000e+00
3.270064123673089629e+00 -1.061139325458745297e+01 0.000000000000000000e+00
1.060768009995358474e+00 -4.921812755589087374e+00 0.000000000000000000e+00
-1.133421609186803458e+01 2.259932672244841179e+00 0.000000000000000000e+00
2.026330555840748282e+00 -3.500698222325526299e+00 0.000000000000000000e+00
8.024848134704434699e+00 -3.286873149574784492e+00 0.000000000000000000e+00
9.227776009470099794e+00 -4.027529753566036486e-01 0.000000000000000000e+00
-3.788549978221301906e+00 8.545284743704669950e+00 0.000000000000000000e+00
-4.880177848936256169e+00 -1.238344641243199185e+01 0.000000000000000000e+00
1.568971447710302769e+01 9.899025961455103939e+00 0.000000000000000000e+00
-1.546992877251907750e+01 1.089254026948619547e+01 0.000000000000000000e+00
-6.552605844890084796e+00 -9.672186590807939410e+00 0.000000000000000000e+00
2.809725596231033684e+00 -1.836476270492878315e-01 0.000000000000000000e+00
-1.695530385556723729e+01 4.902375525873081230e+00 0.000000000000000000e+00
-6.868886702054771476e+00 5.181741105674026571e+00 0.000000000000000000e+00
1.647905486422402177e+01 3.135157743333930380e+00 0.000000000000000000e+00
3.140587733221338773e+00 -1.610943147421751220e+01 0.000000000000000000e+00
-5.648502674182920291e-01 -5.766914296703737897e+00 0.000000000000000000e+00
-1.165737011725067696e+01 1.449393840747438844e+01 0.000000000000000000e+00
7.965791394846559292e+00 1.462185560393307071e+01 0.000000000000000000e+00
1.441549135378674684e+00 7.865352693924093863e+00 0.000000000000000000e+00
-1.273358974909522523e+01 -1.451174349712988976e+00 0.000000000000000000e+00
1.378584829689429547e+01 9.001256055745328055e+00 0.000000000000000000e+00
-2.231001971426565422e+00 -1.711768852954537223e+01 0.000000000000000000e+00
5.950711860113394813e+00 3.222441378235271436e+00 0.000000000000000000e+00
-9.972547187433416838e+00 6.888578209634254046e-01 0.000000000000000000e+00
1.837155142609437686e+00 1.774326457111450139e+01 0.000000000000000000e+00
-2.048105354272160117e+00 -5.435558474370399296e+00 0.000000000000000000e+00
-7.363512072001190845e+00 -1.272020111052439439e+01 0.000000000000000000e+00
9.336728763182183144e+00 2.219759010188312232e+00 0.000000000000000000e+00
-9.067654937465122744e-01 -1.101607550811035097e+01 0.000000000000000000e+00
4.320673301394243104e+00 -1.286922539904613139e+00 0.000000000000000000e+00
1.658658475433372814e+01 5.203832257050813759e+00 0.000000000000000000e+00
-1.543701337590644407e+01 5.819815137502411417e+00 0.000000000000000000e+00
9.914195900327179345e+00 -1.424349593275652026e+01 0.000000000000000000e+00
-5.642958432886377551e+00 -5.634619575227094224e+00 0.000000000000000000e+00
6.284962505659963838e+00 -6.627355391801214246e+00 0.000000000000000000e+00
4.404955099787927431e+00 1.539321143113314605e+01 0.000000000000000000e+00
-7.637196662593296992e+00 1.191235162731625508e+01 0.000000000000000000e+00
7.529505418883885248e+00 -1.712494228085882497e+01 0.000000000000000000e+00
