1.276989974388773597e+01 -1.235163622180820475e+01 0.000000000000000000e+00
-1.393120356696171669e+01 -1.075417273454054090e+01 0.000000000000000000e+00
-5.293362007250291157e+00 1.855033670225239240e+00 0.000000000000000000e+00
1.412705342912412565e+00 1.741798646573661102e+01 0.000000000000000000e+00
-2.479769913570695650e+00 -1.457451010832916438e+01 0.000000000000000000e+00
8.306597762254966710e+00 -1.689394619622908067e+01 0.000000000000000000e+00
-9.388504898600373849e+00 9.046578631816805327e+00 0.000000000000000000e+00
-6.047262155364900416e+00 1.344426841963932162e+01 0.000000000000000000e+00
-1.509694878747105662e+01 -4.374525698091475512e+00 0.000000000000000000e+00
-1.427293928278189128e+01 1.234402714316408378e+01 0.000000000000000000e+00
1.038744190899772768e+01 7.921315501517398161e+00 0.000000000000000000e+00
-1.180037690841944809e+01 -1.254204058139218780e+01 0.000000000000000000e+00
3.655097486053954459e+00 5.435804417873573158e+00 0.000000000000000000e+00
1.647891860385096718e+00 -2.485121474943198017e+00 0.000000000000000000e+00
-4.749666551471229958e+00 7.153593684920232398e+00 0.000000000000000000e+00
-1.936758928749141351e+00 -8.487497522346235002e+00 0.000000000000000000e+00
-1.287842292765853536e+01 -6.206424119106232595e+00 0.000000000000000000e+00
1.014002900415603747e+01 1.432474028909930652e+01 0.000000000000000000e+00
-5.853367382881336844e+00 5.132886971522280461e+00 0.000000000000000000e+00
5.200877343313561774e+00 1.752336100550731146e+01 0.000000000000000000e+00
-1.414234682566278778e+01 2.000646698478266927e+00 0.000000000000000000e+00
-5.870951732508645549e+00 1.527580096232896345e+01 0.000000000000000000e+00
-1.029749009520136482e+01 5.863903679678941216e+00 0.000000000000000000e+00
-3.396770214730530757e+00 -9.488886195181157390e+00 0.000000000000000000e+00
-5.405608779743971137e-01 -4.651676550818543809e+00 0.000000000000000000e+00
1.756028992687071977e+01 6.360202742674454512e+00 0.000000000000000000e+00
-5.946969242598776795e+00 -4.548904570487111165e+00 0.000000000000000000e+00
1.840600309899325548e+00 -1.656190513399579345e+01 0.000000000000000000e+00
-4.001452744047402810e+00 1.502674215942046132e+01 0.000000000000000000e+00
-6.042939226277261433e+00 3.317394634074969151e+00 0.000000000000000000e+00
3.903754330375380110e+00 -1.724465847218842995e+01 0.000000000000000000e+00
9.635709619645481672e-01 5.990137555737916841e+00 0.000000000000000000e+00
1.598451615843029927e+01 -8.260913409054850831e+00 0.000000000000000000e+00
8.918139937940091855e+00 9.764426126388476845e+00 0.000000000000000000e+00
-3.877659398922383982e+00 -1.527880019359406027e+01 0.000000000000000000e+00
-8.731625101902560360e+00 -1.078192858607695470e+01 0.000000000000000000e+00
3.625067071505131189e+00 -1.013127214336518733e+01 0.000000000000000000e+00
-1.152514682514160071e+01 -1.092802341848564751e+01 0.000000000000000000e+00
1.556053588288665956e+01 -4.922872715559081236e+00 0.000000000000000000e+00
-1.546460874949579711e+01 5.684533752080343838e+00 0.000000000000000000e+00
1.292199165502895220e+01 4.700111592460431531e+00 0.000000000000000000e+00
7.332114075313577395e+00 -9.418415185086848496e+00 0.000000000000000000e+00
-1.092657397623933058e+01 7.125633600027975190e-01 0.000000000000000000e+00
-1.148100807365318232e+01 4.033529276813809794e+00 0.000000000000000000e+00
-4.131255693918303717e-01 8.287842094288910388e+00 0.000000000000000000e+00
6.429406791713356384e+00 9.509372267262175882e+00 0.000000000000000000e+00
1.334919301658906043e+01 3.044263456736899798e+00 0.000000000000000000e+00
1.054916372979336181e+01 1.227001670102175090e+01 0.000000000000000000e+00
-1.458850358706212713e+00 -1.086854611513230928e+01 0.000000000000000000e+00
7.949433225240311707e+00 5.987492320337731044e+00 0.000000000000000000e+00
-1.547136706292913111e+01 -6.751820138084763112e-01 0.000000000000000000e+00
1.293654676820086813e+01 8.761582655385868890e-01 0.000000000000000000e+00
3.513010823784373571e+00 -7.145430658303975058e+00 0.000000000000000000e+00
1.239585323520952187e+01 -6.360677230961473416e-01 0.000000000000000000e+00
-1.289911528028530041e+00 1.466898479229102570e+01 0.000000000000000000e+00
1.461230586453426206e+01 9.308120399290928049e+00 0.000000000000000000e+00
-1.516771264920239659e+01 9.309050971003985708e+00 0.000000000000000000e+00
5.109998182453060700e+00 -1.152531953631021899e+01 0.000000000000000000e+00
-1.207406449201394283e+00 3.341489267104055028e+00 0.000000000000000000e+00
-1.378187972984274978e+01 9.964414332793948503e+00 0.000000000000000000e+00
8.121985798729099315e+00 1.115629111752594760e+01 0.000000000000000000e+00
9.155911917380045395e+00 -1.507088081855685102e+00 0.000000000000000000e+00
-1.073796314710999766e+01 -2.245950767317562491e+00 0.000000000000000000e+00
-1.181858563956613395e+01 1.372763145563451914e+01 0.000000000000000000e+00
-1.621480711573854983e+00 -2.076988925014021881e+00 0.000000000000000000e+00
8.292249040599383392e+00 1.661767144364588589e+01 0.000000000000000000e+00
1.708577296764243059e+01 -2.667746771656946958e-01 0.000000000000000000e+00
1.039659639376323419e+01 2.880705527594090931e+00 0.000000000000000000e+00
-9.117988576924611621e+00 8.708275445828658201e-01 0.000000000000000000e+00
9.765176779788271588e-01 2.922135239998931766e+00 0.000000000000000000e+00
-1.096221632363610965e+01 8.220168415648855031e+00 0.000000000000000000e+00
1.864457287673821018e+00 -1.885546153282938064e+01 0.000000000000000000e+00
-1.304198703044778185e+01 7.251780873661068938e+00 0.000000000000000000e+00
1.280988212384725156e+00 -1.208876183516961866e+01 0.000000000000000000e+00
-8.939529739528792263e+00 1.059588688414865132e+01 0.000000000000000000e+00
6.930880094972910577e+00 1.521027692236837758e+01 0.000000000000000000e+00
1.430188064027178574e-01 -6.223728512909818988e+00 0.000000000000000000e+00
-1.685792480044308039e-01 1.852077294614851510e+01 0.000000000000000000e+00
-5.442454394183740440e+00 -1.541496355131450002e+01 0.000000000000000000e+00
-8.249355889014713838e+00 -1.227378873456734887e+01 0.000000000000000000e+00
-6.939359972857635839e+00 -1.149643145681501899e+01 0.000000000000000000e+00
-5.002736422323968313e+00 -6.569826185259642237e+00 0.000000000000000000e+00
1.475794576691772697e+01 7.509283404841733400e-01 0.000000000000000000e+00
1.795743357759794634e+01 2.808099058509163193e+00 0.000000000000000000e+00
-1.694824322853231635e+01 -6.655519243635916737e+00 0.000000000000000000e+00
-5.333270118789709358e+00 -1.208070152414285836e+01 0.000000000000000000e+00
3.947670958544970521e+00 3.613722350612734502e+00 0.000000000000000000e+00
-8.347688172003762119e+00 2.433215520372014051e+00 0.000000000000000000e+00
-2.380705453501319735e-01 1.693853933985962712e+01 0.000000000000000000e+00
-1.466134400340014743e+01 7.010776674869338976e+00 0.000000000000000000e+00
1.805575185979921837e+00 8.028722598835143387e+00 0.000000000000000000e+00
3.640976148606130725e+00 1.314595566599790821e+01 0.000000000000000000e+00
5.290856774620418257e+00 1.048752823087656871e+01 0.000000000000000000e+00
1.634685505008253514e+01 1.079879337710002440e+00 0.000000000000000000e+00
-1.710456776703663806e+01 3.171589372287609176e+00 0.000000000000000000e+00
-2.001123704347200327e+00 -5.558346777501288472e+00 0.000000000000000000e+00
8.646537526789073169e+00 -7.976849910332074245e+00 0.000000000000000000e+00
-4.249722759573070441e+00 1.192374794016583944e-01 0.000000000000000000e+00
4.882808339051687874e+00 1.466636285759216385e+01 0.000000000000000000e+00
-1.124642599860580994e+01 -5.368078219198298306e+00 0.000000000000000000e+00
1.407958790729010623e+01 -2.894011521539288534e+00 0.000000000000000000e+00
-8.690465802101252635e+00 -1.413462965221522616e+01 0.000000000000000000e+00
-3.377538871570462842e+00 -1.109414118511592662e+01 0.000000000000000000e+00
-6.712866430548827701e+00 6.503688099848225157e+00 0.000000000000000000e+00
-2.316465894214592147e+00 4.993243431019522838e+00 0.000000000000000000e+00
-7.763496610210203208e+00 1.426364812298646001e+01 0.000000000000000000e+00
5.450623425310815229e+00 -3.215217345514915337e+00 0.000000000000000000e+00
4.881557061634673289e+00 3.010301760694744644e-01 0.000000000000000000e+00
-1.187510302201729040e+01 -8.956530639007823646e-01 0.000000000000000000e+00
3.834298696011475549e-01 -8.479851592384546333e-01 0.000000000000000000e+00
5.432463350675756253e+00 5.757352517943534309e+00 0.000000000000000000e+00
3.492121027041977133e+00 1.048563310296610851e+01 0.000000000000000000e+00
-7.297923116700112622e+00 9.872354092957981164e-01 0.000000000000000000e+00
1.497927422341907011e+01 -1.096086079488436660e+01 0.000000000000000000e+00
7.391386338234518405e+00 -1.526389344545127891e+01 0.000000000000000000e+00
-9.423603850976810747e+00 -1.213468995541781670e+00 0.000000000000000000e+00
1.732505439122836322e+01 -3.682293933660425012e+00 0.000000000000000000e+00
1.339940555597569727e+01 -6.755433558838999986e+00 0.000000000000000000e+00
-4.997145074536328835e+00 -9.541831786423021100e+00 0.000000000000000000e+00
2.521503848187061081e+00 1.862249835940908937e+01 0.000000000000000000e+00
-9.440129925161024005e+00 1.504333931021622561e+01 0.000000000000000000e+00
3.236494727359488177e+00 -2.732777190617226903e+00 0.000000000000000000e+00
-9.639929926397050153e+00 -6.146773097862080704e+00 0.000000000000000000e+00
5.900178499624142425e+00 -1.559767595143427421e+01 0.000000000000000000e+00
-3.963932821411188190e+00 3.967848149540819325e+00 0.000000000000000000e+00
4.836153573179931969e-02 -2.398226914006242438e+00 0.000000000000000000e+00
-1.294094882705676675e+01 -8.349876577655640730e+00 0.000000000000000000e+00
5.319144460702700528e+00 -6.523540687592438658e+00 0.000000000000000000e+00
1.410362554640500754e+00 -7.306285104447153067e+00 0.000000000000000000e+00
-1.588921462977844712e+01 -2.536610426134837670e+00 0.000000000000000000e+00
1.713073741112188131e+01 -5.480018507907803205e+00 0.000000000000000000e+00
6.599905236203102099e+00 -9.189113837697076015e-01 0.000000000000000000e+00
1.326547614318184287e+01 1.355033010967942353e+01 0.000000000000000000e+00
1.138867699607177109e+01 -9.567208932216502149e+00 0.000000000000000000e+00
1.601340736698048062e+01 6.074222033361795781e+00 0.000000000000000000e+00
3.373624799657998441e+00 1.503712377559201130e+01 0.000000000000000000e+00
1.308754339637242481e+01 7.319231430856872223e+00 0.000000000000000000e+00
-1.047623984509077744e+01 1.029390654319661280e+01 0.000000000000000000e+00
7.955772448113217266e+00 -5.684427592222093040e+00 0.000000000000000000e+00
-2.942017505421414381e+00 1.337680490418289381e+01 0.000000000000000000e+00
2.090295084643446488e-01 1.397061748355466371e+01 0.000000000000000000e+00
-1.033093658008287896e+01 -1.469960141748240545e+01 0.000000000000000000e+00
-1.306804193218307120e+01 -4.156225000632990607e+00 0.000000000000000000e+00
-1.094478008363881472e+01 -7.302626778849940159e+00 0.000000000000000000e+00
3.269856472624668164e+00 -1.431535456588482091e+01 0.000000000000000000e+00
-3.970943580379540983e+00 -1.569981045088878036e+00 0.000000000000000000e+00
-1.611987333746479223e+01 1.467364766382643015e+00 0.000000000000000000e+00
-9.546609809402481162e+00 3.508762943332823792e+00 0.000000000000000000e+00
2.042793938162000611e+00 -5.301868135279400818e+00 0.000000000000000000e+00
-7.362237366401762628e+00 4.594443893955603819e+00 0.000000000000000000e+00
-3.755206859368352301e+00 -1.814237216828536603e+01 0.000000000000000000e+00
-3.733078882650250119e+00 1.706790383072495842e+01 0.000000000000000000e+00
1.159383474089332466e+01 -7.629678974613430142e+00 0.000000000000000000e+00
1.148625454594258599e+01 -4.844106328616840429e+00 0.000000000000000000e+00
1.010773996144474651e+01 -5.919423748108203931e+00 0.000000000000000000e+00
-1.212323094948070867e+01 1.181320910129082868e+01 0.000000000000000000e+00
-2.300064769984107027e+00 1.850787935156004593e+01 0.000000000000000000e+00
-5.717070492780221613e+00 8.810674290265369635e+00 0.000000000000000000e+00
-1.662938821887576424e+01 -5.167449598728864224e+00 0.000000000000000000e+00
-2.571590788639780190e+00 1.184317484844798685e+01 0.000000000000000000e+00
-6.880337499158923897e+00 -1.726361504937790059e+01 0.000000000000000000e+00
-3.349976839105349435e-02 -1.462197752694679131e+01 0.000000000000000000e+00
1.118146521906149937e+00 -9.519755355667053109e+00 0.000000000000000000e+00
-9.366421047785955523e+00 1.265884942372561106e+01 0.000000000000000000e+00
7.489281586667890345e+00 -2.954674075273245215e+00 0.000000000000000000e+00
-6.561517324785296479e-01 -1.298026865301537747e+01 0.000000000000000000e+00
9.256549365872999147e+00 4.680796665419092228e+00 0.000000000000000000e+00
-1.746810437043650310e+01 -3.233440524474991751e+00 0.000000000000000000e+00
1.289600268728519161e+01 9.574052888241409320e+00 0.000000000000000000e+00
-6.541451804042965890e+00 -6.872792171268717887e+00 0.000000000000000000e+00
-5.907397348167531703e+00 1.691624443768095531e+01 0.000000000000000000e+00
7.678919624337788186e+00 3.248120355106765000e+00 0.000000000000000000e+00
-7.261773473668329260e+00 -9.480776833630669032e+00 0.000000000000000000e+00
-1.438340684109916623e+01 -1.853043030276648295e+00 0.000000000000000000e+00
9.497239984574841642e+00 -1.498973704936122964e+01 0.000000000000000000e+00
1.892184288365202249e+01 -2.536965300307522098e-01 0.000000000000000000e+00
1.495176257309118029e+01 7.201188841014134034e+00 0.000000000000000000e+00
7.137251072689556608e+00 -1.124607730738862621e+01 0.000000000000000000e+00
-7.475655642589750904e+00 -4.458946053205202986e+00 0.000000000000000000e+00
2.023731508609429408e+00 1.086838453823547468e+01 0.000000000000000000e+00
8.305651315759513764e+00 -1.569506973538702665e-01 0.000000000000000000e+00
6.817384122157322146e+00 1.562627723590830797e+00 0.000000000000000000e+00
1.109536790406041185e+01 1.045498396915914974e+01 0.000000000000000000e+00
6.779846536932501166e+00 1.696651931550792014e+01 0.000000000000000000e+00
-1.389685668560204812e+00 1.043623411416414726e+01 0.000000000000000000e+00
6.641061758784404745e+00 1.153724978535637469e+01 0.000000000000000000e+00
-8.929646052671587952e+00 -7.537898746492150970e+00 0.000000000000000000e+00
1.026285421922524321e+01 -1.330978172407623816e+01 0.000000000000000000e+00
1.126404550615969313e+01 -2.346953521217294725e+00 0.000000000000000000e+00
-9.760808228657571917e+00 -1.286429126246528654e+01 0.000000000000000000e+00
5.813666942975268093e+00 -1.343891396825559781e+01 0.000000000000000000e+00
-3.071892988058025686e+00 6.709379400719289954e+00 0.000000000000000000e+00
1.171901265646943280e+01 -1.450511442293375097e+01 0.000000000000000000e+00
-1.075854193334727960e+01 -9.155565795010263130e+00 0.000000000000000000e+00
4.364821267005744687e+00 -1.479427975537175532e+00 0.000000000000000000e+00
6.270049420803362139e+00 7.536123478758580241e+00 0.000000000000000000e+00
-1.893908365983801190e+01 -6.301655190006865137e-01 0.000000000000000000e+00
9.332497619769526409e+00 -1.109595329004181963e+01 0.000000000000000000e+00
-1.282486968912929681e+00 -1.624088730414899118e+01 0.000000000000000000e+00
-7.978270014290788303e+00 1.707748147827162200e+01 0.000000000000000000e+00
-9.541170251782800094e-01 6.725987232610520117e+00 0.000000000000000000e+00
-8.595946555631756025e-01 -1.803314293486402420e+01 0.000000000000000000e+00
-8.623187606003476446e+00 -1.686144038760008712e+01 0.000000000000000000e+00
-1.788709282696284575e+01 1.049219447107190062e+00 0.000000000000000000e+00
1.742121250436781210e+01 -7.328732303525800518e+00 0.000000000000000000e+00
-8.623474004227862366e+00 -2.741775613384301202e+00 0.000000000000000000e+00
-2.820738903360309635e+00 9.357745648449400377e+00 0.000000000000000000e+00
3.747391384497678057e+00 -4.893883348962607904e+00 0.000000000000000000e+00
1.401124895338890219e+01 -4.844251757579248086e+00 0.000000000000000000e+00
-5.892037377958006417e+00 -1.315852497511599273e+00 0.000000000000000000e+00
1.452978433731304442e+01 4.426675977607360757e+00 0.000000000000000000e+00
-1.244469433543657466e+01 5.615396500945100122e+00 0.000000000000000000e+00
-1.016072396857495619e+00 6.072036582524443782e-01 0.000000000000000000e+00
4.026258590043157781e+00 2.087849642194390398e+00 0.000000000000000000e+00
-6.288189574073332011e+00 -1.391524944574126366e+01 0.000000000000000000e+00
3.907977261863048390e+00 -1.274818940863450045e+01 0.000000000000000000e+00
1.347119379199195954e+01 1.100943779582407522e+01 0.000000000000000000e+00
1.385130083858664563e+01 -8.939813556492870461e+00 0.000000000000000000e+00
1.041942177712521733e+01 -3.461358007167744666e-01 0.000000000000000000e+00
-7.674660053624969613e+00 1.173175132316923097e+01 0.000000000000000000e+00
6.519715695226430796e+00 -4.907927800075674085e+00 0.000000000000000000e+00
-7.389737629801427232e+00 8.180990769256137440e+00 0.000000000000000000e+00
4.671482096085748381e+00 7.903999603686385989e+00 0.000000000000000000e+00
-3.112336035819323943e+00 -6.917496624230660807e+00 0.000000000000000000e+00
8.129182767834244316e+00 7.925775323254444338e+00 0.000000000000000000e+00
-3.808137377326804351e+00 -1.364655685275471164e+01 0.000000000000000000e+00
8.107600523559069794e-01 1.207531291342651691e+01 0.000000000000000000e+00
-4.016222140335556468e+00 -3.529338761622739185e+00 0.000000000000000000e+00
-6.188749913538145186e+00 -2.898623696532917293e+00 0.000000000000000000e+00
-1.243346682305196005e+01 -1.408849359333410156e+01 0.000000000000000000e+00
5.708009734812555358e+00 -8.888178007169496908e+00 0.000000000000000000e+00
1.503903859970283641e+01 -6.392280278723684539e+00 0.000000000000000000e+00
2.266392320542785832e+00 1.264773625313307726e+00 0.000000000000000000e+00
9.308336011734088089e+00 -4.361994954554115900e+00 0.000000000000000000e+00
1.509110239430931344e+01 1.136816259058659639e+01 0.000000000000000000e+00
-1.415262209002907667e+01 3.900259186735981487e+00 0.000000000000000000e+00
5.230508644137451313e+00 1.206790332386247400e+01 0.000000000000000000e+00
2.712209597692503138e+00 1.651951605295886694e+01 0.000000000000000000e+00
7.490097840017996944e+00 1.380701600722986022e+01 0.000000000000000000e+00
-1.019517033348830282e+01 -3.882259677222045458e+00 0.000000000000000000e+00
-2.750984405087530060e+00 2.133603711415593907e+00 0.000000000000000000e+00
1.621970709128934018e+01 -1.620515162374283502e+00 0.000000000000000000e+00
-1.285951373647504781e+00 -7.031427464400779925e+00 0.000000000000000000e+00
5.851502531464176649e+00 3.392650349849755109e+00 0.000000000000000000e+00
-1.208211327791564393e+01 2.145977445633590719e+00 0.000000000000000000e+00
1.890810203646965837e+00 1.384531024356788720e+01 0.000000000000000000e+00
6.007350428647489693e+00 -1.798470390821213627e+01 0.000000000000000000e+00
-1.996759070440162542e+00 7.928312959536993887e+00 0.000000000000000000e+00
-1.533694150374895848e+01 -9.549337359914757073e+00 0.000000000000000000e+00
-1.731413391091326659e+01 5.065389605469840184e+00 0.000000000000000000e+00
-1.518512031126308059e+01 -7.540299805139206057e+00 0.000000000000000000e+00
-4.422928430010336642e-01 -9.395573758330412417e+00 0.000000000000000000e+00
-1.548153456643056103e+01 2.888028617144713373e+00 0.000000000000000000e+00
-1.102449189785791539e+01 1.534706150095215804e+01 0.000000000000000000e+00
1.163859575290338277e+01 1.425312738462696771e+01 0.000000000000000000e+00
-4.362959048187499356e+00 1.219309152754229686e+01 0.000000000000000000e+00
