7.791818268232383993e+00 -1.488754847032142514e+01 0.000000000000000000e+00
6.501594614967760144e+00 1.654853685594449786e+01 0.000000000000000000e+00
-9.093233387382872124e+00 1.274563990319973961e+01 0.000000000000000000e+00
2.493023187034697941e+00 1.921093783017320700e+00 0.000000000000000000e+00
-9.361062973258553299e+00 -1.167299789934858190e+01 0.000000000000000000e+00
-1.670398180099988394e+01 6.884639994331163138e+00 0.000000000000000000e+00
1.286543639922274096e+01 5.909830108495528478e+00 0.000000000000000000e+00
-1.111744416277554492e+01 8.708902670087526943e+00 0.000000000000000000e+00
2.341625771768215181e+00 8.895705105478292296e+00 0.000000000000000000e+00
-6.599255218106640619e+00 -5.823408451152209508e+00 0.000000000000000000e+00
1.833419609822855634e+01 -9.410410528571635513e-01 0.000000000000000000e+00
1.654332351071725782e+01 9.177835241452834580e+00 0.000000000000000000e+00
2.864011155261878550e+00 4.441329200286375567e+00 0.000000000000000000e+00
9.053435187169419640e-01 1.887206837875579879e+01 0.000000000000000000e+00
1.046764119418501643e-01 -1.482051138668108514e+01 0.000000000000000000e+00
1.286657518043003812e+01 1.244806908728263384e+00 0.000000000000000000e+00
1.089307196334318162e+00 1.608764979950403173e+01 0.000000000000000000e+00
-1.219252906664120673e+01 -1.425970970125552961e+00 0.000000000000000000e+00
6.005660312052377492e+00 1.173053469138658400e+01 0.000000000000000000e+00
1.085363684787158967e+01 -2.409481705008702068e+00 0.000000000000000000e+00
-5.781507466543510887e+00 -1.317796349279732837e+01 0.000000000000000000e+00
1.550243427797614437e+01 7.111669694729420677e+00 0.000000000000000000e+00
-7.744446433403418872e+00 -1.520510248297519018e+00 0.000000000000000000e+00
1.709560456698224939e+01 2.668915889783513684e+00 0.000000000000000000e+00
-1.721703694023015263e+00 -1.289295787062858167e+01 0.000000000000000000e+00
-8.287004490572169146e+00 1.075854244073830657e+01 0.000000000000000000e+00
1.307625719372675910e+01 1.164904747315405764e+01 0.000000000000000000e+00
-6.959677695000998199e+00 5.232816877485396923e+00 0.000000000000000000e+00
-1.738703092692141894e+01 4.309722618945780681e+00 0.000000000000000000e+00
-1.109346732774732480e+01 2.776230408737678346e+00 0.000000000000000000e+00
5.043452883692317812e+00 -1.450845853705174626e+01 0.000000000000000000e+00
-1.312870851037793996e+00 -1.670550382462026917e+01 0.000000000000000000e+00
-2.593181473681048566e+00 -2.985421422449031859e+00 0.000000000000000000e+00
-2.347249463863847030e+00 1.368101816551613581e+01 0.000000000000000000e+00
9.978536991712951831e+00 1.563456522357055611e+01 0.000000000000000000e+00
-1.022000360141849917e+01 -2.593061993993323266e+00 0.000000000000000000e+00
-6.027454665490614261e+00 -4.047124619512770138e+00 0.000000000000000000e+00
-1.371512785352587827e+01 1.264801685211601701e+01 0.000000000000000000e+00
-1.106896889757737235e+01 -1.345237081551428737e+01 0.000000000000000000e+00
-9.208087974013782429e+00 1.439123299529537192e+01 0.000000000000000000e+00
1.067896597773847844e+01 5.563432493239891308e+00 0.000000000000000000e+00
-6.792804299233708321e+00 1.446549356935615549e+01 0.000000000000000000e+00
1.062275746085977168e+01 1.618433387399186518e+00 0.000000000000000000e+00
-1.629305395245731347e+01 -6.802863829530263473e+00 0.000000000000000000e+00
4.639709213137409805e+00 -2.133655297233384207e+00 0.000000000000000000e+00
7.823620084248724682e-01 -2.777500095780727207e+00 0.000000000000000000e+00
2.713472610356610470e+00 1.837488318947685073e+01 0.000000000000000000e+00
-4.528289031570182033e+00 -9.482590253677541270e+00 0.000000000000000000e+00
-4.970777385231564871e+00 -1.132965450432288179e+01 0.000000000000000000e+00
-1.545159068819505066e+01 2.783886076485069805e-01 0.000000000000000000e+00
8.355673690682358767e+00 7.262974989784765079e+00 0.000000000000000000e+00
-1.815554007315578744e+01 -4.941567087639926470e+00 0.000000000000000000e+00
-1.165651131680796659e+01 4.499694473828977692e+00 0.000000000000000000e+00
-9.262668810249005347e+00 -7.569697293995681697e+00 0.000000000000000000e+00
1.283646738795111375e+01 -9.604125398751939713e+00 0.000000000000000000e+00
4.442835089223632572e+00 1.282486015135395796e+01 0.000000000000000000e+00
1.580324598718409490e+01 -3.024816917077233658e+00 0.000000000000000000e+00
-4.344813610725307917e+00 1.497630247137754189e+01 0.000000000000000000e+00
2.548782797567495262e+00 -1.859814102158675198e+01 0.000000000000000000e+00
2.555257174778761797e+00 -4.662999044387886372e+00 0.000000000000000000e+00
-3.142897237488856188e+00 -1.737563491430540452e+01 0.000000000000000000e+00
1.348835456839560898e+01 -7.452635048134245821e+00 0.000000000000000000e+00
7.794756943293178253e+00 8.871047080545833907e+00 0.000000000000000000e+00
-7.015119290120096274e+00 1.178676184847335051e+01 0.000000000000000000e+00
-2.258203509188404290e+00 -1.440175301155292331e+01 0.000000000000000000e+00
-4.812803985839446241e+00 1.802237446518218178e+01 0.000000000000000000e+00
-4.916470035040947373e+00 7.908817641058017323e+00 0.000000000000000000e+00
-4.510366477475219682e+00 6.236341172243678344e+00 0.000000000000000000e+00
-7.853013037942131902e+00 -1.459167737302924550e+01 0.000000000000000000e+00
-1.369248300703551813e+01 1.072631557256057278e+01 0.000000000000000000e+00
2.388971814121960691e-01 -6.281185593427935032e+00 0.000000000000000000e+00
1.392427199486095368e+01 -5.369154202825004774e+00 0.000000000000000000e+00
5.759156065501801258e+00 -4.459059266405807520e+00 0.000000000000000000e+00
-1.433404955871611652e-01 1.261029737660298355e+00 0.000000000000000000e+00
1.104087816095336194e+01 -1.224508448914835235e+01 0.000000000000000000e+00
-7.698426444139492730e+00 3.357364033630901190e+00 0.000000000000000000e+00
3.962275981762724886e+00 8.766434018010496487e+00 0.000000000000000000e+00
4.822428712561628750e+00 6.885891315993035278e+00 0.000000000000000000e+00
1.161423080018895959e+01 9.760867097617806465e+00 0.000000000000000000e+00
-1.322976595307612024e+00 2.787383374649435641e+00 0.000000000000000000e+00
-1.512468067175605846e+01 9.919714526259655329e+00 0.000000000000000000e+00
4.982578276918529170e+00 3.628091900458847441e+00 0.000000000000000000e+00
-6.373654766824528473e+00 -8.904217095515156721e-01 0.000000000000000000e+00
8.662616794001092302e+00 -1.678646746066051243e+00 0.000000000000000000e+00
7.275927752472158616e+00 4.431779277494469760e+00 0.000000000000000000e+00
-7.434059584341763838e+00 -3.102539123391739651e+00 0.000000000000000000e+00
-7.848002820179734718e-01 -1.530103424050310634e+00 0.000000000000000000e+00
-7.828845937523013276e+00 -1.057984315482597815e+01 0.000000000000000000e+00
3.050724021739941616e+00 -7.815177473303502875e-01 0.000000000000000000e+00
-1.964248436565022127e+00 5.239658982865725179e+00 0.000000000000000000e+00
-4.585217190783673402e+00 -1.606664541503393551e+01 0.000000000000000000e+00
1.005791260871756077e+00 -1.235726014827339014e+01 0.000000000000000000e+00
8.025661093757024966e-01 -1.820742300962800542e+01 0.000000000000000000e+00
-1.305348138553821435e+01 1.918583893542440411e+00 0.000000000000000000e+00
-1.192614112130259363e+00 1.705697590477829806e+01 0.000000000000000000e+00
-1.188494060800608132e+01 -4.245083772986286696e+00 0.000000000000000000e+00
-6.368579151926896387e-01 1.166595123496566089e+01 0.000000000000000000e+00
2.280684621379146293e+00 -1.397044516236698897e+01 0.000000000000000000e+00
1.380867886447955550e+00 -1.031022423095964768e+01 0.000000000000000000e+00
1.010883934071706314e+01 8.519969419340101879e+00 0.000000000000000000e+00
-3.272374952029302175e+00 -1.094900915814963582e+01 0.000000000000000000e+00
-6.398556891584783024e+00 8.294921823901537650e+00 0.000000000000000000e+00
-1.372157779725661442e+01 -1.043243227642203008e+00 0.000000000000000000e+00
-1.093676433836714423e+01 1.110689748379310338e+01 0.000000000000000000e+00
-8.986630376941542764e+00 4.613790468820519131e+00 0.000000000000000000e+00
1.479387268273801403e+01 -1.596284513894852264e+00 0.000000000000000000e+00
-6.429937852314035140e+00 1.842296627210512350e+00 0.000000000000000000e+00
-6.592719462705858291e+00 -1.607962460627283363e+01 0.000000000000000000e+00
-5.972420018828292321e+00 -7.971604151329168886e+00 0.000000000000000000e+00
1.039643684329726980e+01 -1.475664338876929271e+01 0.000000000000000000e+00
-3.112877564266767649e+00 1.758793946612310366e+00 0.000000000000000000e+00
1.773297272750724218e+01 -5.510617131229988530e+00 0.000000000000000000e+00
3.678575109469457871e+00 -1.031772991740967882e+01 0.000000000000000000e+00
-1.171985718079599970e+01 6.500484083751051356e-01 0.000000000000000000e+00
-6.385672197149734330e+00 -1.779741365491956628e+01 0.000000000000000000e+00
-1.623178970328505599e+01 8.906953072904345348e+00 0.000000000000000000e+00
7.823374514693319348e+00 1.541619016714441948e+01 0.000000000000000000e+00
-5.114144442622665210e+00 4.466763120470210957e+00 0.000000000000000000e+00
-8.514437271197209611e+00 7.598608914167251704e+00 0.000000000000000000e+00
-9.753367988242118258e+00 -4.514681716319770999e+00 0.000000000000000000e+00
1.886222551998018582e-01 1.467038137398071385e+01 0.000000000000000000e+00
-1.302773585282284152e+01 -1.349492104438193252e+01 0.000000000000000000e+00
-1.078415814047026089e+01 -8.491645775436708732e+00 0.000000000000000000e+00
6.518802796212535000e+00 -1.819537205996659246e+00 0.000000000000000000e+00
1.799075664535570596e+01 3.956956330796522536e+00 0.000000000000000000e+00
-1.795223661327495179e+01 -4.613303299900836096e-01 0.000000000000000000e+00
8.941833514399265326e+00 -8.776255271631869803e+00 0.000000000000000000e+00
1.079032403690023934e+01 1.192048702260839121e+01 0.000000000000000000e+00
7.558043647682052502e+00 1.370087696186675785e+01 0.000000000000000000e+00
-1.826325401592517217e+00 1.864709341720019253e+01 0.000000000000000000e+00
6.286073978149103958e+00 1.466385589851182658e+01 0.000000000000000000e+00
1.519818191003583951e+00 -8.702394484564984767e-02 0.000000000000000000e+00
6.243654789117270454e+00 1.791139255890189075e+00 0.000000000000000000e+00
-1.269992334215185004e+01 6.385734015846367129e+00 0.000000000000000000e+00
6.151642306858041920e+00 -7.673927635002455894e+00 0.000000000000000000e+00
8.595982618254063290e-01 1.260094892439990133e+01 0.000000000000000000e+00
-7.803682849033966917e+00 -1.290184688858201767e+01 0.000000000000000000e+00
-1.517502519037976683e+01 5.784391962596405534e+00 0.000000000000000000e+00
-8.738908716742875171e+00 -5.677349026468172966e+00 0.000000000000000000e+00
1.615371419847875245e+01 -7.881298003222409143e+00 0.000000000000000000e+00
2.656592828393630423e+00 1.485982266679464026e+01 0.000000000000000000e+00
-2.230181062704880368e+00 -5.862529790629555038e+00 0.000000000000000000e+00
1.136354536124585302e+01 -4.972712407404370261e+00 0.000000000000000000e+00
-9.395788075405345552e+00 4.360017778982729908e-01 0.000000000000000000e+00
-1.472057172267445324e+01 -5.608273623280153330e+00 0.000000000000000000e+00
1.051102608328381294e+01 1.377450493417218169e+01 0.000000000000000000e+00
8.695610569155011405e+00 -7.054258104644926419e+00 0.000000000000000000e+00
-9.028243890664233717e+00 -1.633681696235921876e+01 0.000000000000000000e+00
-6.949188928944046495e+00 6.877533060754078775e+00 0.000000000000000000e+00
-1.385853923812478294e+00 -7.976773173126654903e+00 0.000000000000000000e+00
1.900112483642397265e+00 -8.084609561934565036e+00 0.000000000000000000e+00
3.776498805945516679e+00 -5.883735896771066898e+00 0.000000000000000000e+00
2.735924010071222767e+00 -2.917591190292552206e+00 0.000000000000000000e+00
-6.580817578339101637e+00 1.659727318509072802e+01 0.000000000000000000e+00
-1.809008773314664253e+01 1.742419105391965539e+00 0.000000000000000000e+00
-2.868112543619753652e+00 3.312442712766755282e+00 0.000000000000000000e+00
6.174313857168185038e+00 -1.753448263365885751e+01 0.000000000000000000e+00
-1.689264693553760521e+00 1.456008380685468728e-01 0.000000000000000000e+00
4.345992410446296361e+00 -7.552556875254426316e+00 0.000000000000000000e+00
-1.482331850168372434e+01 -1.182788063532454714e+01 0.000000000000000000e+00
-9.824623835441846254e+00 6.499857649897207601e+00 0.000000000000000000e+00
1.231867369634825415e+01 -1.591572179811828747e+00 0.000000000000000000e+00
9.172860269169524017e+00 -1.329649252934847148e+01 0.000000000000000000e+00
1.518314387346160821e+01 3.852322299333935440e+00 0.000000000000000000e+00
-1.272681461196082431e+01 -1.160259770559250114e+01 0.000000000000000000e+00
8.870723912486417007e+00 -1.090180168126767057e+01 0.000000000000000000e+00
1.974925530254928896e+00 1.108993382206764089e+01 0.000000000000000000e+00
1.265301269251105509e+01 7.852783970322284368e+00 0.000000000000000000e+00
-1.452092484558584395e+01 7.293648148191343772e+00 0.000000000000000000e+00
1.459812021670357574e+01 -8.666463416827697941e+00 0.000000000000000000e+00
1.657878883168958239e+01 1.020306977774724455e+00 0.000000000000000000e+00
-1.267894488870975245e+01 -8.808291085880673776e+00 0.000000000000000000e+00
8.635331533156634265e+00 -3.788037068240490246e+00 0.000000000000000000e+00
1.551263827654896765e+01 -1.066133715703566942e+01 0.000000000000000000e+00
1.076505874630220960e+00 3.316764545171338341e+00 0.000000000000000000e+00
5.609418387181908550e+00 -1.072004863586347945e+01 0.000000000000000000e+00
-4.028595574825427406e+00 1.009366519829227649e+01 0.000000000000000000e+00
6.826783710044297848e+00 6.708390393560557108e+00 0.000000000000000000e+00
-4.993213434490918701e+00 1.342188498245311479e+01 0.000000000000000000e+00
8.347579352186915713e+00 1.072651608872565809e+01 0.000000000000000000e+00
-4.890808121828251309e+00 4.360822243313265956e-01 0.000000000000000000e+00
-8.163356225396599442e+00 1.682833084480241048e+00 0.000000000000000000e+00
6.182066020122381822e+00 -1.269944407300987343e+01 0.000000000000000000e+00
8.266355323316235015e+00 5.050424553026950925e-01 0.000000000000000000e+00
1.329542390831129950e+01 3.055690453778294291e+00 0.000000000000000000e+00
-2.598296159342333711e-01 -4.155605436277122422e+00 0.000000000000000000e+00
1.717616223615889126e+01 -2.298833545344930229e+00 0.000000000000000000e+00
5.054221112529824644e+00 -1.637995257227338541e+01 0.000000000000000000e+00
1.243399981401739751e+01 1.323078314140892253e+01 0.000000000000000000e+00
7.887711004613319865e+00 1.221055018535031600e+01 0.000000000000000000e+00
-1.946648544862629393e+00 1.565306351594129275e+01 0.000000000000000000e+00
6.723220452435164418e+00 -9.180351509711247360e+00 0.000000000000000000e+00
1.615598572139616351e+01 -5.438393699309648888e+00 0.000000000000000000e+00
-1.399588622923833370e+01 -7.972365920093736236e+00 0.000000000000000000e+00
-5.313652593735980645e+00 -2.212139787227792365e+00 0.000000000000000000e+00
1.380888715398879141e+00 5.435278854484614008e+00 0.000000000000000000e+00
4.475183626704866136e+00 1.543093398191836307e+01 0.000000000000000000e+00
1.679068721509824869e+01 5.995751104842740098e+00 0.000000000000000000e+00
-6.642428206219173958e+00 -1.191698551205628043e+01 0.000000000000000000e+00
-1.813067879194201382e+01 5.623857601803493367e+00 0.000000000000000000e+00
-1.078114038914704365e+00 -1.866299937636083683e+01 0.000000000000000000e+00
-3.641497495816959695e+00 4.924609092787462394e+00 0.000000000000000000e+00
1.450840516938286484e+01 1.026479705464421954e+01 0.000000000000000000e+00
1.065755267353376112e+01 -8.408710129628156338e+00 0.000000000000000000e+00
-1.621437416353808914e+01 3.003755514068715993e+00 0.000000000000000000e+00
-4.202531960108796483e+00 -1.383907965181416166e+01 0.000000000000000000e+00
9.779076430325510216e+00 3.442968435384862858e+00 0.000000000000000000e+00
-1.695274974131655554e+01 -3.532600694411555331e+00 0.000000000000000000e+00
-3.683324310639414900e+00 -4.375574576435973029e+00 0.000000000000000000e+00
-9.088783499044527758e+00 -9.730538485093408241e+00 0.000000000000000000e+00
4.553232830644198259e+00 1.786500173345684317e+01 0.000000000000000000e+00
1.387016503774178666e+01 -1.204401982025778928e+01 0.000000000000000000e+00
-2.522832980381727541e+00 7.766701467189119690e+00 0.000000000000000000e+00
-7.895521408741473124e+00 -8.369834279016791001e+00 0.000000000000000000e+00
-1.123779586007612785e+01 1.282487157834785130e+01 0.000000000000000000e+00
-3.880295347186746291e+00 -6.469447053268057246e+00 0.000000000000000000e+00
-1.571281028204799135e+01 -9.006085759692663117e+00 0.000000000000000000e+00
3.337440833569277121e+00 7.330879426559849144e+00 0.000000000000000000e+00
-3.098758945420042821e+00 1.692101733461999657e+01 0.000000000000000000e+00
6.609160469527441073e+00 1.003062426948859809e+01 0.000000000000000000e+00
4.104156152353949594e+00 -1.831859369102373947e+01 0.000000000000000000e+00
-1.402407621959570250e+01 3.388975084975160090e+00 0.000000000000000000e+00
5.482844386787478541e+00 8.344374467046717925e+00 0.000000000000000000e+00
-1.195209399175252862e+01 -6.317569314623581178e+00 0.000000000000000000e+00
4.427359460522485080e+00 1.888329586014346306e+00 0.000000000000000000e+00
7.016059518610491708e+00 -6.104893088536639034e+00 0.000000000000000000e+00
-1.255169084482443509e+01 7.886020299802566136e+00 0.000000000000000000e+00
-1.009953226905224488e+00 8.527110453957677194e+00 0.000000000000000000e+00
-1.031192647308578181e+01 -8.940624108718300267e-01 0.000000000000000000e+00
1.819243802014793232e+01 -3.565141975895350424e+00 0.000000000000000000e+00
1.516648940321857175e+01 1.724279918620692298e+00 0.000000000000000000e+00
-1.521498527970978465e+01 -1.737379515945356667e+00 0.000000000000000000e+00
1.161796471707122258e+01 -7.013774431694817402e+00 0.000000000000000000e+00
-1.334593774833598978e+01 4.984734834914716473e+00 0.000000000000000000e+00
1.213954896422227669e+01 -3.592947472722332058e+00 0.000000000000000000e+00
-2.830343820967376800e+00 1.111809108468385077e+01 0.000000000000000000e+00
-1.345133585532856380e+01 -2.838420651013684015e+00 0.000000000000000000e+00
1.811201753864617459e+01 6.413454695923291871e-01 0.000000000000000000e+00
-8.155063634046436860e+00 1.617237017538694133e+01 0.000000000000000000e+00
-2.163984098318195493e+00 -9.315620319988717313e+00 0.000000000000000000e+00
-1.111598138988990137e+01 -1.176702160748013704e+01 0.000000000000000000e+00
2.850196089012074996e+00 1.313762041039569617e+01 0.000000000000000000e+00
-1.010793680414521134e+01 -1.524755456675337584e+01 0.000000000000000000e+00
1.009946241886432183e+01 -6.404716527327085629e+00 0.000000000000000000e+00
1.076518694969360190e+01 -1.250570301103135218e-01 0.000000000000000000e+00
-1.221541044295274858e+01 9.791651743697268984e+00 0.000000000000000000e+00
2.869907782150714848e+00 -1.610658044483021811e+01 0.000000000000000000e+00
-6.500236133274892580e+00 -9.600045703832368105e+00 0.000000000000000000e+00
3.340484799338435895e+00 -1.229051041083860341e+01 0.000000000000000000e+00
1.135884328482629435e+01 7.036184008915185473e+00 0.000000000000000000e+00
7.364427671938859277e+00 -1.167961617350488979e+01 0.000000000000000000e+00
-9.075827371945527133e+00 9.003311264105336775e+00 0.000000000000000000e+00
-6.631275949285804217e+00 9.933283810342739883e+00 0.000000000000000000e+00
6.194951604684461266e+00 2.718692898174868144e-01 0.000000000000000000e+00
1.237449793325552072e+01 -1.309748961801301448e+01 0.000000000000000000e+00
1.775434313180343393e+00 -6.067687893342000649e+00 0.000000000000000000e+00
