-7.196242415800498726e+00 6.867340179722208227e+00 0.000000000000000000e+00
-1.821394908484937680e+00 1.658124820341523886e+01 0.000000000000000000e+00
-7.643372348608046783e-03 -5.384919632135870771e+00 0.000000000000000000e+00
2.637834484235941357e+00 -1.861473182330885834e+01 0.000000000000000000e+00
-1.626781192829091505e-01 1.723200334680197088e+01 0.000000000000000000e+00
-1.682263036041241477e+01 8.811257102222617377e+00 0.000000000000000000e+00
1.347233649563677993e+01 1.010703699055819582e+00 0.000000000000000000e+00
1.015311535365733064e+01 -4.161562915520028660e+00 0.000000000000000000e+00
-1.042125917542150049e+01 2.844019128474615687e+00 0.000000000000000000e+00
-6.838490272051155117e+00 -1.771730451763745151e+01 0.000000000000000000e+00
1.169773584004822808e+01 -9.895405499991142051e+00 0.000000000000000000e+00
-3.010303792537202927e+00 -4.419639056390422205e+00 0.000000000000000000e+00
-4.110866027544373136e-01 3.206799698240276442e+00 0.000000000000000000e+00
-1.243073297716055592e+01 7.822649183643772375e+00 0.000000000000000000e+00
2.425080858960590113e+00 -1.157800346293866767e+01 0.000000000000000000e+00
-3.202384218798089321e+00 1.538099197848002753e+00 0.000000000000000000e+00
-1.658814273213673829e+01 -6.576151548850095452e+00 0.000000000000000000e+00
7.465819261848203325e+00 -1.242181587216697736e+01 0.000000000000000000e+00
5.285506414913585083e+00 4.558373004258032601e+00 0.000000000000000000e+00
-1.105834368434461368e+00 -7.951945823462471807e-01 0.000000000000000000e+00
-1.575349468640093598e+01 3.778560193199761663e+00 0.000000000000000000e+00
-1.371644491737500360e+01 -1.077261742013534729e+01 0.000000000000000000e+00
1.045699435588583093e+01 2.188667345148342047e+00 0.000000000000000000e+00
4.586529513595762886e+00 1.645512985380307569e+01 0.000000000000000000e+00
1.308863637557795556e+01 -1.676263167068306359e+00 0.000000000000000000e+00
1.330512677760804685e+01 1.076689273435055405e+01 0.000000000000000000e+00
2.967898878415046404e+00 -1.626195800964947225e+01 0.000000000000000000e+00
1.522515013319752875e+01 -9.825672654684186824e+00 0.000000000000000000e+00
1.714219711857399187e+00 4.861666036607299901e+00 0.000000000000000000e+00
1.990056332544562157e+00 1.631398778503548996e+01 0.000000000000000000e+00
-4.734153351298936663e+00 -4.045644185012017141e-02 0.000000000000000000e+00
1.693326935299092284e+01 -2.837449684751828016e+00 0.000000000000000000e+00
1.222955555017449747e+01 -1.235382319620076963e+01 0.000000000000000000e+00
-8.432985112095170877e+00 1.656335812389227868e+01 0.000000000000000000e+00
-4.713664335821312612e+00 -2.510342829692400635e+00 0.000000000000000000e+00
-1.015042169300641461e+01 1.101790952611932006e+01 0.000000000000000000e+00
9.878955789811298516e+00 5.487206746963543047e+00 0.000000000000000000e+00
4.390265388564744242e+00 1.154027399237600093e+01 0.000000000000000000e+00
-1.250892752840876199e+00 -1.578921223997260093e+01 0.000000000000000000e+00
-9.277161719708576726e+00 -6.550245343673726239e+00 0.000000000000000000e+00
1.014589464279249320e+01 -9.706401376354926169e-01 0.000000000000000000e+00
-1.268826504642883357e+01 -7.819216062833389547e-01 0.000000000000000000e+00
-4.678998613227829395e+00 -1.017803485419486087e+01 0.000000000000000000e+00
-3.990657088904796534e+00 1.369642049389521787e+01 0.000000000000000000e+00
2.210679906444215970e+00 -2.215624882105167615e+00 0.000000000000000000e+00
1.329971123331110228e+00 -6.874169760275445462e+00 0.000000000000000000e+00
-2.794480929721017581e+00 -1.104837614790015721e+01 0.000000000000000000e+00
1.323587604563959808e+01 -9.881485691416877160e+00 0.000000000000000000e+00
6.202570994007691851e+00 -1.458743358007376756e+01 0.000000000000000000e+00
6.639980077944652948e+00 -8.826766954040763835e+00 0.000000000000000000e+00
-7.115564484654022692e+00 1.009503989758862375e+01 0.000000000000000000e+00
-9.047720426938385074e+00 2.175281992631761807e-01 0.000000000000000000e+00
7.495850550244918864e+00 -1.065027335314657542e+01 0.000000000000000000e+00
-1.166850204339988473e+01 -7.492640760582864878e+00 0.000000000000000000e+00
5.899058549251743777e+00 1.034552539218605460e+01 0.000000000000000000e+00
-3.092836443564198401e+00 -1.266179162779738654e+01 0.000000000000000000e+00
1.078566070825547785e+00 -1.746743171602123113e+01 0.000000000000000000e+00
4.979941180970805625e+00 -1.354825872173189438e+01 0.000000000000000000e+00
-1.405239597274454511e+01 1.223916146033301366e+01 0.000000000000000000e+00
-9.163551964788265281e+00 -1.452965908000233242e+01 0.000000000000000000e+00
-2.362201866403090267e-01 -1.270247508292372096e+01 0.000000000000000000e+00
-5.866076249151171318e+00 8.618731084651241048e+00 0.000000000000000000e+00
1.938318732141413925e+00 1.153384091741959594e+01 0.000000000000000000e+00
6.466264829352978083e+00 -6.666071631910146067e+00 0.000000000000000000e+00
-1.547331143604721682e+00 8.702426598277979153e+00 0.000000000000000000e+00
-6.738691859572758069e+00 -1.138331800701816121e+01 0.000000000000000000e+00
-1.371154672187411272e+01 3.877149393672780331e+00 0.000000000000000000e+00
1.595190342346682932e+01 -6.510918897427824703e+00 0.000000000000000000e+00
3.528113146798614874e+00 2.553351199124138216e+00 0.000000000000000000e+00
4.613574048261279259e+00 -1.183209929748088252e+00 0.000000000000000000e+00
1.758419951579861618e+01 -5.240741189166307379e+00 0.000000000000000000e+00
1.188216543458436014e+01 -1.416232934767493390e+01 0.000000000000000000e+00
-1.733886638793543966e+01 2.971281823962585555e+00 0.000000000000000000e+00
-7.616643732600625327e+00 2.723443543200112504e+00 0.000000000000000000e+00
7.980372598047257071e+00 -2.893120852956124978e+00 0.000000000000000000e+00
-8.789840512682163265e+00 9.127982837693700446e+00 0.000000000000000000e+00
2.666020478569222085e+00 8.259070674799396272e+00 0.000000000000000000e+00
-7.491007139777810409e+00 -2.866724050283200764e+00 0.000000000000000000e+00
2.939180104204928146e+00 1.379646782132153326e+01 0.000000000000000000e+00
9.692473376484246117e+00 1.347549876873045172e+01 0.000000000000000000e+00
-2.770560167151779885e-01 -3.514613712927249889e+00 0.000000000000000000e+00
1.825198399020213458e+01 -5.357784354747009425e-01 0.000000000000000000e+00
-1.336321128854503115e+01 -5.312363418093989154e+00 0.000000000000000000e+00
8.265429232669651682e+00 -1.429227698188106466e+01 0.000000000000000000e+00
-1.601684724981968344e+00 1.373512064509514197e+01 0.000000000000000000e+00
3.893571234320548413e+00 -4.146365679849071562e+00 0.000000000000000000e+00
4.722687476820279784e+00 1.309779783549230459e+01 0.000000000000000000e+00
-9.249396990411090869e+00 -2.777557187410247597e+00 0.000000000000000000e+00
-2.480899582521778335e+00 4.646655957212012744e+00 0.000000000000000000e+00
-5.405252182434558961e+00 5.208821109906624613e+00 0.000000000000000000e+00
-1.679856362785835699e+01 5.010406480123815065e+00 0.000000000000000000e+00
1.036414164257294102e-01 1.538317354455416730e+00 0.000000000000000000e+00
6.873876921158723619e+00 1.702828882950234268e+00 0.000000000000000000e+00
4.628706731703052135e+00 -8.919198544655309036e+00 0.000000000000000000e+00
-3.038370213566516043e+00 1.874785044193255956e+01 0.000000000000000000e+00
2.507803699139716347e+00 -9.483758635473531484e+00 0.000000000000000000e+00
9.638345612490546443e-01 1.856248271322549215e+01 0.000000000000000000e+00
9.128023121520861594e+00 -7.336345014800430775e+00 0.000000000000000000e+00
5.172421560385772388e+00 1.501144605602989657e+01 0.000000000000000000e+00
8.587710041559736496e+00 1.629146709983959695e+01 0.000000000000000000e+00
1.208069878655835039e+00 -4.381918202073999957e-01 0.000000000000000000e+00
-1.072808260673845560e+01 -1.696296671041253257e+00 0.000000000000000000e+00
4.091278678682678915e+00 1.799022219019617452e+01 0.000000000000000000e+00
-1.439363963648926870e+01 -4.165845014867402440e+00 0.000000000000000000e+00
1.403633399009743243e+01 8.735934752874042530e+00 0.000000000000000000e+00
1.060508983876978562e+01 7.559303130911469104e+00 0.000000000000000000e+00
1.444744466820604423e+01 6.858387682260418394e+00 0.000000000000000000e+00
-1.507618621931336556e+01 -9.499292097564309145e+00 0.000000000000000000e+00
-4.786459424534247553e+00 -7.672839265000475528e+00 0.000000000000000000e+00
-1.344308580346598525e+01 1.043073671123159762e+01 0.000000000000000000e+00
-4.919016731768794060e+00 2.617303905896720462e+00 0.000000000000000000e+00
1.856142362407910440e+01 -2.861118026260905278e+00 0.000000000000000000e+00
1.222336171713856601e+01 -3.769378685811688445e+00 0.000000000000000000e+00
7.305342082117280533e+00 -1.684668566102510923e+01 0.000000000000000000e+00
-2.793956990976641519e-01 1.093680614776285154e+01 0.000000000000000000e+00
-1.656349317844529878e+01 -4.996902578408405127e+00 0.000000000000000000e+00
-3.316061633163609912e+00 -1.674608242237921019e+01 0.000000000000000000e+00
1.673929518382846382e+01 2.992045719246930968e+00 0.000000000000000000e+00
-6.825764302170586717e+00 -7.030197182672620393e+00 0.000000000000000000e+00
6.405693559555846406e+00 -1.866290922202778146e+00 0.000000000000000000e+00
-6.991643385081519391e+00 -1.497284667282865378e+01 0.000000000000000000e+00
8.426981838422975102e+00 7.416520213518329463e+00 0.000000000000000000e+00
8.633749426666886828e-01 8.256739311654765601e+00 0.000000000000000000e+00
-2.287533236393919811e+00 -2.049728254266781402e+00 0.000000000000000000e+00
2.617893580068257009e+00 7.610845408084556674e-01 0.000000000000000000e+00
3.771605391561952736e+00 -5.691718200629433788e+00 0.000000000000000000e+00
-1.672583475084442739e+01 1.506313999000568504e+00 0.000000000000000000e+00
-8.188612965651008935e+00 -1.338072556009366565e+01 0.000000000000000000e+00
-2.922793305862802615e+00 1.172443016361816959e+01 0.000000000000000000e+00
1.461772466093428591e+01 4.204806571873913157e+00 0.000000000000000000e+00
1.627338677290199698e+01 5.476545322400282245e+00 0.000000000000000000e+00
7.867159185198532079e+00 5.645664819226968723e-01 0.000000000000000000e+00
-1.503802936788308742e+01 -1.211307652863072182e+00 0.000000000000000000e+00
1.612238568662846916e+01 1.304516503979820108e+00 0.000000000000000000e+00
-1.075899865653547849e+01 -3.983746900311079919e+00 0.000000000000000000e+00
7.342651992845214970e+00 1.487680543986366821e+01 0.000000000000000000e+00
-1.425927001697510832e+01 6.493605057052912244e+00 0.000000000000000000e+00
6.789838450848118434e+00 5.211504551502405214e+00 0.000000000000000000e+00
1.054804478876683760e+01 9.076433756295765320e+00 0.000000000000000000e+00
-1.101977765699158063e+01 6.995426095771025032e+00 0.000000000000000000e+00
5.017914084436651656e+00 7.001307685222418087e+00 0.000000000000000000e+00
1.010886477773971670e+01 -9.144443333705122967e+00 0.000000000000000000e+00
2.659019500220769938e+00 -7.925684062335994540e+00 0.000000000000000000e+00
-1.224665803089129668e+01 1.430443249271200123e+01 0.000000000000000000e+00
-6.168229448560637707e+00 1.376144091899060307e+01 0.000000000000000000e+00
1.348834994529647169e+01 5.346732376619953264e+00 0.000000000000000000e+00
-2.534787097802001288e+00 7.400835506611107562e+00 0.000000000000000000e+00
-1.427276296426209079e+01 7.731468145264295266e-01 0.000000000000000000e+00
5.925488808731408374e-01 -1.549875903141644251e+01 0.000000000000000000e+00
-3.987820403135850178e+00 -1.819797859895526670e+01 0.000000000000000000e+00
-2.257328134562516464e+00 -1.440210370238104254e+01 0.000000000000000000e+00
-7.671199482824881954e+00 8.292675062269282416e-01 0.000000000000000000e+00
6.483414363720418905e+00 1.177795000846341367e+01 0.000000000000000000e+00
1.246236020044244697e+01 2.419691576568605118e+00 0.000000000000000000e+00
2.531863429312424252e+00 6.596534814035164729e+00 0.000000000000000000e+00
2.895605943023026985e+00 1.021402085941781479e+01 0.000000000000000000e+00
-8.204327602804472264e+00 -8.332339915518250706e+00 0.000000000000000000e+00
-6.850450828450983742e+00 1.513660694120621208e+01 0.000000000000000000e+00
2.768436843179886697e+00 -1.354520841606806769e+01 0.000000000000000000e+00
1.866146003165713196e+01 2.223996282122906454e+00 0.000000000000000000e+00
-1.443746116428714110e+01 -6.987451523284976318e+00 0.000000000000000000e+00
1.275046962390183225e+01 1.223864264484646469e+01 0.000000000000000000e+00
1.475723560770983411e+01 -1.434670070762878724e-01 0.000000000000000000e+00
1.236050225818684467e+01 -7.257968801247950630e+00 0.000000000000000000e+00
1.457716312549633564e+01 -4.110475249796806452e+00 0.000000000000000000e+00
3.935806017569962734e+00 -1.766631674635702254e+01 0.000000000000000000e+00
-5.139118945622095147e+00 1.685794505101161533e+01 0.000000000000000000e+00
1.510346766300494536e+01 -2.043283393800833014e+00 0.000000000000000000e+00
-2.025341504518622493e+00 -1.839850118597063755e+01 0.000000000000000000e+00
-7.422666742993572875e+00 -4.933023838274574580e+00 0.000000000000000000e+00
-3.394701754548640871e+00 1.547652384629969546e+01 0.000000000000000000e+00
1.674624860284543715e+01 7.020167891425789009e+00 0.000000000000000000e+00
-1.016710137925750601e+01 -9.377075800623506652e+00 0.000000000000000000e+00
6.919224267641251203e+00 7.870100304374878952e+00 0.000000000000000000e+00
-1.285565550609343077e+01 -1.304699235002029134e+01 0.000000000000000000e+00
7.992249649268075906e+00 1.161809266888802838e+01 0.000000000000000000e+00
-4.963717582905831094e+00 9.947340749815491989e+00 0.000000000000000000e+00
4.590897471653638817e+00 -1.168315332831397235e+01 0.000000000000000000e+00
5.595439780633046922e+00 1.796016656033863276e-02 0.000000000000000000e+00
-8.373791523376070245e+00 1.319216015950442156e+01 0.000000000000000000e+00
1.418282578227743151e+01 -6.148683684285069617e+00 0.000000000000000000e+00
-9.678048555003172737e+00 5.586305653697573703e+00 0.000000000000000000e+00
-1.029079058170792216e+01 -1.097173838321371697e+01 0.000000000000000000e+00
1.740020014368931101e+01 -7.622065701034081542e+00 0.000000000000000000e+00
-4.711397871101434376e+00 -1.520436843368721114e+01 0.000000000000000000e+00
-1.846581018448578604e+01 -3.538464652980091163e+00 0.000000000000000000e+00
1.032020162276423214e+01 -1.209380424033864010e+01 0.000000000000000000e+00
-1.007802566239261566e+01 1.559181796092970274e+01 0.000000000000000000e+00
-4.386038820822147244e+00 6.796315977182306511e+00 0.000000000000000000e+00
-6.653003391986167081e+00 -8.611571940110170686e+00 0.000000000000000000e+00
5.541242685375867616e+00 -4.065647152161831812e+00 0.000000000000000000e+00
-8.633076044740912280e+00 -1.652295908444726891e+01 0.000000000000000000e+00
-3.375951704111400109e-01 -6.944549373098402256e+00 0.000000000000000000e+00
-1.764596887037109241e+01 1.491439324936867095e-01 0.000000000000000000e+00
-1.529822088636335664e+01 8.070585744558778529e+00 0.000000000000000000e+00
-8.533228311973788394e-01 -1.734808138942340605e+01 0.000000000000000000e+00
8.767118328036032082e+00 -5.148125965632385892e+00 0.000000000000000000e+00
-1.048198769001560926e+01 -1.344042404844799243e+01 0.000000000000000000e+00
-2.643552482615834087e+00 -6.464614175334137514e+00 0.000000000000000000e+00
-5.568654848487645026e+00 -5.279128765096923637e+00 0.000000000000000000e+00
-3.782363372450262551e-01 -1.112223355383746615e+01 0.000000000000000000e+00
8.668798325330056898e+00 9.086914873153517647e+00 0.000000000000000000e+00
1.063927188841458893e+01 -6.862819068257299371e+00 0.000000000000000000e+00
1.205825024108932908e+01 7.981158439550602779e+00 0.000000000000000000e+00
-6.983185784013859809e+00 5.224368036203791199e+00 0.000000000000000000e+00
-6.324820212898015548e+00 -1.874571371231837702e+00 0.000000000000000000e+00
3.621652349380150682e+00 5.386215637648512633e+00 0.000000000000000000e+00
5.829450170566232714e+00 -1.018051504251844541e+01 0.000000000000000000e+00
-1.270838029217270559e+01 1.813921029637785232e+00 0.000000000000000000e+00
1.222068892784807304e+01 3.969672996345620319e+00 0.000000000000000000e+00
-7.704001617518275724e-01 6.833510890594546083e+00 0.000000000000000000e+00
-1.664978192720945671e+01 -2.600300909814740269e+00 0.000000000000000000e+00
9.655818677869367761e+00 -1.536451356465511964e+01 0.000000000000000000e+00
9.845881937630888814e+00 3.561321605621593278e+00 0.000000000000000000e+00
-9.176898234320713943e-01 4.975498946485127583e+00 0.000000000000000000e+00
-1.493929365788041075e+01 9.993473970937042594e+00 0.000000000000000000e+00
1.886233542400247876e+00 2.344526819243506477e+00 0.000000000000000000e+00
-2.129332787505664459e+00 -8.722490812707262009e+00 0.000000000000000000e+00
-1.106839824437107289e+01 9.735309442861126428e+00 0.000000000000000000e+00
-4.302767858180720495e+00 4.172131400236441578e+00 0.000000000000000000e+00
-3.637056127893183000e+00 1.713659306426507811e+01 0.000000000000000000e+00
-1.238930119808801678e+01 -9.576644801756319936e+00 0.000000000000000000e+00
6.630543188186514003e-01 -2.304337816016199358e+00 0.000000000000000000e+00
9.451816383099821195e+00 1.045160160555964346e+01 0.000000000000000000e+00
1.502404882938659902e+01 1.050715389129204169e+01 0.000000000000000000e+00
-4.996904787555083161e+00 1.497130452305352755e+01 0.000000000000000000e+00
1.084691864684493368e+01 1.514559544094375632e+01 0.000000000000000000e+00
-1.125415245981310619e+01 1.248318078733055714e+01 0.000000000000000000e+00
1.433935321962534104e+01 -1.245602977658569621e+01 0.000000000000000000e+00
6.963116028251096878e+00 -4.671218070548490253e+00 0.000000000000000000e+00
1.772076544885092630e+01 4.248639836490732513e+00 0.000000000000000000e+00
5.035422656148562659e-01 -8.636706256529492975e+00 0.000000000000000000e+00
1.058078666878968566e+00 1.488544825661573334e+01 0.000000000000000000e+00
-1.577728372600300943e+01 3.305643165577537568e-01 0.000000000000000000e+00
-1.514154514487499448e+01 2.355740038779140733e+00 0.000000000000000000e+00
-6.625925707027174205e+00 1.765358512447537365e+01 0.000000000000000000e+00
1.137483272142266166e+01 -5.187284274358181513e+00 0.000000000000000000e+00
-6.252829917677540372e+00 -1.297870176676026333e+01 0.000000000000000000e+00
-1.275660707406990824e+01 -3.558737147612369700e+00 0.000000000000000000e+00
1.501924340235002653e+01 -7.819715448857864182e+00 0.000000000000000000e+00
5.274744926201109685e+00 2.066071414860407796e+00 0.000000000000000000e+00
1.111474552898388168e+01 1.298247685730802736e+01 0.000000000000000000e+00
-5.168951462532763053e+00 -1.686843815246744072e+01 0.000000000000000000e+00
-1.100577237626405136e+01 -1.543717389651576433e+01 0.000000000000000000e+00
1.671863820899893227e+01 -1.126287924722829237e+00 0.000000000000000000e+00
1.202445277784340405e+01 5.721190048923407545e+00 0.000000000000000000e+00
-6.532254536205725159e+00 -3.531151287197189514e-01 0.000000000000000000e+00
2.275364519373935135e+00 -5.292048905768851341e+00 0.000000000000000000e+00
-7.155661750473400140e+00 1.225956437195748983e+01 0.000000000000000000e+00
-1.216898429123645364e+01 5.739799622314568417e+00 0.000000000000000000e+00
5.862542506403890519e-01 1.305388942210875314e+01 0.000000000000000000e+00
-4.538174944999292748e+00 1.170342494281561230e+01 0.000000000000000000e+00
-1.747661679143083902e+01 6.781764831030602458e+00 0.000000000000000000e+00
4.964017591058379253e+00 8.829378656404639258e+00 0.000000000000000000e+00
1.129218093544930390e+01 1.056511138319194210e+01 0.000000000000000000e+00
-8.808324556537694860e+00 7.618125872070857341e+00 0.000000000000000000e+00
