-1.149823764899772627e+01 6.700582843105643782e+00 0.000000000000000000e+00
5.401741732650716443e+00 -1.609098882999892766e+01 0.000000000000000000e+00
1.353345447571453342e+01 5.275002033622639974e-01 0.000000000000000000e+00
-8.347497319873514954e+00 -9.894544099153051775e+00 0.000000000000000000e+00
-1.177850801993904106e+01 -4.098840380277279927e+00 0.000000000000000000e+00
-8.264637869151330918e+00 -1.367316934930957117e+01 0.000000000000000000e+00
-5.002769001572621832e+00 9.967183330213670089e+00 0.000000000000000000e+00
8.743847066263546353e+00 -9.349449866703002598e+00 0.000000000000000000e+00
9.539154167688218777e+00 -1.771746237122939549e+00 0.000000000000000000e+00
1.999928221850333143e+00 -7.989231825239302864e+00 0.000000000000000000e+00
-6.058106159255322254e+00 -7.047879459764453181e+00 0.000000000000000000e+00
-1.129824491539717357e+01 -1.281501255075280632e+01 0.000000000000000000e+00
-1.076169397980151032e+01 -6.295656811596150426e+00 0.000000000000000000e+00
-3.338595276320669214e+00 6.245795263287098109e+00 0.000000000000000000e+00
-6.888134374513934510e-01 -1.686279883623556630e+00 0.000000000000000000e+00
3.366126626043323800e+00 -2.662732311775197758e+00 0.000000000000000000e+00
-2.647958475316121607e+00 1.492113677542275596e+01 0.000000000000000000e+00
-1.823719663797613411e+00 2.766414406816411820e+00 0.000000000000000000e+00
-9.295018119394136136e+00 3.002826662525345913e+00 0.000000000000000000e+00
-3.397680415887995409e+00 -4.540904948013722020e+00 0.000000000000000000e+00
-5.382167252000034097e+00 4.437189132481901943e+00 0.000000000000000000e+00
-1.742815646600628554e+01 -9.470225666012414001e-01 0.000000000000000000e+00
-9.034955274122326685e+00 -1.784838646975600129e+00 0.000000000000000000e+00
-1.068913803465957102e+01 -1.697977859433037473e-01 0.000000000000000000e+00
3.083212180893438181e-01 8.783849073525736628e+00 0.000000000000000000e+00
1.935925194600738086e+00 1.890160615707888292e+00 0.000000000000000000e+00
1.416234457111939804e+01 -7.955226184292728320e+00 0.000000000000000000e+00
-6.819224024154377339e+00 9.595048024169710033e+00 0.000000000000000000e+00
-5.931401972064690220e+00 -1.302438904858342461e+01 0.000000000000000000e+00
6.938422727668281276e+00 1.095960493832444627e+01 0.000000000000000000e+00
7.094244595673255382e+00 1.416942539470783480e+01 0.000000000000000000e+00
-6.968840710686920126e+00 1.334733648222338154e+01 0.000000000000000000e+00
6.873306279353732506e+00 -1.120828957782559243e+01 0.000000000000000000e+00
-1.766643328915874722e+00 1.126220086906399764e+01 0.000000000000000000e+00
1.041611272509556940e+01 2.137517052140835427e-01 0.000000000000000000e+00
3.566910078379400773e+00 -5.627196113935871935e+00 0.000000000000000000e+00
-7.231724688433820880e+00 1.148052409916748573e+01 0.000000000000000000e+00
1.333610234860614341e+01 -5.537582195602335666e+00 0.000000000000000000e+00
1.415122954289692281e+01 -1.207520649108177135e+00 0.000000000000000000e+00
9.915346461933213007e+00 1.262052208402942277e+01 0.000000000000000000e+00
1.547104145750042647e+01 3.219346369976451072e+00 0.000000000000000000e+00
9.687078217414196724e-01 -1.442124691524765634e+00 0.000000000000000000e+00
2.308895025539720702e+00 -1.373475869453510789e+01 0.000000000000000000e+00
-3.125019971018991871e+00 -6.712675477862578788e+00 0.000000000000000000e+00
-1.540742433327853789e+01 2.669587845049610220e+00 0.000000000000000000e+00
-4.034639895764159156e+00 -2.032899661317069562e+00 0.000000000000000000e+00
1.940752003847591722e-01 1.283295910491359315e+01 0.000000000000000000e+00
1.727519260743445972e+00 1.435971932667439965e+01 0.000000000000000000e+00
-1.577000305019029547e+01 -1.371277625183718873e+00 0.000000000000000000e+00
8.180800255034119672e+00 3.205878453649889437e+00 0.000000000000000000e+00
-1.326971215971642515e+01 7.328813395297654409e+00 0.000000000000000000e+00
4.256638778816500768e+00 1.466061594512755839e+01 0.000000000000000000e+00
-1.721208069972654853e+00 -1.413321556044503957e+01 0.000000000000000000e+00
-1.359207707458452985e+00 6.763822798034959227e+00 0.000000000000000000e+00
-1.389477403278336531e+01 -9.368515207583579141e+00 0.000000000000000000e+00
8.819893514333621454e+00 6.329571682220343221e-02 0.000000000000000000e+00
2.496808238980793959e+00 -1.646383199472204595e+01 0.000000000000000000e+00
-7.895957263810244875e+00 -4.098357412032471281e+00 0.000000000000000000e+00
6.839515572644050856e+00 -4.151334421734007130e+00 0.000000000000000000e+00
1.351825275599758314e+01 2.523178254900920514e+00 0.000000000000000000e+00
-6.067565553568161185e+00 9.392930335472182701e-01 0.000000000000000000e+00
-5.468017231171109493e-01 1.020161673172934158e+01 0.000000000000000000e+00
-1.573110189833820804e+01 -3.303134019787412612e+00 0.000000000000000000e+00
1.257713247019830405e+01 -8.231555256906297302e+00 0.000000000000000000e+00
-6.456203647249444622e+00 -3.404435974308603452e+00 0.000000000000000000e+00
1.644800215030427992e+01 -2.238257407950378752e+00 0.000000000000000000e+00
1.141575975156040146e+00 1.039722059538046928e+01 0.000000000000000000e+00
9.159930025609670068e+00 4.519731845439947548e+00 0.000000000000000000e+00
-9.994131383246273259e+00 -4.361383800587680604e+00 0.000000000000000000e+00
1.538203716569778301e+01 -6.690553913048558066e+00 0.000000000000000000e+00
3.110808710209478800e+00 -9.932654899564910878e+00 0.000000000000000000e+00
-1.671693412247485355e+01 -4.483209572322918390e+00 0.000000000000000000e+00
-5.250202776300668006e+00 -5.382485431016118760e+00 0.000000000000000000e+00
-3.495078135342517101e+00 7.835055715208520510e+00 0.000000000000000000e+00
-1.621610789109484330e+01 7.848058074423936992e-01 0.000000000000000000e+00
4.673874203047513554e+00 1.133985309901015759e+00 0.000000000000000000e+00
-4.350946570565206173e+00 -8.718691175453269437e+00 0.000000000000000000e+00
9.689139828090809203e+00 2.795107720607465041e+00 0.000000000000000000e+00
-2.921319559862494142e+00 -3.724554271718891196e-01 0.000000000000000000e+00
-7.097620388018151871e+00 4.382667417214671346e+00 0.000000000000000000e+00
-2.589512503648413677e+00 1.674833527647219356e+01 0.000000000000000000e+00
-1.130162855191827553e+01 -9.351660528489713187e+00 0.000000000000000000e+00
3.025024833897528964e+00 3.678112638270940593e+00 0.000000000000000000e+00
-3.051392271968946246e-01 -6.991876746178171231e+00 0.000000000000000000e+00
-2.158802000777833990e-02 -1.349356296866597482e+01 0.000000000000000000e+00
6.383396825092829019e+00 8.711704231448667457e+00 0.000000000000000000e+00
-1.551702040438727614e+01 6.127363139058888741e+00 0.000000000000000000e+00
1.283291452152311507e+01 4.034364487161496093e+00 0.000000000000000000e+00
9.296631709245994912e+00 1.057081338410609028e+01 0.000000000000000000e+00
1.681588638236069499e+01 -2.608335100684717328e-02 0.000000000000000000e+00
3.973553349715804206e+00 1.677226844662332894e+01 0.000000000000000000e+00
4.943249726097826979e+00 -1.190545112391214566e+01 0.000000000000000000e+00
-5.568241451370807837e+00 7.499079723703362177e+00 0.000000000000000000e+00
1.050583865822612140e+01 6.631351142693058698e+00 0.000000000000000000e+00
5.915806244880718268e+00 -1.723675906693535209e+00 0.000000000000000000e+00
-1.391678732905385019e+01 5.200421911290467492e+00 0.000000000000000000e+00
6.307676733271505576e+00 2.318667129807151284e+00 0.000000000000000000e+00
-1.336460712597216904e+01 -5.462287796577689925e+00 0.000000000000000000e+00
9.510248136817326170e+00 -1.450903144479952900e+01 0.000000000000000000e+00
1.286877805989252899e+01 6.264167073353257287e+00 0.000000000000000000e+00
-4.760996844834918029e+00 1.528088978480790772e+01 0.000000000000000000e+00
2.765235592210050886e+00 6.441601579656659915e+00 0.000000000000000000e+00
-9.338294319107941277e+00 -1.110767678165259831e+01 0.000000000000000000e+00
-3.951403277673815051e+00 1.187072905634490638e+01 0.000000000000000000e+00
4.204949260212119455e+00 7.056142697408905207e+00 0.000000000000000000e+00
4.831681074142246679e+00 -1.435458958354529990e+01 0.000000000000000000e+00
-7.901191547878093857e+00 1.134904034517993043e+00 0.000000000000000000e+00
-3.498247314828968779e+00 -1.331569603483825759e+01 0.000000000000000000e+00
1.326412851800991000e+01 -1.057058824135128638e+01 0.000000000000000000e+00
-1.204214719137364042e+01 8.343640819790978824e+00 0.000000000000000000e+00
-2.843482454792297665e-01 -1.021376529028110980e+01 0.000000000000000000e+00
7.585044179428869882e+00 7.030078204345346471e+00 0.000000000000000000e+00
-1.360949613449291995e+01 1.011389318454479636e+01 0.000000000000000000e+00
7.937979553584503911e+00 -1.266713988813070202e+01 0.000000000000000000e+00
9.800482223277619198e+00 -8.178593369494780774e+00 0.000000000000000000e+00
1.083180119121476181e+01 -1.226099972164520402e+01 0.000000000000000000e+00
1.050944452772669635e+01 -9.546835302569096626e+00 0.000000000000000000e+00
5.861046910918237707e+00 1.632104048961707221e+01 0.000000000000000000e+00
-9.094491362390940692e-01 1.615820249720694690e+01 0.000000000000000000e+00
-5.982020882842001841e-01 2.436281637982820325e-01 0.000000000000000000e+00
-5.495859684607595774e+00 1.384477957653941083e+01 0.000000000000000000e+00
8.931835454579709621e-01 -1.576508478875164343e+01 0.000000000000000000e+00
1.180247140923899352e+01 2.156927067839921719e+00 0.000000000000000000e+00
1.509216511929236049e+01 5.543447420400321235e+00 0.000000000000000000e+00
4.844698504788323312e+00 2.803709896488085551e+00 0.000000000000000000e+00
1.489968409238311420e+00 7.814720235927258507e+00 0.000000000000000000e+00
-1.174884657861629478e+01 -1.408841004312707534e+00 0.000000000000000000e+00
2.021111959876033815e-01 1.749275170316053618e+01 0.000000000000000000e+00
-5.377506050971782026e-01 -3.881968736605670767e+00 0.000000000000000000e+00
4.740476836042326170e+00 -8.850738039273023716e+00 0.000000000000000000e+00
-9.599291308904515319e+00 4.659607199678569067e+00 0.000000000000000000e+00
-6.734550208332683141e+00 -1.611592901827207669e+01 0.000000000000000000e+00
9.868596656949989665e+00 -3.874462591412096479e+00 0.000000000000000000e+00
3.870083372054881288e+00 4.968750058554381788e+00 0.000000000000000000e+00
-9.863741190388932267e+00 -1.417693786138748990e+01 0.000000000000000000e+00
1.312218795377089897e+01 -2.547314872370582961e+00 0.000000000000000000e+00
-5.203404269057394060e+00 2.677916634097571524e+00 0.000000000000000000e+00
-1.069022490673228099e+01 -2.771074829763128022e+00 0.000000000000000000e+00
2.466920167170102207e+00 1.136447087190473226e+01 0.000000000000000000e+00
-1.013235233513839795e+01 1.420030699108254701e+01 0.000000000000000000e+00
6.645442458149905640e+00 1.807788661791794593e-01 0.000000000000000000e+00
-1.183441352619917453e+01 2.800251399019274334e+00 0.000000000000000000e+00
-1.219188285117972192e+01 -1.121483989633646772e+01 0.000000000000000000e+00
-9.368079173898184564e+00 1.044664012968352118e+01 0.000000000000000000e+00
-7.086453499571104153e+00 -1.708613374639054383e+00 0.000000000000000000e+00
-1.569626480257654677e+01 -7.606192385315420523e+00 0.000000000000000000e+00
-8.929708879819607148e+00 7.865456704902167751e+00 0.000000000000000000e+00
-6.907342108202797704e+00 1.502451885515506369e+01 0.000000000000000000e+00
5.106390536622372522e+00 -5.949971361710905349e+00 0.000000000000000000e+00
-7.647142869585162650e+00 2.820164796174893684e+00 0.000000000000000000e+00
2.709574883293463632e+00 8.896047519389988167e+00 0.000000000000000000e+00
-1.180902908917384764e+01 4.634687061279187503e+00 0.000000000000000000e+00
-8.189435779220799461e+00 5.831752486312011818e+00 0.000000000000000000e+00
-8.468480815010153151e-01 -1.178600693918731857e+01 0.000000000000000000e+00
8.094453845651077728e+00 -2.835569977341264369e+00 0.000000000000000000e+00
1.114004976070948594e+01 8.640854806255497067e+00 0.000000000000000000e+00
-4.436864088911560700e+00 -1.081547975296106401e+01 0.000000000000000000e+00
-5.775440711460926302e+00 -1.479336377784125389e+01 0.000000000000000000e+00
1.054197623946221718e+01 -5.661442993829841619e+00 0.000000000000000000e+00
5.406127535251349592e+00 1.288167403419255308e+01 0.000000000000000000e+00
2.212524696042520223e+00 -1.151836667275927084e+01 0.000000000000000000e+00
-1.155790712367981676e+01 1.045389087457182953e+01 0.000000000000000000e+00
1.125957458040807779e+01 -1.666130051213981167e+00 0.000000000000000000e+00
-1.287014303562374617e-01 2.851387965186311657e+00 0.000000000000000000e+00
-3.357507084962663590e+00 1.664962935982210013e+00 0.000000000000000000e+00
-1.989031469244284978e+00 -1.660651591041598607e+01 0.000000000000000000e+00
-9.508889418084265799e+00 1.269378949941976664e+01 0.000000000000000000e+00
3.685656996077295577e+00 -9.317804087456217355e-01 0.000000000000000000e+00
1.182969270893936908e+01 -3.563143033713723096e+00 0.000000000000000000e+00
-4.625490715379058315e+00 -1.580043083671319515e+01 0.000000000000000000e+00
1.347074576184207562e+00 -3.706941140811099711e+00 0.000000000000000000e+00
1.308343553526168890e+01 9.472595776405100310e+00 0.000000000000000000e+00
7.071573316015515864e+00 4.363805879902225016e+00 0.000000000000000000e+00
-1.335937764926348237e+01 -2.018706074635167269e+00 0.000000000000000000e+00
-7.310091969227908493e+00 -7.970330419401014055e+00 0.000000000000000000e+00
1.518245750278831796e+00 -5.241987625778523174e+00 0.000000000000000000e+00
8.981140772745124679e+00 6.289057356270534527e+00 0.000000000000000000e+00
7.132392200800723892e+00 -7.682980487566046790e+00 0.000000000000000000e+00
-8.222490845630890943e-01 1.465122134865546855e+01 0.000000000000000000e+00
3.142612754871601854e+00 5.208917748476535881e-01 0.000000000000000000e+00
-1.148315338678533948e+01 1.284928985133234747e+01 0.000000000000000000e+00
-2.232902963537295005e+00 9.308825693823731484e+00 0.000000000000000000e+00
5.267783044797136327e+00 -4.007973153704237568e+00 0.000000000000000000e+00
7.241034698634962297e+00 -1.498473258984182443e+01 0.000000000000000000e+00
7.483140611603831260e+00 -5.878972678855205913e+00 0.000000000000000000e+00
2.215284093992759828e+00 1.681972827749306276e+01 0.000000000000000000e+00
-1.734809865691776665e+01 1.872836015835305901e+00 0.000000000000000000e+00
1.121335460407482643e+01 1.058530867819104770e+01 0.000000000000000000e+00
-1.418674030771702022e+01 5.745035472897871420e-01 0.000000000000000000e+00
-1.550624788872374360e+01 -6.055588295634132479e+00 0.000000000000000000e+00
2.074102934772321660e+00 4.983694579362124344e+00 0.000000000000000000e+00
1.518675485320264329e+01 -3.440616078468520911e+00 0.000000000000000000e+00
-5.732423567317378676e+00 -1.012869600726044039e+00 0.000000000000000000e+00
-2.833961969359088506e+00 -1.031394488560929723e+01 0.000000000000000000e+00
-1.332367141499540253e+01 -7.236239680203087055e+00 0.000000000000000000e+00
-8.773036610615454478e+00 -8.423344183097958293e+00 0.000000000000000000e+00
3.893862771349192009e+00 1.035066313422244555e+01 0.000000000000000000e+00
-1.169433939650779664e+01 9.629897542357678253e-01 0.000000000000000000e+00
1.647968296513590047e+01 -5.663227367624059205e+00 0.000000000000000000e+00
5.821068523805330575e-01 5.496405507353247621e+00 0.000000000000000000e+00
-9.210000877464795010e+00 -6.651987528342245604e+00 0.000000000000000000e+00
-7.276117851249114032e+00 -5.916493656612803242e+00 0.000000000000000000e+00
-2.947921935231528234e+00 3.995751280636255398e+00 0.000000000000000000e+00
-9.766536927239970467e-01 -5.334745082483863143e+00 0.000000000000000000e+00
-4.711951581524468580e+00 -3.469438578270224394e+00 0.000000000000000000e+00
-2.126470003603320169e+00 -2.960720708166525217e+00 0.000000000000000000e+00
-7.114531709264324100e+00 -1.122629143807145979e+01 0.000000000000000000e+00
3.628446450155097036e+00 -7.817234618632074472e+00 0.000000000000000000e+00
1.711460771424051686e+01 -3.591875352662927678e+00 0.000000000000000000e+00
-5.633083330652380205e+00 -9.909606166526858217e+00 0.000000000000000000e+00
1.534555538574200817e+01 9.727427406215157779e-01 0.000000000000000000e+00
1.196590437245662031e+01 1.229916197139840506e+01 0.000000000000000000e+00
1.252564828004223152e+01 -8.368658902303820479e-01 0.000000000000000000e+00
1.233933935155483219e+00 3.684247627641895839e+00 0.000000000000000000e+00
-5.966194931136676871e-01 -1.596729208943401268e+01 0.000000000000000000e+00
8.663002933463744171e+00 9.196908531304133660e+00 0.000000000000000000e+00
5.350213656476507040e+00 1.105751011858943933e+01 0.000000000000000000e+00
6.293696061503352368e+00 -1.373206254611561228e+01 0.000000000000000000e+00
1.461845206474736614e+01 7.380826696233671491e+00 0.000000000000000000e+00
-1.723173815610762460e+01 -3.002061430173103673e+00 0.000000000000000000e+00
-1.499894673219894514e+01 8.765150786194297439e+00 0.000000000000000000e+00
1.100620258051011824e+01 -7.119608553991974453e+00 0.000000000000000000e+00
5.051384328599477502e-01 -8.798776736166994183e+00 0.000000000000000000e+00
-8.900363049127456350e+00 -1.023841247293316437e-01 0.000000000000000000e+00
1.349720391401283592e+01 1.111773441218826797e+01 0.000000000000000000e+00
9.097049593808907986e+00 1.461492994230964015e+01 0.000000000000000000e+00
4.395438415341632599e+00 8.817214388977596684e+00 0.000000000000000000e+00
-2.002038489015081968e+00 -8.027478015350178353e+00 0.000000000000000000e+00
1.257362004266627409e+01 -1.191930726480414826e+01 0.000000000000000000e+00
-1.003964463296533260e+01 6.328524636087348831e+00 0.000000000000000000e+00
1.691072736257736864e+01 1.499880850552254508e+00 0.000000000000000000e+00
3.752313064794271291e+00 1.290087794738914440e+01 0.000000000000000000e+00
5.874431014687440111e+00 6.966967109155482341e+00 0.000000000000000000e+00
-1.322165682478320470e+01 3.466487400962640741e+00 0.000000000000000000e+00
-5.693098656520304779e+00 1.162061873931306977e+01 0.000000000000000000e+00
-4.570321157759777542e+00 -5.631098600685846556e-02 0.000000000000000000e+00
-1.376108045769115940e+01 -3.924741323744988186e+00 0.000000000000000000e+00
-3.630148377883204436e+00 1.334335117749257016e+01 0.000000000000000000e+00
-1.685439904488710283e+01 4.606464655859750401e+00 0.000000000000000000e+00
-1.661478791490649254e+00 5.099484089175181367e+00 0.000000000000000000e+00
1.490199450375003387e+01 -4.989065860033400135e+00 0.000000000000000000e+00
-4.770785804972546451e+00 1.682677888851202752e+01 0.000000000000000000e+00
-1.024757587236348577e+01 1.491300394486658298e+00 0.000000000000000000e+00
-6.368097049255314168e+00 5.829907612997400790e+00 0.000000000000000000e+00
8.347553247616813721e+00 1.509763011633273422e+00 0.000000000000000000e+00
-7.134967742073577313e+00 8.114435270884529317e+00 0.000000000000000000e+00
8.352101166053929049e+00 1.296840861990185445e+01 0.000000000000000000e+00
-4.811095114595158151e+00 5.831764875700514494e+00 0.000000000000000000e+00
1.190211467327265238e+00 3.398657836969772861e-01 0.000000000000000000e+00
3.771893134036845119e+00 -1.305228684193540012e+01 0.000000000000000000e+00
6.931190951081653395e+00 -9.397406045554490106e+00 0.000000000000000000e+00
1.473332540257809953e+01 9.352039111471556865e+00 0.000000000000000000e+00
-3.077674957536104206e+00 -1.529382761197785534e+01 0.000000000000000000e+00
1.290533165404760396e+01 7.953586972798448507e+00 0.000000000000000000e+00
-1.316816195872888429e+01 1.916537368325973434e+00 0.000000000000000000e+00
1.084052786103351451e+01 4.344282766623190462e+00 0.000000000000000000e+00
