-3.166382559120610285e+00 -1.464030381576530360e+01 0.000000000000000000e+00
-6.811173321085371768e+00 1.156613495270959824e+01 0.000000000000000000e+00
1.485298704967368444e+01 5.733347022248907798e+00 0.000000000000000000e+00
-2.109745630047755061e+00 -1.046453987730900259e+01 0.000000000000000000e+00
-5.775568681281373351e+00 -1.221605794349429619e+00 0.000000000000000000e+00
-1.420585249343024969e+01 -7.547323691481238939e+00 0.000000000000000000e+00
-1.094438740760941897e+01 5.177281674325907801e+00 0.000000000000000000e+00
-1.269759978185815541e+01 -7.044012550762818847e+00 0.000000000000000000e+00
9.837250019831587977e+00 -1.020151434466843421e+00 0.000000000000000000e+00
-7.378982895247234275e+00 -9.891990600277416945e+00 0.000000000000000000e+00
-1.036752649250179026e+01 -1.091197559110984194e+01 0.000000000000000000e+00
-1.344517667288186225e+01 9.696368659038252957e+00 0.000000000000000000e+00
-8.732935162293850695e+00 4.502428491037981040e+00 0.000000000000000000e+00
1.264633464319957667e+01 8.933287885581190579e+00 0.000000000000000000e+00
-7.745714866724708436e+00 1.601506291282728256e+00 0.000000000000000000e+00
1.411654181148076947e+00 5.556698093271509320e-01 0.000000000000000000e+00
5.141470228563133738e+00 -8.446366678244163761e-01 0.000000000000000000e+00
9.893742017300384717e+00 1.139205168028185611e+01 0.000000000000000000e+00
1.401076232352081696e+01 1.589245651433210949e-01 0.000000000000000000e+00
-1.088823345792910846e+00 -1.727007356960975670e+01 0.000000000000000000e+00
-7.635836851888913479e+00 6.390705536920669338e+00 0.000000000000000000e+00
2.428321032665089696e+00 1.205803601506278078e+01 0.000000000000000000e+00
4.591139753964122328e+00 -1.599999069680743524e+01 0.000000000000000000e+00
-4.349169130228387914e+00 -9.425791604933589696e+00 0.000000000000000000e+00
7.308223605942283374e-01 -3.871554089992515824e+00 0.000000000000000000e+00
-3.673598519913851668e+00 -4.028021008601073483e+00 0.000000000000000000e+00
5.175049751298749889e+00 1.262337298173843259e+01 0.000000000000000000e+00
8.456925516771185869e+00 -9.479510184645937088e+00 0.000000000000000000e+00
-1.202839171591394418e+00 -2.556182829807096102e+00 0.000000000000000000e+00
1.263313750816961267e+01 -2.100787273735625682e+00 0.000000000000000000e+00
-1.021743097787609145e+01 8.102050086238856252e+00 0.000000000000000000e+00
1.235494485029540401e+00 -7.395322686200855422e+00 0.000000000000000000e+00
1.445079137686427018e+01 8.037987955510564220e+00 0.000000000000000000e+00
-1.080779779371105676e+01 1.340716640680899197e+01 0.000000000000000000e+00
1.378943795541793449e+01 -1.064000983801358657e+01 0.000000000000000000e+00
-1.624794262144660451e+01 -4.143283732464113633e+00 0.000000000000000000e+00
-8.952392838695507615e-01 2.356098393265353419e+00 0.000000000000000000e+00
1.037406627192684816e+01 2.790623313077806866e+00 0.000000000000000000e+00
-1.683066255590139448e+01 -1.458145453436988648e+00 0.000000000000000000e+00
9.569657659505814706e+00 1.439443861117722889e+01 0.000000000000000000e+00
-5.771930591567461022e+00 6.040524239700884479e+00 0.000000000000000000e+00
2.091242046489602213e+00 -1.572816538637139416e+01 0.000000000000000000e+00
-9.219607084037637179e+00 9.715452377341778245e+00 0.000000000000000000e+00
-7.629090395012013026e+00 -1.189688896746772429e+01 0.000000000000000000e+00
3.691904555384385667e+00 1.307051058067932559e+01 0.000000000000000000e+00
-9.325496700880131939e+00 6.680169754716502872e+00 0.000000000000000000e+00
9.926256548012942105e+00 -8.888864631335051669e+00 0.000000000000000000e+00
-2.948459833634416327e+00 -1.178402701856935231e+01 0.000000000000000000e+00
-9.414548264153304036e-01 1.210445176986429239e+01 0.000000000000000000e+00
1.107804963603150306e+01 -9.894294123551292119e-02 0.000000000000000000e+00
5.562624319611423118e+00 1.478820053839508653e+01 0.000000000000000000e+00
-6.389303863919212567e+00 1.513341532402845147e+01 0.000000000000000000e+00
8.116518304965980590e+00 8.118494193054635488e+00 0.000000000000000000e+00
-1.520815380423588437e+01 2.251255210343732660e+00 0.000000000000000000e+00
6.023914864773272093e+00 4.848670692614569511e+00 0.000000000000000000e+00
7.213010634689859479e+00 -5.353492593943910194e+00 0.000000000000000000e+00
-8.223996779246873778e-01 1.725391190529462193e+01 0.000000000000000000e+00
1.318399699049764706e+01 -6.546837088474883437e+00 0.000000000000000000e+00
1.665777804517849958e+01 -1.773866372936238278e+00 0.000000000000000000e+00
6.925843519995487974e+00 -1.502179692127916510e+01 0.000000000000000000e+00
1.302482667120423931e+00 5.490511351668511786e+00 0.000000000000000000e+00
3.587091255360442155e+00 4.685358901597114212e+00 0.000000000000000000e+00
-4.582566738212748625e+00 8.646530010247602149e+00 0.000000000000000000e+00
-9.844234968207898007e+00 -8.349366095022661138e-01 0.000000000000000000e+00
9.016449550227516596e+00 -2.815414684710102922e+00 0.000000000000000000e+00
7.011852798270233222e+00 -3.041044269460699390e+00 0.000000000000000000e+00
3.467333111260026079e+00 6.420137447880281734e+00 0.000000000000000000e+00
1.579161745146883788e+01 2.964689873489013472e+00 0.000000000000000000e+00
4.602782456892409724e-01 1.489558355831662517e+01 0.000000000000000000e+00
-1.588042926603467686e+00 -6.262941328896614479e+00 0.000000000000000000e+00
-7.945062666418549746e-01 5.885696661342905145e+00 0.000000000000000000e+00
7.577099367126749918e+00 6.157254676099243262e+00 0.000000000000000000e+00
-1.824246075134331457e+00 3.868875446560104958e+00 0.000000000000000000e+00
-1.153680886641286385e+01 2.989300333295075163e+00 0.000000000000000000e+00
-4.296140962241393746e-01 9.318028507890556256e+00 0.000000000000000000e+00
1.376048766878933272e+01 4.528078371350147791e+00 0.000000000000000000e+00
1.733966371912687876e+01 3.340041576444781335e-02 0.000000000000000000e+00
8.510222177236721919e+00 -6.423611027978174626e+00 0.000000000000000000e+00
1.578490549375935004e+01 3.574664876155695947e-01 0.000000000000000000e+00
8.177762919404726105e+00 1.288850252399159935e+01 0.000000000000000000e+00
1.050677481907196587e+01 4.448397421002337815e+00 0.000000000000000000e+00
7.875711772488186213e+00 -1.222001495929765369e+01 0.000000000000000000e+00
1.178956618303669934e+01 -7.816696238860160406e+00 0.000000000000000000e+00
5.548865416261823391e+00 6.468317576458379570e+00 0.000000000000000000e+00
4.538185196469267879e+00 -5.787075977245486946e+00 0.000000000000000000e+00
5.372853179535246326e+00 1.725313318454695599e+00 0.000000000000000000e+00
2.474360374471556323e+00 -3.595431502111057664e+00 0.000000000000000000e+00
-1.439065413014416350e+01 -2.049430254853754629e+00 0.000000000000000000e+00
2.421533873901426048e+00 3.210706467566665001e+00 0.000000000000000000e+00
-3.793179000175384452e+00 3.911439641433168024e+00 0.000000000000000000e+00
-1.695961426512762671e+01 2.152308519601947800e+00 0.000000000000000000e+00
2.477420378151112157e+00 1.489053174507145982e+01 0.000000000000000000e+00
-1.056094544443783967e+01 -3.077076287255553044e+00 0.000000000000000000e+00
-1.104782815551839548e+01 -1.271124319183963358e+01 0.000000000000000000e+00
-1.599539575373409761e+01 -6.131063618305895524e+00 0.000000000000000000e+00
-9.372616790944158893e+00 -1.462956296424354363e+01 0.000000000000000000e+00
1.409603727391442796e+01 -4.868191789316221652e+00 0.000000000000000000e+00
5.048575302398468079e-01 -5.971610779564271887e+00 0.000000000000000000e+00
-1.933209918393689941e+00 -3.771200373798382910e-01 0.000000000000000000e+00
-1.088085608095562762e+01 -4.936586411627596149e+00 0.000000000000000000e+00
1.876792675964763957e+00 -9.379535756377142874e+00 0.000000000000000000e+00
-7.384398072878811448e+00 1.000444371297708734e+01 0.000000000000000000e+00
1.231964134954006518e+01 1.235203111856953839e+01 0.000000000000000000e+00
5.694787966764075726e+00 1.091175641986931666e+01 0.000000000000000000e+00
9.862213398649425145e+00 -7.229562509617376342e+00 0.000000000000000000e+00
5.119817606580595815e+00 -1.366245994305504574e+01 0.000000000000000000e+00
-4.229501999143849389e+00 -6.326842814948608229e+00 0.000000000000000000e+00
1.070964484237675229e+01 6.748430251920762402e+00 0.000000000000000000e+00
1.224353077592054362e+01 1.284277677694792175e+00 0.000000000000000000e+00
-4.744553798013668167e-01 -1.572969036782416907e+01 0.000000000000000000e+00
4.188862876411880265e+00 2.943802731446375276e+00 0.000000000000000000e+00
-9.079794309283052200e+00 -7.036251456919627500e+00 0.000000000000000000e+00
8.514197834506616047e+00 3.691827495431095674e+00 0.000000000000000000e+00
3.784437338965235931e+00 1.690669026899698935e+01 0.000000000000000000e+00
-4.455593877431059724e+00 1.541533078664277490e+01 0.000000000000000000e+00
-1.236576841132376536e+01 -1.008494721868373389e+01 0.000000000000000000e+00
-1.393864751617793374e+01 -5.650188815398982101e+00 0.000000000000000000e+00
-1.456174723068522781e+01 6.184377096670758966e+00 0.000000000000000000e+00
-6.297110728292945936e+00 -3.404049103640823581e+00 0.000000000000000000e+00
-7.593290084629285452e+00 -1.977677944429184764e+00 0.000000000000000000e+00
-3.743303815477116991e+00 1.317847767938726555e+01 0.000000000000000000e+00
4.058339093133012554e+00 -7.614994034828238334e+00 0.000000000000000000e+00
-2.429138957954656508e+00 1.038218259769316631e+01 0.000000000000000000e+00
-7.418964752962968312e+00 -7.699022376031505743e+00 0.000000000000000000e+00
1.113132155833504555e+01 -1.173176499199623990e+01 0.000000000000000000e+00
-2.801525468252524576e+00 1.545800448471708854e+01 0.000000000000000000e+00
-3.082217513931236663e+00 -1.615849031786380152e+01 0.000000000000000000e+00
-9.169344666785912423e+00 -1.224037859397570571e+01 0.000000000000000000e+00
-3.521423923889773544e+00 1.685933136383064124e+01 0.000000000000000000e+00
1.313257447644258002e+00 -1.082372770994069633e+01 0.000000000000000000e+00
9.644464368573954616e+00 -1.146234942705425475e+01 0.000000000000000000e+00
-1.403196933913247690e+01 -1.010621775581762805e+01 0.000000000000000000e+00
1.533003385465301882e+01 -6.421309220266241624e+00 0.000000000000000000e+00
5.099892283470338405e+00 -2.435144995422982017e+00 0.000000000000000000e+00
8.212981700175207678e+00 1.086633517616500555e+01 0.000000000000000000e+00
8.741343674555018595e+00 -4.716456664504790730e+00 0.000000000000000000e+00
-2.045195889678654400e+00 -8.192108238644509655e+00 0.000000000000000000e+00
3.436666571580609952e-01 -2.261156917829431290e+00 0.000000000000000000e+00
9.803154976126412734e+00 7.304115616157355051e-01 0.000000000000000000e+00
-6.502464998716202871e+00 3.115316802101081084e+00 0.000000000000000000e+00
-3.658956630861296411e+00 -6.065989027387468369e-01 0.000000000000000000e+00
-1.136925476470315033e+01 1.118944530473842569e+01 0.000000000000000000e+00
-2.387075785096680391e+00 8.398533609757347307e+00 0.000000000000000000e+00
2.800000706349810020e+00 7.960845852158374036e+00 0.000000000000000000e+00
-5.442732982889634252e-01 -1.002926062152202569e+01 0.000000000000000000e+00
-5.854432538766609184e+00 -6.528386592637074770e+00 0.000000000000000000e+00
1.163830920730254448e+01 -1.002032216027336986e+01 0.000000000000000000e+00
1.025424957810274584e+01 -5.472329671613648472e+00 0.000000000000000000e+00
-7.850202619713059882e+00 -5.716232215171492825e+00 0.000000000000000000e+00
1.253918001402646709e+01 5.569731331268739538e+00 0.000000000000000000e+00
-5.930486809394452941e+00 -1.392822821828008095e+01 0.000000000000000000e+00
4.078748307471346202e+00 5.424096478219364581e-01 0.000000000000000000e+00
1.634252560714772073e+01 4.923681550294183751e+00 0.000000000000000000e+00
-4.922036032432075991e+00 -1.510340813658455872e+01 0.000000000000000000e+00
-2.868644238624125098e+00 6.159154729849976917e+00 0.000000000000000000e+00
-6.595342069151387321e+00 -1.596149359502731180e+01 0.000000000000000000e+00
-4.633431811542679135e+00 1.864024577960279760e+00 0.000000000000000000e+00
-5.296492530797290321e+00 1.089390538830750899e+01 0.000000000000000000e+00
8.148852270940796672e+00 -3.333965209215820902e-02 0.000000000000000000e+00
-1.463491229205574840e+01 8.538990620248988250e+00 0.000000000000000000e+00
1.131078547903691423e+01 9.746113903248140531e+00 0.000000000000000000e+00
-8.396402326541197780e+00 1.456956734282256605e+01 0.000000000000000000e+00
5.318664743300232978e+00 -1.150013356516130614e+01 0.000000000000000000e+00
6.252501914489461132e-01 2.608817184022350411e+00 0.000000000000000000e+00
-4.379893188940060966e+00 -2.008381336525226324e+00 0.000000000000000000e+00
1.640208550502131502e+01 -4.698071823785437751e+00 0.000000000000000000e+00
1.115072826881428014e+01 -4.072474219485774150e+00 0.000000000000000000e+00
3.380545393077890370e+00 -1.084925425020519363e+01 0.000000000000000000e+00
9.808582334377544676e-01 8.108767304700554845e+00 0.000000000000000000e+00
-2.647697697021137220e+00 1.187434960925743610e+01 0.000000000000000000e+00
-1.351658670686525454e+01 7.358066988894407245e+00 0.000000000000000000e+00
2.257075975056969330e+00 -1.075244511267068770e+00 0.000000000000000000e+00
-1.036096390417628577e+00 -1.284267967598078819e+01 0.000000000000000000e+00
-3.782207610695337507e+00 -1.315774379759255908e+01 0.000000000000000000e+00
4.802732497659796707e+00 -9.967234213631392947e+00 0.000000000000000000e+00
-1.468407575526355480e+00 1.401804772370780938e+01 0.000000000000000000e+00
1.341288360759610931e+01 2.347680297835156527e+00 0.000000000000000000e+00
-1.549986244413932290e+01 -4.055917039512208500e-01 0.000000000000000000e+00
5.342831425995457018e+00 8.213230718479024972e+00 0.000000000000000000e+00
5.185734806482021675e+00 -3.990897248299976940e+00 0.000000000000000000e+00
1.268665636706308053e+00 -1.334591759483755524e+01 0.000000000000000000e+00
-1.818382813375673646e+00 -4.266694404499891569e+00 0.000000000000000000e+00
-5.560379620403354650e+00 1.292171197534281113e+01 0.000000000000000000e+00
-6.700218722507246483e+00 8.304735851592479179e+00 0.000000000000000000e+00
-1.197251832400949034e+01 -8.422582675342210834e+00 0.000000000000000000e+00
-3.104603957264993497e+00 1.716392451457119384e+00 0.000000000000000000e+00
-4.375826862964018460e+00 6.913931914805546697e+00 0.000000000000000000e+00
1.443622628140108688e+01 -2.832912097770662108e+00 0.000000000000000000e+00
-9.422407713832356535e+00 -8.961397975544679539e+00 0.000000000000000000e+00
-8.924634470629055016e+00 2.804946124349534831e+00 0.000000000000000000e+00
-1.618714455820297360e+01 4.435302971817923101e+00 0.000000000000000000e+00
-1.275551897670184154e+01 1.218323084688530122e-02 0.000000000000000000e+00
-9.058789171423500264e+00 1.299476409889832418e+01 0.000000000000000000e+00
-7.801073648901323487e+00 -1.399853601927727098e+01 0.000000000000000000e+00
1.666845301153294656e+00 -1.727118579151175837e+01 0.000000000000000000e+00
2.232045207484476101e+00 -5.210054225481791867e+00 0.000000000000000000e+00
3.658062731093124853e+00 -1.411026907158929866e+01 0.000000000000000000e+00
2.248989471549037500e+00 1.722552534060004703e+01 0.000000000000000000e+00
1.390172873300634926e+01 1.002299362009557093e+01 0.000000000000000000e+00
-1.614744005435845153e+01 6.283863529455649299e+00 0.000000000000000000e+00
1.008663922132969759e+01 8.118039390552594270e+00 0.000000000000000000e+00
6.627006424937468942e+00 -9.943228351136641052e+00 0.000000000000000000e+00
9.657569912005339319e+00 -1.411391014958405243e+01 0.000000000000000000e+00
3.968823371867801875e+00 9.068816580376559244e+00 0.000000000000000000e+00
-1.250250705371511373e+01 -2.961928286246271025e+00 0.000000000000000000e+00
6.820930645861178476e+00 -1.341722732037665367e+01 0.000000000000000000e+00
1.225232993931867043e+01 3.337008853710938361e+00 0.000000000000000000e+00
1.652442459609529068e+00 9.939224739806457265e+00 0.000000000000000000e+00
5.457603741187059043e+00 -8.483747924735862256e+00 0.000000000000000000e+00
8.983067196114860042e-01 1.225707150687625813e+01 0.000000000000000000e+00
7.825425270351039408e+00 2.055449151540728270e+00 0.000000000000000000e+00
2.700539796987164287e+00 -1.275921112212252240e+01 0.000000000000000000e+00
-1.246331284726004363e+01 1.648880740158573222e+00 0.000000000000000000e+00
-8.343580387523269692e+00 -3.409489873788386749e+00 0.000000000000000000e+00
-2.299891770447670125e-01 2.513990360447653227e-01 0.000000000000000000e+00
6.992533147847245445e+00 9.292498769191579910e+00 0.000000000000000000e+00
2.726968273504767115e+00 1.630613100880982325e+00 0.000000000000000000e+00
-9.908217916275520454e-02 -1.424831550945132896e+01 0.000000000000000000e+00
4.126297341567190635e+00 1.106648348923990355e+01 0.000000000000000000e+00
7.914195138016124176e+00 1.515482658308459385e+01 0.000000000000000000e+00
1.104463773511021962e+01 -1.968620432430089551e+00 0.000000000000000000e+00
7.312344883072959156e+00 -7.935129446980432100e+00 0.000000000000000000e+00
-7.242582625030771659e+00 -3.766956896579168323e-01 0.000000000000000000e+00
-1.706704953739379960e+01 2.355070740938018381e-01 0.000000000000000000e+00
-7.115556732539631390e+00 1.329026841369447887e+01 0.000000000000000000e+00
-4.973234974810411657e+00 -1.102367692538080490e+01 0.000000000000000000e+00
3.483066038608316983e+00 -9.137964473237111918e+00 0.000000000000000000e+00
-3.148989242344013562e-01 4.446500150180983546e+00 0.000000000000000000e+00
1.474581434420578674e+01 -7.932188058577406053e+00 0.000000000000000000e+00
6.631868600780374656e+00 -5.608913317898983619e-01 0.000000000000000000e+00
-9.246146203964963561e+00 7.750368131525461335e-01 0.000000000000000000e+00
-5.604196527913952508e+00 -8.509945451061964761e+00 0.000000000000000000e+00
-1.117362680638349559e+01 5.979720255291723907e-01 0.000000000000000000e+00
-1.359014691775355388e+01 3.918347429990801878e+00 0.000000000000000000e+00
-1.134938247946980461e+01 9.214629135610387323e+00 0.000000000000000000e+00
1.301410657866697029e+01 -3.788004773751412646e+00 0.000000000000000000e+00
-1.265776815277635592e+01 1.198866604310880568e+01 0.000000000000000000e+00
-1.199361447551221183e+01 7.123612794284224670e+00 0.000000000000000000e+00
-1.292351459708053163e+01 5.360233315331432102e+00 0.000000000000000000e+00
1.486596188751961733e+01 -1.196047604468583714e+00 0.000000000000000000e+00
-2.949844617551629522e+00 -2.609389562430393994e+00 0.000000000000000000e+00
-9.134933832801866771e+00 -4.718397310935533717e+00 0.000000000000000000e+00
6.038787385370947725e+00 1.635594424795584700e+01 0.000000000000000000e+00
-1.067215829528342752e+01 -6.785403115332799828e+00 0.000000000000000000e+00
-1.236482613771128847e+01 -4.658805457201242284e+00 0.000000000000000000e+00
-5.118729157717922806e-01 -7.309392221730238504e+00 0.000000000000000000e+00
-5.025784566188633562e+00 3.416708833392781419e-01 0.000000000000000000e+00
6.623822747029054492e-01 1.658861020980891254e+01 0.000000000000000000e+00
-9.674132673121819792e+00 1.153487760868997292e+01 0.000000000000000000e+00
1.613671842510799692e+01 6.543338980561753004e+00 0.000000000000000000e+00
1.059688720539244322e+01 1.328629529873401260e+01 0.000000000000000000e+00
-1.093384725995804940e+00 1.547728913539848072e+01 0.000000000000000000e+00
-1.471446224361580946e+01 -4.290827535841678753e+00 0.000000000000000000e+00
7.798526471262594129e+00 -1.610346259794912527e+00 0.000000000000000000e+00
6.146103810015717706e+00 3.345538967164623845e+00 0.000000000000000000e+00
-5.311576011223397842e+00 -4.671384829576593845e+00 0.000000000000000000e+00
