1.223863395298831591e+01 -8.534237542323785064e+00 0.000000000000000000e+00
-1.366487582739202011e+01 -5.347757240176352234e+00 0.000000000000000000e+00
-1.678081668955083572e+01 -8.822512303058687166e+00 0.000000000000000000e+00
6.480625318103072630e+00 1.301322233011564800e+00 0.000000000000000000e+00
7.517232376604607857e+00 -8.673657703235932104e+00 0.000000000000000000e+00
1.300427229518198224e+01 3.308425881914972333e+00 0.000000000000000000e+00
1.611696867157472113e+01 -2.214240842873183901e+00 0.000000000000000000e+00
1.344886958853847680e+01 -1.053257676439823598e+01 0.000000000000000000e+00
-1.813067369096894410e+01 3.812863035502143116e+00 0.000000000000000000e+00
-1.667782749148446086e+01 -8.821948562084197532e-01 0.000000000000000000e+00
7.021628641863325804e+00 6.063035955255431375e+00 0.000000000000000000e+00
-1.510322054342985254e+01 -2.800165867065338876e+00 0.000000000000000000e+00
9.696233230723306562e+00 1.455925287101142018e+01 0.000000000000000000e+00
-1.069147109216462255e+01 -1.208717273118305080e+01 0.000000000000000000e+00
-6.547571110262802918e+00 3.690048388547505276e+00 0.000000000000000000e+00
8.576088416178990315e+00 -7.604580273286219771e+00 0.000000000000000000e+00
-7.555531273017626503e+00 -5.486045680272530589e+00 0.000000000000000000e+00
6.806011835226053464e+00 -4.313440817326860355e+00 0.000000000000000000e+00
1.153613475893437901e+01 -6.642156018662042527e+00 0.000000000000000000e+00
1.259061430939977022e+00 8.780993868745849085e+00 0.000000000000000000e+00
1.157168049386951481e+01 -2.662304735828455282e+00 0.000000000000000000e+00
-4.387736819096312857e+00 7.412072462990551003e+00 0.000000000000000000e+00
-1.074469728040607386e+01 1.408221369568363279e+01 0.000000000000000000e+00
1.447986945814180082e+01 -1.173855192290753990e+01 0.000000000000000000e+00
-4.579266673929295095e+00 5.679019223171672515e+00 0.000000000000000000e+00
1.451924067406252661e+01 9.028736291334677588e+00 0.000000000000000000e+00
-2.465695913539148965e+00 -1.864839114276090370e+01 0.000000000000000000e+00
-5.085666999299849333e-01 8.449944435508415452e+00 0.000000000000000000e+00
-1.425118047772075691e+01 6.247875279629109713e+00 0.000000000000000000e+00
-1.069437706422240808e+01 1.062617284616811908e+01 0.000000000000000000e+00
2.623578706889347245e+00 -2.383305702486441913e+00 0.000000000000000000e+00
2.378761320459765294e+00 3.231335446908730979e+00 0.000000000000000000e+00
-5.764803249225711745e+00 1.236507511760371614e+01 0.000000000000000000e+00
-4.273161481069202017e-01 -1.395715725166468957e+01 0.000000000000000000e+00
-5.514992529473162541e+00 1.800868641202493237e+00 0.000000000000000000e+00
-3.396601374501511561e+00 -5.422214836679704497e+00 0.000000000000000000e+00
1.915332944515627078e+00 -1.503245373739298429e+01 0.000000000000000000e+00
-6.688733028337013664e+00 1.490616077682096652e+01 0.000000000000000000e+00
-2.367943826705141586e+00 -1.367527818730989431e+01 0.000000000000000000e+00
5.642747021770207816e+00 -1.440583590914006074e+01 0.000000000000000000e+00
4.828405166902776990e+00 1.240263530488980770e+01 0.000000000000000000e+00
2.445093430867051054e-01 1.140339291461522642e+01 0.000000000000000000e+00
5.150276843165512375e+00 -1.113527701276553472e+01 0.000000000000000000e+00
2.441904524568600632e+00 -1.120810199114732519e+01 0.000000000000000000e+00
-1.174761925593571199e+01 7.699016307876458853e+00 0.000000000000000000e+00
-1.680154008685945755e+01 7.827580935575943144e+00 0.000000000000000000e+00
-2.888218878503224563e+00 5.911531672951737815e-02 0.000000000000000000e+00
5.377790834452095936e+00 1.073437052495502542e+01 0.000000000000000000e+00
9.702562156685797135e+00 9.346444387798401587e-01 0.000000000000000000e+00
5.923523826474062837e+00 1.749857272117438356e+01 0.000000000000000000e+00
7.729464060524760427e+00 -1.522451680868457125e+01 0.000000000000000000e+00
-9.335998708050439632e+00 -4.751927209405285346e+00 0.000000000000000000e+00
-3.486949417356912218e+00 -3.002624465628417560e+00 0.000000000000000000e+00
1.088332267702210210e+01 -1.246633385895158819e+00 0.000000000000000000e+00
-1.392292996433512009e+01 1.100956480701022677e+01 0.000000000000000000e+00
4.661796151181389902e+00 3.575768327208528774e+00 0.000000000000000000e+00
1.823908148539949758e+00 -1.862974108000174311e+01 0.000000000000000000e+00
-1.939610883353374504e+00 5.686514487876169532e+00 0.000000000000000000e+00
-6.565852098928966818e+00 -5.112026960800627462e-01 0.000000000000000000e+00
1.358724387975918724e+01 -1.800197164865753985e+00 0.000000000000000000e+00
7.443440188805148239e+00 -2.435575822589590267e+00 0.000000000000000000e+00
3.088590125901636285e-01 1.445376922465098701e+01 0.000000000000000000e+00
5.030137180371482941e+00 1.449663927879542946e+01 0.000000000000000000e+00
1.744777909075582656e+01 6.660637310281464885e+00 0.000000000000000000e+00
7.100041558016767063e+00 1.054574494583447120e+01 0.000000000000000000e+00
1.444813593593690326e+00 -8.473996828344857235e+00 0.000000000000000000e+00
-5.880664066821521985e+00 -7.764697152459307361e+00 0.000000000000000000e+00
-8.180041825852057968e+00 1.630180769332836732e+01 0.000000000000000000e+00
-8.337353862665223048e+00 -1.273728745369786530e+01 0.000000000000000000e+00
-8.830288966663840000e+00 5.488195587760714922e+00 0.000000000000000000e+00
-2.803674474852774878e+00 2.066951506763175406e+00 0.000000000000000000e+00
-4.407216543345405135e+00 2.856793582585278823e+00 0.000000000000000000e+00
-6.358788133606709359e+00 9.654710303551798489e+00 0.000000000000000000e+00
-9.867184236590249569e+00 1.235878485493979007e+01 0.000000000000000000e+00
1.893938587972576215e+01 -8.600203967236951241e-01 0.000000000000000000e+00
-2.645491300725997252e+00 1.075147713307983466e+01 0.000000000000000000e+00
-1.603004044641186709e+01 -6.092760584127813850e+00 0.000000000000000000e+00
7.568254778098815194e+00 8.481771062994459598e+00 0.000000000000000000e+00
6.883495165643708225e-01 -1.739758058391246465e+01 0.000000000000000000e+00
5.561671347868009541e+00 5.155266221560338202e+00 0.000000000000000000e+00
-7.377862696040975443e+00 -1.401997353653045231e+01 0.000000000000000000e+00
9.141610940144596853e+00 3.815512965855001770e+00 0.000000000000000000e+00
6.248197091368211664e-01 1.686999144241251969e+01 0.000000000000000000e+00
4.699766908807710308e+00 -1.729752164451156915e+01 0.000000000000000000e+00
-1.003223561079283499e+01 8.053907770894493723e+00 0.000000000000000000e+00
-9.723527774371740762e+00 1.546524559333872695e+01 0.000000000000000000e+00
-1.492728708407675953e+01 2.370710221543256502e+00 0.000000000000000000e+00
-9.624692798000952232e-01 -1.232911815352578522e+01 0.000000000000000000e+00
-5.631896069124423754e+00 -1.177720200435677889e+01 0.000000000000000000e+00
-1.239369947797157678e+01 6.788555905223464526e-02 0.000000000000000000e+00
7.637854167387641446e+00 1.495022499042464048e+01 0.000000000000000000e+00
-4.018100194922307189e+00 -1.338957854524941915e+01 0.000000000000000000e+00
-1.785642528426749109e+01 -2.882679289225591024e+00 0.000000000000000000e+00
1.701910713746792325e+01 -3.906514900925373901e+00 0.000000000000000000e+00
-1.758462429059828835e+01 1.234076156236258992e+00 0.000000000000000000e+00
1.488018525506040524e+00 1.263043324081072782e+01 0.000000000000000000e+00
-2.985520299533916511e+00 -1.530364065281540675e+01 0.000000000000000000e+00
-9.171335001380512608e+00 -9.057116731426764766e-02 0.000000000000000000e+00
-1.414013997488888341e+00 -4.972339618588208054e+00 0.000000000000000000e+00
1.253182467317330229e+01 1.352568476562608701e+01 0.000000000000000000e+00
-9.229771334127372384e-01 -3.247963349191331783e+00 0.000000000000000000e+00
1.124168541210214256e+00 -2.277859551258163417e+00 0.000000000000000000e+00
2.180372840305958348e+00 -5.524675602921864659e+00 0.000000000000000000e+00
-1.207766477328637222e+01 -1.449853230544278304e+01 0.000000000000000000e+00
-1.533628638009629874e+01 1.013812478836472941e+01 0.000000000000000000e+00
-1.599793385304669968e+00 -6.716456293455355997e+00 0.000000000000000000e+00
9.275542784627781312e-02 -4.511637337630697964e+00 0.000000000000000000e+00
9.968933216990201629e+00 7.830942633021752641e+00 0.000000000000000000e+00
1.441961082063481747e+01 -7.631596737520889739e+00 0.000000000000000000e+00
1.173900014000076020e+01 9.715375622945371603e+00 0.000000000000000000e+00
2.566598604810987894e+00 6.000788505112726767e+00 0.000000000000000000e+00
9.073870419870136317e+00 1.296553224127276671e+01 0.000000000000000000e+00
-4.868527533064456847e+00 1.422504159159510095e+01 0.000000000000000000e+00
9.545024939571796763e-01 -6.578487583221078516e+00 0.000000000000000000e+00
-2.393903629265859312e+00 4.136810838012666025e+00 0.000000000000000000e+00
7.281454038202438639e+00 3.101838413805775740e+00 0.000000000000000000e+00
8.345876434308678871e-01 1.278289401454922425e+00 0.000000000000000000e+00
-1.511378646821917471e+01 -9.486166095046270286e+00 0.000000000000000000e+00
-1.204351348668319055e+01 -1.289040785236084830e+01 0.000000000000000000e+00
1.077265517950498008e+01 2.422039785511090226e+00 0.000000000000000000e+00
1.101115618913299343e+01 1.540297793266576321e+01 0.000000000000000000e+00
-2.015609990816978225e+00 7.539891947488422730e+00 0.000000000000000000e+00
-2.195405090432053896e+00 -1.130944555814429364e+01 0.000000000000000000e+00
1.965688236377775011e-01 4.152263760494260936e+00 0.000000000000000000e+00
3.231351373403434035e+00 1.788775823068266035e+01 0.000000000000000000e+00
-7.844366021786287391e+00 -9.018483249682725855e+00 0.000000000000000000e+00
1.779639298165962336e+00 -1.273892743275161088e+01 0.000000000000000000e+00
1.116538754737283057e+01 -1.496784157971032059e+01 0.000000000000000000e+00
1.449158635757639146e+01 -5.021186497077791966e-01 0.000000000000000000e+00
-9.643328177433268422e+00 -1.601895053784972234e+01 0.000000000000000000e+00
7.505574709547718548e+00 1.226593922143134563e+01 0.000000000000000000e+00
-2.029832267821919611e+00 1.495912855159431132e+01 0.000000000000000000e+00
1.601093840853218353e+01 1.939464572265730435e+00 0.000000000000000000e+00
-1.433687808891416893e+01 -1.113092284890540995e+01 0.000000000000000000e+00
-5.293255859048529466e+00 1.784106817546842905e+01 0.000000000000000000e+00
1.773802232084140584e+01 -2.401293382537554422e+00 0.000000000000000000e+00
-7.144943072173849385e-01 -8.207680740002215813e+00 0.000000000000000000e+00
-1.158933666534735885e+01 -2.636523699648947616e+00 0.000000000000000000e+00
1.144287030979487474e+00 6.644248599199225502e+00 0.000000000000000000e+00
-1.021087238648312479e+01 2.960399646168186738e+00 0.000000000000000000e+00
-7.283513737101328545e+00 2.293264723167184549e+00 0.000000000000000000e+00
1.164804704534083513e+01 -1.323557263662948102e+01 0.000000000000000000e+00
9.729668246432227718e+00 -1.213419657321780498e+01 0.000000000000000000e+00
1.389936271439805893e+01 -4.297135408938023815e+00 0.000000000000000000e+00
-1.488672637384038433e+00 1.302813015379927819e+01 0.000000000000000000e+00
-3.214738130548960182e+00 1.254951798758034620e+01 0.000000000000000000e+00
3.784489809593823750e+00 2.686255030145233702e-01 0.000000000000000000e+00
-1.654703537376650146e+01 2.441971558926465224e+00 0.000000000000000000e+00
-3.462157584605439098e+00 -8.944869569144776378e+00 0.000000000000000000e+00
-8.659193099078676070e+00 -1.096300178593495644e+01 0.000000000000000000e+00
-2.121705256145514529e+00 -9.677570285069602818e+00 0.000000000000000000e+00
-5.126140041350143228e+00 -2.164409885371689324e+00 0.000000000000000000e+00
4.557068866521631456e+00 -7.235822978960788632e+00 0.000000000000000000e+00
9.087529334677023840e+00 -4.279298300773453967e+00 0.000000000000000000e+00
-6.838918033465841262e+00 -3.413377120810154874e+00 0.000000000000000000e+00
1.138112680617588346e+01 8.359983270310977765e-01 0.000000000000000000e+00
9.877210776797673120e+00 -1.416762945353998049e+01 0.000000000000000000e+00
-1.086281281107272711e+01 -9.337838752332174863e-01 0.000000000000000000e+00
-1.076373492065322779e+01 9.828456878559490573e-01 0.000000000000000000e+00
-8.678265953477412253e+00 3.922209229789418661e+00 0.000000000000000000e+00
6.991188946960121164e+00 -1.285011177701534457e+01 0.000000000000000000e+00
1.499424336449576778e+01 4.658502774720512996e+00 0.000000000000000000e+00
-9.014135039015852557e-01 -1.738451650519141634e+00 0.000000000000000000e+00
2.172150452551567579e+00 1.601595055381407340e-01 0.000000000000000000e+00
-1.118569958149368126e+01 -5.613531579142880368e+00 0.000000000000000000e+00
1.531191674140589676e+01 -1.023993316654009078e+01 0.000000000000000000e+00
1.102097293086580265e+01 5.599447224423906633e+00 0.000000000000000000e+00
1.347971267356942171e+01 1.715920916058565115e+00 0.000000000000000000e+00
7.221678139496424675e-01 -1.142098561514748134e+01 0.000000000000000000e+00
-5.396949995072329642e+00 -1.763200339549772622e+01 0.000000000000000000e+00
1.216273029361834901e+01 1.151537068097414362e+01 0.000000000000000000e+00
-1.310722575309302584e+01 1.281982672675727031e+01 0.000000000000000000e+00
5.860104347065370867e+00 9.288392274322514908e+00 0.000000000000000000e+00
-7.106408555720740594e+00 1.146448276124510457e+01 0.000000000000000000e+00
-1.047440317456830750e+00 1.875324212377412181e+01 0.000000000000000000e+00
-1.134040905174559022e+01 -8.775297307819736048e+00 0.000000000000000000e+00
-9.046712808168635434e+00 9.925332754289378556e+00 0.000000000000000000e+00
-1.035130457687032646e+01 6.005673062359622172e+00 0.000000000000000000e+00
9.546031729849630665e+00 -1.618482339796868175e+01 0.000000000000000000e+00
9.069724429549120615e+00 1.026327614004684996e+01 0.000000000000000000e+00
9.623683643600559279e+00 -2.484645640765011709e+00 0.000000000000000000e+00
-1.286741168512714495e+01 -1.038416385671797038e+01 0.000000000000000000e+00
-9.745888718627160330e+00 -7.419828549598008749e+00 0.000000000000000000e+00
3.258811204541841811e+00 4.468520570512494849e+00 0.000000000000000000e+00
-1.761101900255254904e+01 5.473674063330888018e+00 0.000000000000000000e+00
-4.534338877562274495e-01 -2.518845259134771530e-01 0.000000000000000000e+00
-1.311020554996899534e+01 -3.496710838389415432e+00 0.000000000000000000e+00
-1.286706974234182255e+01 -8.120445509495295866e+00 0.000000000000000000e+00
-4.956074663978579764e+00 -3.849983141780229712e+00 0.000000000000000000e+00
1.722275361058566645e+01 1.019721018369825316e+00 0.000000000000000000e+00
-1.568450130295326517e+01 8.647211397573477676e-01 0.000000000000000000e+00
5.306124647946339756e+00 -8.665477707529207763e+00 0.000000000000000000e+00
1.541384549587209030e+01 6.192078943652957079e+00 0.000000000000000000e+00
2.624164385946358813e+00 1.574918243219585889e+01 0.000000000000000000e+00
-1.254622242388682452e+01 1.585698750158685444e+00 0.000000000000000000e+00
1.693523230950987468e+01 4.053314389326354572e+00 0.000000000000000000e+00
1.264870558207759998e+01 4.778845167517485670e+00 0.000000000000000000e+00
4.640421116549114267e+00 6.883382587245826301e+00 0.000000000000000000e+00
-1.016695984141172282e+01 -9.906939293224603205e+00 0.000000000000000000e+00
-1.530621703684783164e+01 4.470648330608919530e+00 0.000000000000000000e+00
-5.916204263785846074e+00 -1.477259373505865092e+01 0.000000000000000000e+00
-1.552153671623574560e+01 -4.373509537749501241e+00 0.000000000000000000e+00
5.001748571410296051e+00 -3.522996758738939693e+00 0.000000000000000000e+00
4.185199018935542803e+00 1.622104509502836933e+01 0.000000000000000000e+00
-3.517320772922708727e+00 1.653483859621064767e+01 0.000000000000000000e+00
-1.160245160504017115e+01 3.635328827503582438e+00 0.000000000000000000e+00
1.195265212424343382e+01 -1.006194299996166919e+01 0.000000000000000000e+00
-1.343593759364530982e+01 4.245910861713411144e+00 0.000000000000000000e+00
-5.517628209733596911e+00 -9.302963107121318131e+00 0.000000000000000000e+00
4.130011502553114333e+00 -5.397902724645522454e+00 0.000000000000000000e+00
-4.626028310679743960e+00 -1.564232857034263269e+01 0.000000000000000000e+00
1.305541082177478529e+01 -1.267132273502293494e+01 0.000000000000000000e+00
6.282496080613491962e+00 1.319004656580208845e+01 0.000000000000000000e+00
-4.700130917880569470e-01 -1.561442552700438924e+01 0.000000000000000000e+00
-4.332504404966186939e+00 1.141754301872381205e+01 0.000000000000000000e+00
-1.230816296705865298e+01 9.597032043327082818e+00 0.000000000000000000e+00
-1.456925018610068401e+00 -1.737260619334425016e+01 0.000000000000000000e+00
1.380828621094764230e+01 5.863118192642204463e+00 0.000000000000000000e+00
1.814337602822376638e+01 4.974957867596891958e+00 0.000000000000000000e+00
2.575980646773442295e+00 -1.643417081266703050e+01 0.000000000000000000e+00
5.160087330717528786e+00 2.085332634551897435e+00 0.000000000000000000e+00
-1.966285942546167398e+00 1.699305978953292495e+01 0.000000000000000000e+00
1.853369721808437731e+01 1.817856863370376663e+00 0.000000000000000000e+00
-7.065388863841760569e-01 -1.874752361926771016e+01 0.000000000000000000e+00
-1.587399013644251156e+01 5.903795395992741391e+00 0.000000000000000000e+00
2.970312048417103501e+00 -7.844150681539283632e+00 0.000000000000000000e+00
-3.241061341612129443e+00 8.968311015516629681e+00 0.000000000000000000e+00
-1.461653642583571333e+01 8.120490487120575196e+00 0.000000000000000000e+00
-5.567296378059475970e+00 -6.208421786538077747e+00 0.000000000000000000e+00
4.076154490526787910e+00 -1.941345741332174191e+00 0.000000000000000000e+00
1.615564763777690516e+01 -8.538483756705799621e+00 0.000000000000000000e+00
-1.418512087508044139e+01 -7.148170066448758853e+00 0.000000000000000000e+00
1.101537358590600313e+01 -4.789466935908493816e+00 0.000000000000000000e+00
9.664618056677142022e+00 -9.579994309615470272e+00 0.000000000000000000e+00
1.481032094875482841e+01 -5.584074090061124984e+00 0.000000000000000000e+00
-8.449664760999189284e+00 1.422781321153450662e+01 0.000000000000000000e+00
4.044967582434919606e+00 -1.383819729914318053e+01 0.000000000000000000e+00
-7.106653479477595070e+00 -1.629739415886274401e+01 0.000000000000000000e+00
3.393336442381833518e+00 -9.319276954686920078e+00 0.000000000000000000e+00
1.583509913912933698e+01 7.804123071265863132e+00 0.000000000000000000e+00
-1.080732868151953596e+01 -3.954627333592517502e+00 0.000000000000000000e+00
1.745413863259635789e+01 -7.024802242749538017e+00 0.000000000000000000e+00
-3.213222256578780911e+00 -1.723949919976332978e+01 0.000000000000000000e+00
-4.633848975134215564e+00 -1.117449641143251071e-01 0.000000000000000000e+00
2.265986479063553549e+00 1.094441866286878629e+01 0.000000000000000000e+00
1.337911546480662395e+01 1.044109580239005020e+01 0.000000000000000000e+00
-7.078980676433439534e+00 7.790124851488478441e+00 0.000000000000000000e+00
-1.190310605683823653e+01 5.225419630050433639e+00 0.000000000000000000e+00
8.992972413298286227e+00 -6.039004557695659692e+00 0.000000000000000000e+00
6.429956229420183078e+00 -1.753149969269063035e+01 0.000000000000000000e+00
-6.942398222772533600e+00 -1.042780908986222244e+01 0.000000000000000000e+00
5.216581273312465683e+00 -8.101024972092035759e-01 0.000000000000000000e+00
-1.761537744513928416e+01 -6.425445711144270433e+00 0.000000000000000000e+00
1.003901299342724940e+01 -7.262968670498562318e+00 0.000000000000000000e+00
-7.360083529018193182e+00 5.887817833371488341e+00 0.000000000000000000e+00
-3.333285839102058112e+00 1.848004434640179028e+01 0.000000000000000000e+00
