-2.076028598570089923e+00 1.059428487489899950e+01 0.000000000000000000e+00
1.137711327963133634e+01 -1.493979313027632649e+00 0.000000000000000000e+00
1.329430637032699991e+01 9.032928656729698247e+00 0.000000000000000000e+00
5.453524955939672125e+00 7.060855709834116922e+00 0.000000000000000000e+00
1.638436562566543486e+01 6.678192392471124172e+00 0.000000000000000000e+00
-7.196476478974812352e+00 1.378906885252700931e+01 0.000000000000000000e+00
-1.533306929852922629e+01 5.768181035266919249e-02 0.000000000000000000e+00
-1.154864432075133784e+01 -1.151058269068407292e+01 0.000000000000000000e+00
8.055251259401591923e+00 -1.364956602865705193e+01 0.000000000000000000e+00
1.772790526256248711e+01 2.908089450875775750e+00 0.000000000000000000e+00
-1.470525380889745470e+01 4.222242478165859403e+00 0.000000000000000000e+00
2.605884564670456705e+00 -5.479377557757959316e+00 0.000000000000000000e+00
7.866894362904647053e+00 8.356636278613660096e+00 0.000000000000000000e+00
5.458065706625921720e+00 -1.014767258218920531e+01 0.000000000000000000e+00
-6.057987659248022183e+00 9.294983073624139891e+00 0.000000000000000000e+00
1.371841377850466559e+00 -4.312377552149470716e+00 0.000000000000000000e+00
2.617626536282296801e+00 -1.795732015484967548e+01 0.000000000000000000e+00
5.288750172965382745e+00 -1.811162907896393648e+01 0.000000000000000000e+00
1.535970624914804539e+01 -7.680891939646144806e+00 0.000000000000000000e+00
1.024675616989556381e+01 -4.569465108520113006e+00 0.000000000000000000e+00
1.380151666436144398e+00 9.387988781333351795e+00 0.000000000000000000e+00
1.313882302850076478e+01 -2.064201392482215347e+00 0.000000000000000000e+00
-1.647046279232413823e+01 -5.520330154187896632e+00 0.000000000000000000e+00
-3.583745120439678633e+00 8.121119526032424929e+00 0.000000000000000000e+00
-5.410157734308093325e+00 -4.423414406414345912e+00 0.000000000000000000e+00
7.822452555100424476e+00 3.605192144977147795e+00 0.000000000000000000e+00
5.433466247008584382e+00 -2.760180826492526940e+00 0.000000000000000000e+00
1.550973046815766310e+01 1.054552858751233835e+00 0.000000000000000000e+00
1.060002745775686250e+01 -1.057896545302556746e+01 0.000000000000000000e+00
7.026317280117983621e+00 -6.297485222686117545e+00 0.000000000000000000e+00
-6.854587884034002432e-01 -1.801996263833022738e+01 0.000000000000000000e+00
-1.117113037298016032e+01 -6.633035768475060046e+00 0.000000000000000000e+00
-7.522657545313331084e+00 6.756159084948913929e+00 0.000000000000000000e+00
1.800552183495496061e+00 -7.849878026291659872e+00 0.000000000000000000e+00
-5.031242248051433386e+00 1.167265850144018557e+01 0.000000000000000000e+00
-1.639472895242587569e+01 8.332253869222752130e+00 0.000000000000000000e+00
1.830936839656843418e+01 -3.610635434605261374e+00 0.000000000000000000e+00
-2.232962779383178553e+00 3.350496778596213421e+00 0.000000000000000000e+00
2.529511536817568462e+00 -1.188507712329679045e+01 0.000000000000000000e+00
-1.190016186167680878e+01 -1.448097552146495737e+01 0.000000000000000000e+00
-6.243455807276578007e+00 -1.369193687658384206e+01 0.000000000000000000e+00
-1.536316565600719386e+00 -2.807765574619498938e+00 0.000000000000000000e+00
-1.142478988922879246e+01 1.386145465776434094e+01 0.000000000000000000e+00
-1.453602764152018878e+01 1.120657621382437341e+01 0.000000000000000000e+00
-3.275031448766803965e+00 -1.076066788841069588e+01 0.000000000000000000e+00
1.053749387954854022e+01 -7.732489909154826258e+00 0.000000000000000000e+00
1.230629826704939767e+01 -8.586290653401478679e+00 0.000000000000000000e+00
9.594763411863027613e-01 1.755314290318654358e+01 0.000000000000000000e+00
-9.050918658017227614e+00 4.649709357873653692e-01 0.000000000000000000e+00
-3.584651680401295337e+00 1.074527281023818759e+01 0.000000000000000000e+00
-7.953905682731001292e+00 -4.627965249143196402e+00 0.000000000000000000e+00
3.577100703983912000e-01 5.846916606992175858e+00 0.000000000000000000e+00
-8.259683103900151480e+00 -1.209061315132970016e+01 0.000000000000000000e+00
-5.129287022785454786e-01 3.317482568010432509e-01 0.000000000000000000e+00
1.035179950358361900e+01 6.167354662139225674e+00 0.000000000000000000e+00
-5.472596985686395410e-01 8.311726455632530985e+00 0.000000000000000000e+00
-4.354330015808711707e+00 -7.115239376274889338e+00 0.000000000000000000e+00
1.023265947959110100e+01 7.907147820692636664e+00 0.000000000000000000e+00
-1.439626171937603871e+01 -2.742675475004316521e+00 0.000000000000000000e+00
-8.234665891712610986e+00 8.907583485252553501e+00 0.000000000000000000e+00
-1.686703890570155906e+01 5.995771764704936224e+00 0.000000000000000000e+00
-3.856539932346657373e+00 1.263836354977068943e+01 0.000000000000000000e+00
-1.500751519239619469e+01 -7.994278233798450373e+00 0.000000000000000000e+00
-5.811066139844433209e+00 7.173033846619769172e+00 0.000000000000000000e+00
-1.266364967267417541e+01 -4.282522234240087933e+00 0.000000000000000000e+00
-4.336935305562863441e+00 -7.680637421783526042e-01 0.000000000000000000e+00
9.957826706338547496e+00 2.379471419305681845e+00 0.000000000000000000e+00
1.783048950670425725e+01 6.159848135498557475e+00 0.000000000000000000e+00
1.601938999104685024e+01 -9.834276016528384901e+00 0.000000000000000000e+00
5.363712580471357683e+00 1.341360161660067263e+01 0.000000000000000000e+00
9.842121734523130883e+00 -1.610347758205643842e+01 0.000000000000000000e+00
-5.775114904746088129e+00 -1.087839430742783620e+01 0.000000000000000000e+00
1.342664978219197280e+01 -4.952314348186492410e+00 0.000000000000000000e+00
8.185669084019219000e+00 -1.129164944112586433e+01 0.000000000000000000e+00
1.792300354593228118e+00 1.470220804338433496e+01 0.000000000000000000e+00
9.348520796336474703e+00 -9.189245757292670014e-01 0.000000000000000000e+00
2.465330835371692952e+00 -1.358725563525756286e+01 0.000000000000000000e+00
-1.004506316178783365e+01 4.373656647278311382e+00 0.000000000000000000e+00
1.388888194820480848e+01 5.458552770449278668e+00 0.000000000000000000e+00
9.355919854218857523e+00 4.473475976216744421e+00 0.000000000000000000e+00
-1.343789757494965720e+01 -1.328629721981348766e+01 0.000000000000000000e+00
3.471800691022701280e+00 -8.919318416592844079e-01 0.000000000000000000e+00
3.654439652240957681e+00 1.465243032547387614e+01 0.000000000000000000e+00
9.501278288891474855e-01 -1.689022380268478685e+01 0.000000000000000000e+00
-1.204715815464484407e+01 5.616937820741940257e+00 0.000000000000000000e+00
-1.029065077637042513e+01 1.002029580106136386e+01 0.000000000000000000e+00
-1.585063772741553123e+01 -3.493324802521835526e+00 0.000000000000000000e+00
-1.246123632882503607e+01 1.150864430429264829e+01 0.000000000000000000e+00
-1.232154164868913959e+01 2.885730455896193813e+00 0.000000000000000000e+00
-7.819804257558306659e+00 1.680317098669265263e+01 0.000000000000000000e+00
-9.048324086507317787e+00 -6.893830102973717011e+00 0.000000000000000000e+00
-3.796815979621260273e-01 -1.437640781930509881e+01 0.000000000000000000e+00
-1.522686070674965197e+00 5.121285498707833561e+00 0.000000000000000000e+00
1.419696603516879385e+01 7.361979140559319568e+00 0.000000000000000000e+00
1.745136821652373271e+01 -1.685659751182042365e+00 0.000000000000000000e+00
1.735551782952881794e+01 -2.023822512686366051e-02 0.000000000000000000e+00
1.281202523955841599e+01 -2.603889909446381323e-01 0.000000000000000000e+00
-4.843988517979616049e+00 -1.779044785029662634e+01 0.000000000000000000e+00
6.347921925480898508e+00 -1.342716546391325316e+01 0.000000000000000000e+00
-6.800623371514899596e+00 1.198108033342426992e+01 0.000000000000000000e+00
-3.281360049000672685e+00 5.343425118184194078e-01 0.000000000000000000e+00
-1.841254876314272337e+01 4.213142359818653482e+00 0.000000000000000000e+00
-3.156053729731976176e+00 -1.848763371371887487e+01 0.000000000000000000e+00
-2.787502217778056401e+00 -1.699444785649941281e+01 0.000000000000000000e+00
1.011991697903892096e+01 1.155602015163890428e+01 0.000000000000000000e+00
-7.775218065000736090e+00 -1.446302883157801311e+01 0.000000000000000000e+00
3.252624835491984001e+00 -1.033368039624756918e+01 0.000000000000000000e+00
6.350883868607912319e+00 5.085671588343366745e-01 0.000000000000000000e+00
1.621737368293980097e+01 8.818242736086187250e+00 0.000000000000000000e+00
6.978090612948435911e+00 -8.967240523410625386e+00 0.000000000000000000e+00
1.436365371882004638e+01 -1.985005657384905295e-02 0.000000000000000000e+00
4.431669226893715674e+00 1.836211641316317866e+01 0.000000000000000000e+00
-3.965213011425813061e+00 1.777579282432374796e+01 0.000000000000000000e+00
-6.629357510019765698e+00 3.048152196249949597e+00 0.000000000000000000e+00
2.501075342526253298e+00 1.269008507607457403e+01 0.000000000000000000e+00
-1.736699901925732803e+01 1.592260360248421769e+00 0.000000000000000000e+00
6.327033487100918840e+00 -1.152574280248716931e+01 0.000000000000000000e+00
-4.108967782933927726e-01 -1.614792506559091478e+01 0.000000000000000000e+00
1.336145393871881026e+01 -6.846223201875464071e+00 0.000000000000000000e+00
1.236761415271108255e+01 1.536579178607180074e+00 0.000000000000000000e+00
-9.925464097849907574e+00 -9.475516715342115148e+00 0.000000000000000000e+00
-1.130719834085930309e+01 -5.156983365040882505e-01 0.000000000000000000e+00
-1.063677762774636726e+01 1.554064622778209070e+01 0.000000000000000000e+00
-7.789737108794734688e+00 -1.025690598244766960e+01 0.000000000000000000e+00
-4.463476077092766836e+00 5.801768191730094060e+00 0.000000000000000000e+00
4.527793732670662763e+00 1.661560070630345010e+01 0.000000000000000000e+00
-3.264839770723383161e+00 -8.500660625774036916e+00 0.000000000000000000e+00
-1.420782541877150784e+01 -1.034767554173613213e+01 0.000000000000000000e+00
7.569285024002109452e+00 -4.076494652573726896e+00 0.000000000000000000e+00
3.455942070603918559e+00 1.078870683323733815e+01 0.000000000000000000e+00
2.435484387698908737e+00 -1.639683836590846155e+01 0.000000000000000000e+00
-3.760936295141163566e+00 -1.346765055609747819e+01 0.000000000000000000e+00
-1.431625925492871687e+01 -5.103747804816899603e+00 0.000000000000000000e+00
1.203305237974191755e+01 -1.324444182639428824e+01 0.000000000000000000e+00
6.599419582931820294e+00 4.714239493179742446e+00 0.000000000000000000e+00
4.742931801144594672e+00 -1.338930262911670077e+01 0.000000000000000000e+00
-3.091258131427579769e+00 4.881704513302334902e+00 0.000000000000000000e+00
-6.014038953052887493e+00 1.529604792527453228e+01 0.000000000000000000e+00
7.248740608279490294e-01 -1.081183676544818795e+01 0.000000000000000000e+00
9.100221437651935474e+00 -9.786018506213011392e+00 0.000000000000000000e+00
1.187066594688187493e+01 3.928818717611097799e+00 0.000000000000000000e+00
-8.429842687968561732e-01 -9.653642587882512061e+00 0.000000000000000000e+00
-9.994410512885510300e+00 -3.847331946231561606e+00 0.000000000000000000e+00
3.662310022106307072e-01 2.055976941857169837e+00 0.000000000000000000e+00
1.393505171953835031e+01 -8.804825266080433366e+00 0.000000000000000000e+00
4.692007649025268456e+00 -4.298012718541060373e+00 0.000000000000000000e+00
1.748852034077235373e+01 -5.222383974184956479e+00 0.000000000000000000e+00
-9.715128593451334282e+00 6.116122123978424696e+00 0.000000000000000000e+00
-7.412533846267386650e+00 -6.612302500053334420e+00 0.000000000000000000e+00
-8.996713032664196419e+00 1.272035906914052106e+01 0.000000000000000000e+00
1.006684882574977813e+01 -1.207094224608504796e+01 0.000000000000000000e+00
-7.930501636347556449e+00 -1.622389364447883864e+01 0.000000000000000000e+00
-9.648133321132000617e+00 -2.328438489704706793e+00 0.000000000000000000e+00
-9.691989109956406168e+00 -1.497923832955438961e+01 0.000000000000000000e+00
-1.652704538080597629e+01 -7.698634353581723211e+00 0.000000000000000000e+00
-2.617944271630808117e+00 1.350892774434143639e+01 0.000000000000000000e+00
-1.612919415562682346e+01 1.003676674179912531e+01 0.000000000000000000e+00
5.758194939720691963e+00 1.546082082483200004e+01 0.000000000000000000e+00
-1.079157824958178757e+01 1.218571165010017587e+01 0.000000000000000000e+00
6.623753850214820993e+00 1.093660419197146894e+01 0.000000000000000000e+00
-1.412184323259417695e+01 8.738960015418356875e+00 0.000000000000000000e+00
-1.201913216150838126e+00 -1.113492889445120682e+01 0.000000000000000000e+00
3.203305618205317534e-02 1.497699844326657193e+01 0.000000000000000000e+00
6.274004785369497128e+00 1.784259566300097077e+01 0.000000000000000000e+00
3.357680465612741916e+00 -8.330580561895510883e+00 0.000000000000000000e+00
1.156785270728775750e+01 1.368237454871055547e+01 0.000000000000000000e+00
1.704444593988892009e+01 1.572226341291931728e+00 0.000000000000000000e+00
-1.936571629271573114e+00 -1.538135559780733175e+01 0.000000000000000000e+00
5.254056030110036524e+00 -8.401756548652134171e+00 0.000000000000000000e+00
-4.733415592424499607e+00 -1.506698069266567508e+01 0.000000000000000000e+00
-6.397173647090472315e+00 1.234886709101680413e+00 0.000000000000000000e+00
1.781786934269464995e+00 1.623194067087414894e+01 0.000000000000000000e+00
-1.256692988280511969e+01 1.363456181078780638e+00 0.000000000000000000e+00
8.439782871453225255e+00 -6.889798777445044209e+00 0.000000000000000000e+00
4.961923896419482283e+00 -1.647718884724348598e+01 0.000000000000000000e+00
9.160589166326908728e-02 -1.683991709233356060e+00 0.000000000000000000e+00
-5.158762735883225536e-01 1.058160486590316474e+01 0.000000000000000000e+00
8.122006072245804731e+00 1.712806520724799597e+01 0.000000000000000000e+00
7.724640406479615251e+00 -2.426787544391569185e+00 0.000000000000000000e+00
1.519818136342303561e+01 -2.261530896277320846e+00 0.000000000000000000e+00
-1.401773989152146793e+00 1.708502094268486715e+01 0.000000000000000000e+00
-1.971184213230675608e+00 -6.506876396725350675e-01 0.000000000000000000e+00
-8.072074150631429745e+00 -1.686890303642240907e+00 0.000000000000000000e+00
2.441274348140914263e+00 6.916054963771147257e+00 0.000000000000000000e+00
7.956039898263844279e+00 1.317912259193270863e+01 0.000000000000000000e+00
-1.209152646213814108e+01 -2.412122752287350291e+00 0.000000000000000000e+00
9.672438412449494649e+00 1.425501272290047972e+01 0.000000000000000000e+00
-1.732008612431468819e+01 -2.552122843529008200e+00 0.000000000000000000e+00
-8.872730532682838955e+00 2.917706631902005299e+00 0.000000000000000000e+00
-6.736945563521491431e-01 1.246492466803139898e+01 0.000000000000000000e+00
-1.727787142343566984e+01 -3.670464839207847052e-01 0.000000000000000000e+00
-3.482508974930593193e-01 1.882554622665737654e+01 0.000000000000000000e+00
-7.038894115007956920e+00 -5.807454270960041853e-01 0.000000000000000000e+00
-1.408129044347514913e+01 -8.976329722162643687e-01 0.000000000000000000e+00
1.561545347158711827e+01 -6.143582727946236055e+00 0.000000000000000000e+00
-5.812603327253039076e+00 -1.528693868986555904e+00 0.000000000000000000e+00
1.355385610547399011e+01 -1.148813486318934807e+01 0.000000000000000000e+00
-6.170993110717113872e+00 -8.749357637390247078e+00 0.000000000000000000e+00
-1.604264406497651763e+01 -9.617721301918031429e+00 0.000000000000000000e+00
-6.450960740405507821e+00 5.560805417058802824e+00 0.000000000000000000e+00
-1.436192345261788894e+01 1.388451999255129188e+00 0.000000000000000000e+00
2.339378430343557191e+00 2.767894823423767914e+00 0.000000000000000000e+00
8.570479893629610046e-01 1.323836039313694712e+01 0.000000000000000000e+00
4.075336578197777726e+00 -6.285933201831739758e+00 0.000000000000000000e+00
-2.361422046333425673e-01 -5.135631869674051053e+00 0.000000000000000000e+00
4.882353880391919532e+00 9.918789311297052658e-01 0.000000000000000000e+00
-3.037837120201754892e+00 -5.152312548083925137e+00 0.000000000000000000e+00
-6.307584881733593996e+00 1.748583210451931436e+01 0.000000000000000000e+00
-1.140036079881549291e+01 7.006729598926107805e+00 0.000000000000000000e+00
1.474602586951792915e+01 2.537397106431381832e+00 0.000000000000000000e+00
-7.892589870295899646e-01 -6.613886527979059515e+00 0.000000000000000000e+00
-1.666357018396230316e+01 3.677229171893300563e+00 0.000000000000000000e+00
-4.360631624044803090e+00 2.319295761096531461e+00 0.000000000000000000e+00
1.117026941420683528e+01 9.516119116354769147e+00 0.000000000000000000e+00
8.851737406106810369e+00 1.006388136170600589e+01 0.000000000000000000e+00
1.716726198382664270e+00 9.162732072483439349e-01 0.000000000000000000e+00
1.170052245497165799e+01 -3.913549409114992272e+00 0.000000000000000000e+00
1.593997437733811218e+01 -4.626578895520746748e+00 0.000000000000000000e+00
9.334077861099142837e+00 -2.962676985752030756e+00 0.000000000000000000e+00
-2.835408038049842983e+00 -3.615876890080927719e+00 0.000000000000000000e+00
-1.409847261744355595e+00 1.993568475911054794e+00 0.000000000000000000e+00
9.323608773153155838e+00 1.596518056224952709e+01 0.000000000000000000e+00
8.186249735600354072e+00 -1.567776735546352462e+01 0.000000000000000000e+00
4.428208098885295207e+00 5.352323523473021538e+00 0.000000000000000000e+00
-9.373984994948829197e+00 1.429179406819235787e+01 0.000000000000000000e+00
3.540174862161206804e+00 -2.450004681101463078e+00 0.000000000000000000e+00
-4.499226798157205387e+00 -1.195499836143514827e+01 0.000000000000000000e+00
-1.329172772240145584e+01 6.508899152944408684e+00 0.000000000000000000e+00
-7.915114139517906544e+00 1.096076562756931949e+01 0.000000000000000000e+00
-1.099035332555890587e+00 -1.266221084712242195e+01 0.000000000000000000e+00
1.242249808493031438e+01 -1.036148505070502424e+01 0.000000000000000000e+00
1.185044169811779469e+01 6.049972564628605554e+00 0.000000000000000000e+00
3.924916180491180295e+00 8.284621091013812944e+00 0.000000000000000000e+00
-1.892347442509153410e+01 1.492615513703166918e+00 0.000000000000000000e+00
6.449768082310647799e+00 -1.546729667247028850e+01 0.000000000000000000e+00
1.520908744354958841e+01 1.113434620714296308e+01 0.000000000000000000e+00
1.064514602840230495e+01 3.220253671969873221e-01 0.000000000000000000e+00
-1.298289591957479239e+01 -6.488802152312804772e+00 0.000000000000000000e+00
-2.730338062231511653e+00 1.868064076858871303e+01 0.000000000000000000e+00
1.541727397182443404e+01 5.070670340768232975e+00 0.000000000000000000e+00
1.630033220480511025e+00 -9.513796033684204900e+00 0.000000000000000000e+00
7.621046341528263213e+00 6.523148309924238220e+00 0.000000000000000000e+00
1.755001897029432456e+01 -6.755368812432706704e+00 0.000000000000000000e+00
8.482125802060698661e+00 1.223797405877566469e+00 0.000000000000000000e+00
-1.129781867637437998e+01 -5.008032355809319824e+00 0.000000000000000000e+00
-9.347280941503235852e+00 -1.317730797472938420e+01 0.000000000000000000e+00
6.457107971017775228e+00 -1.006060736962016477e+00 0.000000000000000000e+00
-1.833578418148719535e+01 -3.933588346261075230e+00 0.000000000000000000e+00
1.587421588564747132e+00 -8.499100863213459034e-01 0.000000000000000000e+00
1.356083216085533039e+01 1.095792186917491229e+01 0.000000000000000000e+00
9.965479565309529608e-01 1.093780775481991441e+01 0.000000000000000000e+00
-6.327492452445451221e+00 -1.540155075741218127e+01 0.000000000000000000e+00
-1.258631476926545112e+01 -9.077798479106968799e+00 0.000000000000000000e+00
4.917162664034233188e+00 2.550626669846331129e+00 0.000000000000000000e+00
-1.895326594693582578e+01 -1.129767563607281478e+00 0.000000000000000000e+00
-1.856492550676954068e+00 1.538898435330093051e+01 0.000000000000000000e+00
