-9.288623909875327878e-02 1.239609515462125700e+01 0.000000000000000000e+00
2.048254027369076635e-01 -5.635171967448150632e+00 0.000000000000000000e+00
1.528112214983580586e+01 2.375498470073149626e+00 0.000000000000000000e+00
-2.290415395892367201e+00 -5.704059554855034797e+00 0.000000000000000000e+00
1.355895436031601342e+01 -1.287155454161700696e+01 0.000000000000000000e+00
-2.190064016830468141e+00 1.319642449528444672e+01 0.000000000000000000e+00
-5.888009035556665438e+00 1.053365099815994377e+01 0.000000000000000000e+00
1.349897945381560760e+01 1.204462575260022916e+01 0.000000000000000000e+00
-5.570715838525081232e+00 -1.083390785330869832e+01 0.000000000000000000e+00
3.326001329676776752e+00 -9.118019549442708538e+00 0.000000000000000000e+00
-5.776769573696828530e+00 6.247801885729444393e+00 0.000000000000000000e+00
-7.886258487200169531e-01 -3.384318034402078901e+00 0.000000000000000000e+00
-1.078211742525122219e+01 -1.492607431281497732e+01 0.000000000000000000e+00
-5.665871797927528597e+00 1.692893204542090757e+01 0.000000000000000000e+00
6.378839820228620283e+00 -1.441073584223528048e+00 0.000000000000000000e+00
-8.413743600084869101e+00 1.310750812109487740e+01 0.000000000000000000e+00
-8.959906043890647709e+00 -7.332950860403905757e+00 0.000000000000000000e+00
1.351937591413248896e+01 6.046742550116081638e+00 0.000000000000000000e+00
6.629902274640542714e+00 1.343268113486015025e+01 0.000000000000000000e+00
6.595138607463428393e+00 1.144206881596989511e+01 0.000000000000000000e+00
-1.051288588718301220e+01 -4.833936300432320365e+00 0.000000000000000000e+00
-7.402400725607192200e+00 -9.908372105055878620e+00 0.000000000000000000e+00
6.637363988587035912e+00 1.339978718375039124e+00 0.000000000000000000e+00
-1.226038461656529321e+01 -4.262067232537006589e+00 0.000000000000000000e+00
-1.177862867712310857e+00 1.049481026877669088e+01 0.000000000000000000e+00
1.598098476233388299e+00 3.456523724568033806e+00 0.000000000000000000e+00
-3.576235269139472539e+00 1.767373368360549435e+01 0.000000000000000000e+00
1.246170451325201078e+01 1.081733368217686753e+01 0.000000000000000000e+00
8.825309841992792670e+00 -1.581375311625160318e+00 0.000000000000000000e+00
2.732305331449958796e+00 1.870525634855958907e+00 0.000000000000000000e+00
1.034552901325061747e+01 -1.110668416623509458e+01 0.000000000000000000e+00
-1.581522537915233784e+01 7.561065041712424772e+00 0.000000000000000000e+00
-4.400621749022374019e+00 8.764465187346292652e+00 0.000000000000000000e+00
-1.019163378650002016e+01 -1.339548935101180760e+01 0.000000000000000000e+00
1.437681269516277816e+01 -8.169865812993645449e+00 0.000000000000000000e+00
-1.520196037484105256e+00 -1.272763710315935048e-01 0.000000000000000000e+00
5.578687461323457164e+00 4.654994903452467803e+00 0.000000000000000000e+00
3.548573074815200457e+00 8.763874965572524545e+00 0.000000000000000000e+00
-1.269735417512697850e+01 -7.174594597694292197e+00 0.000000000000000000e+00
-9.515333146181877311e+00 -1.036201470011079984e+01 0.000000000000000000e+00
1.273201923318544315e+00 -9.608886894148817248e+00 0.000000000000000000e+00
-9.995645135214541455e+00 -1.850786228215459017e+00 0.000000000000000000e+00
-2.355115532059542272e+00 7.317441936949806269e+00 0.000000000000000000e+00
1.179943041624583167e+01 -1.128087753945207661e+00 0.000000000000000000e+00
5.694710617830214261e+00 -9.828179290724092354e+00 0.000000000000000000e+00
8.281413401650102202e+00 1.110432909622118025e+01 0.000000000000000000e+00
-4.317743235906660537e+00 2.806448091891668994e+00 0.000000000000000000e+00
6.218796065374757376e+00 -1.689936879119865054e+01 0.000000000000000000e+00
-1.605771621351835066e+01 -9.369879899066527074e+00 0.000000000000000000e+00
1.130281258521852017e+01 -1.348117876796982806e+01 0.000000000000000000e+00
-1.231942744590593186e+01 1.349412078888458311e+01 0.000000000000000000e+00
-3.966293370430389764e+00 -3.685499832137796528e+00 0.000000000000000000e+00
1.761685387593767516e+01 -7.949539494232141790e-01 0.000000000000000000e+00
1.203043470606863430e+01 -1.015780401228884422e+01 0.000000000000000000e+00
1.431578836659364384e+01 -1.540365275625761532e+00 0.000000000000000000e+00
7.313171442157348601e+00 6.024660230850835241e+00 0.000000000000000000e+00
1.671555733543330291e+01 4.102596445954802107e+00 0.000000000000000000e+00
3.877693040936080138e+00 -1.797974394062016046e+01 0.000000000000000000e+00
-1.526727255417122819e+01 -1.793680626395722510e-01 0.000000000000000000e+00
-6.939755594476383571e+00 5.007587141242754392e+00 0.000000000000000000e+00
-1.868341823050481576e+00 -1.106587014272717440e+01 0.000000000000000000e+00
1.852787325845428512e+01 -3.805007249188120610e+00 0.000000000000000000e+00
-6.907681664191597015e+00 1.536411438300469889e+01 0.000000000000000000e+00
1.056908749041676820e+01 -7.648416714687429341e+00 0.000000000000000000e+00
2.231447480557461560e+00 1.286556414936271686e+01 0.000000000000000000e+00
1.069033011893173857e+01 8.302258317039324709e+00 0.000000000000000000e+00
3.484761477992035505e+00 -3.114758680226565879e+00 0.000000000000000000e+00
-1.712893741660419522e+01 3.800801048984587371e+00 0.000000000000000000e+00
7.881196117761245290e+00 -1.225315123543317064e+01 0.000000000000000000e+00
4.503877929077496844e+00 1.560002540668324755e+01 0.000000000000000000e+00
-1.077787022241021830e+01 7.936690325542297586e+00 0.000000000000000000e+00
1.121475278380637874e+00 -8.548965320863048944e-01 0.000000000000000000e+00
2.465942999166642613e-01 1.667199871131593980e+01 0.000000000000000000e+00
-2.104690861874225494e+00 3.735467534509065768e+00 0.000000000000000000e+00
-1.368814055106843774e+01 8.501853741450496216e+00 0.000000000000000000e+00
-9.151191048479338619e+00 5.107408270554977037e+00 0.000000000000000000e+00
-5.454413557860469108e-01 1.037651666206224288e+00 0.000000000000000000e+00
5.178338419749369592e+00 -4.835582913201099231e+00 0.000000000000000000e+00
8.875910692627204668e+00 8.436664817841153408e+00 0.000000000000000000e+00
7.527414416253122909e+00 -1.593158854266286717e+01 0.000000000000000000e+00
-1.873890695017877306e+01 -2.000078588295199911e+00 0.000000000000000000e+00
-1.462487028087051044e+01 9.794535778595861331e+00 0.000000000000000000e+00
-1.408955500347526346e+01 6.795342273509620945e+00 0.000000000000000000e+00
-1.438938904908395067e+01 -8.461898232068531200e+00 0.000000000000000000e+00
-3.850394158977936243e+00 -9.434483906976244283e-01 0.000000000000000000e+00
-1.894331560333204711e+00 -1.748916793373204825e+01 0.000000000000000000e+00
-1.287144069114087230e+01 -1.125381477667090380e+01 0.000000000000000000e+00
6.220944635913225884e-01 -1.441052467340287357e+01 0.000000000000000000e+00
-2.893351828816528748e+00 -9.575098965286464647e+00 0.000000000000000000e+00
5.377781460549251769e+00 -1.213603505783827963e+01 0.000000000000000000e+00
6.813068100484455769e+00 9.446241107848837970e+00 0.000000000000000000e+00
-1.409542976893813382e+01 -5.252591698902714157e+00 0.000000000000000000e+00
4.029195195844240018e+00 2.917472258633912574e+00 0.000000000000000000e+00
-8.377702922335130253e+00 -3.589894446162357422e+00 0.000000000000000000e+00
-7.649790493159453142e+00 -1.581446845409200286e+01 0.000000000000000000e+00
-1.142322029035592479e+01 6.466601815705110834e-01 0.000000000000000000e+00
-2.470529134419670481e+00 -1.276664155326085215e+01 0.000000000000000000e+00
-1.226655904247508744e+01 3.869100201869861255e+00 0.000000000000000000e+00
-9.935680284666707607e+00 1.093266317804223497e+01 0.000000000000000000e+00
-4.611365848064435724e+00 1.371854129970020253e+01 0.000000000000000000e+00
-5.974720431128284659e+00 -2.096175680229198868e+00 0.000000000000000000e+00
9.290100783908563642e+00 -5.396026474354272295e+00 0.000000000000000000e+00
6.600747966941871159e-01 1.022474926348648339e+01 0.000000000000000000e+00
-3.801626556697550452e+00 -7.135592504451619966e+00 0.000000000000000000e+00
-1.113010750264186299e+01 1.471451914237892922e+01 0.000000000000000000e+00
-8.834435794542679687e+00 4.506142869693035014e-01 0.000000000000000000e+00
1.720329552730785494e+01 -5.407426710670065084e+00 0.000000000000000000e+00
-1.584410059874861254e+01 -5.176831110537547964e+00 0.000000000000000000e+00
-9.399052432463109952e+00 8.527652547833822538e+00 0.000000000000000000e+00
-2.600077733645861366e-01 -9.165686186196895235e+00 0.000000000000000000e+00
-6.006707360443182431e+00 3.607742322000158985e+00 0.000000000000000000e+00
-3.502585926098765512e+00 -1.412520342068863499e+01 0.000000000000000000e+00
8.899394475335842714e+00 5.815556286338543934e+00 0.000000000000000000e+00
1.070926166350073672e+01 -3.078997414223305196e+00 0.000000000000000000e+00
1.378594049908627461e+01 1.618727496248534292e+00 0.000000000000000000e+00
-7.639149262613068814e+00 9.509203724202922814e+00 0.000000000000000000e+00
1.847265004108716369e+01 1.220712402469393831e+00 0.000000000000000000e+00
4.015100109443101140e+00 5.080778945926875956e+00 0.000000000000000000e+00
-1.746048856805231964e+01 -5.599340179138923901e+00 0.000000000000000000e+00
6.596560531015805751e+00 3.210665750834535537e+00 0.000000000000000000e+00
-4.418906568374127986e+00 7.148136487863499866e+00 0.000000000000000000e+00
-2.215566771032320137e+00 1.390447068737623137e+00 0.000000000000000000e+00
1.679128924645020504e+01 7.194754039096178388e-01 0.000000000000000000e+00
2.146145628722171406e+00 -5.701230640088164492e+00 0.000000000000000000e+00
1.655820374728958910e+01 6.156661084977342213e+00 0.000000000000000000e+00
-1.038034555329183917e+01 6.488624310209594626e+00 0.000000000000000000e+00
1.160558718319204630e+01 6.075740882582880253e+00 0.000000000000000000e+00
9.640530779457813226e-01 7.240823645804193909e+00 0.000000000000000000e+00
1.358482431415783864e+01 4.111539051703601899e+00 0.000000000000000000e+00
1.185243024419242383e-02 -1.166125974816425348e+01 0.000000000000000000e+00
4.291180198895291120e+00 -1.482839830862255859e+01 0.000000000000000000e+00
1.223887557303573814e+01 1.571933376839301788e+00 0.000000000000000000e+00
3.737024677802852413e+00 1.124969159024137788e+01 0.000000000000000000e+00
-1.466508163368667716e+01 -2.486345226500415784e+00 0.000000000000000000e+00
-1.558305962496251951e+01 3.032505204865787451e+00 0.000000000000000000e+00
9.517768585501537260e+00 -6.060180741499253398e-02 0.000000000000000000e+00
-5.662948964774807692e+00 -3.938916598530854074e+00 0.000000000000000000e+00
1.291447411819303670e-01 1.477539059832136736e+01 0.000000000000000000e+00
-1.640477631638642819e+01 -7.267985510610644795e+00 0.000000000000000000e+00
6.554470493503021800e+00 -2.935210566187940184e+00 0.000000000000000000e+00
5.001495993759371039e+00 8.358283706405075009e+00 0.000000000000000000e+00
-1.338741411541539783e+01 -5.492803000278317915e-02 0.000000000000000000e+00
-9.760752171050889103e+00 1.908036408293645625e+00 0.000000000000000000e+00
2.894089888482741291e+00 7.100515666146387517e+00 0.000000000000000000e+00
1.564218000942073772e+01 -7.193479076080616430e+00 0.000000000000000000e+00
-3.779699835164974875e+00 1.238714375114401633e+01 0.000000000000000000e+00
9.938604251307625148e+00 1.065223695715087793e+01 0.000000000000000000e+00
1.221616381951630714e+01 -4.192122982438605483e+00 0.000000000000000000e+00
6.572523497837054585e+00 -6.305683845419271627e+00 0.000000000000000000e+00
2.195040868700772307e+00 9.579340611481535817e+00 0.000000000000000000e+00
-1.140534366896774721e+01 9.615025735814672458e+00 0.000000000000000000e+00
1.479886401386698758e+01 3.709047128518715847e-02 0.000000000000000000e+00
1.238013339631328691e+01 -7.254572617751197328e+00 0.000000000000000000e+00
2.020539131819496959e+00 -8.061251434495643409e+00 0.000000000000000000e+00
-3.672977746962300838e+00 -1.158940463994410663e+01 0.000000000000000000e+00
1.249636272299609097e+01 7.545830693958635926e+00 0.000000000000000000e+00
4.583788108165461672e+00 -7.827274816434020899e+00 0.000000000000000000e+00
1.804646810474789032e+00 1.504149150955599445e+01 0.000000000000000000e+00
1.134242203054565934e+01 2.995311685009648617e+00 0.000000000000000000e+00
-6.090208981334490623e+00 1.269576836505273576e+01 0.000000000000000000e+00
6.818302017017487060e+00 1.681673068970774665e+01 0.000000000000000000e+00
-1.814372600660221768e-01 4.808494959867383400e+00 0.000000000000000000e+00
8.790489482886712835e+00 -8.007263447747968499e+00 0.000000000000000000e+00
-1.559570572535407784e+01 5.938441284600021852e+00 0.000000000000000000e+00
8.469088381956385803e+00 1.329718128773952124e+01 0.000000000000000000e+00
1.150410283263752120e+01 1.429322551086804971e+01 0.000000000000000000e+00
-8.088869010097001322e+00 1.098443129010719410e+01 0.000000000000000000e+00
7.194014993399340696e+00 1.498355107377158468e+01 0.000000000000000000e+00
1.404845195423410154e+01 9.335949160991576790e+00 0.000000000000000000e+00
-1.411984923654661017e+01 1.473415502377629860e+00 0.000000000000000000e+00
-8.238482900040692281e-01 -1.642403221316929773e+01 0.000000000000000000e+00
1.578319116364443353e+01 -2.945582398363004728e+00 0.000000000000000000e+00
-2.648434891478962605e+00 1.565272882946253041e+01 0.000000000000000000e+00
-1.292009456902214382e+01 -8.976512131986755350e+00 0.000000000000000000e+00
-1.399796983269434492e+01 4.697390396315307193e+00 0.000000000000000000e+00
7.396429344796511707e+00 -2.556814621019569689e-01 0.000000000000000000e+00
1.423268341936343084e+01 -4.141680217051759705e+00 0.000000000000000000e+00
1.612302882765301248e+01 7.808134916347171384e+00 0.000000000000000000e+00
-4.815158078509230499e+00 1.539082342873703269e+01 0.000000000000000000e+00
-1.697473885998254417e+01 9.406951377383472312e-01 0.000000000000000000e+00
-1.798494371968466154e+01 5.862056633152247009e+00 0.000000000000000000e+00
-4.718901196708594981e+00 -1.509825781114372489e+01 0.000000000000000000e+00
9.722299080694739359e+00 3.966224318384803826e+00 0.000000000000000000e+00
2.309622038579046688e+00 -1.724093927851415131e+01 0.000000000000000000e+00
-6.180462115645667609e+00 1.041597580671305145e+00 0.000000000000000000e+00
8.798356103805287987e+00 -1.484919049219733367e+01 0.000000000000000000e+00
9.507906799941753917e+00 1.612720454435746831e+01 0.000000000000000000e+00
1.014289471952907462e+01 1.302429531495434745e+01 0.000000000000000000e+00
1.739621367009242547e+01 -2.676742755229660542e+00 0.000000000000000000e+00
1.465095754475277268e+01 -5.600395395709749202e+00 0.000000000000000000e+00
-1.394443160711387897e+01 -1.263743933912680362e+01 0.000000000000000000e+00
-6.487299171219388372e-01 -7.461634986859066565e+00 0.000000000000000000e+00
1.076834040097334899e+01 -5.775394837847442453e+00 0.000000000000000000e+00
7.737959770266608750e+00 -1.068872359244804393e+01 0.000000000000000000e+00
3.974085767404958336e+00 1.845593186245568162e+01 0.000000000000000000e+00
7.854526418587520098e+00 -4.503750706185659425e+00 0.000000000000000000e+00
-1.859675513849612472e+01 1.922726842023918303e+00 0.000000000000000000e+00
9.688960901016736571e+00 1.946645885818568011e+00 0.000000000000000000e+00
-5.716670739336159102e+00 -9.013680324209390804e+00 0.000000000000000000e+00
1.444217337630034770e+01 -1.048104927203908154e+01 0.000000000000000000e+00
3.068867074123358130e+00 -1.586479930321504561e+01 0.000000000000000000e+00
1.472945099164672023e+01 1.094682245001402165e+01 0.000000000000000000e+00
3.021374889311617462e+00 -1.399474478384077614e+01 0.000000000000000000e+00
-5.398532830931721982e+00 -6.792751685843106735e+00 0.000000000000000000e+00
-7.239932521719485869e+00 -1.180630524562093875e+01 0.000000000000000000e+00
-6.790985783211045401e-01 8.570678775854043252e+00 0.000000000000000000e+00
5.834676974334694677e+00 -1.496498493409802855e+01 0.000000000000000000e+00
7.432784577724081965e-01 -4.080191370229467651e+00 0.000000000000000000e+00
-1.520529292672045507e+01 -1.133180437800128004e+01 0.000000000000000000e+00
1.731069342326759042e+01 -7.492124181298316365e+00 0.000000000000000000e+00
-5.871694816885404400e+00 -1.718683084640813163e+01 0.000000000000000000e+00
-6.997325222214985985e+00 -1.371180930862066383e+01 0.000000000000000000e+00
9.021982324011251109e+00 -1.322994944660501027e+01 0.000000000000000000e+00
3.387071621499787355e+00 1.438252442961904443e+01 0.000000000000000000e+00
3.574418862442700462e+00 1.770244681825450597e-02 0.000000000000000000e+00
-2.045105097392399873e+00 5.483829439969992059e+00 0.000000000000000000e+00
1.051068860277948680e+01 -1.565416271838147999e+01 0.000000000000000000e+00
2.551014029370724412e+00 -1.782206619023889882e+00 0.000000000000000000e+00
-1.024733611591982019e+01 -8.807827711814194771e+00 0.000000000000000000e+00
-4.212871937499425012e-01 1.892200310771000105e+01 0.000000000000000000e+00
-3.486580938805479146e+00 1.075536474542016308e+01 0.000000000000000000e+00
-6.538304332229671445e+00 7.878060660255665759e+00 0.000000000000000000e+00
1.562752061289283390e+01 9.635486660375571333e+00 0.000000000000000000e+00
-1.742737604201581192e+01 -3.166260865197576990e+00 0.000000000000000000e+00
-1.643304660791454452e+01 -1.265691224747589771e+00 0.000000000000000000e+00
3.169692015749749459e+00 -1.208155734375217172e+01 0.000000000000000000e+00
-8.210174259248834261e+00 3.258654013747571465e+00 0.000000000000000000e+00
1.170170296477678917e+01 -1.199145456147771327e+01 0.000000000000000000e+00
1.609421341911405534e+01 -1.316576790395222796e+00 0.000000000000000000e+00
2.041451788196972483e+00 1.809883673680060667e+01 0.000000000000000000e+00
-1.336402898058916477e+01 1.081741215132127110e+01 0.000000000000000000e+00
-5.567166572303097638e+00 -1.304854023659642692e+01 0.000000000000000000e+00
-7.726489664749403019e+00 -8.433919602760919787e+00 0.000000000000000000e+00
6.513858432349092453e+00 7.574609013347388675e+00 0.000000000000000000e+00
-5.153707595421477272e-01 -1.867279422054616589e+01 0.000000000000000000e+00
-1.051106136395156909e+01 -6.965279745385785759e+00 0.000000000000000000e+00
-2.919520761604801340e+00 -1.622569632935932304e+01 0.000000000000000000e+00
-8.802602004863539165e+00 -1.460277312334424948e+01 0.000000000000000000e+00
-2.478005599980153129e+00 -2.060945418659505535e+00 0.000000000000000000e+00
1.602988177300532158e+01 -9.170767386557010070e+00 0.000000000000000000e+00
-6.455544437213098341e+00 -5.316013308052301767e+00 0.000000000000000000e+00
9.224391209557726512e+00 -3.630529864887702018e+00 0.000000000000000000e+00
1.572402402801998722e+00 -1.233410250844278266e+01 0.000000000000000000e+00
7.533115220389253963e+00 -1.390590978282286905e+01 0.000000000000000000e+00
-1.667479338425032864e+01 8.938790763294653274e+00 0.000000000000000000e+00
-1.612336875021354921e+00 1.779201438205959818e+01 0.000000000000000000e+00
4.542832170866169861e+00 -1.620702006847887455e+00 0.000000000000000000e+00
-1.116644462049038644e+01 -1.123379219036848120e+01 0.000000000000000000e+00
6.958755811148801262e-01 -1.601106175097778461e+01 0.000000000000000000e+00
-8.615529214359010979e+00 1.582820876407686050e+01 0.000000000000000000e+00
-7.786897188807301085e+00 -1.286603399287925997e+00 0.000000000000000000e+00
-4.108786332930540297e+00 4.698604815970234050e+00 0.000000000000000000e+00
-1.792407764610227261e+01 -4.659397905241288718e-01 0.000000000000000000e+00
-1.103906961985739876e+01 1.243875108659644013e+01 0.000000000000000000e+00
-1.418232013163505911e+01 1.210918716877230494e+01 0.000000000000000000e+00
-4.154331117248475813e+00 -1.751637499288100130e+01 0.000000000000000000e+00
