6.060055573049617728e+00 -2.664681880057067520e+00 0.000000000000000000e+00
-1.480853276136914864e+01 2.082941818118155819e+00 0.000000000000000000e+00
1.006661359373341647e+01 -1.443061613692475653e+01 0.000000000000000000e+00
1.433559632770218428e+01 -9.525769880679535007e+00 0.000000000000000000e+00
-1.197356950492671768e+00 1.117171585591034244e+01 0.000000000000000000e+00
-2.096389969236854167e+00 -1.309319853064794081e+01 0.000000000000000000e+00
1.282351182693375335e+01 8.636403981283789832e+00 0.000000000000000000e+00
-1.032748649491365001e+01 -1.331407432159756965e+01 0.000000000000000000e+00
-4.923867985423713733e+00 -1.439603872941243168e+01 0.000000000000000000e+00
-9.299461103171447363e+00 1.183082841439038724e+01 0.000000000000000000e+00
6.505610984216290138e-01 8.313390780229038768e+00 0.000000000000000000e+00
-1.238746562512345939e+01 3.383144822978334521e+00 0.000000000000000000e+00
6.119648713046625943e+00 -4.942241757345755993e+00 0.000000000000000000e+00
-1.141274519541777899e+01 -4.626660892665644731e+00 0.000000000000000000e+00
1.521931228702426919e+00 1.713552263834024103e+01 0.000000000000000000e+00
-1.802806640033460184e+01 1.368644774071541725e+00 0.000000000000000000e+00
-2.798928676378441782e+00 -3.785408925831271976e+00 0.000000000000000000e+00
8.845587169830922747e+00 -1.160015845392098832e+01 0.000000000000000000e+00
1.106205910347928700e+01 -6.063168015726859927e+00 0.000000000000000000e+00
-9.006301263988664374e+00 -1.216130493943071400e+01 0.000000000000000000e+00
6.594107281239430129e+00 5.676443201522269000e+00 0.000000000000000000e+00
1.562146771763874220e+01 1.048277892066675676e+01 0.000000000000000000e+00
8.388808031886016536e+00 -2.197098636668872729e+00 0.000000000000000000e+00
4.663191173985145710e+00 8.544644020812883767e+00 0.000000000000000000e+00
-1.560188431798475994e+00 -1.095829763606059792e+01 0.000000000000000000e+00
4.264172383112426523e+00 3.941583342366958398e+00 0.000000000000000000e+00
1.375286083840343787e+00 -5.302326325265631191e+00 0.000000000000000000e+00
5.570395544743833582e+00 -1.567690153095815120e+01 0.000000000000000000e+00
1.809231850804440356e+01 3.496068554105464354e+00 0.000000000000000000e+00
1.222713643803895778e+01 6.036013490209890087e+00 0.000000000000000000e+00
9.131716328122224668e-02 -3.372682981258126933e+00 0.000000000000000000e+00
1.359376093337103741e+00 6.403450420729673631e+00 0.000000000000000000e+00
-1.116027705266058589e+01 3.740599595778224540e-01 0.000000000000000000e+00
-3.822668454626345635e+00 -8.736337154021365237e-01 0.000000000000000000e+00
1.588418132197521793e+01 -5.169188593207967308e-01 0.000000000000000000e+00
1.226156244525683903e+01 2.367798226024254049e+00 0.000000000000000000e+00
7.548404808946602706e+00 -1.401011619873835201e+01 0.000000000000000000e+00
-7.811237337181925255e+00 -7.632276315110061660e+00 0.000000000000000000e+00
-7.513803148060239856e+00 1.883721726368277727e+00 0.000000000000000000e+00
-1.784805948549677623e+01 -1.956302966194310766e+00 0.000000000000000000e+00
-1.121540533226030689e+01 1.314153500324752777e+01 0.000000000000000000e+00
1.112157970335724677e+01 1.258965525385156425e+01 0.000000000000000000e+00
-5.843165902190668781e+00 -2.958890518884398801e+00 0.000000000000000000e+00
-2.962303270575871394e+00 -1.835885663917477117e+01 0.000000000000000000e+00
3.521518938469868076e-01 1.280578195631773042e+01 0.000000000000000000e+00
-1.499305497225050132e+01 -5.650982060976324384e+00 0.000000000000000000e+00
-5.001477731380710168e-01 1.744245917154677272e+01 0.000000000000000000e+00
-1.301617470008583055e+01 1.675331866264710090e+00 0.000000000000000000e+00
-9.180315720522868261e+00 6.763868270419806095e+00 0.000000000000000000e+00
1.096494185817584466e+01 -8.889310718209710416e+00 0.000000000000000000e+00
1.638413630951525235e+01 -3.597134731058388990e+00 0.000000000000000000e+00
4.916807486443608433e+00 -9.710773584001071157e+00 0.000000000000000000e+00
-1.161274766137751335e+01 -7.659627664345667775e+00 0.000000000000000000e+00
1.316935797969032329e+01 -1.522933463156771916e+00 0.000000000000000000e+00
-1.294917957908901407e+01 -3.089791477884005211e+00 0.000000000000000000e+00
3.187966624491564094e+00 -3.117284874220688895e+00 0.000000000000000000e+00
-8.017370137585730916e+00 -3.672820560026466286e-01 0.000000000000000000e+00
6.420074385308708997e+00 9.563719642021212053e+00 0.000000000000000000e+00
6.586207934873620218e+00 8.158427918958973679e-01 0.000000000000000000e+00
1.855974547933154639e+01 2.842125588839979899e-01 0.000000000000000000e+00
-1.550889911552512679e+01 -6.037623610580101774e-01 0.000000000000000000e+00
-1.237247378209223214e+01 7.711778870842013411e+00 0.000000000000000000e+00
1.488397715798004128e+01 -6.770449227545792148e+00 0.000000000000000000e+00
1.208335095772866730e+01 -1.112993877676343857e+01 0.000000000000000000e+00
-1.689060671505992772e+01 7.039625209309936515e+00 0.000000000000000000e+00
1.289133350792454458e+01 -8.759955659068687339e+00 0.000000000000000000e+00
-6.133690839730947530e+00 -1.710763415105598639e+01 0.000000000000000000e+00
4.238860390956435076e+00 1.275530936785477287e+01 0.000000000000000000e+00
2.833954241328760393e+00 1.139083617522050496e+01 0.000000000000000000e+00
-3.863993868641494078e+00 1.617933297440515616e+01 0.000000000000000000e+00
8.952792444035797104e+00 3.773196150976598329e+00 0.000000000000000000e+00
-9.401977129507672615e-01 9.474078738496379160e+00 0.000000000000000000e+00
-7.410891464649438376e+00 -1.346483285219924575e+01 0.000000000000000000e+00
1.221757338447390318e+00 1.050853876921405217e+01 0.000000000000000000e+00
9.902607074694113720e+00 1.386185191937929595e+01 0.000000000000000000e+00
-1.501567312033585466e+01 -3.969822137478316471e+00 0.000000000000000000e+00
1.469204161359431282e+01 4.327547623439458313e+00 0.000000000000000000e+00
-2.383378161510389948e+00 1.737188672161617831e+01 0.000000000000000000e+00
-5.974031370992140211e+00 -7.497408834825419532e+00 0.000000000000000000e+00
-1.011208384278403649e+00 4.670253589220211055e+00 0.000000000000000000e+00
1.665073556780242470e+01 3.081476388487399021e+00 0.000000000000000000e+00
-2.254136202474015693e+00 -8.528207912496274190e+00 0.000000000000000000e+00
-1.284617010943263082e+01 4.884035881708777005e+00 0.000000000000000000e+00
-3.131621682757573577e+00 5.769753450210099111e+00 0.000000000000000000e+00
-1.321476809439828948e+01 -8.329970652121154728e+00 0.000000000000000000e+00
5.897960068593094185e+00 -1.218658249879945465e+01 0.000000000000000000e+00
-1.617686684600844771e+01 3.251575281758882774e+00 0.000000000000000000e+00
7.374112973006696770e+00 -6.960785313173867284e-01 0.000000000000000000e+00
-4.123912719559118756e+00 8.887690361232918335e+00 0.000000000000000000e+00
1.780050933152100390e+00 -1.743891603774021704e+01 0.000000000000000000e+00
-1.427420100988623197e+01 -9.871050684372656647e+00 0.000000000000000000e+00
1.421729841199914013e+01 9.776380187401297661e+00 0.000000000000000000e+00
2.168279000534101719e+00 2.447891722673674053e+00 0.000000000000000000e+00
3.498063679157886074e+00 1.587035568766435567e+01 0.000000000000000000e+00
4.919528761977776554e+00 -7.987272764039421880e+00 0.000000000000000000e+00
-1.220613599076799671e+00 1.120765894716129640e+00 0.000000000000000000e+00
-7.024496011572264997e+00 9.078669378570966231e+00 0.000000000000000000e+00
-7.961369721617439055e+00 -1.528973676897921763e+01 0.000000000000000000e+00
1.168234011120286198e+01 1.030249467678126152e+01 0.000000000000000000e+00
-6.243504843494379841e+00 -1.178738260561904028e+01 0.000000000000000000e+00
1.485021253632698368e+01 8.313811833435096332e+00 0.000000000000000000e+00
1.018075079837631058e+01 1.601704667734533061e+01 0.000000000000000000e+00
5.774495489990819408e+00 1.520386696444649033e+01 0.000000000000000000e+00
-2.598372535672091921e+00 7.961619741886824642e+00 0.000000000000000000e+00
7.393395558261501854e-01 -7.917934087935671883e+00 0.000000000000000000e+00
-4.049024485998474532e+00 1.231774517610020681e+01 0.000000000000000000e+00
-3.853320540072094236e+00 -1.045850396307851504e+01 0.000000000000000000e+00
-1.234667714088399215e+01 9.712024517135871449e+00 0.000000000000000000e+00
1.274907756303522355e+01 1.349596242121434564e+01 0.000000000000000000e+00
2.286116145573135583e+00 4.106590325801616537e+00 0.000000000000000000e+00
-1.711942036797644917e+01 -5.620270525106389137e+00 0.000000000000000000e+00
-4.258390057604538370e+00 -2.418109181908417504e+00 0.000000000000000000e+00
-1.685632430977302576e+01 -7.325714584733021617e+00 0.000000000000000000e+00
4.164365681400112429e+00 -7.839098923817815479e-01 0.000000000000000000e+00
8.803659520318465326e+00 -4.515284048302706132e+00 0.000000000000000000e+00
-8.837455313341591179e+00 8.331626359521802527e+00 0.000000000000000000e+00
8.828580298056456499e+00 5.365017579282033822e+00 0.000000000000000000e+00
6.461010537650535568e+00 3.354776365240528246e+00 0.000000000000000000e+00
-7.258703633118734899e+00 1.708856825309710104e+01 0.000000000000000000e+00
-1.323003928994061162e+01 -1.186075463417564535e+00 0.000000000000000000e+00
1.802783895219584664e+01 -2.485446271805985763e+00 0.000000000000000000e+00
7.406304988160943736e+00 1.572680035207509697e+01 0.000000000000000000e+00
3.573471112956967399e+00 -1.227868208159771513e+01 0.000000000000000000e+00
-1.728690552606724395e+01 -3.581951554512411651e+00 0.000000000000000000e+00
-4.821686541794996117e+00 1.147033246818004226e+00 0.000000000000000000e+00
1.228406475552015431e+00 -5.082925317568549595e-01 0.000000000000000000e+00
4.530665874701154117e+00 1.035571287321724654e+01 0.000000000000000000e+00
-9.823234942718036322e+00 -7.881658840763110518e+00 0.000000000000000000e+00
6.702180147795801624e+00 7.966497267966344609e+00 0.000000000000000000e+00
7.809854519492196445e+00 1.368069521197489813e+01 0.000000000000000000e+00
-5.705807679309781832e+00 1.750106026112855417e+01 0.000000000000000000e+00
-2.950625497868530456e+00 -6.875846565404629018e+00 0.000000000000000000e+00
-1.011578589986930155e+01 -1.017826472392203030e+01 0.000000000000000000e+00
3.166638289760204117e+00 8.009634461959130647e+00 0.000000000000000000e+00
-6.449575911790345728e+00 -4.529040420526444954e+00 0.000000000000000000e+00
9.107199767157146297e+00 1.396444194082419932e+00 0.000000000000000000e+00
-1.472142798306433065e+01 1.007280293656836356e+01 0.000000000000000000e+00
-1.435201766230539633e+00 -1.657915070344358455e+01 0.000000000000000000e+00
1.037456987143512954e+01 -2.026068800418146409e+00 0.000000000000000000e+00
1.192025027417684235e+00 -1.116695161700180705e+01 0.000000000000000000e+00
3.613927171290198359e+00 -5.492380537687272302e+00 0.000000000000000000e+00
1.538872882993953262e+01 1.761492308261912942e+00 0.000000000000000000e+00
-1.510420275826229997e+01 7.230057832217759994e+00 0.000000000000000000e+00
-1.209941548605114647e+01 -1.463667290076645067e+01 0.000000000000000000e+00
1.179942229766333561e+01 -4.361682187396431765e+00 0.000000000000000000e+00
2.211762759660037769e+00 1.504969993441037168e+01 0.000000000000000000e+00
8.748968428670231390e+00 -1.626270686832308954e+01 0.000000000000000000e+00
9.382905241157462939e+00 -8.402422032392754758e+00 0.000000000000000000e+00
1.132522625203199240e+01 -1.307443786592180679e+01 0.000000000000000000e+00
1.156610323798729745e+01 -1.467412661959338749e+01 0.000000000000000000e+00
-2.732378402109158166e+00 1.533757787115729743e+00 0.000000000000000000e+00
-1.085263721456239594e+01 7.792614720935440609e+00 0.000000000000000000e+00
-6.254532354153172768e+00 4.578349729346378183e+00 0.000000000000000000e+00
4.865912554966235426e+00 -1.362433863591693672e+01 0.000000000000000000e+00
-1.077495111858903698e+01 -1.313764523762649850e+00 0.000000000000000000e+00
-7.885135093628283798e-01 -6.177606949330884056e+00 0.000000000000000000e+00
-7.643999686182331388e+00 5.483886844819258144e+00 0.000000000000000000e+00
5.872830013174144825e-02 -1.582677570186523575e+01 0.000000000000000000e+00
-9.998485725385968248e-01 -2.168270391993543100e+00 0.000000000000000000e+00
-1.045621101529433972e+01 -1.506123396588475849e+01 0.000000000000000000e+00
-2.278356767890379331e+00 1.227996530475029857e+01 0.000000000000000000e+00
2.547153546027320470e+00 -1.429817244854730696e+01 0.000000000000000000e+00
-4.142254077647145039e+00 3.730009411672832620e+00 0.000000000000000000e+00
3.242830137876467234e+00 5.323759062043553758e-01 0.000000000000000000e+00
1.146029776119287114e+01 8.607902546007502624e-04 0.000000000000000000e+00
9.663284945628104694e+00 9.526248016137097707e+00 0.000000000000000000e+00
-9.821687281189186436e+00 1.544222564469316517e+01 0.000000000000000000e+00
-1.272064750925603605e+01 -1.306009104492625994e+01 0.000000000000000000e+00
2.239131435991637442e+00 -1.582894174681101340e+01 0.000000000000000000e+00
2.150412238990965452e+00 -8.831729400884750447e+00 0.000000000000000000e+00
-9.648323502418682196e+00 -5.042303844109421895e+00 0.000000000000000000e+00
1.635556934896116843e+01 4.618474554416101441e+00 0.000000000000000000e+00
-7.020896478587966172e+00 1.072907263296107772e+01 0.000000000000000000e+00
-9.753517627574550986e+00 3.248461248537484636e+00 0.000000000000000000e+00
-1.020476473683401508e+01 9.300885058984455611e+00 0.000000000000000000e+00
-2.477346045148013653e-01 -1.873738372620768544e+01 0.000000000000000000e+00
1.038848114310299842e+01 4.919938403671253901e+00 0.000000000000000000e+00
-1.091866329044592021e+01 -3.021867072285841171e+00 0.000000000000000000e+00
-1.130246790359651143e+01 -1.200590779352501336e+01 0.000000000000000000e+00
-1.334873298071512160e+01 -6.145852451310396702e+00 0.000000000000000000e+00
1.698561232289873857e+01 -7.801027938346576818e+00 0.000000000000000000e+00
-4.150302256370042464e+00 1.845358145805416683e+01 0.000000000000000000e+00
4.470926189565765263e+00 -1.720665220406867846e+01 0.000000000000000000e+00
-3.004616371209388181e-01 -1.385009737839151356e+01 0.000000000000000000e+00
7.827800452369112705e+00 2.535980747052963391e+00 0.000000000000000000e+00
-2.541673327910968450e+00 9.900322721884929678e+00 0.000000000000000000e+00
-1.065443579237036609e+01 5.478320288027109797e+00 0.000000000000000000e+00
-5.805909518718465279e+00 1.533327914359931654e+01 0.000000000000000000e+00
6.950642021995449227e+00 -1.721843819960773203e+01 0.000000000000000000e+00
-1.326742504681958401e+01 1.119567874273955965e+01 0.000000000000000000e+00
-6.632227889087210393e+00 1.225328949659355970e+01 0.000000000000000000e+00
3.084082333356890082e+00 -1.027109586568514388e+01 0.000000000000000000e+00
1.097343647259191179e+01 7.119218330104197356e+00 0.000000000000000000e+00
6.873632409980244162e+00 -7.465805259264557847e+00 0.000000000000000000e+00
-1.845526049290436399e+00 3.067304243533711894e+00 0.000000000000000000e+00
-5.879558974389398784e+00 2.584475196890776871e+00 0.000000000000000000e+00
-1.456093839471952123e+01 3.906682303574614767e+00 0.000000000000000000e+00
-4.428924650415881459e+00 -8.408498844658732096e+00 0.000000000000000000e+00
-1.811695691677357445e+01 4.982221982306203500e+00 0.000000000000000000e+00
-1.016467102673062894e-01 1.479743802451573309e+01 0.000000000000000000e+00
-5.535731430235839134e+00 -5.840973674983966468e+00 0.000000000000000000e+00
-4.552909144056142665e+00 -1.666112315018529344e+01 0.000000000000000000e+00
1.686230844063706513e+01 8.151717007594427855e+00 0.000000000000000000e+00
1.309238841463886516e+01 7.278894005289616720e-01 0.000000000000000000e+00
4.929790561656825609e+00 5.760249254948232034e-01 0.000000000000000000e+00
1.428107245573386130e+01 -2.658250467034307452e+00 0.000000000000000000e+00
-4.590559880075542054e+00 1.384222813013874998e+01 0.000000000000000000e+00
-3.151812199106295953e+00 -1.468142837914519383e+01 0.000000000000000000e+00
-7.218150190059107629e+00 -1.030725546254295288e+01 0.000000000000000000e+00
-6.117690203206337607e+00 -2.677905419878578441e-01 0.000000000000000000e+00
7.500103204189917605e+00 -9.366375281375145079e+00 0.000000000000000000e+00
6.611959428154432494e+00 1.268400276526239168e+01 0.000000000000000000e+00
1.555637551551071596e+01 -4.995147581101158529e+00 0.000000000000000000e+00
-8.214659472404308715e+00 -2.949658848673252454e+00 0.000000000000000000e+00
-8.621627758053580948e+00 -9.514039532733500337e+00 0.000000000000000000e+00
-1.274899467560181954e+01 -9.768114654206856429e+00 0.000000000000000000e+00
1.861301656164664253e+00 -6.753606335898502344e+00 0.000000000000000000e+00
-7.618407484647864436e+00 -6.123533446710929695e+00 0.000000000000000000e+00
-1.417965553765349718e+01 5.583263391847727020e-01 0.000000000000000000e+00
1.328982097116159977e+01 -3.853765545433545547e+00 0.000000000000000000e+00
-5.329162072183215137e+00 1.112667995381367625e+01 0.000000000000000000e+00
-1.709715319798750244e+01 -3.492172472990852372e-02 0.000000000000000000e+00
5.131917292674420317e+00 -6.355781448018575475e+00 0.000000000000000000e+00
-9.178675713318723339e+00 -1.729908633645552474e+00 0.000000000000000000e+00
1.812622099007977639e+01 -4.363076123250284155e+00 0.000000000000000000e+00
-2.640515531607493305e+00 -2.117115679270064721e+00 0.000000000000000000e+00
-1.778541615342402071e+00 1.880355164996285566e+01 0.000000000000000000e+00
1.379212060746962543e+01 -1.159546942023213667e+01 0.000000000000000000e+00
1.293913963711694670e+01 1.141753880192023196e+01 0.000000000000000000e+00
-1.506405867191406678e+00 6.099426933740068613e+00 0.000000000000000000e+00
-1.674116215828303833e+00 -7.461023918312812420e-01 0.000000000000000000e+00
-9.736780062502530697e+00 1.626329652532362946e+00 0.000000000000000000e+00
-1.290244212831264470e+01 1.394491045949399499e+01 0.000000000000000000e+00
-1.654695298203871801e+01 5.363727280144093612e+00 0.000000000000000000e+00
-5.177452107488530686e+00 5.707126486226165696e+00 0.000000000000000000e+00
2.513052527578616857e+00 1.285738504806022142e+01 0.000000000000000000e+00
-7.232943823870741085e+00 -1.647044043725924167e+00 0.000000000000000000e+00
1.358911090060448679e+01 7.164098055787827768e+00 0.000000000000000000e+00
-1.575604235664159525e+01 -9.247240643176608543e+00 0.000000000000000000e+00
8.303879725535649570e+00 1.018670130917110939e+01 0.000000000000000000e+00
-1.090772094886741073e+01 -6.321287506903289888e+00 0.000000000000000000e+00
-1.594897336024171430e+01 -2.506416913790181056e+00 0.000000000000000000e+00
9.008769488600835373e+00 -2.289873762485841180e-01 0.000000000000000000e+00
1.643668592328273448e+00 -1.988286287629332794e+00 0.000000000000000000e+00
5.219036774552412439e+00 6.876738688403487565e+00 0.000000000000000000e+00
1.181112360826144680e+00 1.875322694351509156e+01 0.000000000000000000e+00
-2.921512810094177404e+00 1.425352265072089608e+01 0.000000000000000000e+00
-7.306625605257977440e+00 1.383392587409342056e+01 0.000000000000000000e+00
1.574052782084754298e+01 -8.689476679798250558e+00 0.000000000000000000e+00
5.211465599265715509e-01 1.636551059878273096e+00 0.000000000000000000e+00
7.508280175664067357e+00 -1.228736102193975199e+01 0.000000000000000000e+00
1.579284181411220800e+01 -1.040809716354533165e+01 0.000000000000000000e+00
-2.281095498963890966e-01 7.057541028849770193e+00 0.000000000000000000e+00
-4.491188032590716972e+00 -1.829452491284299498e+01 0.000000000000000000e+00
1.173076081202011123e+00 -1.305617523529824986e+01 0.000000000000000000e+00
-4.362545980012094482e+00 -1.295960072007932595e+01 0.000000000000000000e+00
