1.311061451914658349e+01 4.107931238473752522e+00 0.000000000000000000e+00
-4.787408151479239038e+00 4.215197222129753563e+00 0.000000000000000000e+00
1.394864466687425697e+01 2.457284289836454860e+00 0.000000000000000000e+00
-9.333472532612079320e+00 1.247945345748824586e+01 0.000000000000000000e+00
7.174684487745014438e-01 -1.444825449456372723e+01 0.000000000000000000e+00
1.231959448837607551e+00 3.552490593109635775e+00 0.000000000000000000e+00
-7.385659539202355184e+00 1.276115095314344527e+00 0.000000000000000000e+00
-1.252679836871580132e+00 1.744642334796253635e+01 0.000000000000000000e+00
-1.522186746364202214e+01 -5.010497361043205977e+00 0.000000000000000000e+00
7.801121920896465944e+00 1.111879691338685028e+01 0.000000000000000000e+00
1.565689980698304495e+01 -6.072792136996712387e+00 0.000000000000000000e+00
4.834872753284277458e+00 -2.353281966520763380e+00 0.000000000000000000e+00
-4.335427261059203730e+00 -8.630029377758641207e-01 0.000000000000000000e+00
5.795605280152253513e+00 -3.690646007927619099e+00 0.000000000000000000e+00
-7.596776281638139672e+00 1.012099389076426981e+01 0.000000000000000000e+00
1.444773165694235573e+01 8.791723740508754492e-01 0.000000000000000000e+00
-9.644468132543755345e+00 7.735799589773141527e+00 0.000000000000000000e+00
1.232007313979964103e+01 -4.184540547590452242e+00 0.000000000000000000e+00
1.069671810930505629e+01 6.178269907358686197e+00 0.000000000000000000e+00
5.846360811589582651e-01 -1.037005624715946794e+01 0.000000000000000000e+00
-6.441153098843611424e+00 4.597290976122094364e+00 0.000000000000000000e+00
2.553267029884242145e+00 -1.515004957592862844e+01 0.000000000000000000e+00
9.152889071490674766e+00 8.102000201629676823e+00 0.000000000000000000e+00
-7.177168699745837266e+00 -4.091427284769706851e+00 0.000000000000000000e+00
-3.723690727670865286e+00 -1.450074585418532891e+01 0.000000000000000000e+00
1.332412493551677457e+01 -5.930867182318292130e+00 0.000000000000000000e+00
1.646312833897491501e+01 -4.303068626327510415e+00 0.000000000000000000e+00
9.310438251515305907e+00 -5.660978546729552363e+00 0.000000000000000000e+00
9.778696980680566142e+00 1.014286163980866284e+01 0.000000000000000000e+00
1.181505171597525461e+01 6.830431889364654285e-01 0.000000000000000000e+00
-3.128191457498069372e+00 -2.794031597503103814e+00 0.000000000000000000e+00
2.588689071126429209e+00 1.576879471710605074e+01 0.000000000000000000e+00
-6.515247621252054699e+00 -6.823745700984907181e+00 0.000000000000000000e+00
9.012311954531430302e+00 5.855480385426056422e+00 0.000000000000000000e+00
9.424028775325274054e+00 -3.291519715188029771e+00 0.000000000000000000e+00
6.591710490509850473e+00 3.187206612032804198e+00 0.000000000000000000e+00
-2.088516121982141094e+00 4.420957879324824091e+00 0.000000000000000000e+00
3.874825030844321727e+00 2.599714629513917963e+00 0.000000000000000000e+00
-1.078516754291799451e+01 4.947422439211948131e-01 0.000000000000000000e+00
-1.585596998878159081e+00 -5.899556524319091722e+00 0.000000000000000000e+00
5.932477529232314417e+00 -5.742638034262155244e+00 0.000000000000000000e+00
-1.472574545025355341e+00 -1.062453572376007749e+01 0.000000000000000000e+00
1.035401849712564371e+01 1.306719057176858767e+00 0.000000000000000000e+00
7.611555380522580627e+00 1.381118244080890811e+01 0.000000000000000000e+00
-1.699892753512735277e+00 1.471708886346124956e+01 0.000000000000000000e+00
-1.672179772560264865e+01 4.743830418172040098e+00 0.000000000000000000e+00
-1.412500478723639485e+00 1.233762172623943343e+01 0.000000000000000000e+00
1.365788809542686666e+00 -2.831769788660505327e+00 0.000000000000000000e+00
8.807751016570756875e+00 -1.511258372739495570e+01 0.000000000000000000e+00
-1.375537657235812006e+01 -1.198965538378585771e+00 0.000000000000000000e+00
-8.298197242722114453e+00 6.321579372333275160e+00 0.000000000000000000e+00
1.519351898314639193e+01 6.639288150991148996e+00 0.000000000000000000e+00
1.296652686702004287e+00 1.043611131678307302e+01 0.000000000000000000e+00
3.773074118539875066e+00 -4.459442883066950358e+00 0.000000000000000000e+00
-1.513811816793534426e+01 -1.990916183087139357e+00 0.000000000000000000e+00
4.648201656236030210e+00 -1.102594673752252241e+01 0.000000000000000000e+00
1.403114310526336617e+01 8.696702806201317415e+00 0.000000000000000000e+00
-3.304340851288342318e+00 1.450580871383511905e+01 0.000000000000000000e+00
-1.149020747002923448e+00 -8.436843610687887463e+00 0.000000000000000000e+00
6.482994214073617201e+00 9.289389272016236987e+00 0.000000000000000000e+00
-7.152595520431114906e+00 -9.325285586866208121e+00 0.000000000000000000e+00
4.995356568131081865e+00 1.480208038239491941e+01 0.000000000000000000e+00
-1.302040388440187613e+01 8.328896485044150921e+00 0.000000000000000000e+00
-1.003118689755063819e+01 4.768881882648521753e+00 0.000000000000000000e+00
7.144681162262322083e+00 -1.174669925844758289e+01 0.000000000000000000e+00
1.107452442750664368e+01 1.329848207646800873e+01 0.000000000000000000e+00
-1.522872920267450070e+01 8.600841946725822140e+00 0.000000000000000000e+00
1.664144753178884661e+00 -5.896131427928973601e+00 0.000000000000000000e+00
-4.420440796197513400e+00 -4.950353701570616494e+00 0.000000000000000000e+00
-1.172790676745114524e+01 -8.417012518423383938e+00 0.000000000000000000e+00
-1.181573389101521698e+01 1.227106213955765845e+01 0.000000000000000000e+00
-6.060347599842715871e-01 3.704594107639837208e+00 0.000000000000000000e+00
-9.447012881939052420e+00 1.437866592082727202e+01 0.000000000000000000e+00
-1.124815230242365161e+01 6.429603318584574012e+00 0.000000000000000000e+00
-1.568527684214053197e+00 -3.365647927164860942e+00 0.000000000000000000e+00
-6.565591086563861367e+00 -1.473357979988891842e+01 0.000000000000000000e+00
4.118676554005224588e+00 8.637796357604344166e+00 0.000000000000000000e+00
-1.859896151812461040e+00 6.749026735564362056e+00 0.000000000000000000e+00
-1.024450545461636430e+01 -6.515409650292353305e+00 0.000000000000000000e+00
-1.042150335499245628e+01 -1.829582606779166287e+00 0.000000000000000000e+00
1.281494000615097884e+00 -1.684842843725185446e+01 0.000000000000000000e+00
1.213215895340899486e+01 -1.040482693165569472e+01 0.000000000000000000e+00
-1.733757650113461679e+01 -7.613712220577190104e-02 0.000000000000000000e+00
-8.922997990785248135e+00 -3.607268884705092660e+00 0.000000000000000000e+00
-1.497382234819079727e+01 2.030150102228730269e+00 0.000000000000000000e+00
3.914155779082701958e-01 1.502597349995823528e+01 0.000000000000000000e+00
-8.732496284107311268e+00 -9.606032493824823604e+00 0.000000000000000000e+00
-1.378747488387328168e+01 5.761056188021211000e+00 0.000000000000000000e+00
-1.155007581484037793e+01 -1.075209210812774430e+01 0.000000000000000000e+00
3.961846861325755143e+00 1.142420618859638815e+01 0.000000000000000000e+00
2.144311329847599534e+00 5.740559701370975709e+00 0.000000000000000000e+00
-4.581107505571233141e+00 1.635611390458175407e+01 0.000000000000000000e+00
5.353259749051432870e+00 5.091254012293719988e+00 0.000000000000000000e+00
6.582421881141043984e-01 -8.454080421140416135e+00 0.000000000000000000e+00
1.183377782945840062e+00 4.166936987458874087e-01 0.000000000000000000e+00
6.114910766421537858e+00 -1.481044551961706190e+01 0.000000000000000000e+00
-9.591208332326993380e-02 1.146444782695829900e+01 0.000000000000000000e+00
6.858482304254886586e+00 -7.108466044558840125e+00 0.000000000000000000e+00
9.474569940539605994e+00 -9.335096244753978922e+00 0.000000000000000000e+00
-3.148490617035253791e+00 1.199977185866277729e+01 0.000000000000000000e+00
1.546534057037607157e+00 -1.259938126922900636e+01 0.000000000000000000e+00
3.631077704552505114e+00 6.432793082733821777e+00 0.000000000000000000e+00
-7.191010979221991839e+00 -1.234110565682517269e+01 0.000000000000000000e+00
2.010820290128549348e-01 7.276558900966409560e+00 0.000000000000000000e+00
-9.268110002677126147e+00 1.029087392158635161e+01 0.000000000000000000e+00
3.278937207686242861e+00 -1.026006374204702176e+01 0.000000000000000000e+00
-6.831310153516895411e+00 1.197968872643608051e+01 0.000000000000000000e+00
-7.105132213336142755e+00 8.469347793187697704e+00 0.000000000000000000e+00
-4.677908701316407125e+00 9.517490048046362006e+00 0.000000000000000000e+00
-3.527493565500301465e+00 5.038407561130129331e+00 0.000000000000000000e+00
1.319723176791071673e+01 2.086125187115698415e-02 0.000000000000000000e+00
-1.410957403457145354e+01 -7.899644117627733664e+00 0.000000000000000000e+00
1.096073423324796181e+01 2.686764401130289581e+00 0.000000000000000000e+00
-2.229330499093750806e+00 1.049892420730848386e+01 0.000000000000000000e+00
5.675855472587400641e+00 6.899619655242299920e+00 0.000000000000000000e+00
2.855315330944898200e+00 1.575067614135033378e-01 0.000000000000000000e+00
1.354371722003324763e+01 6.424563270869947829e+00 0.000000000000000000e+00
-1.407564105802395282e+01 -9.954928545932450135e+00 0.000000000000000000e+00
-1.232449152535642156e+01 2.495391230871033095e+00 0.000000000000000000e+00
-9.095297082651619291e+00 -1.151022819303405775e+01 0.000000000000000000e+00
1.346116052979486888e+01 -1.959748311914938590e+00 0.000000000000000000e+00
-2.658729733324808997e+00 8.253799629827776485e+00 0.000000000000000000e+00
-1.086163661038782813e+01 -3.669613671351897199e+00 0.000000000000000000e+00
9.277743753170410557e+00 -1.281067229455962675e+01 0.000000000000000000e+00
-6.912038983314092278e+00 1.526502531227694170e+01 0.000000000000000000e+00
-1.218526604840900696e+01 -2.434918310092906601e+00 0.000000000000000000e+00
-7.822966680157960262e+00 -5.924387362025599124e+00 0.000000000000000000e+00
9.372897997586129293e+00 1.249864651640482371e+01 0.000000000000000000e+00
8.232390542105573417e+00 -2.208576992451455112e+00 0.000000000000000000e+00
9.685175747233833121e+00 4.168924298601156764e+00 0.000000000000000000e+00
-1.280035123946100661e+01 1.065153423773715247e+01 0.000000000000000000e+00
6.871432388740719155e+00 -1.781010996012921633e-03 0.000000000000000000e+00
9.365135744398543238e+00 -7.734078851127933696e+00 0.000000000000000000e+00
-1.120965591409311202e+01 8.916303921991945103e+00 0.000000000000000000e+00
1.060207287335653703e+01 -1.376858623687038730e+01 0.000000000000000000e+00
5.700078267091739370e+00 1.403689809640675357e+00 0.000000000000000000e+00
-2.444832452276859414e+00 6.891391958573017673e-01 0.000000000000000000e+00
4.717091218022593679e+00 -1.536025132636862911e-01 0.000000000000000000e+00
-8.576237590510882303e-01 8.953854497672526946e+00 0.000000000000000000e+00
3.204378372311351253e+00 -5.902868759406895371e+00 0.000000000000000000e+00
-1.137792465182151158e+00 -1.279965634148932807e+01 0.000000000000000000e+00
-1.902088571068372591e+00 -9.329335664147323515e-01 0.000000000000000000e+00
1.471785799563912889e+01 3.976113056393706824e+00 0.000000000000000000e+00
-8.234717029179531522e+00 -2.032087375691291165e+00 0.000000000000000000e+00
-6.076627388324050472e+00 -1.120312280055633458e+01 0.000000000000000000e+00
-4.931993122485913261e+00 -9.333624209762623636e+00 0.000000000000000000e+00
-1.482483442250084593e+01 -6.575983688617384360e+00 0.000000000000000000e+00
3.342205096540310727e+00 -1.694136352559671721e+01 0.000000000000000000e+00
1.644921178876806778e+01 -2.411549862340498507e+00 0.000000000000000000e+00
-3.246565504925082113e+00 -1.669724303168501578e+01 0.000000000000000000e+00
1.016807230531976991e+01 -2.715414731457581055e-01 0.000000000000000000e+00
3.071584971220028049e+00 -1.511430236775398894e+00 0.000000000000000000e+00
-3.166390266079392113e+00 -1.295093278390275060e+01 0.000000000000000000e+00
1.157757428703519764e+01 -1.234796288414155896e+01 0.000000000000000000e+00
6.863573302971905932e+00 -8.755662912125673714e+00 0.000000000000000000e+00
4.067125921700567304e+00 1.656342809170265440e+01 0.000000000000000000e+00
1.474682228800940464e+01 -4.879080083928799105e+00 0.000000000000000000e+00
1.089739528169252303e+01 -6.253111327068995529e+00 0.000000000000000000e+00
-2.381045532346536486e+00 -7.515624235683003640e+00 0.000000000000000000e+00
1.475543409252664340e+01 -7.586998795558250741e+00 0.000000000000000000e+00
4.596378651572967378e-02 -6.446128775517649956e+00 0.000000000000000000e+00
-1.429465895124371677e+01 2.314491015625819992e-01 0.000000000000000000e+00
-5.304340787450915862e+00 5.708362507298900823e+00 0.000000000000000000e+00
6.099209539200205477e+00 -1.026037914415914365e+01 0.000000000000000000e+00
-9.307948129557752637e+00 2.423253660281501798e+00 0.000000000000000000e+00
-4.881642997103873505e+00 1.436188706364607626e+01 0.000000000000000000e+00
1.369842546880382628e+01 -9.418758674726355196e+00 0.000000000000000000e+00
1.696608129002777332e+01 4.384352701399249486e-01 0.000000000000000000e+00
1.119011293580333799e+01 -2.453231944593566194e+00 0.000000000000000000e+00
1.233820851975139732e+01 9.448769871183344549e+00 0.000000000000000000e+00
4.094703259370637838e+00 -1.510691124434554666e+01 0.000000000000000000e+00
-6.459382575207852639e-01 1.299743863074013905e+00 0.000000000000000000e+00
1.394083003164264367e+00 8.262735971857532391e+00 0.000000000000000000e+00
-1.750628449975219825e+00 2.542423315977135889e+00 0.000000000000000000e+00
-1.130922211653597742e+01 -5.272991959488083857e+00 0.000000000000000000e+00
3.326856180202893754e+00 -8.038777710200134763e+00 0.000000000000000000e+00
-1.350857230787015517e+01 -5.424823974513723002e+00 0.000000000000000000e+00
-5.467407232830844954e+00 2.042848391246978590e+00 0.000000000000000000e+00
7.097732147758174293e+00 5.667422818073237778e+00 0.000000000000000000e+00
-1.220107848773114867e+01 4.889037581209262129e+00 0.000000000000000000e+00
-8.782859303917577520e+00 -1.412579745334313053e+01 0.000000000000000000e+00
-3.842182518035435201e+00 -8.169572299391992587e+00 0.000000000000000000e+00
5.018231189982061302e+00 1.002565535277809516e+01 0.000000000000000000e+00
-1.431360863503766900e+01 3.892282943972260156e+00 0.000000000000000000e+00
-1.558565796030978312e+01 5.869798519040974938e+00 0.000000000000000000e+00
-1.013022046672852206e+01 -8.746051030113900282e+00 0.000000000000000000e+00
6.602742400448045501e+00 1.535627521225696235e+01 0.000000000000000000e+00
-2.955477746092201929e+00 -1.026850724304870610e+01 0.000000000000000000e+00
-1.275519206349522250e+01 -7.139132047217445987e+00 0.000000000000000000e+00
-1.729618208409106117e+01 1.648378840904231923e+00 0.000000000000000000e+00
-6.450198100873252294e+00 -2.459033409540239745e+00 0.000000000000000000e+00
5.339093380781455567e-01 -4.238748362577831053e+00 0.000000000000000000e+00
1.695069874240750840e+00 1.284336941220334083e+01 0.000000000000000000e+00
-8.077648860935115138e+00 4.330138944507737619e+00 0.000000000000000000e+00
6.084948321725106801e+00 1.367856733328900276e+01 0.000000000000000000e+00
6.381726403296301697e+00 1.162422504859627637e+01 0.000000000000000000e+00
-5.856858110955115215e+00 -2.760035955173349986e-01 0.000000000000000000e+00
-5.316880729843167508e+00 -7.855123024945594779e+00 0.000000000000000000e+00
3.342331683306378309e+00 1.305423623275792977e+01 0.000000000000000000e+00
7.602953210935893547e-02 -1.504990294433677489e+00 0.000000000000000000e+00
-1.274188083080563949e+01 2.874394061374251907e-01 0.000000000000000000e+00
1.629491928043924176e+01 3.028475779988115679e+00 0.000000000000000000e+00
-5.676129710053714028e+00 -3.863977431797206208e+00 0.000000000000000000e+00
7.792216986394241651e+00 1.395384763793119154e+00 0.000000000000000000e+00
1.435213731837958129e+01 -3.337753250448516784e+00 0.000000000000000000e+00
5.901848109285587896e+00 -1.280801540968620955e+01 0.000000000000000000e+00
-5.146728996105703224e+00 1.271278237325406835e+01 0.000000000000000000e+00
1.170324070346909373e+01 -1.026045308707266290e+00 0.000000000000000000e+00
1.158503747552498275e+01 -7.849361396926014756e+00 0.000000000000000000e+00
1.332529308463932161e+01 1.122697295709462395e+01 0.000000000000000000e+00
3.634216233159048404e+00 4.315491004721269341e+00 0.000000000000000000e+00
1.165238440457232549e+01 1.169239157408240537e+01 0.000000000000000000e+00
5.412954043801188497e+00 -7.962694007907353821e+00 0.000000000000000000e+00
5.446024054673436199e-01 1.687614537898273781e+01 0.000000000000000000e+00
-3.470576831117131444e+00 3.274480024668707578e+00 0.000000000000000000e+00
-7.950306601086218450e+00 1.396767606193510325e+01 0.000000000000000000e+00
7.363853875785007830e+00 -1.395111527968524534e+01 0.000000000000000000e+00
1.691706748457269782e+01 4.426737954610383774e+00 0.000000000000000000e+00
-1.081320839440671833e+01 -1.284071217109913299e+01 0.000000000000000000e+00
1.055455961162913958e+01 -4.486409037554850876e+00 0.000000000000000000e+00
8.499890792008990559e+00 -5.300519212541293657e-01 0.000000000000000000e+00
-4.430881362241366972e+00 7.322295799313705444e+00 0.000000000000000000e+00
3.088664765844198357e+00 -1.335558801479867341e+01 0.000000000000000000e+00
-8.320200931822807622e-01 -1.584766570293542998e+01 0.000000000000000000e+00
-5.815240044925797491e+00 -1.641254754960813500e+01 0.000000000000000000e+00
-1.076292589042234482e+01 1.361278470505259541e+01 0.000000000000000000e+00
-8.578905463918854224e+00 8.842999298015328691e+00 0.000000000000000000e+00
-1.242267180056335540e+01 -1.199864328533718627e+01 0.000000000000000000e+00
-8.589692652552086471e+00 -7.989531387619844160e+00 0.000000000000000000e+00
-4.517336805318469928e+00 -1.137767011191499122e+01 0.000000000000000000e+00
1.317865204539339885e+01 -7.963103782074632875e+00 0.000000000000000000e+00
1.178957446696473710e+01 4.980373665950387441e+00 0.000000000000000000e+00
7.365658724124775070e+00 7.921385952426676980e+00 0.000000000000000000e+00
1.153332758618612353e+01 7.947119351733330284e+00 0.000000000000000000e+00
-1.632134914110208612e+01 -3.596637538649315680e+00 0.000000000000000000e+00
7.470778637629691410e+00 -4.166787947979083029e+00 0.000000000000000000e+00
-1.093997245936358276e+01 3.283908866150770045e+00 0.000000000000000000e+00
9.166110972782627542e+00 2.524914988668867988e+00 0.000000000000000000e+00
-8.579640732381317747e+00 -4.528924856639195140e-02 0.000000000000000000e+00
-1.616576003074532153e+01 2.946398740931290394e+00 0.000000000000000000e+00
-1.299625297441298777e+01 -3.824202684561230026e+00 0.000000000000000000e+00
8.170235505365816664e+00 -1.015675767870029844e+01 0.000000000000000000e+00
9.847714139321750437e+00 -1.093840553791695314e+01 0.000000000000000000e+00
-3.132192858148896697e+00 1.708487595442738538e+01 0.000000000000000000e+00
5.834042794442008351e+00 -1.188044979483693364e+00 0.000000000000000000e+00
-3.712907977368359091e+00 -6.582297026878634050e+00 0.000000000000000000e+00
8.066370108023820151e+00 9.488612263034562844e+00 0.000000000000000000e+00
6.170626092758455528e-01 5.448698453900654215e+00 0.000000000000000000e+00
-6.072180256980175272e+00 1.038419679563340026e+01 0.000000000000000000e+00
-4.035779500470499492e+00 1.380685258734069887e+00 0.000000000000000000e+00
5.983253003090496236e-01 2.180311155835022330e+00 0.000000000000000000e+00
8.468526897366555062e+00 1.506920396496137826e+01 0.000000000000000000e+00
1.497304914651055086e+01 -1.695900023636532916e+00 0.000000000000000000e+00
-1.124642497396491869e+01 1.078884310314528960e+01 0.000000000000000000e+00
-1.638696697710954453e+01 -5.992581974400325251e+00 0.000000000000000000e+00
-2.173141082785712275e+00 -1.444864061584435433e+01 0.000000000000000000e+00
