-3.661950763183964064e+00 -3.505228305797570609e+00 0.000000000000000000e+00
9.171773616197164358e+00 -1.133741835143895926e+01 0.000000000000000000e+00
1.483040733048096627e+01 7.267193595539900297e-01 0.000000000000000000e+00
-5.182933627497675388e+00 2.852610253444645583e+00 0.000000000000000000e+00
-1.470134618792587844e+01 -8.558605040303385536e+00 0.000000000000000000e+00
8.119444868780471225e+00 5.843543136446099240e+00 0.000000000000000000e+00
-6.767528269255730367e-01 9.213262071671465270e-01 0.000000000000000000e+00
-6.574440014420562584e+00 -4.424753337074364801e+00 0.000000000000000000e+00
-1.651756203661556555e+01 -2.928680233758471640e+00 0.000000000000000000e+00
6.918017938696423563e+00 1.257429303798683584e+01 0.000000000000000000e+00
-1.919158990986943092e+00 9.445753389966771607e+00 0.000000000000000000e+00
1.100231544295271924e+01 -3.401256951584910482e+00 0.000000000000000000e+00
3.641644493069266186e+00 -1.133795348565613637e+01 0.000000000000000000e+00
-4.425782487255604525e-01 -5.794652498434137655e+00 0.000000000000000000e+00
7.382636979175051017e+00 -6.568978336466048340e+00 0.000000000000000000e+00
1.033873247671288631e+00 1.695409464897174345e+01 0.000000000000000000e+00
-4.405239053056702048e+00 1.656162195872538234e+01 0.000000000000000000e+00
-7.273373370768366541e+00 -1.511723756277751463e+01 0.000000000000000000e+00
1.101984567673353865e+01 8.720688783580346382e+00 0.000000000000000000e+00
-1.302800418424783890e+00 -1.450790325004236969e+01 0.000000000000000000e+00
-1.255229995255641562e+01 -4.004932171195074275e+00 0.000000000000000000e+00
1.126974653632857404e+01 1.526435328839008898e+00 0.000000000000000000e+00
-1.303512665402744730e+01 -1.007506669815068179e+01 0.000000000000000000e+00
3.319309292283294077e+00 -1.611981022802963182e+01 0.000000000000000000e+00
1.709064835954380024e-01 -8.459406339399082597e+00 0.000000000000000000e+00
-1.252621243087972580e+01 9.399139378847131354e+00 0.000000000000000000e+00
-1.231304425634960964e+01 1.725993633909985281e+00 0.000000000000000000e+00
4.092661041016193435e-01 8.322757339419119660e+00 0.000000000000000000e+00
3.886669726986554441e+00 5.466881767146595905e+00 0.000000000000000000e+00
1.583508641307211384e+01 -2.194124640902763268e+00 0.000000000000000000e+00
-9.516898775466367866e+00 -7.096955922031686015e+00 0.000000000000000000e+00
-1.080188885988291858e+01 1.318532931767999017e+01 0.000000000000000000e+00
-9.195344793804817840e+00 1.041678283262760374e+01 0.000000000000000000e+00
-2.322799060699048734e+00 1.172203618542047643e+01 0.000000000000000000e+00
7.979130721767082157e+00 -3.852634956541795219e+00 0.000000000000000000e+00
-7.027396054791596569e+00 -9.498304189320542434e+00 0.000000000000000000e+00
-1.723818841870533092e+01 2.763477472462240403e+00 0.000000000000000000e+00
1.651366748069215262e+01 3.690009741283056144e+00 0.000000000000000000e+00
2.774312065602928090e+00 2.907087325098898223e+00 0.000000000000000000e+00
-1.576522498898142821e+01 -5.303278188801316517e+00 0.000000000000000000e+00
-1.211879207557175420e+01 -1.239162862861011583e+01 0.000000000000000000e+00
1.350111269102210265e+01 4.510690222135042227e+00 0.000000000000000000e+00
-8.136170397415709132e+00 5.564661615697491293e+00 0.000000000000000000e+00
6.684709276397332367e+00 3.277615837119901343e+00 0.000000000000000000e+00
1.243023542947804216e+01 3.247225070155497662e+00 0.000000000000000000e+00
5.662233741907144235e+00 -1.082161087178841186e+01 0.000000000000000000e+00
-1.106844568724017641e+01 1.119431514295539287e+01 0.000000000000000000e+00
5.766108240801361973e+00 7.595290840683710520e-01 0.000000000000000000e+00
8.163902685009617244e+00 -4.674099726463996074e-01 0.000000000000000000e+00
9.605637468042875327e+00 4.807168746086094124e+00 0.000000000000000000e+00
1.497185560974815921e+01 -6.921577511518785641e+00 0.000000000000000000e+00
-8.877615375033570899e+00 -9.314169809719449189e-01 0.000000000000000000e+00
-6.593053250039121238e+00 1.255522719883733274e+01 0.000000000000000000e+00
-9.755410485586626379e+00 -1.218990597373329976e+01 0.000000000000000000e+00
-1.295215711079125498e+01 -5.484624493900223996e+00 0.000000000000000000e+00
2.915933572815565533e-01 3.759590254884474181e+00 0.000000000000000000e+00
3.891025148845263182e+00 -9.598852096719884486e+00 0.000000000000000000e+00
-9.607800818641745177e-01 -1.974473899673777844e+00 0.000000000000000000e+00
1.161588959666672238e+01 -1.232743813732711757e+01 0.000000000000000000e+00
1.148518710254771369e+00 1.526244821788768391e+01 0.000000000000000000e+00
4.519948787749927810e+00 1.509540239961751418e+01 0.000000000000000000e+00
-7.879361026882356178e+00 -5.985904581445816497e+00 0.000000000000000000e+00
2.767985587954371329e+00 -6.775549525059155087e+00 0.000000000000000000e+00
-1.286959319429318604e+01 -1.648153484699873106e+00 0.000000000000000000e+00
-6.885336733510750484e+00 9.058929723469988815e+00 0.000000000000000000e+00
-8.232025164234423542e+00 -8.016618286616225220e+00 0.000000000000000000e+00
-1.149134040405522761e+01 -2.688893394130188685e+00 0.000000000000000000e+00
9.985226397808235177e+00 -5.201235627921774629e+00 0.000000000000000000e+00
1.200620214089367899e+01 -9.952080479242182420e-01 0.000000000000000000e+00
1.377701987516855908e+01 -1.821260546389659618e+00 0.000000000000000000e+00
3.299946739640992721e+00 1.658277298375527309e+01 0.000000000000000000e+00
1.189993744665239284e+01 -9.028308116810256578e+00 0.000000000000000000e+00
-8.386596788661803359e+00 -3.841372697643614220e+00 0.000000000000000000e+00
1.053117451309018726e+01 2.908702528301434054e+00 0.000000000000000000e+00
4.298648282275346233e+00 -5.591858951855075865e+00 0.000000000000000000e+00
-2.673375660040139823e-01 5.770899347784816946e+00 0.000000000000000000e+00
7.447297029897470999e+00 -1.447003277783857911e+01 0.000000000000000000e+00
-4.062540652020964482e-01 1.074742197719313275e+01 0.000000000000000000e+00
-1.223858792259117223e+01 -7.820325345210878965e+00 0.000000000000000000e+00
-6.199559423430969218e+00 1.608462671261278487e+01 0.000000000000000000e+00
3.043219641295332512e+00 1.340213101615504776e+01 0.000000000000000000e+00
-5.847300577527888343e+00 8.237883322930601437e-01 0.000000000000000000e+00
-7.313817183801958777e+00 1.281701548818583447e-01 0.000000000000000000e+00
-1.076208086897137761e+01 -1.033496133288546659e+01 0.000000000000000000e+00
3.629052936911306482e+00 8.033214183234843375e+00 0.000000000000000000e+00
-9.938664451381251652e+00 7.043808047135247996e+00 0.000000000000000000e+00
-1.565065527635810083e+00 4.449313721118802079e+00 0.000000000000000000e+00
-3.095787363026978323e+00 -1.660794465694773336e+01 0.000000000000000000e+00
-1.350461083849499921e+01 7.759656444811340315e+00 0.000000000000000000e+00
1.301634570161209226e+01 -4.351596699272932689e+00 0.000000000000000000e+00
8.172375908186305438e+00 9.150640747840695255e+00 0.000000000000000000e+00
1.406701444877716334e+01 1.016944646780785533e+01 0.000000000000000000e+00
8.925301079445890906e+00 1.927220078872615705e+00 0.000000000000000000e+00
-3.954992444541288066e+00 1.041048345491735611e-01 0.000000000000000000e+00
5.867798603106715305e+00 -1.496308134499342479e+01 0.000000000000000000e+00
-3.846757313758130348e+00 -1.023301727070616707e+01 0.000000000000000000e+00
1.019141286563959348e+01 1.173363076530974958e+01 0.000000000000000000e+00
8.843660010801076554e-01 -9.880059673024250699e-01 0.000000000000000000e+00
-1.144540939170141591e+01 5.720489773013003543e+00 0.000000000000000000e+00
2.404333238865798972e+00 -8.497999553165930253e-01 0.000000000000000000e+00
5.724264947186005870e+00 1.012551098536650684e+01 0.000000000000000000e+00
-1.478772087119181933e+01 -3.184120813845256581e+00 0.000000000000000000e+00
-1.311549274404747223e+01 4.688507479657722854e+00 0.000000000000000000e+00
-6.152236365776457383e+00 -1.275556738425203029e+01 0.000000000000000000e+00
-2.080132847690728148e+00 1.384122333879989597e+01 0.000000000000000000e+00
4.124456149436362296e+00 1.060343952106345355e+00 0.000000000000000000e+00
6.320524892127265204e+00 1.550507128057283879e+01 0.000000000000000000e+00
-3.901285666642833938e+00 1.468518440343436637e+01 0.000000000000000000e+00
6.467446304094212617e-02 -1.318708353217864548e+01 0.000000000000000000e+00
6.765863056610582404e+00 -1.257485299425724534e+01 0.000000000000000000e+00
2.182336059021218855e+00 -2.634781623482210122e+00 0.000000000000000000e+00
8.654074495121863109e+00 1.112545285125316141e+01 0.000000000000000000e+00
-1.547982095421465054e+01 5.356835331009333068e+00 0.000000000000000000e+00
-6.782599353369817230e+00 -1.439806948997067293e+00 0.000000000000000000e+00
-1.270312198238588941e+01 1.160856228427166137e+01 0.000000000000000000e+00
-5.789129777766915730e+00 1.096378796019375557e+01 0.000000000000000000e+00
9.932665628633403188e+00 -2.098378315630316404e+00 0.000000000000000000e+00
9.797450465855870760e+00 -1.376126156220608188e+01 0.000000000000000000e+00
1.356962565179220093e+01 7.876061901055700254e+00 0.000000000000000000e+00
3.244251954110558334e+00 -4.013238097887419364e+00 0.000000000000000000e+00
-2.754824427143036214e+00 5.443052942379316583e+00 0.000000000000000000e+00
1.989230068299780108e+00 -1.152373617731326227e+01 0.000000000000000000e+00
-5.345818273228526429e+00 -9.666770855097130521e+00 0.000000000000000000e+00
-4.708201971134348796e+00 -1.475803855526452502e+01 0.000000000000000000e+00
1.433778203685469244e+01 2.373107782453013126e+00 0.000000000000000000e+00
9.572726203320936378e+00 6.472408709141687311e+00 0.000000000000000000e+00
-9.523031775256532327e+00 4.905244891867162949e+00 0.000000000000000000e+00
1.212184080731188907e+01 -5.786424195273398574e+00 0.000000000000000000e+00
3.934032401474094165e+00 -1.315131332314134305e+01 0.000000000000000000e+00
5.480984678460735893e+00 -8.677693040729657525e+00 0.000000000000000000e+00
8.661897033057453399e+00 1.375976619039033899e+01 0.000000000000000000e+00
5.710156685881984551e+00 8.476168225374639320e+00 0.000000000000000000e+00
-1.607401372224254166e+00 -8.650245176788239121e+00 0.000000000000000000e+00
-3.020553727658759069e+00 -1.195392410685409601e+01 0.000000000000000000e+00
-2.259940575650770889e+00 2.120773213024750969e+00 0.000000000000000000e+00
6.154431339710136228e+00 -4.576653739879240845e+00 0.000000000000000000e+00
1.255742025162171061e+01 1.011308953826927848e+01 0.000000000000000000e+00
1.495397901441471156e+01 -4.224755780768819413e+00 0.000000000000000000e+00
-5.000051411274856861e+00 9.523440965044784434e+00 0.000000000000000000e+00
6.468854280971826576e+00 -2.156729225152913543e+00 0.000000000000000000e+00
1.625830299882666585e+00 1.615639362012089686e+00 0.000000000000000000e+00
-7.924655923955083558e+00 -1.087470829055444099e+01 0.000000000000000000e+00
1.320451206589043558e+01 1.330862622347766644e+00 0.000000000000000000e+00
-1.547537811801991836e+01 7.347669017677159076e+00 0.000000000000000000e+00
-9.484453856280342876e+00 2.954763210907950466e+00 0.000000000000000000e+00
1.866931819485657007e+00 -1.721372595089714252e+01 0.000000000000000000e+00
1.235131199019488646e+00 -4.442069334488062182e+00 0.000000000000000000e+00
1.724663818157717188e+01 1.278890373887093786e-03 0.000000000000000000e+00
5.367475937267073505e+00 -6.987684355147511184e+00 0.000000000000000000e+00
-4.324295684505896631e+00 -7.531322348626409813e+00 0.000000000000000000e+00
1.986785475948368296e+00 9.247807167759075853e+00 0.000000000000000000e+00
-2.990325058010183223e+00 -5.277339025491027513e+00 0.000000000000000000e+00
-1.507632862210386948e+00 -4.448939527229380353e+00 0.000000000000000000e+00
6.001487946027501685e-01 1.231115339974521383e+01 0.000000000000000000e+00
-1.466867004563688148e+01 3.120102841865813215e+00 0.000000000000000000e+00
-3.585062507639842799e+00 4.100501128282217245e+00 0.000000000000000000e+00
-2.870868595708658266e-01 -1.098855828262297685e+01 0.000000000000000000e+00
4.916243390764216237e+00 6.860032750181088268e+00 0.000000000000000000e+00
1.328153786458803998e+00 -1.517921331260487428e+01 0.000000000000000000e+00
-1.470447671276734702e+01 -1.173236075431471237e+00 0.000000000000000000e+00
-6.349736065901394610e+00 3.894055357431664977e+00 0.000000000000000000e+00
1.019214193755760967e+01 1.337202191697971365e+01 0.000000000000000000e+00
1.678581807701715078e+01 -3.399094792717539448e+00 0.000000000000000000e+00
1.036985965781475283e+00 -6.921887627368028539e+00 0.000000000000000000e+00
-8.349365188386945746e+00 7.747751627315995648e+00 0.000000000000000000e+00
-1.147328006297691694e+01 -5.872618407663799722e+00 0.000000000000000000e+00
4.559132293231388466e+00 -2.519103177143774186e+00 0.000000000000000000e+00
-1.208812954787675764e+01 1.393609019486006795e-01 0.000000000000000000e+00
-1.449757674207871183e+01 -6.368012198287890335e+00 0.000000000000000000e+00
1.272591870671365832e+01 6.407708931798092422e+00 0.000000000000000000e+00
-1.891476420309078588e+00 1.539244583149231893e+01 0.000000000000000000e+00
9.710621976315342962e+00 -4.196182170561784108e-01 0.000000000000000000e+00
-1.007042463002947663e+01 -8.606682565617376213e+00 0.000000000000000000e+00
-1.565876023424524455e+01 1.576876019581271660e+00 0.000000000000000000e+00
1.031708260796284549e+01 -7.230019757296011207e+00 0.000000000000000000e+00
1.374701300115803093e+01 -8.721980890968026756e+00 0.000000000000000000e+00
-8.074674992439886623e+00 1.350365562085789684e+01 0.000000000000000000e+00
1.851798535849122462e+00 -9.937450859690081018e+00 0.000000000000000000e+00
1.628880019332855511e+01 6.147849784044320032e+00 0.000000000000000000e+00
8.207772734391923564e+00 -8.623605640341946099e+00 0.000000000000000000e+00
-5.461675272100044332e+00 5.939279080174289405e+00 0.000000000000000000e+00
2.721247277853239499e+00 1.063370351741056830e+01 0.000000000000000000e+00
-1.007266730947389988e+01 -4.001849759381864935e+00 0.000000000000000000e+00
-8.471755301673674410e+00 -1.418663104255433005e+01 0.000000000000000000e+00
-3.871458013829244038e+00 1.257941798443565240e+01 0.000000000000000000e+00
-1.209750137594000385e+01 7.165811585024977504e+00 0.000000000000000000e+00
-8.863819472535150013e+00 1.522790143242276129e+00 0.000000000000000000e+00
-1.818080912095054291e+00 -6.745223306590171219e+00 0.000000000000000000e+00
4.231264962168189925e+00 1.139723819163556584e+01 0.000000000000000000e+00
-1.001509693156097747e+01 1.475608785151441560e-01 0.000000000000000000e+00
-5.132994586774395351e+00 -1.669827422286596885e+01 0.000000000000000000e+00
-5.230998699750993630e+00 -5.155658167480901888e+00 0.000000000000000000e+00
1.158752028612537011e+01 1.248374718690211971e+01 0.000000000000000000e+00
-7.932159445643115703e+00 3.883618205953145885e+00 0.000000000000000000e+00
-1.258989276119118594e+00 6.997716583609166818e+00 0.000000000000000000e+00
-2.801165170141997063e-01 -1.623718821633521614e+01 0.000000000000000000e+00
-5.393663956043026175e+00 7.562156741537845228e+00 0.000000000000000000e+00
4.976227375880692527e+00 2.918969589906413198e+00 0.000000000000000000e+00
-1.087030421486193532e+01 8.817279143829461319e+00 0.000000000000000000e+00
-3.648057308135763233e+00 8.636517177674480905e+00 0.000000000000000000e+00
1.566873475082467593e+01 7.595428153010572281e+00 0.000000000000000000e+00
6.178476227946249288e+00 5.597505242340291787e+00 0.000000000000000000e+00
2.142833358376109221e+00 4.844351023756206409e+00 0.000000000000000000e+00
7.378553136932844758e+00 -1.018463120664759458e+01 0.000000000000000000e+00
-1.702751349868690056e+01 -3.288313861974375141e-01 0.000000000000000000e+00
-1.168801478787895087e+00 1.741644616096029807e+01 0.000000000000000000e+00
1.604051529680194932e+01 -5.489586254360037998e+00 0.000000000000000000e+00
-5.907042460364035463e+00 -1.106423902098335432e+01 0.000000000000000000e+00
1.310891249348458487e+01 -1.050239310292553618e+01 0.000000000000000000e+00
8.587698253144614213e+00 3.684058068221418125e+00 0.000000000000000000e+00
-2.228419972892115908e+00 -2.796135183363756216e+00 0.000000000000000000e+00
-2.432399708554064510e+00 -1.151762654055285440e+00 0.000000000000000000e+00
-3.868575564195338767e+00 -1.341977949490272692e+01 0.000000000000000000e+00
1.722715774973218572e+01 2.173616974474538832e+00 0.000000000000000000e+00
-9.154296243973876201e+00 1.239680514915411180e+01 0.000000000000000000e+00
1.477767976101607594e+01 5.838327709811502508e+00 0.000000000000000000e+00
1.073984893902062510e+01 -1.026716532050865105e+01 0.000000000000000000e+00
9.683310846411604444e+00 9.891890645461328901e+00 0.000000000000000000e+00
1.687967685856833322e+00 6.287289956171616900e+00 0.000000000000000000e+00
-8.798936251222269078e+00 -9.603436016425018096e+00 0.000000000000000000e+00
8.261307952527045806e-02 1.399220141362775571e+01 0.000000000000000000e+00
-2.802720361436968233e+00 1.696954812036171845e+01 0.000000000000000000e+00
1.116625854201996226e+01 5.101377979471317659e+00 0.000000000000000000e+00
7.007447711259608525e+00 7.234310941753355984e+00 0.000000000000000000e+00
-9.143741667649347704e+00 1.475461662960782228e+01 0.000000000000000000e+00
-1.119240169202271318e+01 4.052045437949664652e+00 0.000000000000000000e+00
-2.925230669583295473e+00 -1.485833036780309158e+01 0.000000000000000000e+00
-2.473925761173214610e+00 3.500405785041857953e-01 0.000000000000000000e+00
7.258040156510811691e+00 1.601818716039778767e+00 0.000000000000000000e+00
-5.192705453252412617e+00 1.385849572395782658e+01 0.000000000000000000e+00
2.862329388927078000e+00 -1.445267127572787125e+01 0.000000000000000000e+00
5.077318183421348330e+00 -1.648216909996952140e+01 0.000000000000000000e+00
1.503453189768750242e+01 -9.080187241017431132e-01 0.000000000000000000e+00
1.388819427345563540e+01 -5.879621990052102731e+00 0.000000000000000000e+00
4.429972412357680689e+00 -6.088991115451259928e-01 0.000000000000000000e+00
-6.144573131075226513e+00 -2.801000812674594442e+00 0.000000000000000000e+00
2.720048199698525071e+00 1.496892255176380360e+01 0.000000000000000000e+00
-1.390528338026119393e+01 1.019542816407267871e+01 0.000000000000000000e+00
9.501433225140834438e+00 8.377355725451410606e+00 0.000000000000000000e+00
-6.210054715906607292e+00 -6.561190184722434537e+00 0.000000000000000000e+00
-2.756759115749511491e+00 7.375708430479655853e+00 0.000000000000000000e+00
-1.388975294304541386e+01 9.778610006763307494e-01 0.000000000000000000e+00
-4.638992521514571976e+00 -2.181805383001763410e+00 0.000000000000000000e+00
-1.029202883060650819e+01 -1.413128909131734190e+01 0.000000000000000000e+00
2.472257270388042549e+00 -8.359874870480986431e+00 0.000000000000000000e+00
8.051206961130874973e+00 1.532484278224258922e+01 0.000000000000000000e+00
-3.528708181682385980e+00 1.062020022771725358e+01 0.000000000000000000e+00
-6.873469859909862478e+00 2.163483235813156380e+00 0.000000000000000000e+00
-1.263440056767841435e+00 -1.213477407335244962e+01 0.000000000000000000e+00
5.885243474489885607e+00 1.396037234856106046e+01 0.000000000000000000e+00
-7.487156376383353518e+00 1.508768017411495421e+01 0.000000000000000000e+00
-1.006769621136975701e+01 -1.999017775896755111e+00 0.000000000000000000e+00
8.962056223506785102e+00 -6.478011547602287479e+00 0.000000000000000000e+00
1.246675377478717195e+01 -7.589907283135826077e+00 0.000000000000000000e+00
-1.466643172120322447e+01 8.785653141885141792e+00 0.000000000000000000e+00
-7.494410234105647994e+00 1.080111328757041633e+01 0.000000000000000000e+00
