1.043571033142383619e+01 -6.572208234403669636e+00 0.000000000000000000e+00
6.917302101471148212e+00 4.841205431837480866e+00 0.000000000000000000e+00
-1.092813149659022542e+01 3.742416482749484796e+00 0.000000000000000000e+00
-7.233121680268983944e+00 -1.387685729557436076e+01 0.000000000000000000e+00
7.691768624696802448e+00 -8.423177365952391193e-01 0.000000000000000000e+00
-9.258667283567888262e+00 1.170631051711204051e+01 0.000000000000000000e+00
7.853473800338334421e+00 -1.167064796060634357e+01 0.000000000000000000e+00
-8.328728765697997360e+00 -6.295028649091943151e+00 0.000000000000000000e+00
-6.020252135625304035e+00 -9.990375475684968309e-01 0.000000000000000000e+00
-1.655457249118538599e+01 4.134778428805970130e+00 0.000000000000000000e+00
-7.864039118252512672e-01 8.391044603934695090e+00 0.000000000000000000e+00
-2.875857162507836406e+00 -3.244693578690434510e+00 0.000000000000000000e+00
1.134679941370650802e+01 -1.057139772533984257e+01 0.000000000000000000e+00
-8.263761523266943687e-01 1.664445705663283093e+01 0.000000000000000000e+00
-1.277839922800113293e+01 -1.103522736257528614e+01 0.000000000000000000e+00
1.734287162741424471e+00 5.008656140204356788e+00 0.000000000000000000e+00
-3.725990815897418429e+00 1.626717147097055971e+01 0.000000000000000000e+00
6.860741790008991536e+00 -1.312993352532899571e+01 0.000000000000000000e+00
1.283863334896852315e+01 -3.211695445944697358e+00 0.000000000000000000e+00
-2.972096413120941527e+00 -1.040542960157712926e+01 0.000000000000000000e+00
-1.334139611402616588e+01 -8.695607399605144394e+00 0.000000000000000000e+00
-2.089442010293491858e+00 1.299958268165412179e+01 0.000000000000000000e+00
9.954243286407917779e+00 -8.623208427061578973e+00 0.000000000000000000e+00
-1.921927912591888221e+00 4.496652583346371301e+00 0.000000000000000000e+00
5.249854087610389186e+00 -9.892911716868406202e+00 0.000000000000000000e+00
-1.002266569417218633e+01 8.196342829823164422e+00 0.000000000000000000e+00
2.531245605261615239e+00 -1.697339697661273794e+00 0.000000000000000000e+00
1.078729676666909043e+01 3.913353013626746923e-01 0.000000000000000000e+00
-1.604140840069005947e+01 -8.097858802612344364e-01 0.000000000000000000e+00
1.385645624975389367e+01 2.445881933562558341e+00 0.000000000000000000e+00
-4.619827637134760856e+00 -1.511522856790156233e+01 0.000000000000000000e+00
-1.159605253851095163e+01 -7.127982091244302154e+00 0.000000000000000000e+00
-3.735603600842932970e+00 -5.179558233671603062e+00 0.000000000000000000e+00
2.313655210960101627e+00 -1.620312263541556419e+01 0.000000000000000000e+00
-1.343490249567832073e+01 -2.458381673475997786e+00 0.000000000000000000e+00
-1.519919839231533132e+01 -7.944908661318017096e+00 0.000000000000000000e+00
-4.425825586865577144e+00 1.571691099314130868e+00 0.000000000000000000e+00
2.173884901834640448e+00 -9.312711571389636234e+00 0.000000000000000000e+00
5.065942195949743265e+00 -4.744781375395635159e+00 0.000000000000000000e+00
1.583973692173266024e+01 -4.339719660491898168e+00 0.000000000000000000e+00
9.063767081490153643e+00 -1.406825300143291990e+01 0.000000000000000000e+00
-1.437967011802981077e+01 2.860805068028675624e+00 0.000000000000000000e+00
1.039121311614713994e+00 9.941008292263383339e+00 0.000000000000000000e+00
5.036068618837649780e+00 -1.658849581598296297e+01 0.000000000000000000e+00
2.922329379750420397e+00 2.735536569728676870e+00 0.000000000000000000e+00
4.583168172677549168e-01 -1.731635867508942939e+00 0.000000000000000000e+00
-8.382965550464890114e+00 6.005298534835267432e+00 0.000000000000000000e+00
1.267829118199903782e+01 1.167091045554071727e+01 0.000000000000000000e+00
1.651957552935212092e+01 4.921622683829446565e+00 0.000000000000000000e+00
8.218399196651045457e+00 -3.043878429544050856e+00 0.000000000000000000e+00
-1.398581897156246256e+01 8.364769191131635750e+00 0.000000000000000000e+00
-1.393726256436895028e+01 -4.100925764348342994e+00 0.000000000000000000e+00
-5.299452173842215785e+00 5.796602245988902169e+00 0.000000000000000000e+00
-1.297119500617943011e+01 1.113863294145607163e+01 0.000000000000000000e+00
-7.749855575610527236e-02 -1.741000203756420106e+01 0.000000000000000000e+00
-5.352479290333628903e+00 1.220357270569919450e+01 0.000000000000000000e+00
-2.854597966905288331e+00 -1.722698427662759713e+01 0.000000000000000000e+00
1.221100864529675611e+01 2.276754740054753423e+00 0.000000000000000000e+00
2.733745916680579757e+00 5.275003651791554393e-01 0.000000000000000000e+00
2.290385372559232025e+00 -1.087407393426978963e+01 0.000000000000000000e+00
-1.126623197068878035e+00 3.374604943767984255e-01 0.000000000000000000e+00
5.654164765142426496e+00 6.628859858919846637e+00 0.000000000000000000e+00
-5.206129010985592664e+00 -5.887894773935582471e+00 0.000000000000000000e+00
8.792538821689372952e+00 7.304081430565622313e+00 0.000000000000000000e+00
-8.996565969878862035e+00 -1.021718495444180164e+01 0.000000000000000000e+00
-3.757278945050042562e+00 -1.768964133480223355e-01 0.000000000000000000e+00
-5.331451256167410335e+00 7.599964964565797843e+00 0.000000000000000000e+00
3.787487658659096645e+00 -1.536882583707459737e+01 0.000000000000000000e+00
-7.656212100219793371e+00 1.441966547909258090e+01 0.000000000000000000e+00
1.350921822373237369e+01 -6.797222155928428933e+00 0.000000000000000000e+00
-3.942118280301427191e+00 1.027997122490300974e+01 0.000000000000000000e+00
7.548455680255141687e+00 1.878567124660951659e+00 0.000000000000000000e+00
6.906878826177718089e+00 3.273015306926692070e+00 0.000000000000000000e+00
2.400553849943243279e+00 -4.506756608965070576e+00 0.000000000000000000e+00
1.090024141243969780e+01 -1.275603461301834329e+01 0.000000000000000000e+00
-5.879795554943041402e+00 -2.700091394853023186e+00 0.000000000000000000e+00
-8.804046386317285311e+00 1.324576657015244230e+01 0.000000000000000000e+00
-1.006556301654840091e+01 -6.685378197631472119e+00 0.000000000000000000e+00
-9.793469046791464905e+00 -1.998315099989676602e+00 0.000000000000000000e+00
-8.315714768423307035e+00 3.339389683718264390e+00 0.000000000000000000e+00
1.103735926971992320e+01 1.148900925460614530e+01 0.000000000000000000e+00
4.712923227569951301e+00 1.349249359902226253e+01 0.000000000000000000e+00
1.298184566730718714e+01 7.972429455944027410e+00 0.000000000000000000e+00
1.229884566225320774e-01 6.473868240656320161e+00 0.000000000000000000e+00
-2.619774856547418374e+00 -6.669679284990107426e+00 0.000000000000000000e+00
9.785290638040002875e+00 -3.459910739405658742e+00 0.000000000000000000e+00
2.878286296933457944e+00 -1.405381873342454924e+01 0.000000000000000000e+00
1.601963059184954474e+01 -2.822376765729611936e+00 0.000000000000000000e+00
-9.756957077744955242e+00 1.496645137922731017e+00 0.000000000000000000e+00
-5.532963031068887538e+00 3.610301290914984751e+00 0.000000000000000000e+00
3.704743938762595779e+00 7.060292804038662773e+00 0.000000000000000000e+00
1.602804802544135043e+01 -9.754210301892336510e-01 0.000000000000000000e+00
9.485905630393628440e-01 1.579883779841435931e+01 0.000000000000000000e+00
1.329924382976439468e+01 3.909253365825383408e+00 0.000000000000000000e+00
7.874219035953205825e+00 1.043210315856211068e+01 0.000000000000000000e+00
1.543558250774708895e+01 1.726538424621487655e+00 0.000000000000000000e+00
2.442379291542204012e+00 1.099725431457367364e+01 0.000000000000000000e+00
-1.613934631884770710e+01 -2.543192111404755540e+00 0.000000000000000000e+00
-1.419528226237068935e+01 5.180483385195182144e+00 0.000000000000000000e+00
7.250698205233868876e+00 1.272899063437453115e+01 0.000000000000000000e+00
9.486683940426278383e+00 5.763836408163496294e+00 0.000000000000000000e+00
-3.540620676191850169e-01 -5.204755269570247478e+00 0.000000000000000000e+00
-1.667578125259589328e+01 1.645660668410443783e+00 0.000000000000000000e+00
6.548303214300797315e+00 -1.529954937211936361e+01 0.000000000000000000e+00
-1.379356345029770026e+01 -2.350663011969131022e-01 0.000000000000000000e+00
3.099798374269731038e+00 1.466872329387891227e+01 0.000000000000000000e+00
-5.520977201202785345e+00 -1.288909459987097605e+01 0.000000000000000000e+00
1.019755800797879886e+01 3.104742219032628814e+00 0.000000000000000000e+00
9.419138274379996290e+00 1.215044856512815485e+01 0.000000000000000000e+00
-2.035950597641944970e+00 -1.170932901761876366e+01 0.000000000000000000e+00
8.608963747041375569e+00 3.921895819473384837e+00 0.000000000000000000e+00
4.003327508405432944e+00 9.411806005953227583e+00 0.000000000000000000e+00
4.869747038235302306e+00 -9.549813937941364905e-01 0.000000000000000000e+00
1.552987158645912968e+00 -1.245586318149724114e+01 0.000000000000000000e+00
4.522538618591398496e+00 1.651358033632377698e+01 0.000000000000000000e+00
-6.486819920900824599e+00 -1.077312483234277352e+01 0.000000000000000000e+00
1.449723596210490406e+01 -2.871851773882541536e+00 0.000000000000000000e+00
-1.074589209775065690e+01 1.037087747027783813e+01 0.000000000000000000e+00
3.275172004319686359e-01 1.006730396305756114e+00 0.000000000000000000e+00
1.355700330834306477e+01 -4.901237575580935868e+00 0.000000000000000000e+00
-7.003191198551129704e-01 -1.333713508993875863e+01 0.000000000000000000e+00
6.963704705431061015e+00 -9.239338775657962799e+00 0.000000000000000000e+00
-4.869139429762021187e+00 1.482723306390148110e+01 0.000000000000000000e+00
1.269264162748242342e+01 9.781245100632608214e+00 0.000000000000000000e+00
4.514417452613701087e+00 2.130958655022068715e+00 0.000000000000000000e+00
1.209796474752827855e+01 6.382083962763381635e+00 0.000000000000000000e+00
3.102405049274587601e+00 -1.217381741978128851e+01 0.000000000000000000e+00
9.830065424865173540e+00 1.388538380438581932e+01 0.000000000000000000e+00
-1.838641942331475654e-01 -7.289259871699213633e+00 0.000000000000000000e+00
1.174343893709704290e+01 4.569530603396196433e+00 0.000000000000000000e+00
6.341680110778217028e+00 9.035671100452642435e+00 0.000000000000000000e+00
-7.552166931444530107e+00 -9.193794544799224866e+00 0.000000000000000000e+00
-8.137048330217684367e+00 1.070611629836746914e+01 0.000000000000000000e+00
-1.553227140728801636e+01 7.761630165546771210e+00 0.000000000000000000e+00
-5.528820949739946755e+00 -8.966220099947712185e+00 0.000000000000000000e+00
3.812726070615335416e+00 4.514354100196519504e+00 0.000000000000000000e+00
5.355403826616298435e-01 3.744136260682692452e+00 0.000000000000000000e+00
4.725015558686775918e+00 -6.321688396424661072e+00 0.000000000000000000e+00
-1.577984512199565703e+00 -8.763529620908897755e+00 0.000000000000000000e+00
6.328957585752764459e+00 -3.291363074134826316e+00 0.000000000000000000e+00
-1.187636887774119110e+01 1.042822268568582844e+00 0.000000000000000000e+00
8.874433841170050741e+00 -7.439260355829022231e+00 0.000000000000000000e+00
-2.440856596843079540e+00 1.546917938369144707e+00 0.000000000000000000e+00
-1.162441992278673553e+01 5.957385083517143798e+00 0.000000000000000000e+00
5.580919991656980716e-01 -1.432874964858766020e+01 0.000000000000000000e+00
-1.018686658498905118e+01 -1.362984210595796952e+01 0.000000000000000000e+00
1.437332065396742209e+01 -9.160955997215319613e+00 0.000000000000000000e+00
-9.108011837680185963e+00 -1.245516040893227405e+01 0.000000000000000000e+00
1.493991472972498258e+01 1.624808936911104063e-01 0.000000000000000000e+00
1.531405389561669494e+00 -7.632340409709757800e+00 0.000000000000000000e+00
1.079361656659576418e+01 7.726088609652878247e+00 0.000000000000000000e+00
-6.302155330799657840e+00 1.169669701077771018e+00 0.000000000000000000e+00
5.818390183096592283e-01 -9.615442455764567242e+00 0.000000000000000000e+00
9.999378731248384500e-02 1.435897588970875383e+01 0.000000000000000000e+00
-1.148143140850565302e+01 -4.004886874918899942e+00 0.000000000000000000e+00
1.411862124137313224e+01 6.677584461868284471e+00 0.000000000000000000e+00
1.285157378239026871e+00 7.906541007093750295e+00 0.000000000000000000e+00
4.811127261218496542e+00 6.180883905603122841e-01 0.000000000000000000e+00
-1.261839102148199032e+01 -5.960277828279335388e+00 0.000000000000000000e+00
-9.660020034625081964e-01 -3.525107458521942405e+00 0.000000000000000000e+00
7.894088439037286520e+00 1.409012479808307461e+01 0.000000000000000000e+00
-1.060773665632277307e+01 1.304063162106603713e+01 0.000000000000000000e+00
9.859439618221140123e+00 -1.087379770153444269e+01 0.000000000000000000e+00
1.501695014131400008e+01 3.476775576963915260e+00 0.000000000000000000e+00
-3.578092769558461339e-01 -1.092332492163223101e+01 0.000000000000000000e+00
9.387695161159465229e+00 -5.490148334512165995e+00 0.000000000000000000e+00
-2.813127968657720857e+00 -1.443978471127595142e+01 0.000000000000000000e+00
5.203845063794450887e+00 1.197677909226112369e+01 0.000000000000000000e+00
-1.163649068611255188e+01 -1.849397096694810338e+00 0.000000000000000000e+00
-1.001469653653921199e+01 -9.015918305192554882e+00 0.000000000000000000e+00
-1.636798757111382230e+01 -5.477023867314404271e+00 0.000000000000000000e+00
1.144248841187738952e+00 1.225316427883678649e+01 0.000000000000000000e+00
-1.177624809097129521e+00 -1.571805005657492593e+01 0.000000000000000000e+00
-1.554394590662276876e+01 -4.181589965266171660e+00 0.000000000000000000e+00
9.115390527583777214e+00 1.540345810373664026e+00 0.000000000000000000e+00
-9.703819301355538940e+00 -4.703209180356579644e+00 0.000000000000000000e+00
-4.735993063280138138e+00 -3.796027608150078336e+00 0.000000000000000000e+00
5.929110346999619807e+00 -1.185593065039049776e+01 0.000000000000000000e+00
7.411091532860170972e+00 -6.058981589996433215e+00 0.000000000000000000e+00
-8.223824553087602851e+00 7.616546571479346106e+00 0.000000000000000000e+00
-1.156793587023338432e+01 1.187425505610794119e+01 0.000000000000000000e+00
1.397773812444445163e+01 -1.047266583278673169e+00 0.000000000000000000e+00
4.357721973851272246e+00 -2.931195364304058693e+00 0.000000000000000000e+00
2.433206024705631965e+00 1.704538127619351684e+01 0.000000000000000000e+00
-5.839721137396812978e+00 1.072633323734149791e+01 0.000000000000000000e+00
9.661168557227044928e+00 9.222659466838063480e+00 0.000000000000000000e+00
1.249275726405161180e+01 -8.470529683598950754e+00 0.000000000000000000e+00
7.282729424060051748e+00 -7.567075926784250228e+00 0.000000000000000000e+00
3.173321027169395681e+00 1.255799914058115263e+01 0.000000000000000000e+00
-4.384452047751418391e+00 -7.400365308110970375e+00 0.000000000000000000e+00
1.141097448733952824e+01 -4.720454672891366776e+00 0.000000000000000000e+00
1.191055564171115222e+01 -1.381374731946406254e+00 0.000000000000000000e+00
-1.315994859998411037e+00 1.113560276586900244e+01 0.000000000000000000e+00
9.962500087313378216e+00 -1.849984288928970821e+00 0.000000000000000000e+00
1.544154400733790489e+01 -6.129175432425011394e+00 0.000000000000000000e+00
1.160714661388785451e+01 1.303271436650079096e+01 0.000000000000000000e+00
1.288182947877182549e+01 -1.121712085350465493e+01 0.000000000000000000e+00
3.549533886488086765e+00 -7.483525111809905539e+00 0.000000000000000000e+00
-1.196552414149885735e+01 -1.258652667877893272e+01 0.000000000000000000e+00
-1.323426094997916103e+01 6.351208480184374672e+00 0.000000000000000000e+00
-4.421971313375977708e+00 -1.549319660940718935e+00 0.000000000000000000e+00
1.719697422408309606e+01 2.377764088647148721e+00 0.000000000000000000e+00
-4.061268538575563802e+00 3.264930313048410859e+00 0.000000000000000000e+00
-6.027053821696685354e+00 8.940255198229460021e+00 0.000000000000000000e+00
-8.657846883568915075e+00 -6.922601484371460057e-01 0.000000000000000000e+00
4.528990410312477621e+00 -1.122171331287668217e+01 0.000000000000000000e+00
-3.075969339576532402e+00 7.457558141289461595e+00 0.000000000000000000e+00
-4.714350041284482096e+00 -1.097589801754197403e+01 0.000000000000000000e+00
-1.523632390651180613e+00 3.047599111581743347e+00 0.000000000000000000e+00
4.945385654132706144e+00 -1.389557136180439834e+01 0.000000000000000000e+00
-9.874129456657545489e-01 -1.254529466888618217e+00 0.000000000000000000e+00
1.484932592903744286e+01 8.768061366193176553e+00 0.000000000000000000e+00
-3.505193211340862813e+00 1.359797599430099524e+01 0.000000000000000000e+00
-1.300161947611167435e+01 3.640185565878247154e+00 0.000000000000000000e+00
-9.917098412450094713e+00 6.358417270456479642e+00 0.000000000000000000e+00
5.377251713693325996e+00 -7.829558403175736814e+00 0.000000000000000000e+00
-6.477644231559257726e+00 1.548258507718001198e+01 0.000000000000000000e+00
-3.769023863836340471e+00 -9.004847750411835605e+00 0.000000000000000000e+00
-1.499718580669892631e+01 1.183831265394894139e+00 0.000000000000000000e+00
1.736639710743209974e+01 8.341168451897427172e-01 0.000000000000000000e+00
1.596870691256081010e+01 6.554747806558734347e+00 0.000000000000000000e+00
7.842215486056424822e+00 -4.589387064717581843e+00 0.000000000000000000e+00
-7.056561822613843127e+00 -4.186843845551059928e+00 0.000000000000000000e+00
-1.166413983564475565e+01 -8.960554858434031544e+00 0.000000000000000000e+00
-7.170012522792786669e+00 -1.556709882049515770e+01 0.000000000000000000e+00
-7.466237046939283140e+00 -1.772997019404730867e+00 0.000000000000000000e+00
-3.929428612328723425e+00 -1.293714161257338446e+01 0.000000000000000000e+00
-1.477329646194319501e+00 1.528246814356407768e+01 0.000000000000000000e+00
-5.728948947143922332e+00 -1.630430246880006706e+01 0.000000000000000000e+00
-1.042603216845955849e+01 -1.146926797505285478e+01 0.000000000000000000e+00
5.912223187155644766e+00 1.521053245276068289e+01 0.000000000000000000e+00
-3.629392133346433180e+00 6.060256488116875673e+00 0.000000000000000000e+00
-1.179687114087683142e+01 8.671598285282353658e+00 0.000000000000000000e+00
-8.264144054359091385e+00 1.124429322691223643e+00 0.000000000000000000e+00
1.007098597059849387e+00 -3.603756457012698533e+00 0.000000000000000000e+00
-1.616907937070692824e+01 6.176385937454793584e+00 0.000000000000000000e+00
1.411195530925357566e+01 1.028995762945293535e+01 0.000000000000000000e+00
-9.241094729658716034e+00 9.597629897454911685e+00 0.000000000000000000e+00
-1.032612848812203588e+01 -1.944339263572140153e-01 0.000000000000000000e+00
2.371045748799429198e+00 -6.347200997728161376e+00 0.000000000000000000e+00
1.199883164922134604e+01 -6.346722374951561996e+00 0.000000000000000000e+00
-8.970041975898629616e+00 -1.500511171862648041e+01 0.000000000000000000e+00
-3.540452998087645131e+00 1.203404026886811629e+01 0.000000000000000000e+00
1.532715457943476345e+01 -7.864813518361282618e+00 0.000000000000000000e+00
1.265392189665577583e+01 2.073507574671664688e-01 0.000000000000000000e+00
-1.354243618055582665e+01 -7.202905583500879061e+00 0.000000000000000000e+00
-7.338684986469569793e+00 1.205367801362907088e+01 0.000000000000000000e+00
5.103129169550317812e+00 3.665625310473834109e+00 0.000000000000000000e+00
7.240947696057365768e+00 7.763657007669833021e+00 0.000000000000000000e+00
1.118863360202533563e+01 9.604971539535394953e+00 0.000000000000000000e+00
-1.262854848794158658e+00 5.869797190788274222e+00 0.000000000000000000e+00
-1.397861734766342856e+01 -1.012382021589399095e+01 0.000000000000000000e+00
-9.656153825203579899e+00 4.571044262942455028e+00 0.000000000000000000e+00
6.047213355530279166e+00 1.072761328050401808e+01 0.000000000000000000e+00
-6.793141187694081040e+00 4.831809594119612861e+00 0.000000000000000000e+00
5.986837852467288279e+00 1.575738742693138850e+00 0.000000000000000000e+00
