-4.810812715056746569e+00 1.442996294580414895e+00 0.000000000000000000e+00
1.324088599221016871e+01 2.739326893562993970e+00 0.000000000000000000e+00
-1.697201635498874595e+01 -1.105624801275813862e+00 0.000000000000000000e+00
-1.029124235815188371e+01 6.592866487077361448e+00 0.000000000000000000e+00
3.085440428947223257e+00 1.288646390448292145e+01 0.000000000000000000e+00
-9.565167159727671731e+00 -1.156086875127489755e+01 0.000000000000000000e+00
-1.712573351718904391e+01 3.349248050296734114e+00 0.000000000000000000e+00
-1.145190198889602051e+01 7.812838963113208912e-01 0.000000000000000000e+00
2.922863873568966930e+00 -6.048333996196793905e+00 0.000000000000000000e+00
-8.875000777681757214e+00 1.321544807984009529e+00 0.000000000000000000e+00
-6.916197522303134448e+00 -1.191725327201967488e+01 0.000000000000000000e+00
-4.881227630406719808e-01 -1.277572078595898608e+00 0.000000000000000000e+00
1.621192664393397376e+00 -1.212503853855033142e+01 0.000000000000000000e+00
1.060125159410391760e+01 7.319909856519941194e+00 0.000000000000000000e+00
6.775893552942883424e+00 -9.455135833147645386e+00 0.000000000000000000e+00
-3.476537694788849553e+00 -1.032645277190856348e+01 0.000000000000000000e+00
2.811455894774350650e+00 6.172361596380019577e+00 0.000000000000000000e+00
-1.357934091986692593e+01 -2.028120330165926521e+00 0.000000000000000000e+00
1.187978232018318892e+01 6.330992118402234858e+00 0.000000000000000000e+00
-6.850727863555718500e+00 -8.785243521302435354e+00 0.000000000000000000e+00
6.622866725563612000e+00 -1.299161099623971793e+01 0.000000000000000000e+00
5.015208817749537973e-01 -5.391729964202584213e+00 0.000000000000000000e+00
-5.814536618897045983e+00 -2.902242993484247968e+00 0.000000000000000000e+00
9.997783721537210067e-01 -8.124677323681769536e+00 0.000000000000000000e+00
-4.433878818989807513e+00 -4.399632555298979675e+00 0.000000000000000000e+00
2.113561938737509305e+00 3.806465818387412270e+00 0.000000000000000000e+00
1.107313086746722597e+01 4.563046272100915068e+00 0.000000000000000000e+00
-1.230844600637592734e+01 -3.075525919575795353e+00 0.000000000000000000e+00
9.585213077104834056e+00 -6.314302793820770532e+00 0.000000000000000000e+00
7.609414625489256068e+00 -1.141976156637743545e+00 0.000000000000000000e+00
-5.958402749537581755e+00 1.123361193865087237e+01 0.000000000000000000e+00
-2.931495404686950135e+00 4.345226632698204305e+00 0.000000000000000000e+00
-7.482826418909598765e+00 -2.029942899204552342e-01 0.000000000000000000e+00
8.435907801313796028e+00 8.118555803863424458e+00 0.000000000000000000e+00
-1.457924498081968601e+01 3.747928874249616626e+00 0.000000000000000000e+00
-9.842061226547604846e+00 1.147229908957887723e+01 0.000000000000000000e+00
-1.251054822048939386e+01 -9.993914407125512156e+00 0.000000000000000000e+00
1.274623934878915321e+01 9.322427530561766318e+00 0.000000000000000000e+00
5.118572893719267825e+00 9.097887342761550755e+00 0.000000000000000000e+00
1.460551775830663779e+01 1.290506709052838374e+00 0.000000000000000000e+00
5.387364857534714391e-01 -3.088146900721201682e+00 0.000000000000000000e+00
-7.702955216593861287e+00 -5.202226850298236727e+00 0.000000000000000000e+00
6.877361609010828047e+00 -1.576376664521410120e+01 0.000000000000000000e+00
-6.624853064262016034e+00 2.287177238817317715e+00 0.000000000000000000e+00
-7.856745742177022152e+00 -3.014859468942198362e+00 0.000000000000000000e+00
-7.142088528280493342e+00 -1.375495265431496250e+01 0.000000000000000000e+00
4.164534173344446311e-01 1.727633352924246468e+00 0.000000000000000000e+00
-1.087191910635184611e+00 -1.504292018402481013e+01 0.000000000000000000e+00
1.563599934327766672e+00 1.511880682548342847e+01 0.000000000000000000e+00
-1.622122349316778767e+01 6.270532373373439938e+00 0.000000000000000000e+00
1.097283175067334504e+01 1.317873850489641896e+01 0.000000000000000000e+00
-4.918872156469798362e+00 4.427004403510188091e+00 0.000000000000000000e+00
1.267221207368771374e+01 -9.041859090448415515e+00 0.000000000000000000e+00
-7.728107634213019494e+00 9.139400491767050383e+00 0.000000000000000000e+00
-3.423611886718629815e+00 9.873139170101055129e+00 0.000000000000000000e+00
1.202989953534851963e+01 -6.922160124403897719e+00 0.000000000000000000e+00
1.532903935486034541e+01 -4.131115459643075027e+00 0.000000000000000000e+00
-1.882201480692950790e+00 -1.122900902672418688e+01 0.000000000000000000e+00
-5.043959769907483626e+00 -1.386212119760902084e+01 0.000000000000000000e+00
1.254839063234246055e+01 1.146613055527267910e+01 0.000000000000000000e+00
1.623149891349337182e+01 2.324152986313352542e+00 0.000000000000000000e+00
5.793096082022002768e+00 1.064784075730649349e+01 0.000000000000000000e+00
-2.233208967325132743e+00 1.435281263721378409e+01 0.000000000000000000e+00
-1.232326126233862595e+01 1.042774067372142710e+01 0.000000000000000000e+00
6.146659046501960155e+00 5.685475248334428855e+00 0.000000000000000000e+00
3.128361878563471699e+00 -1.687294453027529073e+01 0.000000000000000000e+00
3.178379163326343182e+00 1.439354441471104806e+01 0.000000000000000000e+00
1.082697297045139528e+01 -5.106235149594858802e-01 0.000000000000000000e+00
-5.274390356618241960e+00 -6.796256303266902776e+00 0.000000000000000000e+00
-4.731227752092587835e+00 -7.053134373307633487e-01 0.000000000000000000e+00
-8.236331035171798320e-02 6.680206397299074617e+00 0.000000000000000000e+00
6.448634395136097375e+00 1.553205120324191446e+00 0.000000000000000000e+00
-1.084516352004472139e+01 -9.663095379820681785e+00 0.000000000000000000e+00
1.126310817998263936e+01 -1.052888574152754053e+01 0.000000000000000000e+00
1.528532551982722687e+01 -6.200734408553835841e+00 0.000000000000000000e+00
-1.598877195290693365e+01 -4.697121978545644616e+00 0.000000000000000000e+00
5.242573061311992078e+00 1.535576427607340655e+01 0.000000000000000000e+00
-6.297246076845102181e-01 9.290416204543678447e+00 0.000000000000000000e+00
5.393522030420883517e+00 3.609208220834352776e+00 0.000000000000000000e+00
-1.126750427436163982e+01 2.603028984417080860e+00 0.000000000000000000e+00
-3.095807589624995249e+00 8.595667672853132268e-01 0.000000000000000000e+00
-1.556660332263106516e+00 -7.117334885472710759e+00 0.000000000000000000e+00
1.254541933151079292e+01 -3.971061358093962657e+00 0.000000000000000000e+00
1.343991708526092310e+01 -1.076055246642768282e+01 0.000000000000000000e+00
4.376826500309579870e+00 -6.721945130925946366e+00 0.000000000000000000e+00
5.820612765489409313e+00 -6.246576134147471260e-01 0.000000000000000000e+00
1.424685682268035336e+01 1.008104500558524919e+01 0.000000000000000000e+00
-8.654673024819096172e-01 1.105406794532791892e+01 0.000000000000000000e+00
2.995042843350446127e+00 8.591532347631064326e+00 0.000000000000000000e+00
8.371294933544884742e+00 1.067299793496477633e+01 0.000000000000000000e+00
4.385269430482637176e+00 -4.560915737967340178e+00 0.000000000000000000e+00
-5.548464679583267944e+00 8.118037292680446271e+00 0.000000000000000000e+00
-5.083267868646244025e+00 -1.573255922908617244e+01 0.000000000000000000e+00
-9.918861195059470504e+00 -1.937824318668119661e+00 0.000000000000000000e+00
1.434452777052174177e+01 6.914182589567216652e+00 0.000000000000000000e+00
-1.436446087923346226e+01 -8.247460055375240628e+00 0.000000000000000000e+00
-7.976518888227933424e+00 -1.067142894843526690e+01 0.000000000000000000e+00
3.518569642284187005e+00 1.137563186393663095e+01 0.000000000000000000e+00
1.081892258286836439e+00 1.332160730399078452e-01 0.000000000000000000e+00
-1.441311926350283201e+01 -3.498066617850846605e+00 0.000000000000000000e+00
9.286650669707809058e+00 1.582796215299277609e+00 0.000000000000000000e+00
-1.170936877281554800e+01 8.089482094195528106e+00 0.000000000000000000e+00
-3.191535561213779459e+00 -3.136359611364731403e+00 0.000000000000000000e+00
-1.247678723554506774e+01 -7.096048803736297650e+00 0.000000000000000000e+00
-6.143054274942124415e+00 -1.387962212631292269e+00 0.000000000000000000e+00
-6.010164594524900927e+00 -1.064707285027830075e+01 0.000000000000000000e+00
1.113018667712738363e+01 9.680625972409345081e+00 0.000000000000000000e+00
-8.495664663277056050e+00 -9.101189443658968869e+00 0.000000000000000000e+00
6.718744822555092533e+00 -7.182717283352981319e+00 0.000000000000000000e+00
3.062510847047993368e-01 3.413725215456213213e+00 0.000000000000000000e+00
-2.626246626621722147e+00 -5.319637374237284888e+00 0.000000000000000000e+00
-1.215519366446490679e+01 5.637938288676513920e+00 0.000000000000000000e+00
2.989354345436137095e+00 -9.128006996107016491e+00 0.000000000000000000e+00
2.577831206543886644e+00 1.686172197623988467e+01 0.000000000000000000e+00
4.473018947916712840e+00 -1.007487198573961251e+01 0.000000000000000000e+00
6.356612776871728876e+00 -2.960348647526266586e+00 0.000000000000000000e+00
1.410855723682075258e+01 -4.297099125086879523e-01 0.000000000000000000e+00
1.194930851979226105e+01 -1.848357817859108243e+00 0.000000000000000000e+00
-1.368172442526546995e+01 -4.882037372934975750e+00 0.000000000000000000e+00
-1.511194671609336204e+01 -5.442323423968922214e-01 0.000000000000000000e+00
4.080845501903699990e+00 4.808814151061382880e+00 0.000000000000000000e+00
-4.731469423990447787e+00 1.325797064244663481e+01 0.000000000000000000e+00
-3.426483724659575181e+00 -1.390971653440359113e+01 0.000000000000000000e+00
7.403910246451126831e+00 -4.362795630872157382e+00 0.000000000000000000e+00
-1.069013509119790317e+00 2.793627388165305536e+00 0.000000000000000000e+00
-1.061046581996089344e+01 -1.334726095025014025e+01 0.000000000000000000e+00
-8.267871810228479390e+00 -6.865583615944343521e+00 0.000000000000000000e+00
-4.727700652813210169e+00 1.508350559164502691e+01 0.000000000000000000e+00
1.406687351100472227e+01 -8.466730898071913813e+00 0.000000000000000000e+00
1.376125327893474726e+01 -2.738192460802185035e+00 0.000000000000000000e+00
1.700283558064144884e+01 -3.659661483303707552e+00 0.000000000000000000e+00
-1.674752959331828706e+01 8.871910806549815343e-01 0.000000000000000000e+00
-8.084843061174165513e+00 4.710503364255447245e+00 0.000000000000000000e+00
-9.920195345580076207e+00 1.369623353107880703e+01 0.000000000000000000e+00
2.342235284936904804e+00 -4.115056442669343895e+00 0.000000000000000000e+00
-1.554937682893932838e+01 -6.608563450264086647e+00 0.000000000000000000e+00
8.845324642225294909e+00 -9.854085728531709165e+00 0.000000000000000000e+00
3.357662119354730024e+00 2.457818075596777119e-01 0.000000000000000000e+00
-7.635652553844897161e-01 1.375043619399356842e+01 0.000000000000000000e+00
2.984063833754365458e+00 -1.392381771591602657e+01 0.000000000000000000e+00
-1.814998543399206188e+00 -1.668221027872578333e+01 0.000000000000000000e+00
1.538266680991944213e+01 8.068544478393913977e+00 0.000000000000000000e+00
3.129543776419661416e+00 2.081661621020484354e+00 0.000000000000000000e+00
-8.358142692246861571e+00 1.471280436350306786e+01 0.000000000000000000e+00
-3.081514472741605726e+00 -7.029293626048873200e+00 0.000000000000000000e+00
6.590550035947271290e+00 7.814238443857512983e+00 0.000000000000000000e+00
1.364535477303821187e+00 -1.532242627343143759e+01 0.000000000000000000e+00
1.204730521243359043e+01 7.226748412574561797e-01 0.000000000000000000e+00
1.661058092960955435e+01 -1.769322148311494924e+00 0.000000000000000000e+00
-1.447532278117881610e+01 1.311865410778565888e+00 0.000000000000000000e+00
-6.761753426646494702e+00 1.422621629321353609e+01 0.000000000000000000e+00
8.608431599757460972e+00 -2.686592710229762204e+00 0.000000000000000000e+00
8.971174374400155971e-01 -1.715100919165988458e+01 0.000000000000000000e+00
5.212849822148243106e+00 7.165260901875827315e+00 0.000000000000000000e+00
-2.846886532296058814e+00 6.646497308074486909e+00 0.000000000000000000e+00
-1.320756347178005186e+01 8.397276163342667132e+00 0.000000000000000000e+00
7.727833399851485652e+00 4.372601067538975705e+00 0.000000000000000000e+00
3.082434335355816124e+00 -1.141677028968026164e+01 0.000000000000000000e+00
-1.442416956478443346e+01 6.599397755841257762e+00 0.000000000000000000e+00
8.581574677536984552e+00 1.256593236303584682e+01 0.000000000000000000e+00
-7.879946594854407849e+00 1.291918373712453771e+01 0.000000000000000000e+00
1.007382832285919250e+01 -2.240164269017767662e+00 0.000000000000000000e+00
9.994137115833565232e+00 -1.288302859376701015e+01 0.000000000000000000e+00
9.585800252690649614e+00 3.641579265988371006e+00 0.000000000000000000e+00
1.652850980628395661e+01 4.119492116510115487e+00 0.000000000000000000e+00
-9.552872941432362097e+00 -5.470212380483349790e+00 0.000000000000000000e+00
-3.437441377672096898e+00 1.145978488689799946e+01 0.000000000000000000e+00
-7.978000687886274811e+00 1.129728959103525376e+01 0.000000000000000000e+00
9.426335553020427582e+00 5.945055645602024263e+00 0.000000000000000000e+00
-1.892102093607119506e-01 -1.265416701612158157e+01 0.000000000000000000e+00
-1.240771769603453301e+01 3.697848376194443620e+00 0.000000000000000000e+00
-8.152785888304011408e+00 -1.544629646406362333e+01 0.000000000000000000e+00
4.081737343789210826e+00 -1.289360208160757537e+01 0.000000000000000000e+00
8.275825911754649766e+00 -1.419573145342857146e+01 0.000000000000000000e+00
9.607164786737364182e+00 -4.787960048973393334e+00 0.000000000000000000e+00
1.710697515837552141e+00 1.008613222266136411e+01 0.000000000000000000e+00
8.042275887572785109e+00 -1.245398939308239505e+01 0.000000000000000000e+00
9.722800865881108479e+00 -1.126011072340985031e+01 0.000000000000000000e+00
4.912090678310873315e+00 1.284246913715347382e+01 0.000000000000000000e+00
-1.444325775546844159e+00 1.631323281277063586e+01 0.000000000000000000e+00
-4.982939671447912389e+00 -9.366373100402041629e+00 0.000000000000000000e+00
1.545627800621704928e+01 5.276948320167379691e+00 0.000000000000000000e+00
-6.977082103046480244e-01 6.692161194489159026e-01 0.000000000000000000e+00
-9.322284765953394725e+00 8.087756065159267038e+00 0.000000000000000000e+00
1.346733042102212252e+01 -5.518929675646219835e+00 0.000000000000000000e+00
8.771293622037187987e+00 -7.950598168828636680e+00 0.000000000000000000e+00
-1.122348979431981952e+01 -5.690629093121111204e+00 0.000000000000000000e+00
4.847508314124616469e+00 -1.776692090257787182e+00 0.000000000000000000e+00
-7.416576671463294801e+00 6.359243646997010835e+00 0.000000000000000000e+00
-5.007753974609564729e+00 9.888917985228832919e+00 0.000000000000000000e+00
-4.674494389741211897e+00 -1.164972531575301318e+01 0.000000000000000000e+00
1.320038267564637824e+00 1.178982969210349552e+01 0.000000000000000000e+00
4.629346351030651618e+00 1.607608022643763457e+00 0.000000000000000000e+00
1.137537688954137760e+00 -1.364638912997041587e+01 0.000000000000000000e+00
-1.587911252796157413e+01 4.497048492505616224e+00 0.000000000000000000e+00
7.381898652410857409e+00 9.279011238678954498e+00 0.000000000000000000e+00
-1.063957529331067597e+01 4.194446852175319762e+00 0.000000000000000000e+00
-6.433228443858014955e+00 4.431011486724004023e+00 0.000000000000000000e+00
5.030730136617624915e+00 -1.406009943317455146e+01 0.000000000000000000e+00
1.372663613934389204e+01 5.172173903361240832e+00 0.000000000000000000e+00
-2.306345374025628558e+00 -8.813307897647622013e+00 0.000000000000000000e+00
-1.120403404506921419e+01 1.219698694561344077e+01 0.000000000000000000e+00
-6.272946398646090937e-01 -8.404447033963775127e+00 0.000000000000000000e+00
-1.375914833144130256e+01 5.045352677836410393e+00 0.000000000000000000e+00
-2.542231719576216520e+00 8.545130304241959962e+00 0.000000000000000000e+00
-3.610355442525841507e+00 2.659301218773425290e+00 0.000000000000000000e+00
-6.039696897563896272e+00 3.516507630844082355e-01 0.000000000000000000e+00
2.994649980748750551e+00 -1.596615867205572359e+00 0.000000000000000000e+00
1.039965607975769046e+01 1.153498614913082854e+01 0.000000000000000000e+00
-1.051304537728361588e+01 1.007764754585861944e+01 0.000000000000000000e+00
-6.040389819489702994e+00 1.587326403596295243e+01 0.000000000000000000e+00
-1.407388042159321451e+00 7.390792214285556661e+00 0.000000000000000000e+00
-4.496685430440938269e+00 6.034863697539296190e+00 0.000000000000000000e+00
1.607540114276797638e+01 2.997867836312247958e-01 0.000000000000000000e+00
2.041065410700822758e-01 1.707709541317112567e+01 0.000000000000000000e+00
6.391718071111476718e+00 1.330618071894374133e+01 0.000000000000000000e+00
6.766737039872727344e+00 -1.110861824170883594e+01 0.000000000000000000e+00
6.672019289571461398e-01 -1.064976019687942532e+01 0.000000000000000000e+00
4.722835457638772105e+00 -8.555423730766586132e+00 0.000000000000000000e+00
-9.707289333682918908e+00 -3.625402196285230527e+00 0.000000000000000000e+00
-9.439567061656463309e+00 -4.843644356184718114e-01 0.000000000000000000e+00
-1.461691786677437932e+01 9.546503254582569653e+00 0.000000000000000000e+00
-1.027383712733201371e+01 -7.846765263104551913e+00 0.000000000000000000e+00
1.112080657816241214e+00 7.813422825463177901e+00 0.000000000000000000e+00
-1.309208531745260018e+01 -1.473918995082180716e-01 0.000000000000000000e+00
7.236289846673916948e+00 1.546738018504449386e+01 0.000000000000000000e+00
1.299518210085680137e+00 5.986421607980167536e+00 0.000000000000000000e+00
-3.434118086978365375e-02 4.949700652401180179e+00 0.000000000000000000e+00
-4.036083668681550662e+00 8.203983929509039541e+00 0.000000000000000000e+00
-1.421554110866808074e+01 -9.949700607825151977e+00 0.000000000000000000e+00
5.996230222003324783e+00 -5.212723218318385143e+00 0.000000000000000000e+00
-1.231247310777136228e+01 -1.175264248558261215e+01 0.000000000000000000e+00
-1.193310873547870621e+01 -1.525089386584959739e+00 0.000000000000000000e+00
1.118885634760651016e+01 -4.985404378097028300e+00 0.000000000000000000e+00
-6.593696210231969168e+00 -1.594352389405282366e+01 0.000000000000000000e+00
9.212256649226612026e+00 -1.643748430268004990e-01 0.000000000000000000e+00
8.745956313460892417e+00 1.489846722206222118e+01 0.000000000000000000e+00
7.888014176651769738e+00 -5.925744473450551553e+00 0.000000000000000000e+00
-1.196653614279607591e+00 -4.179129905772985154e+00 0.000000000000000000e+00
-1.803574707705376978e+00 -1.347871065353053233e+01 0.000000000000000000e+00
-2.701301682454040343e+00 -1.538633703830500998e+01 0.000000000000000000e+00
-3.036813164456170444e+00 1.663609877850150554e+01 0.000000000000000000e+00
-1.898027114444080996e-02 1.550375214623963238e+01 0.000000000000000000e+00
1.052895066398171764e+01 -8.364142140485533616e+00 0.000000000000000000e+00
-1.315370722251927305e+01 2.202306043258956514e+00 0.000000000000000000e+00
1.519669101622666219e+00 -1.892588978025100621e+00 0.000000000000000000e+00
9.486879982987119320e+00 9.385967398821595253e+00 0.000000000000000000e+00
-1.697435991232050156e+01 -3.407831705576784387e+00 0.000000000000000000e+00
1.225382439905261833e+01 -1.236263605939898724e+01 0.000000000000000000e+00
-4.684155440218526145e+00 1.658363077068258917e+01 0.000000000000000000e+00
1.472239674104202223e+01 3.138157336627490412e+00 0.000000000000000000e+00
-1.530502565301769913e+01 7.948436155020907279e+00 0.000000000000000000e+00
1.068079767843406813e+01 2.522726627619050088e+00 0.000000000000000000e+00
1.262092641170636753e+01 7.646151640260598015e+00 0.000000000000000000e+00
-3.179339538580238322e+00 -1.417642623528263757e+00 0.000000000000000000e+00
5.255957958488790993e+00 -1.599773230738488650e+01 0.000000000000000000e+00
