6.460835001568667302e+00 -6.692433271396401873e-01 0.000000000000000000e+00
-5.397602926325737016e+00 1.409739587620175172e+01 0.000000000000000000e+00
1.127465907563128811e-01 -1.784937742209189793e+01 0.000000000000000000e+00
8.124374595993142378e+00 8.142101064824307954e+00 0.000000000000000000e+00
-5.524582178628980600e+00 -2.325973574572699931e+00 0.000000000000000000e+00
6.272754245875100665e+00 1.705388652730573495e+00 0.000000000000000000e+00
-7.184840887039395163e+00 -1.081753191219320698e+01 0.000000000000000000e+00
-8.625217261180694095e+00 1.402195014795337435e+01 0.000000000000000000e+00
-1.656762283264785296e+01 -5.387507106844701354e+00 0.000000000000000000e+00
-1.583202982640189127e+01 6.417036947356900001e-01 0.000000000000000000e+00
-7.336531591893308502e+00 -1.443469345741478982e+01 0.000000000000000000e+00
4.829603640478328686e+00 -9.050300913191792418e+00 0.000000000000000000e+00
-9.241699748125343561e+00 -7.656513352642702941e+00 0.000000000000000000e+00
1.098162613381781405e+01 5.087270559520275626e+00 0.000000000000000000e+00
-9.317359599615770094e+00 -2.930032814784533368e+00 0.000000000000000000e+00
-7.201690127018619769e+00 1.168271634749880050e+01 0.000000000000000000e+00
7.734109921009959088e+00 -1.677460630312914702e+01 0.000000000000000000e+00
-7.305213621278631386e+00 -1.893874006070762173e+00 0.000000000000000000e+00
-2.343495992123557414e+00 1.193609682747132439e+01 0.000000000000000000e+00
1.697439130333812685e+01 8.225676632000087807e+00 0.000000000000000000e+00
6.001726241028348063e+00 1.140871321401429306e+01 0.000000000000000000e+00
-1.453890377010939083e+01 1.010064943998082398e+01 0.000000000000000000e+00
-3.010294587261131305e+00 -1.359964926623826464e+01 0.000000000000000000e+00
1.017677741279545423e+01 1.392639825247924179e+01 0.000000000000000000e+00
1.429053738737295731e+01 1.399389966853138656e+00 0.000000000000000000e+00
1.835952210864010681e+01 -9.310288279955604152e-01 0.000000000000000000e+00
1.293612075713900644e+01 2.709593712335114923e-01 0.000000000000000000e+00
1.465916866735825685e+01 -1.131425033112084932e+01 0.000000000000000000e+00
-1.166865751146398900e+00 -3.230234801695005320e+00 0.000000000000000000e+00
3.151902473743538824e+00 -1.007122550117313864e+01 0.000000000000000000e+00
-2.780205326177425551e+00 -9.614215281903081944e+00 0.000000000000000000e+00
2.801161881181295055e+00 -7.419799750107484160e-01 0.000000000000000000e+00
-1.084859012569209824e+01 -4.311654065919200640e+00 0.000000000000000000e+00
-6.575751108235107445e+00 -6.501306571029974002e+00 0.000000000000000000e+00
5.908077841290780619e+00 8.085495977223951414e+00 0.000000000000000000e+00
-1.723527631103705460e+01 2.444658472471680888e+00 0.000000000000000000e+00
7.215658505776895382e+00 3.382066946385279937e+00 0.000000000000000000e+00
1.733191793795422697e+01 -5.815164361868640164e+00 0.000000000000000000e+00
1.105377349827151967e+01 -7.860373118130905112e+00 0.000000000000000000e+00
6.074163574978730828e+00 1.419274766418897471e+01 0.000000000000000000e+00
5.922181539295149122e+00 -1.058995246726613004e+01 0.000000000000000000e+00
9.074765540065333758e-01 -6.387069666320366323e+00 0.000000000000000000e+00
-1.092912693135480673e+01 6.135384481367885279e+00 0.000000000000000000e+00
-1.160217592911284790e+01 3.847864554647134838e+00 0.000000000000000000e+00
1.088307080873502919e+01 -1.516143394219652052e+01 0.000000000000000000e+00
1.458391689043654793e+00 -3.223748058175701647e+00 0.000000000000000000e+00
-1.694757515404021220e+01 -8.102200503454408675e+00 0.000000000000000000e+00
-1.485824206325255226e+01 -5.743159460290324425e+00 0.000000000000000000e+00
-1.952796087279432102e+00 -1.576578127847341193e+01 0.000000000000000000e+00
-5.034672993590290524e+00 1.876270570851584774e+00 0.000000000000000000e+00
2.808679132782128551e+00 1.739221642226669218e+01 0.000000000000000000e+00
8.316276396633220935e-01 3.091270272049142509e+00 0.000000000000000000e+00
-5.236647686362903897e+00 -1.240793985155413104e+01 0.000000000000000000e+00
9.557707563679789686e+00 1.582399879630020223e+01 0.000000000000000000e+00
-3.002626579477389868e+00 -1.152362993080404152e+01 0.000000000000000000e+00
-1.821442572844216201e+01 6.234890931487435672e-01 0.000000000000000000e+00
1.779618302646797190e+01 -3.903989453483805327e+00 0.000000000000000000e+00
-4.378616662090660583e+00 1.607593758607640311e+01 0.000000000000000000e+00
7.954688942009308761e+00 -4.463493201634203267e+00 0.000000000000000000e+00
-2.327363603648310575e-01 1.252951332895005976e+01 0.000000000000000000e+00
-1.307462973271501028e+01 -6.499993397477319412e-01 0.000000000000000000e+00
-7.011126724903635754e-01 6.514715841740400748e+00 0.000000000000000000e+00
1.121889287525106660e+01 9.421387294386704525e+00 0.000000000000000000e+00
1.354853149937747858e+01 -1.275461833475526596e+01 0.000000000000000000e+00
9.735455230946207905e+00 -3.904275973415925804e+00 0.000000000000000000e+00
-8.755884863479739266e+00 3.548969005436215518e+00 0.000000000000000000e+00
1.675143277088470128e+01 -1.722441674032295866e+00 0.000000000000000000e+00
-4.705646514152901361e-01 1.156615939412235727e+00 0.000000000000000000e+00
-2.871604664921312833e-01 -1.060164415772336355e+01 0.000000000000000000e+00
-5.510714063973058963e+00 4.087615545557800267e+00 0.000000000000000000e+00
9.616810194232982667e+00 -1.385812482655773969e+01 0.000000000000000000e+00
7.719159055045681228e+00 6.416318900657560498e+00 0.000000000000000000e+00
-7.038799334001246244e+00 1.232393886636187430e+00 0.000000000000000000e+00
-3.878316983035244636e+00 -1.678569349775023767e+01 0.000000000000000000e+00
7.638213195350985529e+00 1.547895930204045989e+01 0.000000000000000000e+00
1.471190108066846491e+01 -1.347099087467598100e+00 0.000000000000000000e+00
2.415039982909730654e+00 6.509285472180046384e+00 0.000000000000000000e+00
-2.940709443669605738e-01 -1.610006936204349870e+01 0.000000000000000000e+00
-6.753213651607717694e+00 5.490370967237801381e+00 0.000000000000000000e+00
3.547766877711716393e+00 -1.271722216386516813e+01 0.000000000000000000e+00
-7.360388104324098180e+00 1.514829752991498424e+01 0.000000000000000000e+00
1.482337548688752227e+00 9.247144994350055214e+00 0.000000000000000000e+00
1.278662765606576102e+01 -2.854236787230841621e+00 0.000000000000000000e+00
-2.217559099902458308e-01 1.808489333417412936e+01 0.000000000000000000e+00
1.393992162553922576e+01 -6.161567644805638899e+00 0.000000000000000000e+00
-1.241776245002312429e+01 1.422078188641458141e+01 0.000000000000000000e+00
1.206220468105742682e+01 2.736454091606809413e+00 0.000000000000000000e+00
-3.563877168477866508e+00 3.955574923761832284e+00 0.000000000000000000e+00
-3.637809511871435753e+00 -6.447801763691316523e+00 0.000000000000000000e+00
1.191279126850656667e+01 -5.012594849042806722e+00 0.000000000000000000e+00
-1.178500899245490618e+00 -1.355050697582196761e+01 0.000000000000000000e+00
-1.067053715506638234e+01 1.208856227282567630e+01 0.000000000000000000e+00
-1.456736021858355912e+01 2.561201377230734710e+00 0.000000000000000000e+00
-3.518599067411125159e+00 1.278820054932708061e-01 0.000000000000000000e+00
-9.037350957459031164e+00 -1.070910826455860665e+01 0.000000000000000000e+00
-1.251701064565264865e+00 -6.734372623301788430e+00 0.000000000000000000e+00
-2.851592186191885148e+00 7.767456665573346797e+00 0.000000000000000000e+00
4.118399278543811270e+00 -6.233908046962223004e+00 0.000000000000000000e+00
-3.842095744269003799e+00 8.941919024064629795e+00 0.000000000000000000e+00
-4.822968616464010871e+00 6.837537879466066393e+00 0.000000000000000000e+00
-5.879049340941664425e+00 1.723231507346835167e-01 0.000000000000000000e+00
6.328695894061911353e+00 -7.393758522709371839e+00 0.000000000000000000e+00
-1.336957816450071945e+01 6.076537204777355150e+00 0.000000000000000000e+00
-5.913313882977032421e+00 1.054277751010266151e+01 0.000000000000000000e+00
1.161680162087029622e+01 1.106256758974164711e+01 0.000000000000000000e+00
-9.444959325163871711e+00 9.191923928732800064e+00 0.000000000000000000e+00
-4.163388257763992684e+00 1.323189738200378152e+01 0.000000000000000000e+00
-6.913563248803489714e+00 -1.734954605111786918e+01 0.000000000000000000e+00
-1.389737617279472914e+01 -1.088031605469304175e+01 0.000000000000000000e+00
-1.595980754671560753e+01 -1.251819627781701971e+00 0.000000000000000000e+00
-1.256526347646713226e+01 -2.300031761607320036e+00 0.000000000000000000e+00
-1.806413710572385867e+01 -2.217045538001855221e+00 0.000000000000000000e+00
-1.170156415968992292e+01 7.775654647118091845e+00 0.000000000000000000e+00
1.200504026293386239e+01 -1.348569072678771796e+01 0.000000000000000000e+00
8.874493167039730679e+00 -1.100141355442933389e+01 0.000000000000000000e+00
6.607655865373428306e+00 -2.860332444631658255e+00 0.000000000000000000e+00
-8.898923779051614247e+00 -1.521608619720052680e+01 0.000000000000000000e+00
-2.757513999754803269e+00 1.714908939003744948e+01 0.000000000000000000e+00
-1.647139924017410095e+01 4.033068183984521937e+00 0.000000000000000000e+00
-2.695928412702742083e+00 -1.623987120913764626e+00 0.000000000000000000e+00
1.057143491492237297e+00 1.485694073643861302e+01 0.000000000000000000e+00
1.257268443151082593e+01 7.300018842852200152e+00 0.000000000000000000e+00
-1.769272515683443237e+00 2.669497898747753339e+00 0.000000000000000000e+00
-9.394616936842391297e+00 1.571333371127731837e+01 0.000000000000000000e+00
1.020803341540771925e+01 -1.025360766666198842e+01 0.000000000000000000e+00
-2.322013519592941222e+00 5.481658879065101964e+00 0.000000000000000000e+00
7.608152475859538022e+00 1.329507100407672127e+01 0.000000000000000000e+00
-4.939295650591127185e+00 -7.820272836843940034e+00 0.000000000000000000e+00
2.481493752521998442e+00 -1.848565032889321458e+01 0.000000000000000000e+00
1.545532713877625586e+00 -1.512223272619348258e+01 0.000000000000000000e+00
-1.541784709335590975e+01 5.698063432789035154e+00 0.000000000000000000e+00
-4.221082232225950470e+00 -1.531631332039598092e+01 0.000000000000000000e+00
8.797748188238442069e+00 -9.355741695518664969e+00 0.000000000000000000e+00
6.287491074892892939e+00 1.777967413577659528e+01 0.000000000000000000e+00
1.898204003396045669e+00 1.293239360481409861e+01 0.000000000000000000e+00
5.363350783926427390e+00 -1.215298831009701708e+01 0.000000000000000000e+00
4.543466661054146094e+00 1.629178016127453787e+01 0.000000000000000000e+00
1.102958006221020248e+01 1.538590462448346052e+01 0.000000000000000000e+00
5.489938457305386654e-01 1.073480166829779847e+01 0.000000000000000000e+00
3.297734956379316795e+00 -2.852139226715175724e+00 0.000000000000000000e+00
-9.002489657141241608e-01 1.398769023915188470e+01 0.000000000000000000e+00
1.783025206461058332e+01 6.285446243157593926e+00 0.000000000000000000e+00
-1.279862954284489085e+01 9.626488513686300763e+00 0.000000000000000000e+00
7.613138866241615510e+00 9.748100241883259187e+00 0.000000000000000000e+00
2.614494904756217708e-01 8.121464837431988215e+00 0.000000000000000000e+00
-6.014812175501852209e+00 1.792225377922760288e+01 0.000000000000000000e+00
-1.544735483591804304e+01 -9.435468573177500318e+00 0.000000000000000000e+00
3.542792829183032399e+00 -1.611933920206276483e+01 0.000000000000000000e+00
1.259566425957221680e+00 -1.179610119838833171e+01 0.000000000000000000e+00
1.112510052595708210e+01 8.405077201244408602e-01 0.000000000000000000e+00
1.502324034123453167e+01 -4.147625097330496224e+00 0.000000000000000000e+00
2.264290380248887846e+00 -5.599298172683370822e+00 0.000000000000000000e+00
1.425849004541048082e+01 -8.999899005442319577e+00 0.000000000000000000e+00
7.239999416359284012e+00 -1.413314361501734950e+01 0.000000000000000000e+00
1.637553577464338517e+01 3.443563191225547104e+00 0.000000000000000000e+00
6.087382142950173325e+00 -1.555245853242625564e+01 0.000000000000000000e+00
1.684090031686350386e+01 -8.669937394659116947e+00 0.000000000000000000e+00
9.786150871172408117e+00 1.146815863629126575e+01 0.000000000000000000e+00
1.440476346709069411e+01 6.067943677830404781e+00 0.000000000000000000e+00
6.363410128522123621e+00 -1.754035182992314645e+01 0.000000000000000000e+00
-7.439216943646830948e+00 9.826548714076112745e+00 0.000000000000000000e+00
1.336316414708475975e+01 -4.555234086487221390e+00 0.000000000000000000e+00
-1.655334351242368029e+01 7.677687398496146898e+00 0.000000000000000000e+00
-9.671852858689154786e+00 1.090229270558944386e+01 0.000000000000000000e+00
8.107424248309250459e+00 -6.509233512324871462e+00 0.000000000000000000e+00
-1.409000787771208429e+01 -1.830000996944017633e+00 0.000000000000000000e+00
-1.245642609686440361e+00 1.000703065771412881e+01 0.000000000000000000e+00
4.725622801347594937e+00 -7.316596465511742142e-01 0.000000000000000000e+00
-1.247129174157651832e+01 1.686114889796635596e+00 0.000000000000000000e+00
-1.274070015599539474e+01 -1.388550084424138475e+01 0.000000000000000000e+00
1.473098610792889573e+01 1.027647758514934395e+01 0.000000000000000000e+00
1.011869136452876283e+01 -1.223786698678662077e+01 0.000000000000000000e+00
1.154333221655877040e+01 -1.604089820834709856e+00 0.000000000000000000e+00
-6.213503289872894797e+00 -9.441187961527981898e+00 0.000000000000000000e+00
1.430837642272968679e+01 3.097029996982317623e+00 0.000000000000000000e+00
6.816813378378164812e-01 -1.387478709490062379e+01 0.000000000000000000e+00
1.005418131681363292e+01 -2.341800637752432745e+00 0.000000000000000000e+00
-2.797863308347010025e-01 -1.227323495188946723e+01 0.000000000000000000e+00
-9.286854472095090074e+00 -4.491458297835758451e+00 0.000000000000000000e+00
3.498271065298530047e+00 4.398029812743146749e+00 0.000000000000000000e+00
-8.311461323464762074e+00 8.074198192734325374e+00 0.000000000000000000e+00
-9.334186180240632069e+00 -1.356099279286730841e+01 0.000000000000000000e+00
2.936947823478266439e+00 2.142907184915068264e+00 0.000000000000000000e+00
3.895325462945308015e+00 1.401238612528924854e+01 0.000000000000000000e+00
4.217315659587140608e+00 6.996856538623907440e+00 0.000000000000000000e+00
4.888540532117661819e+00 9.225339883451148637e+00 0.000000000000000000e+00
1.628104411786234706e+01 6.852034818674132666e+00 0.000000000000000000e+00
-7.050142964902556209e+00 -8.195325549842225499e+00 0.000000000000000000e+00
-1.043811701824201421e+01 1.442172398126720978e+01 0.000000000000000000e+00
8.313943021542289813e+00 1.696545778854893527e+01 0.000000000000000000e+00
9.608691959176237418e+00 8.634962715572729763e+00 0.000000000000000000e+00
-1.193365906724438830e+01 -1.177170964644536788e+01 0.000000000000000000e+00
1.505564756909611646e+01 8.251404304698793268e+00 0.000000000000000000e+00
-9.265211752284464808e+00 5.350770914244751708e+00 0.000000000000000000e+00
-2.172473548303238022e+00 -5.334442482671843955e+00 0.000000000000000000e+00
8.064675266168180201e+00 4.911134521036348843e+00 0.000000000000000000e+00
-3.633979940545192040e-04 -7.604048681920377639e+00 0.000000000000000000e+00
-2.558548339147081574e+00 1.375544341107294244e+01 0.000000000000000000e+00
-6.572380422806492817e+00 -3.942730122886906052e+00 0.000000000000000000e+00
1.324497243679905978e+01 1.169141520920656596e+01 0.000000000000000000e+00
-2.210793911008988477e+00 -1.741550355156649488e+01 0.000000000000000000e+00
-7.913833774743757488e+00 -1.390530741037111218e-01 0.000000000000000000e+00
-1.054953302977525809e+01 -1.012833970041876697e+01 0.000000000000000000e+00
-1.236576064308983014e+01 -8.800887990787819248e+00 0.000000000000000000e+00
1.183906684336926496e+01 1.309317421119903457e+01 0.000000000000000000e+00
-1.351489472754380827e+01 -1.251291018668452892e+01 0.000000000000000000e+00
9.240054583905102703e+00 3.863900865760432790e+00 0.000000000000000000e+00
-8.837177143974791704e+00 -6.170620153061622482e+00 0.000000000000000000e+00
6.182074164392761695e+00 5.071704672944011172e+00 0.000000000000000000e+00
2.863629474238514216e+00 1.128427032461804558e+01 0.000000000000000000e+00
-1.403946007338211954e+00 -1.375998095148032729e-01 0.000000000000000000e+00
1.622882208356731937e+01 9.527370975922410778e+00 0.000000000000000000e+00
-1.788198524647248533e+01 5.394874599327297737e+00 0.000000000000000000e+00
1.606764496192666059e+01 1.681973698917942572e+00 0.000000000000000000e+00
1.835741088722782166e+01 3.844669689288352732e+00 0.000000000000000000e+00
1.299410291219050428e+01 4.907203837209149988e+00 0.000000000000000000e+00
1.599683088489100946e+01 5.131252965175147729e+00 0.000000000000000000e+00
-1.350508176423989504e+01 1.182378305360307280e+01 0.000000000000000000e+00
4.863780018971279873e+00 -1.709906606728191747e+01 0.000000000000000000e+00
1.071034349418940579e+01 7.398115645188738654e+00 0.000000000000000000e+00
-8.137989155256857288e+00 -1.221303600928554545e+01 0.000000000000000000e+00
-1.360849494508336655e+01 3.997995804428974509e+00 0.000000000000000000e+00
1.821439117228080562e+01 7.501546688072184832e-01 0.000000000000000000e+00
9.301941047725167167e+00 2.671305242612032060e-01 0.000000000000000000e+00
1.272895888018798338e+01 -8.306313339297588527e+00 0.000000000000000000e+00
9.689281231080158818e+00 -6.228611969529377568e+00 0.000000000000000000e+00
-1.081982085073127742e+01 -7.268058753957497009e-01 0.000000000000000000e+00
7.423365956081448225e+00 -1.251933037252511305e+01 0.000000000000000000e+00
-1.886851918953584217e+01 2.034516610828687178e+00 0.000000000000000000e+00
1.212593489095693755e+00 9.558453034754158528e-01 0.000000000000000000e+00
4.230700050172467641e+00 -4.692362567659931649e+00 0.000000000000000000e+00
-1.267378832452671800e+00 1.550695663951291969e+01 0.000000000000000000e+00
1.178967778924975285e+01 -9.912630964107838949e+00 0.000000000000000000e+00
-4.820523113569580076e+00 -4.386467784949744875e+00 0.000000000000000000e+00
4.433889937429227324e+00 1.092277170221236915e+01 0.000000000000000000e+00
1.587129253475702839e+01 -6.969969330921389705e+00 0.000000000000000000e+00
-9.437815730923885482e+00 6.619125426913583521e-01 0.000000000000000000e+00
-1.660245750520332919e+01 -3.117225289825566570e+00 0.000000000000000000e+00
4.117193937217150435e+00 1.847324843948673134e+01 0.000000000000000000e+00
-1.854939316535598692e+01 -3.715324460528079076e+00 0.000000000000000000e+00
-1.341150265128962182e+01 -4.388548367304348830e+00 0.000000000000000000e+00
-8.686042475000578023e+00 1.238144866710610081e+01 0.000000000000000000e+00
-1.045230869068103097e+01 -1.514721645602883449e+01 0.000000000000000000e+00
1.847772462753317635e+00 -8.948474354289777111e+00 0.000000000000000000e+00
-1.399944027115162370e+01 -7.595904460074592635e+00 0.000000000000000000e+00
1.182750122000544524e+00 -1.487811237401647668e+00 0.000000000000000000e+00
4.639030443968851891e+00 5.456971568231186787e+00 0.000000000000000000e+00
4.275135713551968253e-02 1.645113396827734320e+01 0.000000000000000000e+00
-7.252360570674913021e+00 3.900180113755644662e+00 0.000000000000000000e+00
1.805905557488449276e+00 4.255176885388440411e+00 0.000000000000000000e+00
-1.246503049313255040e+01 -6.246051424736680957e+00 0.000000000000000000e+00
6.986234602158232221e-01 5.345846077035883326e+00 0.000000000000000000e+00
-1.036076394935736822e+01 -1.192126341870333484e+01 0.000000000000000000e+00
4.929284259746149033e+00 -2.796196247114991706e+00 0.000000000000000000e+00
-1.051421497745006484e+01 2.361071275465553398e+00 0.000000000000000000e+00
-3.044434669206180111e+00 -7.832368641361704853e+00 0.000000000000000000e+00
