-3.619574376978512920e+00 7.205501114577645083e+00 0.000000000000000000e+00
5.741756878677890086e+00 7.053781420809240643e+00 0.000000000000000000e+00
8.982412499869637301e+00 9.272876851294372003e+00 0.000000000000000000e+00
-1.003258719491457462e+01 -6.167638530270531660e+00 0.000000000000000000e+00
1.414773439838021929e+01 -6.574945984726326742e+00 0.000000000000000000e+00
-1.200557517426509158e+01 -8.223170609527578279e+00 0.000000000000000000e+00
-9.029132083014522081e+00 4.814722954718213543e+00 0.000000000000000000e+00
1.484933973918830574e+01 -1.393817492572598349e+00 0.000000000000000000e+00
-7.366078488620050102e+00 1.381932534579831895e+01 0.000000000000000000e+00
-8.387580001379024708e+00 -1.022310763250720278e+01 0.000000000000000000e+00
-9.375423800777248573e+00 1.644879685980962591e+01 0.000000000000000000e+00
-1.304572319614505460e+01 -1.235968345553129666e+01 0.000000000000000000e+00
1.302345318265209784e+01 -9.670390114661980618e+00 0.000000000000000000e+00
-7.380534312312992284e+00 1.146436373652081109e+01 0.000000000000000000e+00
1.222950230659288273e+01 1.306568730822978175e+01 0.000000000000000000e+00
-1.621378071709609259e+01 6.202004407003105513e+00 0.000000000000000000e+00
-1.478650954851109489e+01 1.084375739466184640e+01 0.000000000000000000e+00
7.669352240982668434e+00 -1.190695452548897393e+01 0.000000000000000000e+00
-9.672364317568691305e-01 -6.793089151570512740e+00 0.000000000000000000e+00
5.771154337916704069e-01 -1.424912769974160476e+01 0.000000000000000000e+00
-1.252508260744513713e+01 -1.401579723884821682e+01 0.000000000000000000e+00
-5.821963079484431702e+00 -1.511477489015033626e+01 0.000000000000000000e+00
1.817737088573405213e+00 1.261406094419787571e+01 0.000000000000000000e+00
1.403831475974784082e+00 -1.718584761690075169e+01 0.000000000000000000e+00
1.183587610812682200e+01 -5.445452750020004729e+00 0.000000000000000000e+00
1.385302254956970813e+01 9.228047868677084153e+00 0.000000000000000000e+00
-5.236917738833268832e-01 9.347912200936509208e+00 0.000000000000000000e+00
3.892410796896047520e-01 -1.259873846243648643e+01 0.000000000000000000e+00
-4.140590208188516641e+00 -5.298630324958264026e+00 0.000000000000000000e+00
-6.909925440845438693e+00 4.113946255237406646e+00 0.000000000000000000e+00
4.837462658629724466e+00 -1.330957756794522773e+01 0.000000000000000000e+00
1.428997329273640204e+01 6.691145318140718778e+00 0.000000000000000000e+00
-3.301524155808698069e+00 1.805336141016020690e+01 0.000000000000000000e+00
-6.087307664868320256e-02 -1.102375132644458766e+01 0.000000000000000000e+00
-2.580307869238145368e+00 -1.763311938466370066e+01 0.000000000000000000e+00
1.133457009445704422e+01 1.079948484051508473e+01 0.000000000000000000e+00
1.771694774676744633e+00 6.972702550644521935e+00 0.000000000000000000e+00
3.487771132091584292e+00 1.093809040047410619e+01 0.000000000000000000e+00
-4.410788817423510366e+00 1.689452894671677541e+01 0.000000000000000000e+00
-1.501609763638879080e+01 -1.097679353109816525e+01 0.000000000000000000e+00
1.241735069845700501e+01 -2.312782037083566333e+00 0.000000000000000000e+00
6.849425983183596855e+00 5.527636808759638143e+00 0.000000000000000000e+00
-7.969648021687916195e-01 1.749498383409208913e+01 0.000000000000000000e+00
-1.883015864505592774e+01 -2.238137297280969218e+00 0.000000000000000000e+00
2.782918415445008176e+00 -7.056233806650897833e+00 0.000000000000000000e+00
1.779739243103502488e+01 -3.836600960143357053e+00 0.000000000000000000e+00
6.803874758704915315e+00 -2.943047129004670470e+00 0.000000000000000000e+00
6.612503117144224341e+00 -1.545386754243740768e+01 0.000000000000000000e+00
7.718412806790639458e+00 -5.973509786509374919e+00 0.000000000000000000e+00
-1.829242740004485501e+00 1.428771667793937361e+01 0.000000000000000000e+00
-1.702929963832848514e+01 -3.777568132562852288e+00 0.000000000000000000e+00
-1.455987797032699937e+01 2.160927063193009978e+00 0.000000000000000000e+00
-6.891345330718131601e-01 -6.448269181002421781e-03 0.000000000000000000e+00
-5.770934657740029117e+00 1.057426239808753055e+00 0.000000000000000000e+00
-1.458990488392937124e+01 -4.435685719743386990e+00 0.000000000000000000e+00
1.471109373465772130e+01 7.498774992781576110e-01 0.000000000000000000e+00
-3.219819589201827092e+00 -1.571733446697342984e+01 0.000000000000000000e+00
9.817517699134258535e+00 3.555871013865411712e+00 0.000000000000000000e+00
-5.492137408897601603e+00 1.461363778458122376e+01 0.000000000000000000e+00
-5.439590615586159750e+00 1.019406745304225836e+01 0.000000000000000000e+00
-9.788209543201718432e+00 -1.273768491578179862e+01 0.000000000000000000e+00
9.069026785915394129e+00 7.513782934109849876e+00 0.000000000000000000e+00
1.121055440947654525e+01 9.039070378858244936e+00 0.000000000000000000e+00
2.673588898803121339e+00 -1.844585295134854164e+01 0.000000000000000000e+00
-3.461826898384420481e+00 3.295523286733490487e+00 0.000000000000000000e+00
-1.173268816237347956e+01 -6.281385786351769696e+00 0.000000000000000000e+00
2.766452207364593074e-01 1.397961072716982756e+01 0.000000000000000000e+00
1.174280489793873805e+01 -1.437246244916727989e+01 0.000000000000000000e+00
1.419435673302054823e+01 3.734435505711610315e+00 0.000000000000000000e+00
-6.720633726137975827e+00 -1.976972823120592082e+00 0.000000000000000000e+00
-7.441723992189653636e+00 8.485163504323708139e+00 0.000000000000000000e+00
3.213672054084909302e+00 -1.669320131471477353e+01 0.000000000000000000e+00
-2.960666523341299872e+00 1.406497119519813044e+00 0.000000000000000000e+00
-1.638312623917572708e+01 -8.316416352604642626e+00 0.000000000000000000e+00
2.654057640300547583e+00 -1.447694355809185929e+01 0.000000000000000000e+00
1.235398847538963274e+01 6.128329923252510802e+00 0.000000000000000000e+00
7.134911140439071708e+00 1.064839932774817122e+01 0.000000000000000000e+00
8.031064948393265013e+00 1.358437703208828395e+01 0.000000000000000000e+00
2.040808549823554419e+00 2.555837730143356801e+00 0.000000000000000000e+00
3.950770852331914718e+00 1.116400080113640447e+00 0.000000000000000000e+00
-5.263062318694003316e+00 7.910374389156141106e+00 0.000000000000000000e+00
4.362589158822219204e+00 -9.076626943328346186e+00 0.000000000000000000e+00
-1.381638351338018111e+01 -2.311370985574376036e+00 0.000000000000000000e+00
-1.430752037136578991e+01 -6.777547672824706382e+00 0.000000000000000000e+00
-4.669179151133127981e+00 -1.678852623782992737e+01 0.000000000000000000e+00
2.834193265717040333e+00 1.691034489083133963e+01 0.000000000000000000e+00
-8.921841798299194437e+00 -8.228955209686406036e+00 0.000000000000000000e+00
1.154853554110648339e+01 -3.959050753423992930e+00 0.000000000000000000e+00
1.310432301334217620e+00 3.886900752158848338e+00 0.000000000000000000e+00
2.489346729358702159e+00 -1.287250116090968177e+00 0.000000000000000000e+00
1.680170052829170757e+01 -8.310850177761084367e+00 0.000000000000000000e+00
-1.059188804187647648e+01 1.462040592223139157e+01 0.000000000000000000e+00
1.124911431822815189e+01 -1.220233597510475221e+01 0.000000000000000000e+00
8.741162117751178684e+00 -1.452313580496102041e+01 0.000000000000000000e+00
-1.446738444982479344e+01 8.391695625896950617e+00 0.000000000000000000e+00
4.041989292573019199e+00 8.012170453142685389e+00 0.000000000000000000e+00
1.628554656875970341e+00 -8.922721359866823576e+00 0.000000000000000000e+00
5.073512793548756505e+00 1.339015888015022782e+01 0.000000000000000000e+00
1.823042763074110173e+00 8.966996665246540488e+00 0.000000000000000000e+00
2.074477547672406885e+00 -1.050790258281638856e+01 0.000000000000000000e+00
5.982078128270453821e-01 -3.104102598170686456e+00 0.000000000000000000e+00
-1.150389762586132392e+01 -1.076174323337222738e+01 0.000000000000000000e+00
4.723027972084744341e+00 -1.638036686047605883e+01 0.000000000000000000e+00
-7.881497903749486333e+00 2.315161215724289345e+00 0.000000000000000000e+00
4.773600821242237835e+00 -5.041415428108884100e+00 0.000000000000000000e+00
-5.228452547131542616e+00 -2.740575527719290250e+00 0.000000000000000000e+00
-3.948722936436077635e+00 9.323473432399028482e+00 0.000000000000000000e+00
6.865965678229593472e+00 9.043790434771782571e+00 0.000000000000000000e+00
-1.864899913939088449e+01 2.027573754319072385e+00 0.000000000000000000e+00
5.690262620576580055e+00 1.020154164816533537e+01 0.000000000000000000e+00
1.121151955953919277e+01 -8.328188711519599607e+00 0.000000000000000000e+00
1.525675315490488160e+01 1.021748959744956053e+01 0.000000000000000000e+00
-1.107842350980987867e+01 2.430774279063497301e-01 0.000000000000000000e+00
-8.179860307707649270e+00 -1.076673959117456780e+00 0.000000000000000000e+00
-1.296311923368253538e+01 8.690909406365202372e+00 0.000000000000000000e+00
-1.574666080415986258e+01 -2.854982672762616414e+00 0.000000000000000000e+00
-1.076981063609141565e+01 3.798415830214195488e+00 0.000000000000000000e+00
2.964396204511852151e+00 1.389469003216615128e+01 0.000000000000000000e+00
-7.148477493617886758e+00 6.512398966425041458e+00 0.000000000000000000e+00
5.805024529277451606e-01 -6.320656770889073961e+00 0.000000000000000000e+00
-5.046165209530409368e-02 -8.885977392157853316e+00 0.000000000000000000e+00
1.690521319646116893e+01 -6.169544429485472214e+00 0.000000000000000000e+00
8.114263262410988276e+00 1.511065711229357866e+01 0.000000000000000000e+00
-1.851696690309186266e+01 5.146077597711893326e-01 0.000000000000000000e+00
-1.205360233789266466e+01 7.121843421784200601e+00 0.000000000000000000e+00
-2.917551184337318304e+00 -8.682595278315080378e+00 0.000000000000000000e+00
6.380336762124501959e+00 5.416656626581262124e-01 0.000000000000000000e+00
1.600111950668636851e+01 3.734880487373326563e+00 0.000000000000000000e+00
-5.641993371063570351e+00 -1.095632759903054243e+01 0.000000000000000000e+00
-1.898014373410716882e+00 7.624795976905253347e+00 0.000000000000000000e+00
-7.533944914962411588e+00 -1.734960010756621074e+01 0.000000000000000000e+00
-4.853994810360891421e+00 5.683296141083149955e+00 0.000000000000000000e+00
-6.301432385506774203e+00 1.678007049444145693e+01 0.000000000000000000e+00
5.665101682304707786e+00 -1.152176048041097367e+01 0.000000000000000000e+00
8.869298459027428194e+00 2.374337810661710346e+00 0.000000000000000000e+00
8.463318142629169927e+00 4.567375097686464103e-01 0.000000000000000000e+00
2.430517571893749729e+00 -1.218789047606356490e+01 0.000000000000000000e+00
-2.768711568442816517e+00 -4.622592681059774833e+00 0.000000000000000000e+00
3.397603640144346127e+00 -3.727241271234392972e+00 0.000000000000000000e+00
-1.803939395216986341e+01 4.958405926024957999e+00 0.000000000000000000e+00
1.188933962118489696e+01 -1.069307269635634228e+01 0.000000000000000000e+00
-7.106086154989967874e+00 -6.038051988374040668e+00 0.000000000000000000e+00
-4.107839968649510176e+00 -1.254552792346225054e+01 0.000000000000000000e+00
-2.446053563980253198e+00 5.172137363354028849e+00 0.000000000000000000e+00
-4.033315287415947914e+00 1.165342769100945652e+01 0.000000000000000000e+00
-1.714190412977782785e+01 2.239264890711014200e+00 0.000000000000000000e+00
6.678225765061406527e+00 -8.146503821947479906e+00 0.000000000000000000e+00
1.144685454414355696e+01 3.711222206351098674e+00 0.000000000000000000e+00
1.091030178340667511e+00 5.462857312092489481e-01 0.000000000000000000e+00
-1.713073381928410654e+01 -2.081868439804504867e+00 0.000000000000000000e+00
-2.367979635285528683e+00 -1.127045942432121528e+01 0.000000000000000000e+00
-2.330815752227125337e+00 -2.765219856999660664e+00 0.000000000000000000e+00
1.786350487198677328e+01 1.786866897108444263e+00 0.000000000000000000e+00
1.054355419345624867e+01 1.468697351527324102e+01 0.000000000000000000e+00
1.833028563880355932e+01 -1.683445640643172203e-01 0.000000000000000000e+00
-1.028847500464835640e+01 7.531298876629611172e+00 0.000000000000000000e+00
-9.376089030669820801e+00 -1.578623480939999624e+01 0.000000000000000000e+00
-1.263429124795359826e+01 1.185743345642203472e+01 0.000000000000000000e+00
-2.027278416264067573e+00 1.191782160535935375e+01 0.000000000000000000e+00
-3.899474888320739741e+00 1.342153829005976284e+01 0.000000000000000000e+00
8.208455552640906205e+00 -1.680771825056471513e+01 0.000000000000000000e+00
1.359716357370342443e+01 -1.287610200098458790e+01 0.000000000000000000e+00
-1.348289568474879729e+01 -1.084030888876844756e+01 0.000000000000000000e+00
-1.106492964667319079e+01 -1.840762387158003888e+00 0.000000000000000000e+00
5.980449686155902000e-01 -1.417962065157148288e+00 0.000000000000000000e+00
-7.962318769265099405e+00 -1.454115712846811981e+01 0.000000000000000000e+00
1.303046279445954347e+01 9.349940617220263706e-01 0.000000000000000000e+00
-5.862631917642737278e+00 2.728355940936791679e+00 0.000000000000000000e+00
-1.531592641776108188e+01 6.101139775974643298e-01 0.000000000000000000e+00
-6.987469583596999989e+00 1.528279966210050489e+01 0.000000000000000000e+00
-1.079401380135812083e+01 5.583387093490460806e+00 0.000000000000000000e+00
1.450004005731634749e+01 -1.094333738566001379e+01 0.000000000000000000e+00
3.233482612821016566e+00 4.832475170513503393e+00 0.000000000000000000e+00
-1.008758135668284872e+01 -1.009474721645313444e+01 0.000000000000000000e+00
8.303988393800263879e+00 3.897616174719570559e+00 0.000000000000000000e+00
-1.924275866542403790e+00 1.014393466291890356e+01 0.000000000000000000e+00
-7.339360240626753296e-01 3.627286483397577310e+00 0.000000000000000000e+00
4.932329354836893387e+00 -1.307338513480009068e+00 0.000000000000000000e+00
1.070840840379253756e+01 1.283720892533064450e+01 0.000000000000000000e+00
-1.614276930712719249e+01 8.561027247517101202e+00 0.000000000000000000e+00
4.589057697131987967e-01 2.611780154041134505e+00 0.000000000000000000e+00
5.209375505281405694e+00 4.091826501111627046e+00 0.000000000000000000e+00
-2.040676856683712792e+00 -1.412156384361925809e+01 0.000000000000000000e+00
4.198742678611862900e+00 9.560616891233140180e+00 0.000000000000000000e+00
1.583526951503659319e+01 5.716820526328855401e+00 0.000000000000000000e+00
4.915411711978270315e-01 -1.884022693810324256e+01 0.000000000000000000e+00
1.168453372190376705e+01 1.804320152616295081e+00 0.000000000000000000e+00
-3.990696807052659945e-01 -4.859245778553334283e+00 0.000000000000000000e+00
1.284122476008591640e+01 2.840656912754264241e+00 0.000000000000000000e+00
1.616362645087379590e+01 -4.284078183486923486e+00 0.000000000000000000e+00
9.231550039855113354e+00 5.682847204541999098e+00 0.000000000000000000e+00
-1.036418854042475246e+01 1.161273851207699614e+01 0.000000000000000000e+00
1.783553843524277482e+01 4.059476378618213310e+00 0.000000000000000000e+00
1.321989283688705363e+01 1.161760547597351945e+01 0.000000000000000000e+00
6.669615297438221013e+00 1.434860692525190018e+01 0.000000000000000000e+00
9.330350228027414872e+00 -1.256904220473403910e+01 0.000000000000000000e+00
1.069155776815184389e+01 5.136697842360302246e+00 0.000000000000000000e+00
8.204878724708461135e+00 -8.622384632552279271e+00 0.000000000000000000e+00
-1.793784620638079019e+01 -5.855298557090470091e+00 0.000000000000000000e+00
-5.882724152051223676e+00 -1.344070355888606549e+01 0.000000000000000000e+00
1.683579607780946219e+01 -1.841497118306471670e+00 0.000000000000000000e+00
6.576444237025240447e-02 4.936984151730315240e+00 0.000000000000000000e+00
-1.115192054531754628e+01 9.740404878735468230e+00 0.000000000000000000e+00
-8.694070789501486374e+00 6.525087361103432571e+00 0.000000000000000000e+00
-4.940563058051117729e+00 -7.564720489092652045e+00 0.000000000000000000e+00
1.203272919795946416e+00 1.879166984711035582e+01 0.000000000000000000e+00
-1.208502778136276490e+01 2.675622481548777465e+00 0.000000000000000000e+00
-2.995200351117236703e+00 -7.664952717154820405e-01 0.000000000000000000e+00
1.523811276050462205e+01 2.440152392284898220e+00 0.000000000000000000e+00
-2.260678419870364220e+00 1.661795467748888200e+01 0.000000000000000000e+00
-1.269883818210346327e+01 2.717611495950899569e-01 0.000000000000000000e+00
-8.957016485236858117e+00 -2.848935858165178470e+00 0.000000000000000000e+00
-1.065586485987765464e+01 -4.793642510130267098e+00 0.000000000000000000e+00
4.818263259437541635e+00 1.682901221435161432e+01 0.000000000000000000e+00
-1.376719263378792846e+01 -8.696877010061946578e+00 0.000000000000000000e+00
3.525569054827474957e+00 -1.112413193104616305e+01 0.000000000000000000e+00
9.161497588724541785e+00 -2.916380015443249984e+00 0.000000000000000000e+00
7.275666742319354618e+00 2.647048516154601128e+00 0.000000000000000000e+00
-1.049089624857993641e+01 -1.442317513661379813e+01 0.000000000000000000e+00
-6.278328227888535729e+00 -4.503942073814014013e-01 0.000000000000000000e+00
-1.223026366010969390e+01 1.369652482559614981e+01 0.000000000000000000e+00
-1.552017899398546419e+01 -1.209037910886286316e+00 0.000000000000000000e+00
6.605006139431005785e+00 -9.681038099464647217e+00 0.000000000000000000e+00
9.574889951075448380e+00 -1.026428998904361833e+01 0.000000000000000000e+00
-1.289511643806906172e+01 1.020006542496551738e+01 0.000000000000000000e+00
-3.366534885542391109e+00 1.534207667281392240e+01 0.000000000000000000e+00
1.028406123927094917e+01 -6.008126214761416506e+00 0.000000000000000000e+00
-1.271961395781786486e+01 4.841071329578230831e+00 0.000000000000000000e+00
1.028243463050050188e+01 -1.503674007182160466e+01 0.000000000000000000e+00
-1.513194585548040294e+01 3.750005462493812836e+00 0.000000000000000000e+00
-1.445179798523551540e+01 5.595985139024638677e+00 0.000000000000000000e+00
-8.439747589603738831e+00 -4.970034384117257176e+00 0.000000000000000000e+00
8.050329004321588044e+00 1.720258101271135587e+01 0.000000000000000000e+00
-6.738707482575870600e+00 -4.273513613256219479e+00 0.000000000000000000e+00
-1.563516837291310857e+01 -5.599659296971543299e+00 0.000000000000000000e+00
-9.572054349990404276e+00 1.483773320068409340e+00 0.000000000000000000e+00
5.301055844556357144e+00 -3.358482521027369661e+00 0.000000000000000000e+00
1.891664333972103429e-01 -1.604273177001911677e+01 0.000000000000000000e+00
9.225873325163902905e+00 1.247911228611817869e+01 0.000000000000000000e+00
1.281043971505776824e+01 7.618646324769467348e+00 0.000000000000000000e+00
-4.761500839184145129e+00 -1.088122180078213486e+00 0.000000000000000000e+00
1.109115468737358512e+01 -1.082808164673735307e+00 0.000000000000000000e+00
-1.252933544764236018e+01 -3.593208616540662703e+00 0.000000000000000000e+00
-1.308923091340382427e+01 -5.313117058166407780e+00 0.000000000000000000e+00
4.064300126887550491e+00 3.052142381012253658e+00 0.000000000000000000e+00
1.531994528957778101e+01 -9.156273723451761271e+00 0.000000000000000000e+00
-8.526086448836952769e+00 1.046542172980014307e+01 0.000000000000000000e+00
8.644179353772129204e+00 -1.179721563403250517e+00 0.000000000000000000e+00
1.153762164812958124e+00 1.625429519199720474e+01 0.000000000000000000e+00
4.648156976929796791e+00 1.514981200515532400e+01 0.000000000000000000e+00
6.735482257619153756e+00 1.619073711734710130e+01 0.000000000000000000e+00
-7.625389155665979191e-01 -1.765328308870195428e+01 0.000000000000000000e+00
-1.611150862203728806e+01 -9.877670513235898397e+00 0.000000000000000000e+00
1.515339544659534887e+01 8.033067462637696110e+00 0.000000000000000000e+00
-5.758825739157900081e+00 1.302535996262469808e+01 0.000000000000000000e+00
-7.119846144317610204e+00 -8.931418884347596787e+00 0.000000000000000000e+00
