-1.435653102031740680e+01 -7.346022634411602859e+00 0.000000000000000000e+00
1.270765731932727149e+01 2.897631139877417383e-01 0.000000000000000000e+00
8.178860942537975021e+00 1.375753375814213442e+01 0.000000000000000000e+00
5.780400936192987338e+00 1.099189538541051725e+01 0.000000000000000000e+00
1.174996138816114311e+01 -5.756270951576164308e+00 0.000000000000000000e+00
6.579002950965917584e+00 8.486854999097626973e+00 0.000000000000000000e+00
1.152971882145163285e+01 8.405510181344913789e+00 0.000000000000000000e+00
-3.833908574735426456e+00 8.219224743974029579e+00 0.000000000000000000e+00
-8.957275275203771869e+00 -6.184663151646475399e+00 0.000000000000000000e+00
-6.252301599733143256e+00 1.394662940634074566e+01 0.000000000000000000e+00
-3.845174715590649495e+00 -5.753617848418210556e+00 0.000000000000000000e+00
8.610396168874164147e+00 -1.195378348131965751e+01 0.000000000000000000e+00
2.621279163849989047e+00 -1.616494326551355698e+01 0.000000000000000000e+00
-1.695344016260091680e+00 -2.313095798661131575e+00 0.000000000000000000e+00
-9.618655621438600534e+00 6.355525260829350209e+00 0.000000000000000000e+00
5.636029515489259900e+00 -1.445733264196200274e+01 0.000000000000000000e+00
-1.302672161807372397e+01 -2.887382445522371111e+00 0.000000000000000000e+00
1.647348810606263037e+00 -2.246661819149784911e+00 0.000000000000000000e+00
-1.481962846469724226e+01 4.936855074279321798e+00 0.000000000000000000e+00
-1.233112597474892524e+01 6.460957157781856530e+00 0.000000000000000000e+00
1.536059167267297099e+01 -7.532820091907227678e+00 0.000000000000000000e+00
1.989535189454751496e+00 2.003234799678212497e+00 0.000000000000000000e+00
-1.491291364820353849e+00 -8.693082618881208035e+00 0.000000000000000000e+00
-1.710150445969995658e+01 1.872474749353307544e-02 0.000000000000000000e+00
-4.398043411109651579e+00 -3.553901314857989213e+00 0.000000000000000000e+00
-2.298132393267130258e+00 2.197594302248810472e+00 0.000000000000000000e+00
-7.671780840642988153e+00 6.707229554661160442e+00 0.000000000000000000e+00
2.434298960666886114e+00 -1.459377571801217144e+01 0.000000000000000000e+00
1.414452855183640168e+01 -1.010793079827087126e+01 0.000000000000000000e+00
-1.045065918770537117e+01 -9.321995169339373222e-01 0.000000000000000000e+00
-5.128647060314722061e+00 4.227740734673940182e+00 0.000000000000000000e+00
6.298942738294223354e+00 2.441299146468182357e+00 0.000000000000000000e+00
-9.173220465862511830e+00 -2.434581618812580839e+00 0.000000000000000000e+00
9.519664814228361749e+00 1.612624894339128145e+00 0.000000000000000000e+00
1.150635556039490304e+01 -3.582762424651059430e+00 0.000000000000000000e+00
-1.549798934295177233e+01 -2.936088265036340239e+00 0.000000000000000000e+00
1.048856679722934793e+01 -8.758389720603318551e+00 0.000000000000000000e+00
1.334202343861887563e+01 -1.483542828153603832e+00 0.000000000000000000e+00
4.902278597699372575e+00 -1.202111972491277214e+00 0.000000000000000000e+00
-8.075420013124782415e+00 -1.409053616692859379e+01 0.000000000000000000e+00
-1.067141166140323705e+01 3.916670856207769447e+00 0.000000000000000000e+00
5.935258148934772215e+00 5.477997634934208548e+00 0.000000000000000000e+00
3.047860429155624939e-01 -9.671128653030601541e+00 0.000000000000000000e+00
-1.301190686351740311e+01 3.357751867390680545e+00 0.000000000000000000e+00
6.132782011670568245e+00 -2.996515623920371851e+00 0.000000000000000000e+00
-1.153237147164783849e+01 -2.613876760000434452e+00 0.000000000000000000e+00
3.941980366065198194e+00 -4.157125289815081892e+00 0.000000000000000000e+00
4.191230345884690678e+00 1.010868803019394235e+01 0.000000000000000000e+00
-7.306798381031116563e+00 4.118944936185505945e+00 0.000000000000000000e+00
-1.386789936702855464e+01 9.877645274877126624e+00 0.000000000000000000e+00
-5.652031323910542859e+00 1.141369062470029760e+01 0.000000000000000000e+00
-1.100289936979685024e+01 1.100484698459583299e+01 0.000000000000000000e+00
1.357692957541439505e+01 9.439582398949942998e+00 0.000000000000000000e+00
-8.370567828883116235e+00 8.460540824268523608e+00 0.000000000000000000e+00
-3.500732175103578481e+00 3.305430296654091382e+00 0.000000000000000000e+00
-9.320596500104183502e-01 1.211627523461168821e+01 0.000000000000000000e+00
-1.358718305814189264e+01 7.839397587502173081e+00 0.000000000000000000e+00
1.048851068388534635e+01 6.625252005773474728e+00 0.000000000000000000e+00
4.893311382996705206e+00 8.027000295975314614e+00 0.000000000000000000e+00
-7.112873172720847847e+00 -1.070388421314078364e+01 0.000000000000000000e+00
2.646499038885492094e+00 -1.161360293124729637e+01 0.000000000000000000e+00
-1.018583662739650925e-01 -1.031963151056354056e+00 0.000000000000000000e+00
-9.309222362606986323e+00 2.831345207670786568e+00 0.000000000000000000e+00
6.633079205563918279e+00 -5.302458590065498578e-01 0.000000000000000000e+00
1.194150717654108362e+01 3.593613837544724632e+00 0.000000000000000000e+00
-2.629373855366233581e+00 -1.269611442473885710e+01 0.000000000000000000e+00
-3.790502601662522064e-01 -1.696118002504474020e+01 0.000000000000000000e+00
3.016377802304779809e+00 -2.994858651982467562e-02 0.000000000000000000e+00
1.682915365890626802e+01 3.100015404371863514e+00 0.000000000000000000e+00
1.003210535310086904e+01 -9.430672514485954894e-01 0.000000000000000000e+00
9.951039114869539404e+00 8.811979626167738999e+00 0.000000000000000000e+00
2.145426570639602737e+00 4.698863041768846394e+00 0.000000000000000000e+00
3.855026844992523127e+00 1.606340614851398740e+01 0.000000000000000000e+00
-3.545330399096568552e+00 1.087400120781246926e+00 0.000000000000000000e+00
7.211668214217904493e-01 -1.244345270001945636e+01 0.000000000000000000e+00
-1.195830160876180770e+01 8.598734397143232844e-01 0.000000000000000000e+00
1.306635252428360694e+01 4.715308861387798700e+00 0.000000000000000000e+00
-4.876617703541183069e+00 -7.894101256150870327e+00 0.000000000000000000e+00
1.378653438355080141e+00 6.458664788032761450e+00 0.000000000000000000e+00
1.072800275400007441e+00 8.469039249497123834e+00 0.000000000000000000e+00
-4.434206700910985788e+00 1.584818333295592652e+01 0.000000000000000000e+00
1.736874461030232103e-02 -7.761782317101443063e+00 0.000000000000000000e+00
1.451829213776203709e+01 -3.279182410346303200e+00 0.000000000000000000e+00
3.897811941735399355e+00 -1.419270566491823082e+01 0.000000000000000000e+00
9.625923014811840872e+00 1.047775547926495321e+01 0.000000000000000000e+00
-4.120007282439238416e+00 -1.178371291355479045e+01 0.000000000000000000e+00
8.667304697217200982e+00 2.942247152735029569e+00 0.000000000000000000e+00
1.636117555533698820e+01 -3.902569127593523479e+00 0.000000000000000000e+00
-2.963811767526268515e+00 -1.630396653843376953e+01 0.000000000000000000e+00
-3.939903935379665878e+00 -1.921977424837925330e+00 0.000000000000000000e+00
-1.263497889480847647e+01 -7.439585069339320178e+00 0.000000000000000000e+00
-1.051461274044409677e+01 1.386598022938554742e+01 0.000000000000000000e+00
7.332499228738692310e+00 -5.107225381302757050e+00 0.000000000000000000e+00
-4.798223863379537768e+00 6.151032495748988360e+00 0.000000000000000000e+00
1.492528800435833247e+01 7.765929208121184146e+00 0.000000000000000000e+00
-5.257286800873393895e-02 -5.142516337493852951e+00 0.000000000000000000e+00
2.812659249419984686e+00 7.431086767855004105e+00 0.000000000000000000e+00
-8.914227611503495297e+00 -1.132596586172826214e+01 0.000000000000000000e+00
-1.033473788629444723e+00 1.364604613098537866e+00 0.000000000000000000e+00
-8.976173078083069967e+00 9.179864875983009265e-01 0.000000000000000000e+00
-1.606566648675057607e+01 1.744537753196658381e+00 0.000000000000000000e+00
7.412224382150413682e+00 5.886609198736087123e+00 0.000000000000000000e+00
-3.020516956187528468e+00 -9.988649179472755435e+00 0.000000000000000000e+00
-6.876686332311247263e+00 -7.890208615443834894e+00 0.000000000000000000e+00
-1.860867503949588109e+00 6.270207628117857368e+00 0.000000000000000000e+00
1.678965027191883408e+01 -5.731296127225993242e-01 0.000000000000000000e+00
4.163348037266779933e+00 3.610949368038821827e+00 0.000000000000000000e+00
-1.022492490735689152e+01 7.888098721223014032e+00 0.000000000000000000e+00
-1.492213679825007944e+01 6.907791224127739049e+00 0.000000000000000000e+00
6.492220678566553715e+00 1.263262175177308677e+01 0.000000000000000000e+00
1.495510359287948887e+01 -7.379109055902404180e-01 0.000000000000000000e+00
-1.211379897841246134e+01 1.220611681267600090e+01 0.000000000000000000e+00
-8.601879134922477022e+00 1.392396382283201284e+01 0.000000000000000000e+00
1.083162749361062538e+01 -1.046224729455513369e+01 0.000000000000000000e+00
-4.377016942341183103e+00 1.404969008538571806e+01 0.000000000000000000e+00
-8.591051962597786584e+00 1.096567399160588074e+01 0.000000000000000000e+00
8.878233598076388233e+00 -8.242606514777573778e+00 0.000000000000000000e+00
6.121999016428412155e+00 -6.791167158118833314e+00 0.000000000000000000e+00
5.428971268415118345e+00 1.519951174337039568e+01 0.000000000000000000e+00
8.489526160709022662e+00 -9.968076089120721406e+00 0.000000000000000000e+00
7.753125695583599430e+00 -3.074237973842331328e+00 0.000000000000000000e+00
1.273513718656338156e+01 -1.105022008522022148e+01 0.000000000000000000e+00
-1.233258182757794330e+01 -1.213587515956530005e+01 0.000000000000000000e+00
-1.228905341848399857e+01 -4.288164740986777801e+00 0.000000000000000000e+00
-1.435906688959173572e+01 1.619265855928561315e+00 0.000000000000000000e+00
-1.755042718665378088e+00 -4.924080275551885322e+00 0.000000000000000000e+00
4.843206789038807969e+00 -1.073336550089335972e+01 0.000000000000000000e+00
-6.914630420545219813e+00 -5.256443358654789400e+00 0.000000000000000000e+00
-5.807171741066998294e+00 4.040055970469863533e-01 0.000000000000000000e+00
2.958263496980132690e+00 1.311226059365845131e+01 0.000000000000000000e+00
1.169389855914729637e+01 1.185053300737270732e+01 0.000000000000000000e+00
-1.048443838284187457e+01 -5.566870854054406514e+00 0.000000000000000000e+00
-7.453754173586677467e+00 1.235997355018849042e+01 0.000000000000000000e+00
-8.980948231733393072e+00 -8.975761896893059699e+00 0.000000000000000000e+00
-5.506395616117011116e+00 2.007085706710751261e+00 0.000000000000000000e+00
1.585706458456770918e+01 1.355823850411950637e+00 0.000000000000000000e+00
7.823834008168072174e+00 1.166226903687901917e+01 0.000000000000000000e+00
-1.139639363535594807e+00 -1.232576154086909348e+01 0.000000000000000000e+00
1.117028974709687539e+01 1.040466882360393441e+01 0.000000000000000000e+00
-2.774192614139942226e+00 -7.151060302299236504e+00 0.000000000000000000e+00
1.719515114359432317e+01 -2.273074291028439387e+00 0.000000000000000000e+00
-2.912523838417211852e+00 1.608926273051566369e+01 0.000000000000000000e+00
-4.944071437676169190e+00 -1.324225402428954901e+01 0.000000000000000000e+00
1.005779564941726534e+01 -3.036760914915523912e+00 0.000000000000000000e+00
-1.648436721011927730e+01 4.812101350732196359e+00 0.000000000000000000e+00
1.105861847521762309e+00 1.667331003239997855e+01 0.000000000000000000e+00
8.707318214621272645e+00 -2.180757036658180215e-01 0.000000000000000000e+00
1.281378370704097103e+00 -1.703906116442978558e+01 0.000000000000000000e+00
4.611713835932252259e+00 -8.370036094472805388e+00 0.000000000000000000e+00
1.437135919754013713e+01 -6.366885314589955769e+00 0.000000000000000000e+00
-5.833196837321852346e-02 1.340988797161042712e+01 0.000000000000000000e+00
-9.908340005039528720e-01 7.505678858162437628e+00 0.000000000000000000e+00
-1.405930481131389698e+01 -1.000114215990727295e+01 0.000000000000000000e+00
-1.674312121511000129e+01 -3.964491282392774263e+00 0.000000000000000000e+00
-7.407047076669982744e+00 -1.388265820580914411e+00 0.000000000000000000e+00
6.135914678014060541e+00 -1.180737967065123506e+01 0.000000000000000000e+00
4.256795035175274577e+00 1.239760154800559233e+00 0.000000000000000000e+00
-1.098677970160303996e+00 1.510593165263403215e+01 0.000000000000000000e+00
-1.019122332366983663e+01 -7.512593236644373285e+00 0.000000000000000000e+00
-1.447254893935363818e+01 -4.459169378229914660e-01 0.000000000000000000e+00
1.390705988805498006e+00 -6.220716112464270253e+00 0.000000000000000000e+00
1.451202774638367643e+01 3.974408085063251495e+00 0.000000000000000000e+00
8.377632136028010379e+00 -6.378645855505728157e+00 0.000000000000000000e+00
-9.864147034811804104e+00 -1.287007713637022199e+01 0.000000000000000000e+00
-1.179042898083228685e+01 -9.818371510205546215e+00 0.000000000000000000e+00
-3.384993312937938370e+00 1.156573619152815091e+01 0.000000000000000000e+00
-1.467329013310457420e+01 3.422905787269475475e+00 0.000000000000000000e+00
1.031086012064995039e+01 -1.267885246567600888e+01 0.000000000000000000e+00
1.136032910595472067e+01 1.913982107901269103e+00 0.000000000000000000e+00
1.883241789738819394e+00 -3.939909551649702912e+00 0.000000000000000000e+00
-6.976554515069311790e+00 -1.604146639565183818e+01 0.000000000000000000e+00
1.757375010711783148e+00 1.164888277449740883e+01 0.000000000000000000e+00
-1.533831976487758375e+00 9.045022655614054941e+00 0.000000000000000000e+00
-1.455239163109601819e+01 -5.525921610314689758e+00 0.000000000000000000e+00
-4.187083417451955558e-01 -3.678014876707613734e+00 0.000000000000000000e+00
1.181845849372047752e+01 -7.587309489888758307e+00 0.000000000000000000e+00
-9.296158748113272807e+00 -4.073702846249645404e+00 0.000000000000000000e+00
-1.500174639559381795e+00 -1.022910639697878743e+01 0.000000000000000000e+00
-3.373034285308103897e+00 4.942371705190249820e+00 0.000000000000000000e+00
-3.233534222144017534e+00 -1.468408338533167523e+01 0.000000000000000000e+00
5.606222593615453054e-01 1.480704675317000074e+01 0.000000000000000000e+00
-2.982619090679653251e+00 9.547413709864782660e+00 0.000000000000000000e+00
3.760766708778300327e+00 5.297451210320316406e+00 0.000000000000000000e+00
3.442848749945920162e+00 -9.739974170823369803e+00 0.000000000000000000e+00
1.347154628260321196e+01 2.392408915211691856e+00 0.000000000000000000e+00
-1.047670493838627692e+01 1.731719829344883888e+00 0.000000000000000000e+00
4.352571470351279892e+00 1.202237664715785570e+01 0.000000000000000000e+00
-6.260571127040929440e+00 7.462026473656882430e+00 0.000000000000000000e+00
-2.023457761022001034e+00 1.768619019925672317e-02 0.000000000000000000e+00
9.272055371659694956e+00 5.558875592247218833e+00 0.000000000000000000e+00
1.297919227959445010e+01 7.027326647237995161e+00 0.000000000000000000e+00
1.318960046495300631e+01 -8.411228819314677807e+00 0.000000000000000000e+00
-1.042696590747865315e+01 -1.120824550172175904e+01 0.000000000000000000e+00
-4.862219828622254547e-01 1.050468763488449930e+01 0.000000000000000000e+00
2.243441228805161808e-02 4.873267212397634829e+00 0.000000000000000000e+00
1.616228927231597012e+01 4.837139463197663858e+00 0.000000000000000000e+00
9.644535783195747669e+00 -5.231684471410066983e+00 0.000000000000000000e+00
-5.246579519783267642e+00 -1.592697772593853678e+01 0.000000000000000000e+00
1.007965973601915532e+00 1.024409009895385303e+01 0.000000000000000000e+00
-6.313867836922351984e+00 5.251198222202831722e+00 0.000000000000000000e+00
6.790606383612100672e+00 1.593471099244370315e+01 0.000000000000000000e+00
-1.260782143707497305e+01 -5.794188018065709933e+00 0.000000000000000000e+00
-6.811148804243912558e+00 8.971687697796451033e+00 0.000000000000000000e+00
7.529661012359252226e+00 9.940152603187717872e+00 0.000000000000000000e+00
-6.396164545246668887e+00 -3.355240128024164381e+00 0.000000000000000000e+00
9.622307722425500032e+00 1.292145275906255364e+01 0.000000000000000000e+00
-4.655932509370533268e+00 9.656789989532001073e+00 0.000000000000000000e+00
-5.612403035650302741e+00 -1.088254493180462923e+01 0.000000000000000000e+00
-6.720650777386879327e+00 1.578648883916159562e+01 0.000000000000000000e+00
9.353429736281329454e+00 -1.452781032349738943e+01 0.000000000000000000e+00
1.012915165416599095e+01 -6.757470273873251720e+00 0.000000000000000000e+00
9.058640074015815724e-01 -1.455726869936686718e+01 0.000000000000000000e+00
-1.142943211117475855e+01 8.880467286533306748e+00 0.000000000000000000e+00
2.038893426260868225e+00 1.522359186583400792e+01 0.000000000000000000e+00
2.949502956530419606e+00 -6.130741215539801559e+00 0.000000000000000000e+00
-1.503037877934915167e+00 -1.405069569026932008e+01 0.000000000000000000e+00
7.615213431125409826e+00 -1.378603624891846025e+01 0.000000000000000000e+00
-1.678735885670434058e+01 -1.921251129588842144e+00 0.000000000000000000e+00
-1.642900671533673806e+00 1.712139856202582067e+01 0.000000000000000000e+00
-2.872266943374597314e+00 1.299767703894806203e+01 0.000000000000000000e+00
-8.425302223191222240e+00 5.368008221223687038e+00 0.000000000000000000e+00
1.942552200661052275e+00 -7.832440923033904490e+00 0.000000000000000000e+00
-1.592203281302230344e+01 -7.195517318854356859e+00 0.000000000000000000e+00
6.296838176774295803e+00 -1.600008904371545171e+01 0.000000000000000000e+00
-1.281085864663064289e+00 -6.429448049534422616e+00 0.000000000000000000e+00
1.330885866113626115e+01 1.133487223400340049e+01 0.000000000000000000e+00
-1.765704569289421544e+00 4.332145149606468237e+00 0.000000000000000000e+00
3.981039041246654087e+00 -1.268136615943859091e+01 0.000000000000000000e+00
-1.522049019597730890e+01 8.538757455328909174e+00 0.000000000000000000e+00
-5.357117075437829889e+00 -1.122953057744224159e+00 0.000000000000000000e+00
1.186592883828089562e+01 -1.946245729861733942e+00 0.000000000000000000e+00
6.058846188440805136e+00 -9.234268448812779084e+00 0.000000000000000000e+00
-6.026037110564533172e+00 -6.486486399326087948e+00 0.000000000000000000e+00
2.599381886273234077e+00 8.972937150671757678e+00 0.000000000000000000e+00
7.023887919819102876e+00 9.904868974116022295e-01 0.000000000000000000e+00
8.672507878709891926e+00 7.947809580199622026e+00 0.000000000000000000e+00
1.017816969083938972e+01 3.983264847608688264e+00 0.000000000000000000e+00
3.219494805598511089e+00 -2.623909855597627683e+00 0.000000000000000000e+00
-5.293601070477249593e-01 3.339353179600069943e+00 0.000000000000000000e+00
-6.412151050473430480e+00 -1.272299986653050041e+01 0.000000000000000000e+00
7.731580320501343806e+00 4.170551348907278744e+00 0.000000000000000000e+00
-1.291435175806381430e+01 -7.000346133029653473e-01 0.000000000000000000e+00
-1.382058985953056540e+00 -1.560125829675416043e+01 0.000000000000000000e+00
1.001513649452223209e+00 6.815009065218285977e-01 0.000000000000000000e+00
1.486073550419906653e+01 5.583647035272472081e+00 0.000000000000000000e+00
1.629024175224119375e+01 -5.526832015270256804e+00 0.000000000000000000e+00
4.634462093648871850e+00 -1.568805716890907220e+01 0.000000000000000000e+00
-2.720059922115546591e+00 -3.609813484296883868e+00 0.000000000000000000e+00
-5.688102886536849034e+00 -9.347193952521434923e+00 0.000000000000000000e+00
4.560829864792285804e+00 -5.564571075141693690e+00 0.000000000000000000e+00
-9.499087638704477143e+00 1.226568681183734810e+01 0.000000000000000000e+00
-9.885181315510392253e+00 9.725505773961115707e+00 0.000000000000000000e+00
1.615682755484477795e+01 6.490728047265331035e+00 0.000000000000000000e+00
9.545705240008860670e+00 1.456873316722295186e+01 0.000000000000000000e+00
7.764470159461509091e+00 -1.551799262120801881e+00 0.000000000000000000e+00
-9.764534154361172114e+00 -1.444825089491171788e+01 0.000000000000000000e+00
