-1.690980374193697244e+01 -3.467088077824540537e+00 0.000000000000000000e+00
-4.318413621503712108e+00 9.638979866136979879e+00 0.000000000000000000e+00
-1.401593165797977569e+01 4.856318365842120066e+00 0.000000000000000000e+00
2.629904032393050262e+00 -1.378428072744148558e+01 0.000000000000000000e+00
4.636512066106688756e+00 -4.561438513348397561e-01 0.000000000000000000e+00
9.824294565135291535e+00 1.063051946058713071e+01 0.000000000000000000e+00
1.253547118298808627e+01 2.139020795830220312e+00 0.000000000000000000e+00
-8.338015972770520534e+00 -6.163924747116849012e+00 0.000000000000000000e+00
7.886291113470598191e+00 9.545525419538062550e+00 0.000000000000000000e+00
-9.688762595113058040e+00 -9.672394361506563953e+00 0.000000000000000000e+00
3.529106958078023215e-01 -1.503587888398876515e+01 0.000000000000000000e+00
-1.282121245607223692e+01 -1.979872116068038812e+00 0.000000000000000000e+00
-1.110039199799945386e+01 1.005240816089998646e+01 0.000000000000000000e+00
-8.334950933878646495e+00 -1.311525751511418481e+00 0.000000000000000000e+00
1.449485160223735747e+01 8.923115053824492549e+00 0.000000000000000000e+00
7.158773574796327033e+00 -2.570933065541015861e+00 0.000000000000000000e+00
2.551122717022577882e-02 6.140301467080091946e+00 0.000000000000000000e+00
-2.983511584543313555e-01 -1.294272428049382562e+01 0.000000000000000000e+00
-5.194144780115621529e+00 5.252680432779237574e-01 0.000000000000000000e+00
-9.996202540024368588e+00 2.521997812477596579e+00 0.000000000000000000e+00
-1.201953885378953046e+01 -5.568691716015153226e+00 0.000000000000000000e+00
-1.129677220022344919e+01 4.165718800958003065e+00 0.000000000000000000e+00
-5.130849543366522880e+00 1.425603176047760456e+01 0.000000000000000000e+00
3.580659478040170374e+00 2.739623326397135017e+00 0.000000000000000000e+00
-1.032460125853048005e+01 -6.311749085234121814e+00 0.000000000000000000e+00
1.373078420130312516e+01 -2.425480635041327382e+00 0.000000000000000000e+00
-6.586248912580301429e-01 2.850185647768394226e+00 0.000000000000000000e+00
-1.408931019880505531e+01 -4.061577494829243129e+00 0.000000000000000000e+00
-1.029151066425415095e+01 -5.473398146710982681e-01 0.000000000000000000e+00
4.092784318535555244e+00 4.391022219116763381e+00 0.000000000000000000e+00
1.201776969281184115e+01 1.016181395155154377e+01 0.000000000000000000e+00
1.348627154785645565e+01 5.424430048882347144e+00 0.000000000000000000e+00
-1.351249950642182363e+01 8.376478741438619480e+00 0.000000000000000000e+00
2.672847730374192654e+00 1.002353838131286423e+01 0.000000000000000000e+00
-1.349041775559976131e+01 -1.013796836928013612e+01 0.000000000000000000e+00
-1.106812022968569398e+00 -8.731573677028915625e+00 0.000000000000000000e+00
7.751299687374350711e+00 2.170427301065940284e+00 0.000000000000000000e+00
-1.538979682946165539e+01 4.076452816868916251e+00 0.000000000000000000e+00
6.031266858390320174e+00 -1.256951774966006319e+01 0.000000000000000000e+00
5.041616635312831107e+00 1.185390287743457627e+01 0.000000000000000000e+00
-6.317656838581975798e+00 3.229594935600707206e+00 0.000000000000000000e+00
-1.427806213959327497e+00 -1.036753738148780535e+01 0.000000000000000000e+00
-1.118695960068340156e+01 -2.275792007718266952e+00 0.000000000000000000e+00
1.231094644712767483e+01 -8.042963136567898630e+00 0.000000000000000000e+00
-4.435688793672353469e+00 7.260245636920570789e+00 0.000000000000000000e+00
2.242339729457743847e+00 4.176534782422808845e-01 0.000000000000000000e+00
-8.345877986274656379e+00 -8.907791637826953490e+00 0.000000000000000000e+00
1.596369360378269420e+01 3.120379342359898001e+00 0.000000000000000000e+00
2.170902422675472732e+00 1.631826045148059734e+01 0.000000000000000000e+00
-5.312834579559210013e+00 -1.352291654496353601e+01 0.000000000000000000e+00
-8.392228686165708496e+00 5.898976671719941223e+00 0.000000000000000000e+00
-1.335944783668021607e+00 -1.565668051086787571e+01 0.000000000000000000e+00
2.901697795045794948e+00 -9.395863265675282960e+00 0.000000000000000000e+00
9.336514818338805810e+00 -1.365551857931641777e+01 0.000000000000000000e+00
8.539916161515490600e+00 -4.977016857470133893e+00 0.000000000000000000e+00
-2.784820603069447120e+00 -1.666856654822798589e+01 0.000000000000000000e+00
8.737243378506322600e+00 -3.195024807564330604e+00 0.000000000000000000e+00
-1.410281193853744597e+01 -6.920341156641526936e+00 0.000000000000000000e+00
-1.033397075562030132e+01 -4.423104354639193048e+00 0.000000000000000000e+00
-5.733577736888956444e+00 4.710849811085979333e+00 0.000000000000000000e+00
1.220262596091927954e+01 -1.826715386067936375e+00 0.000000000000000000e+00
-6.451600089682543171e+00 1.286551967730624924e+01 0.000000000000000000e+00
1.553239730080347947e+01 -5.192161297764611438e-01 0.000000000000000000e+00
7.200901527767961774e+00 -8.827225341428476924e+00 0.000000000000000000e+00
-2.130071304733816284e-01 -9.712082195376405824e-01 0.000000000000000000e+00
-4.052062772092069665e+00 5.739282200432974435e+00 0.000000000000000000e+00
-5.995565433115652709e+00 -1.618836109420721669e+01 0.000000000000000000e+00
-1.606325380558299187e+01 -5.310809360651071565e+00 0.000000000000000000e+00
6.545720236150089022e+00 6.740203479113884732e+00 0.000000000000000000e+00
8.040415194160738466e+00 5.193325495403472658e+00 0.000000000000000000e+00
9.610498908359431880e+00 -9.004988258860562311e+00 0.000000000000000000e+00
-1.106291082966121486e+01 -8.390855648708287262e+00 0.000000000000000000e+00
-6.261514383333148359e+00 -7.719003032293143107e+00 0.000000000000000000e+00
-4.264155910590338827e+00 -9.402171486819975499e+00 0.000000000000000000e+00
1.496349096829599468e+01 4.976705052833397147e+00 0.000000000000000000e+00
-3.462025799276332361e+00 1.298902082828648830e+01 0.000000000000000000e+00
7.069791317458242297e+00 1.434770423456255806e+01 0.000000000000000000e+00
3.356201638396743014e+00 -6.850133997962656096e+00 0.000000000000000000e+00
8.367765766787554682e+00 -1.530102774606259963e+01 0.000000000000000000e+00
4.007942612914623837e+00 -1.292922703702360643e+01 0.000000000000000000e+00
7.690961695749634064e-01 7.824575270852920372e-01 0.000000000000000000e+00
-1.111317171400801662e+01 1.319304050486477031e+01 0.000000000000000000e+00
3.073568962216280731e+00 -4.941953333334586418e+00 0.000000000000000000e+00
7.722808811394519246e-01 1.225287641958780682e+01 0.000000000000000000e+00
-1.489059221119659426e+01 1.491208211052980070e+00 0.000000000000000000e+00
1.149165124643323743e+01 1.250841029567087404e+01 0.000000000000000000e+00
1.245186551336964520e+01 -6.351869633142740668e+00 0.000000000000000000e+00
4.453228854219666744e+00 1.444891902843769671e+01 0.000000000000000000e+00
-3.832585597728051408e+00 -1.402405972828615788e+01 0.000000000000000000e+00
-2.116935382565563906e+00 1.430701782476255524e+01 0.000000000000000000e+00
-9.166426839739889587e+00 4.303654021043125333e+00 0.000000000000000000e+00
5.322332060350165150e+00 -9.242356912945385972e+00 0.000000000000000000e+00
-7.765558838506481543e+00 1.101779114577671637e+00 0.000000000000000000e+00
1.612037007351829132e+01 -4.921561986035613678e+00 0.000000000000000000e+00
4.515858444595451715e+00 6.295045229816714993e+00 0.000000000000000000e+00
3.422597410611135649e-01 1.386242790247628065e+01 0.000000000000000000e+00
-2.270156748167081240e+00 1.141187254299432396e+01 0.000000000000000000e+00
4.186018895478559543e+00 8.088671819088915527e+00 0.000000000000000000e+00
5.540278758049679730e+00 1.640619514371643817e+01 0.000000000000000000e+00
-8.681643367269185063e+00 -3.629062119186705182e+00 0.000000000000000000e+00
4.646818202090192251e+00 -3.518886184469599332e+00 0.000000000000000000e+00
-2.710887012533063967e+00 2.725506944889305228e+00 0.000000000000000000e+00
1.560561218168721842e+00 -1.129904096332386310e+01 0.000000000000000000e+00
-4.232790355018192230e+00 1.873533557105784286e+00 0.000000000000000000e+00
8.766276044629503161e+00 1.406077306680788297e+01 0.000000000000000000e+00
1.086403824843685761e+01 -2.865645618876946799e+00 0.000000000000000000e+00
1.068968123143085158e+01 -7.212982559582514774e+00 0.000000000000000000e+00
-1.157127435586126296e+01 -1.285083542846877869e+01 0.000000000000000000e+00
6.303132996843578084e+00 1.045889708529397844e+01 0.000000000000000000e+00
-7.792855242016825557e+00 -1.034475170369316821e+01 0.000000000000000000e+00
-1.521224221646274444e+01 8.221091888467444875e+00 0.000000000000000000e+00
-7.829529259022315557e+00 8.978160852632347755e+00 0.000000000000000000e+00
-5.278147400059021166e+00 -5.599337599199953885e+00 0.000000000000000000e+00
-3.323977577374960801e-01 -2.520357687105819977e+00 0.000000000000000000e+00
-8.705810813413366489e+00 -1.471643880147736994e+01 0.000000000000000000e+00
-2.640302832325175597e+00 -6.363848823627916929e+00 0.000000000000000000e+00
1.187055448516161071e+01 5.943603139656790102e-01 0.000000000000000000e+00
6.114129641174732566e-01 -7.212039413821780265e+00 0.000000000000000000e+00
1.498225940799526335e+01 -7.726649870840476275e+00 0.000000000000000000e+00
1.673488849556519753e+01 1.030978237950363807e+00 0.000000000000000000e+00
6.531862118963955410e+00 -5.966935420607463847e+00 0.000000000000000000e+00
-6.874855055202148790e+00 -3.015492213589618942e+00 0.000000000000000000e+00
2.935869535021838228e+00 1.399301756335001379e+01 0.000000000000000000e+00
6.443986603668992785e+00 1.243973389228147752e+01 0.000000000000000000e+00
-5.700435776293192092e+00 8.081296821879773162e+00 0.000000000000000000e+00
1.389022967021631061e+01 -5.182171059333964269e-01 0.000000000000000000e+00
-9.681591824264664581e+00 1.128065409144339704e+01 0.000000000000000000e+00
1.758268479249882166e+00 -1.619932095979565645e+01 0.000000000000000000e+00
9.077371476435349251e+00 6.598867118081525263e+00 0.000000000000000000e+00
-5.011009968654372315e+00 -1.203984307444482482e+01 0.000000000000000000e+00
-6.210455186232669789e+00 -8.665550842300386858e-01 0.000000000000000000e+00
9.675842384061407842e+00 3.139908399645638948e+00 0.000000000000000000e+00
-3.497028457108760868e+00 -4.083331499785251673e+00 0.000000000000000000e+00
8.506766191506390129e+00 -7.286274294619436098e+00 0.000000000000000000e+00
3.616074902424643023e-01 7.781008479338570538e+00 0.000000000000000000e+00
-1.615132635524811278e+01 -2.063500770751413693e+00 0.000000000000000000e+00
1.156509868160050108e-01 1.655623489703448215e+01 0.000000000000000000e+00
-3.410183820653710285e+00 1.545632341403724297e+01 0.000000000000000000e+00
1.386496588759097470e+01 -4.081716305699081282e+00 0.000000000000000000e+00
-1.268652878848128474e+01 -8.781151752352501560e+00 0.000000000000000000e+00
-1.622572612129081904e+01 8.954109759252427969e-02 0.000000000000000000e+00
1.209858018564718485e+01 4.000412949315804489e+00 0.000000000000000000e+00
1.304796848292929212e+01 -1.130505452801840605e+01 0.000000000000000000e+00
1.317300639656485650e+01 7.952299492071269960e+00 0.000000000000000000e+00
8.290699108709080889e+00 7.978886273579917088e+00 0.000000000000000000e+00
5.320502418992556493e+00 -1.391802164350436222e+01 0.000000000000000000e+00
2.738557511729409200e-01 -9.843971033609090426e+00 0.000000000000000000e+00
-1.300953047407862329e+00 5.006077920188532815e+00 0.000000000000000000e+00
-1.030967000106241471e+01 8.449252484055765677e+00 0.000000000000000000e+00
9.343892442901463369e+00 -1.099834446399512444e+01 0.000000000000000000e+00
-1.289940989321060050e+00 7.679138303564259083e-01 0.000000000000000000e+00
9.690719681049891676e+00 -1.537015231424147865e+00 0.000000000000000000e+00
-2.545364808225740294e+00 -1.218794571615940647e+01 0.000000000000000000e+00
1.127980851556704955e+01 -1.312609315547697975e+01 0.000000000000000000e+00
-2.957292663313510150e+00 -4.083261459841695806e-02 0.000000000000000000e+00
6.983814317982488973e+00 -1.403560885729058683e+01 0.000000000000000000e+00
4.883535934348070207e+00 9.864077080796567643e+00 0.000000000000000000e+00
-1.452958722493142218e+01 -8.902643118945954726e+00 0.000000000000000000e+00
1.142520488329851425e+01 6.088829279651815973e+00 0.000000000000000000e+00
1.679029793035234874e+01 -1.504377170974752653e+00 0.000000000000000000e+00
4.268616021499011204e+00 -1.648452249780343593e+01 0.000000000000000000e+00
1.354173381617352234e+01 1.037593780885841177e+01 0.000000000000000000e+00
-1.240611452409629756e+01 7.853213308608187893e-01 0.000000000000000000e+00
8.919142306695668765e-01 4.435353244010718399e+00 0.000000000000000000e+00
-1.711935123149705262e+01 2.083567011366155519e+00 0.000000000000000000e+00
-5.250549547045346266e+00 -3.298560088381188748e+00 0.000000000000000000e+00
1.685617980533376192e+00 -3.643554808272252199e+00 0.000000000000000000e+00
-9.952506388803387338e+00 6.250888362099905393e+00 0.000000000000000000e+00
-1.262645752565850898e+01 -3.533351268114566679e+00 0.000000000000000000e+00
-8.174879214430816887e+00 -1.321607797074016410e+01 0.000000000000000000e+00
-1.609635592420755756e+01 5.758802974735234947e+00 0.000000000000000000e+00
2.523293574923982874e+00 8.215550815268468199e+00 0.000000000000000000e+00
5.556144429621242331e+00 -7.374455846230826062e+00 0.000000000000000000e+00
1.085605507574399498e-01 9.680330804596939842e+00 0.000000000000000000e+00
-1.213576217671146829e+01 5.881894525802721319e+00 0.000000000000000000e+00
5.921511814468789048e+00 2.885706777966026149e+00 0.000000000000000000e+00
2.005037531996111788e+00 2.296182611952668040e+00 0.000000000000000000e+00
-1.340112738365907941e+00 -7.204751502281804498e+00 0.000000000000000000e+00
-2.619807702237720637e+00 -8.266173854308719982e+00 0.000000000000000000e+00
1.053752494696830944e+01 1.869424056763700825e+00 0.000000000000000000e+00
-2.710288802456978452e+00 9.134504825730710209e+00 0.000000000000000000e+00
-1.467364200126492868e+01 6.697016198736704951e+00 0.000000000000000000e+00
-9.759557757610483719e+00 1.420021379807493922e+01 0.000000000000000000e+00
-1.185746171976676777e+01 8.352241047553999209e+00 0.000000000000000000e+00
-1.232146980512109735e+01 2.318608833794348456e+00 0.000000000000000000e+00
2.933144772825321045e+00 -2.087861897287176305e+00 0.000000000000000000e+00
-9.634227241570471278e+00 -1.160417939710302271e+01 0.000000000000000000e+00
-6.616713806160062994e+00 5.947472930403612246e+00 0.000000000000000000e+00
6.806812854748339525e+00 8.344226740435296108e+00 0.000000000000000000e+00
-1.025643823398922372e+01 -1.363529496396386520e+01 0.000000000000000000e+00
6.794447682894573681e+00 -1.605208380313738914e+01 0.000000000000000000e+00
-6.093421415657707563e+00 1.555098052392411567e+01 0.000000000000000000e+00
1.011480867611929391e+01 -4.467364891180420017e+00 0.000000000000000000e+00
1.473835817093494427e+01 8.703684887735638753e-01 0.000000000000000000e+00
1.384643567166392586e+01 -9.098780119515607723e+00 0.000000000000000000e+00
-7.829872709377816875e+00 3.157963413059496460e+00 0.000000000000000000e+00
-1.433175948301752456e+01 9.636434887359571988e+00 0.000000000000000000e+00
1.414524373610637831e+01 -5.624682410567830360e+00 0.000000000000000000e+00
1.201148052053591542e+00 -5.562842946399122468e+00 0.000000000000000000e+00
-1.165999376434259105e+01 -1.008116664312260724e+01 0.000000000000000000e+00
-7.309786410097286691e+00 1.137457469608414939e+01 0.000000000000000000e+00
-6.010576305325200153e+00 -9.323106757946753476e+00 0.000000000000000000e+00
-4.296987162803785232e+00 1.680785381038294801e+01 0.000000000000000000e+00
-7.675525894229612511e+00 1.545203778077327605e+01 0.000000000000000000e+00
3.905015443962594368e+00 9.213328127011995994e-01 0.000000000000000000e+00
1.133746309818669751e+01 -9.411424407662506653e+00 0.000000000000000000e+00
6.530554125633900142e+00 4.623634728472597821e+00 0.000000000000000000e+00
-1.232414058940071122e+01 1.204974185740563897e+01 0.000000000000000000e+00
-5.904299850959561446e+00 9.868246387031089029e+00 0.000000000000000000e+00
7.709470045723122666e+00 -1.054922633241220176e+01 0.000000000000000000e+00
-1.046708904088870851e+00 -5.627635872334304068e+00 0.000000000000000000e+00
-1.233419442675617983e+00 -1.735465142055143062e+01 0.000000000000000000e+00
-1.458505056716725257e+01 -2.338014412840711334e-02 0.000000000000000000e+00
1.164142655313744967e+01 -5.045914825091992739e+00 0.000000000000000000e+00
1.712454503684794460e+01 -3.527521436020063739e+00 0.000000000000000000e+00
3.438362256870766132e+00 -1.134750625159021276e+01 0.000000000000000000e+00
8.446860299297208385e+00 6.599267494299952963e-01 0.000000000000000000e+00
3.876833993809788215e+00 -1.482729942994984285e+01 0.000000000000000000e+00
1.541960116224188226e+01 -3.162507651420734422e+00 0.000000000000000000e+00
1.027305058680790140e+01 8.021203731184673558e+00 0.000000000000000000e+00
-2.414806327215002657e+00 -1.455102523600126263e+00 0.000000000000000000e+00
5.853697952202321808e+00 -1.653334243150591520e+00 0.000000000000000000e+00
-3.914798056158286688e+00 -1.659913655599879911e+00 0.000000000000000000e+00
1.601390814504017968e+01 6.182455005564381878e+00 0.000000000000000000e+00
-2.047669012455746618e+00 -3.466412722003182623e+00 0.000000000000000000e+00
-4.259897912926612129e+00 1.125803803670001635e+01 0.000000000000000000e+00
7.664247266734394159e+00 -1.229044536724825143e+01 0.000000000000000000e+00
5.199892286987278567e+00 -1.097519547773426218e+01 0.000000000000000000e+00
-1.305095952787002389e+01 1.070119945544759332e+01 0.000000000000000000e+00
3.143899522551229619e+00 1.237759570020519462e+01 0.000000000000000000e+00
-8.839905802904787890e+00 1.275814140336637159e+01 0.000000000000000000e+00
1.671344113671982967e+01 4.840708035431375400e+00 0.000000000000000000e+00
-1.068043922943225255e+00 8.415396624946936299e+00 0.000000000000000000e+00
-2.358324806119149741e-01 -4.249642133964196766e+00 0.000000000000000000e+00
5.042876336133484294e+00 -5.749561179416406986e+00 0.000000000000000000e+00
-7.357666420192229495e+00 -1.180266915468058109e+01 0.000000000000000000e+00
3.549411950364541379e+00 1.710614658576850999e+01 0.000000000000000000e+00
1.610803437711041042e+01 -6.529207592872027455e+00 0.000000000000000000e+00
1.095514902326073070e+01 -1.125265759072714999e+01 0.000000000000000000e+00
1.276859295873742584e+00 -1.289721995194058834e+01 0.000000000000000000e+00
-2.044827566898824056e+00 6.745301426257259259e+00 0.000000000000000000e+00
6.454885077271714344e+00 8.791445916770002089e-01 0.000000000000000000e+00
-2.122631756547543880e+00 -1.384890478065246633e+01 0.000000000000000000e+00
-1.278692453418635822e+01 3.869437916531651034e+00 0.000000000000000000e+00
-1.382796766003770106e+00 1.266311141863379319e+01 0.000000000000000000e+00
1.803573458630352233e+00 5.725025277075879160e+00 0.000000000000000000e+00
-2.069559877783980095e+00 1.708777540699927755e+01 0.000000000000000000e+00
8.116045453909459084e+00 -8.122515974128320382e-01 0.000000000000000000e+00
1.165788021497419891e+00 -2.083406626918272497e+00 0.000000000000000000e+00
8.610343629400896148e+00 1.151465321287690813e+01 0.000000000000000000e+00
-4.508674860858028488e+00 -7.886237723802450361e+00 0.000000000000000000e+00
3.079195987297818626e-01 -1.725711397898685462e+01 0.000000000000000000e+00
1.034125218793842116e+01 4.922817448823114894e+00 0.000000000000000000e+00
-7.176271487908660873e+00 -1.517713681914648305e+01 0.000000000000000000e+00
-9.510901227848586714e+00 1.065921971880396280e+00 0.000000000000000000e+00
9.819678997785679542e+00 1.262189530375902535e+01 0.000000000000000000e+00
