-3.027664923016954557e+00 1.831978369254597183e+01 0.000000000000000000e+00
-5.419450126241736054e-01 -3.755003857874042339e+00 0.000000000000000000e+00
4.251301988664778486e-01 2.829378230618140755e+00 0.000000000000000000e+00
-1.311301566456735657e+01 1.011017505001034245e+01 0.000000000000000000e+00
-1.565086347306391978e+01 1.053077474932701030e+01 0.000000000000000000e+00
1.694879075117663092e+01 -7.339155068742275745e+00 0.000000000000000000e+00
-5.638414143455453775e+00 -1.106777673570871023e+01 0.000000000000000000e+00
1.098563989986776335e+01 1.964997435189352881e+00 0.000000000000000000e+00
1.027418490543898066e+01 -1.315313199408910272e+01 0.000000000000000000e+00
-7.867299605128319051e+00 1.629876838346947565e+01 0.000000000000000000e+00
5.724910991580954622e+00 1.142935763522329395e+01 0.000000000000000000e+00
7.060236172803004528e+00 1.435106631377182040e+01 0.000000000000000000e+00
-1.140689888849551537e+01 -4.789390783164881427e+00 0.000000000000000000e+00
8.793173770591964367e-01 1.370488226412353905e+00 0.000000000000000000e+00
6.154431457493135582e+00 -9.211968957261536417e+00 0.000000000000000000e+00
-1.191066169802274999e+01 4.090971217946390404e+00 0.000000000000000000e+00
-8.623509047815906214e+00 -6.360134224278128912e+00 0.000000000000000000e+00
-3.192933448848865208e+00 6.719865001291681850e+00 0.000000000000000000e+00
-9.516925127458126354e+00 -4.554635193433204776e+00 0.000000000000000000e+00
-1.673494238934896217e+01 -1.261808811272545905e-01 0.000000000000000000e+00
4.566097717164232961e+00 9.988116079378901446e+00 0.000000000000000000e+00
-1.526893844878429363e+01 1.839302913365468806e+00 0.000000000000000000e+00
2.806552020431176242e+00 1.636039941808820330e+01 0.000000000000000000e+00
1.133517056309833393e+01 3.703642566300309635e+00 0.000000000000000000e+00
1.380676329185092222e+01 1.223450094592287929e+00 0.000000000000000000e+00
-3.985816398821173223e+00 -1.363863673574343416e+01 0.000000000000000000e+00
1.386387614110069144e+01 -1.212572959751919122e+01 0.000000000000000000e+00
-9.157486791123112368e+00 1.428912909356578886e+01 0.000000000000000000e+00
4.881796496614844827e+00 1.368600592001381422e+01 0.000000000000000000e+00
-1.413810630457517448e+01 -1.198807532984828583e+01 0.000000000000000000e+00
8.158422721197128524e+00 -4.443003166105381041e+00 0.000000000000000000e+00
1.815338135614941173e+00 -9.839029062750055843e+00 0.000000000000000000e+00
1.999230938945676606e+00 1.173004109057227140e+01 0.000000000000000000e+00
8.561608488167081532e+00 9.006351700678184358e+00 0.000000000000000000e+00
2.848926067528270156e+00 -1.652804624910001152e+01 0.000000000000000000e+00
8.417154030401640341e+00 2.779079752372146661e-01 0.000000000000000000e+00
-4.699330343404747978e+00 -1.570769499882484688e+01 0.000000000000000000e+00
-2.045267989460334501e+00 1.024317153517418610e+01 0.000000000000000000e+00
-6.295519933519865496e+00 1.508169337700153001e+01 0.000000000000000000e+00
3.421467814243760452e-01 7.158244357304831773e+00 0.000000000000000000e+00
-6.123914106301397098e+00 -5.039207646606496560e+00 0.000000000000000000e+00
-1.206189433610936845e+01 5.970756135048361557e+00 0.000000000000000000e+00
-1.464073709867122730e+01 -1.908160801502240211e+00 0.000000000000000000e+00
-1.128044731476716933e+01 -1.226734664640685857e+01 0.000000000000000000e+00
-3.369292366902232327e+00 3.138801182448583749e+00 0.000000000000000000e+00
-1.436314649545526478e+01 3.690596795731035940e+00 0.000000000000000000e+00
7.627806542655807931e+00 -9.718041614678046614e+00 0.000000000000000000e+00
-1.398195978936902062e+00 -1.510380912019079069e+01 0.000000000000000000e+00
-2.574999984493612004e+00 1.415105589771781958e+01 0.000000000000000000e+00
-1.368276768747384153e+01 2.017807379451506566e+00 0.000000000000000000e+00
1.099479041114292777e+01 1.065592640769382271e+01 0.000000000000000000e+00
-1.329569886789628441e+01 -6.492715930838192762e+00 0.000000000000000000e+00
1.339257166220478723e+01 -1.057980359099276590e+01 0.000000000000000000e+00
5.604063782158717366e+00 1.600637701797237256e+01 0.000000000000000000e+00
1.283925587941916469e+01 -2.738354996238157479e+00 0.000000000000000000e+00
-7.843054278050175521e-01 5.254595023572210533e-01 0.000000000000000000e+00
-4.524785666520273253e+00 -5.008311944975192276e+00 0.000000000000000000e+00
-3.704272734321411686e+00 4.796187739005284278e+00 0.000000000000000000e+00
-7.385538428494170304e+00 -1.762108149214431041e+00 0.000000000000000000e+00
-9.303821924117345432e+00 -8.867706928527731236e+00 0.000000000000000000e+00
7.576491435399507424e+00 1.084874954326918228e+01 0.000000000000000000e+00
1.176741400386107905e+01 -7.326217508946165635e-01 0.000000000000000000e+00
9.718477989391978156e+00 -1.966861644822683219e+00 0.000000000000000000e+00
4.521190646043466543e+00 5.247768504643590681e+00 0.000000000000000000e+00
7.749608738669111832e-03 1.612695910461724580e+01 0.000000000000000000e+00
6.888544615057812237e+00 -2.573372375554729530e+00 0.000000000000000000e+00
1.753444322801578181e+01 6.706851316700065624e+00 0.000000000000000000e+00
3.640563389968328956e+00 -8.077440045942175795e-01 0.000000000000000000e+00
-6.011549751249944507e+00 7.574423727853798027e+00 0.000000000000000000e+00
-4.345406782291644454e+00 9.447205513477936023e+00 0.000000000000000000e+00
1.122799110536481404e+00 -1.771714025035471352e+01 0.000000000000000000e+00
1.200916521831457473e+01 -1.355733019576816467e+01 0.000000000000000000e+00
1.541862845439144181e+01 4.922795985920111583e+00 0.000000000000000000e+00
-1.590361957438299001e+00 -1.019859817262479851e+01 0.000000000000000000e+00
1.050026403826173826e+01 -6.224136820141985993e+00 0.000000000000000000e+00
1.602879446548934439e+00 -2.895004581866330362e+00 0.000000000000000000e+00
4.546147268957274612e+00 -6.277235158195346720e+00 0.000000000000000000e+00
-4.006062110849032187e+00 -1.917146127168660064e+00 0.000000000000000000e+00
-1.997740049508567761e+00 5.802736381171429869e+00 0.000000000000000000e+00
-1.547901443134604271e+01 -4.575169573643619536e+00 0.000000000000000000e+00
5.322079181389569591e+00 -3.762327922812937597e+00 0.000000000000000000e+00
-8.815665053935966000e+00 -1.598536128261960343e+01 0.000000000000000000e+00
-1.299778365421218496e+01 -4.233012845749490438e+00 0.000000000000000000e+00
2.494203128482427090e+00 -7.577240581055805890e+00 0.000000000000000000e+00
1.668070654753134008e+01 6.917995343098962691e-01 0.000000000000000000e+00
3.530961738064952282e+00 7.682685674303858292e+00 0.000000000000000000e+00
-8.479733818133111001e+00 5.014231783242782292e+00 0.000000000000000000e+00
-1.054388998734120264e+01 1.526778201762947518e+01 0.000000000000000000e+00
1.022942068449538944e+01 1.416658591052914140e+01 0.000000000000000000e+00
4.216504219968886247e+00 3.483365444922351450e+00 0.000000000000000000e+00
1.208069504778874048e+01 1.460349951584480088e+01 0.000000000000000000e+00
1.008203214287191685e+01 9.207024418058233906e+00 0.000000000000000000e+00
3.478625819138258635e+00 -4.637027829251679556e+00 0.000000000000000000e+00
2.130236603469933598e+00 1.488404785117794127e+01 0.000000000000000000e+00
-1.015984482047023008e+01 -2.078823542539725899e+00 0.000000000000000000e+00
-2.099162574938731929e+00 -2.879608696691053016e+00 0.000000000000000000e+00
5.756709698218312354e+00 2.293045718199611116e+00 0.000000000000000000e+00
-3.327569299983847095e+00 -9.605639399720967475e+00 0.000000000000000000e+00
-1.355480029398207265e+01 1.247416089552571705e+01 0.000000000000000000e+00
-3.270480332194393380e+00 -4.024923746545830738e+00 0.000000000000000000e+00
-1.325878957926736312e+01 7.938812346278873555e+00 0.000000000000000000e+00
1.799977489176789192e+01 5.071056568970787382e+00 0.000000000000000000e+00
-1.137221932308172434e+01 7.467159220344956161e+00 0.000000000000000000e+00
8.333714848164649469e-01 -1.497721264580024858e+01 0.000000000000000000e+00
1.595196737739472503e+01 8.852456277336564483e+00 0.000000000000000000e+00
-6.640179712052428407e+00 -1.744798418035512100e+01 0.000000000000000000e+00
1.409586208831541843e+00 -6.405244721534844921e+00 0.000000000000000000e+00
7.783692677105967794e-01 -1.281001947496468141e+01 0.000000000000000000e+00
9.391790521687733317e+00 -1.191778839398079448e+01 0.000000000000000000e+00
8.406483163397215463e+00 -1.552906318558293108e+01 0.000000000000000000e+00
1.514628262543676840e+01 -8.476971049622246568e+00 0.000000000000000000e+00
-7.992424378493882209e+00 2.184908844968092012e+00 0.000000000000000000e+00
-1.822788975310151471e+01 -1.401999036025536993e+00 0.000000000000000000e+00
9.816323184840088700e+00 1.589821323285285892e+01 0.000000000000000000e+00
-1.828944959577270524e+01 2.304383255656363705e+00 0.000000000000000000e+00
9.960386866804070038e+00 5.327909216838676576e-01 0.000000000000000000e+00
-3.600630561036328281e+00 1.950863881919999432e-01 0.000000000000000000e+00
-9.032942737973419511e+00 1.213134963176957015e+01 0.000000000000000000e+00
2.179205843587210534e-01 -6.744480800271432930e-01 0.000000000000000000e+00
7.962680239478599376e+00 -6.081757977664564052e+00 0.000000000000000000e+00
1.283512127295052885e+01 7.870908180498570772e+00 0.000000000000000000e+00
7.902332634716930038e+00 -7.744947832227439655e+00 0.000000000000000000e+00
-1.669828406182636371e+01 2.426411769006075581e+00 0.000000000000000000e+00
1.463166951716603847e+01 6.907992496764847168e+00 0.000000000000000000e+00
2.664897860677509556e+00 4.691068176536747458e+00 0.000000000000000000e+00
-4.713727276875781413e+00 1.304485577809698427e+01 0.000000000000000000e+00
-2.931971789028313680e+00 -1.472490589773061309e+01 0.000000000000000000e+00
1.527772259098087737e+01 -4.455165311623132673e+00 0.000000000000000000e+00
9.605592692717491721e-01 1.867593937947211202e+01 0.000000000000000000e+00
8.632343168290422142e+00 1.282956635324236849e+01 0.000000000000000000e+00
-9.325780684989616987e+00 -1.052171726793240758e+01 0.000000000000000000e+00
6.055782870112648375e+00 5.366936717088869990e+00 0.000000000000000000e+00
1.330828677188365994e+01 3.440176805310926955e+00 0.000000000000000000e+00
-1.678737562780422721e+01 6.183464160777070617e+00 0.000000000000000000e+00
-1.363741469356894109e+00 1.162630750422580483e+01 0.000000000000000000e+00
-1.349503583508782967e+01 -5.374604969260171616e-01 0.000000000000000000e+00
1.489942059147003128e+01 -6.220445431926361124e+00 0.000000000000000000e+00
6.476427112470629410e+00 7.900716206128651109e+00 0.000000000000000000e+00
1.322765615429590014e+01 1.059150009472930165e+01 0.000000000000000000e+00
1.878314658014357263e+01 9.170034772228749520e-02 0.000000000000000000e+00
-2.743897742986297406e+00 -5.999954275327399777e+00 0.000000000000000000e+00
7.758235159061581676e+00 2.068690565930800584e+00 0.000000000000000000e+00
-8.246436211847127939e-01 -1.150164003757009112e+01 0.000000000000000000e+00
4.448521536258379427e+00 -1.060472916209799799e+01 0.000000000000000000e+00
-9.617276801216885218e+00 7.881163692316108360e+00 0.000000000000000000e+00
3.436053696855695394e-01 -8.045291260248250254e+00 0.000000000000000000e+00
1.591682845960257886e+01 2.243386143097735541e+00 0.000000000000000000e+00
3.265987563645509351e+00 1.304313805338117405e+01 0.000000000000000000e+00
7.853201859317878508e+00 5.000036105831730637e+00 0.000000000000000000e+00
-1.575293166055965921e+00 -1.709679192146434090e+01 0.000000000000000000e+00
3.679614182839438641e+00 -1.376917569630282756e+01 0.000000000000000000e+00
-1.165546939703556717e+01 -2.437070524623674128e+00 0.000000000000000000e+00
1.060657553717565449e+01 -8.409975341398403970e+00 0.000000000000000000e+00
1.251807878742830837e+01 -4.946353121548655807e+00 0.000000000000000000e+00
-7.353380531239959161e+00 -1.374321613003981568e+01 0.000000000000000000e+00
9.566562031351573125e+00 3.520911755097618112e+00 0.000000000000000000e+00
-1.457331413658330632e+01 -7.928769074992151999e+00 0.000000000000000000e+00
1.502819042031042862e+01 1.031712878477117812e+01 0.000000000000000000e+00
-1.189257337519036462e+01 1.252615816736685517e+01 0.000000000000000000e+00
1.101728537548619258e+01 7.174948304971704438e+00 0.000000000000000000e+00
-6.286632301262701006e+00 3.606577556541393115e+00 0.000000000000000000e+00
3.372468654152675160e+00 -1.863713558350699984e+01 0.000000000000000000e+00
-8.047691563663931902e+00 9.493823850940481535e+00 0.000000000000000000e+00
-3.305454282510113195e+00 -8.098415709943502350e+00 0.000000000000000000e+00
2.087670084826589167e-01 4.910412677314717200e+00 0.000000000000000000e+00
5.131976995298389355e+00 -1.247635225345239895e+01 0.000000000000000000e+00
7.019573127231706379e-03 1.457164148845329166e+01 0.000000000000000000e+00
1.211110372729264562e+01 1.202896274807126353e+01 0.000000000000000000e+00
-3.765145114813077232e+00 1.647629833480424111e+01 0.000000000000000000e+00
-2.262609818730300759e+00 -1.261884811863410683e+01 0.000000000000000000e+00
-1.045358117921131402e+01 -7.049437013256008910e+00 0.000000000000000000e+00
-6.421455418365993317e+00 1.215933728743715925e+01 0.000000000000000000e+00
1.094551546881672266e+01 -3.622113343518812201e+00 0.000000000000000000e+00
-1.776259536509122583e+01 4.720817702231497215e+00 0.000000000000000000e+00
2.328978311661528799e+00 2.192726129273887548e+00 0.000000000000000000e+00
-1.380771277625006377e+01 -1.044332239076687685e+01 0.000000000000000000e+00
-6.093820692599964062e+00 -7.541328781565843187e+00 0.000000000000000000e+00
6.631532991288842105e+00 1.005883901683446296e-01 0.000000000000000000e+00
-5.638378978544021258e+00 -1.334633717801350805e+01 0.000000000000000000e+00
6.473008002802817629e+00 -1.765713035878153292e+01 0.000000000000000000e+00
-1.217897231687494752e+01 -1.388792767874407197e+01 0.000000000000000000e+00
-1.093498355778325681e+01 -9.727744537705826033e+00 0.000000000000000000e+00
-1.653994720059620960e+01 -8.792915512975682191e+00 0.000000000000000000e+00
1.449705490805447994e+01 1.223763079210601035e+01 0.000000000000000000e+00
3.180710532977739202e+00 -2.615688460261785586e+00 0.000000000000000000e+00
8.176869766684784491e-01 1.307676505195026095e+01 0.000000000000000000e+00
-1.144375715313744379e+01 1.572612355707125431e+00 0.000000000000000000e+00
-5.387235159446943200e+00 2.150056168117926436e+00 0.000000000000000000e+00
1.065600804717612071e+01 -9.954655762880097569e+00 0.000000000000000000e+00
-8.273205968867696214e+00 6.968684736779535704e+00 0.000000000000000000e+00
-8.911988162266970548e+00 -4.030049235446893086e-01 0.000000000000000000e+00
3.823518898406897293e+00 1.757590154028145335e+01 0.000000000000000000e+00
-1.494865651005057750e+00 -6.950599353179325313e+00 0.000000000000000000e+00
1.877848632670170659e+01 2.177191394681340153e+00 0.000000000000000000e+00
-4.025484017210754217e+00 -1.834211071057937659e+01 0.000000000000000000e+00
5.729945786501774441e-01 1.116961278249635647e+01 0.000000000000000000e+00
1.816016898329641904e+01 -2.526789961101769233e+00 0.000000000000000000e+00
3.085609570844192628e+00 9.406896910784208643e+00 0.000000000000000000e+00
1.276696563394787809e+01 6.131827358386000348e+00 0.000000000000000000e+00
-6.418891632720928442e+00 9.780992851036346636e+00 0.000000000000000000e+00
-2.339761785293633656e-01 -1.879730531150701012e+01 0.000000000000000000e+00
-9.976506584425985480e+00 2.751251796020456108e+00 0.000000000000000000e+00
-4.438661110544836141e+00 7.927007122488933355e+00 0.000000000000000000e+00
8.139724559981081242e+00 1.616941716794931594e+01 0.000000000000000000e+00
4.194677115442191351e+00 1.156604777502490755e+01 0.000000000000000000e+00
1.523085464682372425e+01 -1.020612977932014331e+01 0.000000000000000000e+00
8.751344424199045235e+00 7.245002093131875931e+00 0.000000000000000000e+00
-9.848972069983449984e+00 -1.376969501666814111e+01 0.000000000000000000e+00
-1.158267623167312088e+01 9.045543518875168942e+00 0.000000000000000000e+00
1.089130944410322499e+01 5.367172815187599255e+00 0.000000000000000000e+00
-6.074500198056586697e+00 5.246711331689969393e-01 0.000000000000000000e+00
-8.130736801164346161e+00 -3.634457067298353827e+00 0.000000000000000000e+00
-1.250567920748230755e+01 -1.127284202108093858e+01 0.000000000000000000e+00
1.756909298997154778e+01 -4.583303419661739930e+00 0.000000000000000000e+00
5.194592605988118450e+00 7.071919140523636571e+00 0.000000000000000000e+00
-1.063060667781161506e+01 -1.568067578287166874e+01 0.000000000000000000e+00
-1.488330352324744688e+01 7.738918242057577501e+00 0.000000000000000000e+00
4.374644170113723085e+00 6.436110183410426178e-01 0.000000000000000000e+00
-1.096608753993710650e+01 1.047632846702076570e+01 0.000000000000000000e+00
-4.673583078474799812e+00 1.524076502834413915e+01 0.000000000000000000e+00
-9.829563378028456810e+00 9.089239296833907522e-01 0.000000000000000000e+00
-6.036460711518698119e+00 5.970416944399900672e+00 0.000000000000000000e+00
-1.783475789505987663e+01 -4.799112953216460475e+00 0.000000000000000000e+00
7.091591200179440335e+00 1.258180229004529416e+01 0.000000000000000000e+00
3.939866155425153060e+00 -8.555600818246958283e+00 0.000000000000000000e+00
-1.443508335090831451e+01 -3.480385173418726996e+00 0.000000000000000000e+00
1.136953516982990964e+00 9.648864930795120642e+00 0.000000000000000000e+00
1.382529246609218454e+01 -1.533977620205300152e+00 0.000000000000000000e+00
-1.238689934598680686e+01 -9.121886037724877383e+00 0.000000000000000000e+00
5.307070271458018240e+00 -1.399576955712612403e+01 0.000000000000000000e+00
-5.800530044909479876e+00 1.707315072650115795e+01 0.000000000000000000e+00
1.845589078615742729e+00 8.305774888309544579e+00 0.000000000000000000e+00
-1.055715333778145748e+00 1.761043338833855998e+01 0.000000000000000000e+00
-1.621980593683565530e+01 -2.560597101118012642e+00 0.000000000000000000e+00
-5.883777556109368589e+00 -1.200340483239779932e+00 0.000000000000000000e+00
-1.450359610821001155e+01 5.560042147433112980e+00 0.000000000000000000e+00
1.447640660165585125e+00 -4.698525361178019111e+00 0.000000000000000000e+00
1.854552412207848722e+00 -6.687779879038934228e-01 0.000000000000000000e+00
-4.478068883731763705e+00 -1.221969047704765465e+01 0.000000000000000000e+00
-1.641337612686685787e+01 8.053606042374218177e+00 0.000000000000000000e+00
2.085106630508406056e+00 6.667725259308124208e+00 0.000000000000000000e+00
-1.520875524727457773e+01 -4.456037421959203604e-01 0.000000000000000000e+00
1.287605206951570835e+01 -8.146536292711319405e+00 0.000000000000000000e+00
-8.405206853348550666e+00 -1.223648604860117040e+01 0.000000000000000000e+00
-6.938727461347929726e+00 -8.843784705213588282e+00 0.000000000000000000e+00
-1.044450300905403850e+01 -4.831598845115621654e-01 0.000000000000000000e+00
5.307839429555458288e+00 -2.176333850479451382e+00 0.000000000000000000e+00
6.903558029520884709e+00 -1.565214455550611383e+01 0.000000000000000000e+00
1.723823080891807180e+01 3.214931304079622354e+00 0.000000000000000000e+00
-1.604723696785243447e+01 -6.398304399839755519e+00 0.000000000000000000e+00
-1.455422512994657858e+00 3.144608039486265216e+00 0.000000000000000000e+00
4.911388796723112904e+00 -1.673923922842247691e+01 0.000000000000000000e+00
1.593232624188248714e+01 -1.803522986743703038e+00 0.000000000000000000e+00
-2.079708500707653673e+00 1.581865232313782599e+01 0.000000000000000000e+00
5.924256743635281097e+00 -7.489043477859405051e+00 0.000000000000000000e+00
-4.537596902962662826e-01 8.521888481435622609e+00 0.000000000000000000e+00
