-9.927042850492520998e+00 -1.073258155528634283e+01 0.000000000000000000e+00
-1.168256451133031426e+01 -9.754707228848712219e+00 0.000000000000000000e+00
7.901546911809440132e+00 -1.659450668104075532e+01 0.000000000000000000e+00
-7.509579650981274002e-01 -2.267446558409432100e+00 0.000000000000000000e+00
6.482014929844833739e-01 -1.825718869409489287e+01 0.000000000000000000e+00
6.745442537171213893e+00 1.160208961970767483e+01 0.000000000000000000e+00
-6.041987061199654896e+00 -7.870535379745781768e+00 0.000000000000000000e+00
-6.648583319005196834e+00 1.105824987914690105e+01 0.000000000000000000e+00
-5.874653127870905323e+00 -1.506513449257058745e+01 0.000000000000000000e+00
2.930420914473719218e+00 -1.051690388305588186e+01 0.000000000000000000e+00
-1.578696998956650255e+01 5.358140070746172157e+00 0.000000000000000000e+00
1.245667869514458204e+01 4.988978674378346412e+00 0.000000000000000000e+00
1.202267210140924547e+01 9.792761943458884843e+00 0.000000000000000000e+00
-2.541179349953727851e+00 2.300149185194655041e-02 0.000000000000000000e+00
9.994110946579997545e+00 -1.415955289738056422e+01 0.000000000000000000e+00
1.489093674671981304e+01 4.137103922430333647e+00 0.000000000000000000e+00
-1.641432284925052665e+00 -1.002022505256317508e+01 0.000000000000000000e+00
1.023302987038336376e+01 7.647086668846759139e+00 0.000000000000000000e+00
-1.572909570092411613e+01 8.471459917027308606e+00 0.000000000000000000e+00
3.424163681371055645e+00 -9.070463146622753214e+00 0.000000000000000000e+00
-8.681165283769328056e+00 -4.115470248003498810e+00 0.000000000000000000e+00
-1.208694888448072602e+00 -1.690945497585729385e+01 0.000000000000000000e+00
6.476645104092652261e+00 1.727928284724616503e+01 0.000000000000000000e+00
8.823429290991480656e+00 8.707608618982984439e+00 0.000000000000000000e+00
1.022574147999887906e+01 1.381412227690659300e+01 0.000000000000000000e+00
-1.184220239561027022e+01 1.431971272196900635e+01 0.000000000000000000e+00
-1.103899958005941251e+01 1.072703906189263989e+01 0.000000000000000000e+00
1.518976601214330424e+00 1.380588433449880448e+01 0.000000000000000000e+00
-1.631560917064044247e+01 -2.309401327223937095e+00 0.000000000000000000e+00
-1.156810987329023455e+01 -1.159607687885533522e+01 0.000000000000000000e+00
-6.906623217566176365e+00 7.986023760868119048e+00 0.000000000000000000e+00
-5.318936586237672515e+00 -3.314875221789907567e+00 0.000000000000000000e+00
-5.823703954004615824e+00 1.409436702246889439e+01 0.000000000000000000e+00
-7.778564882029549210e+00 1.467005600479508765e+01 0.000000000000000000e+00
9.303355275822010384e+00 -6.018816343922364531e+00 0.000000000000000000e+00
4.131166602014116229e+00 8.226300389284224579e+00 0.000000000000000000e+00
5.018844129089879758e+00 1.362618769099212201e+01 0.000000000000000000e+00
-1.444707790778137557e+01 -2.411997940339322355e+00 0.000000000000000000e+00
1.222042445767187013e+00 8.980446761036022352e+00 0.000000000000000000e+00
5.982443405534852765e+00 -8.127532076336287048e+00 0.000000000000000000e+00
-6.655834712025018085e+00 -2.553374679097687228e+00 0.000000000000000000e+00
-1.789430839283546959e+01 -2.941607377201545415e+00 0.000000000000000000e+00
1.437450060959871934e+01 -6.025039500889707966e+00 0.000000000000000000e+00
1.159790579159808710e-01 3.737983560560302898e+00 0.000000000000000000e+00
-3.668883630871761170e+00 1.659130965500072463e+01 0.000000000000000000e+00
-1.382529061169610429e+01 1.067680305050363110e+01 0.000000000000000000e+00
-8.979724751942510963e+00 -1.892323012114814462e+00 0.000000000000000000e+00
-1.268754415081624565e+01 9.244381308202109793e+00 0.000000000000000000e+00
1.106155210105253417e+01 -1.297852140776841701e+01 0.000000000000000000e+00
4.691628076995439933e+00 2.867443747394298637e+00 0.000000000000000000e+00
-5.526636708796765163e+00 6.548422860910305232e+00 0.000000000000000000e+00
-5.119652650359281409e+00 -1.067418362407811472e+01 0.000000000000000000e+00
1.809558671509442362e+01 -1.534079695940186561e+00 0.000000000000000000e+00
1.169697444606194914e+01 -4.191321140286150104e+00 0.000000000000000000e+00
-1.781527203614173516e+01 1.733883207417678873e+00 0.000000000000000000e+00
1.402099810935258262e+00 1.582252660855327342e+01 0.000000000000000000e+00
-1.257031459655730110e+01 3.103804262972087002e+00 0.000000000000000000e+00
5.075568418037902596e+00 -1.584488766163471229e+00 0.000000000000000000e+00
-8.874357825759920715e+00 1.226653187791976052e+01 0.000000000000000000e+00
-1.772159563533178428e+01 5.015439739167519839e+00 0.000000000000000000e+00
3.192210531931163775e+00 6.845437250544899044e+00 0.000000000000000000e+00
1.015695701274959539e+01 9.458391554019492276e+00 0.000000000000000000e+00
1.321081901203002928e+01 -2.413258792846455503e+00 0.000000000000000000e+00
-1.504571886707731387e+01 -1.130054086529543333e+01 0.000000000000000000e+00
-1.073449584476994367e+01 4.563273528494789844e+00 0.000000000000000000e+00
9.902201007684588996e-01 -7.933750706884112880e+00 0.000000000000000000e+00
8.981538028840997612e+00 -2.798050231068312854e+00 0.000000000000000000e+00
-1.621849561462780542e+01 -4.457259367339937661e+00 0.000000000000000000e+00
1.122759689025126129e+01 -1.175784674286688147e-01 0.000000000000000000e+00
4.046034343458640770e+00 -7.575796583439042386e+00 0.000000000000000000e+00
-1.031318144808112969e+01 -9.739869688183875329e-01 0.000000000000000000e+00
1.947243711287410362e+00 -4.539829722151656810e+00 0.000000000000000000e+00
-3.635866086654340190e+00 7.068104490942490159e+00 0.000000000000000000e+00
-3.125969747527172160e+00 1.093214372035029491e+01 0.000000000000000000e+00
1.261735056234772401e+01 3.188130209372230350e+00 0.000000000000000000e+00
-2.745972888716694982e+00 -5.127711697064006202e+00 0.000000000000000000e+00
3.545681862282904273e+00 1.437946408395362319e+01 0.000000000000000000e+00
-7.286425709959225117e+00 1.712148864024724659e+01 0.000000000000000000e+00
7.704362302618150693e+00 2.321174721888156434e+00 0.000000000000000000e+00
5.016512335298971337e+00 -3.354635835020330692e+00 0.000000000000000000e+00
4.629915727558278959e+00 4.656116702109896366e+00 0.000000000000000000e+00
8.358807999389163967e+00 6.262821347367047986e-01 0.000000000000000000e+00
3.740492307942192785e+00 -1.304515002012986891e+01 0.000000000000000000e+00
6.024692607357876817e+00 1.847408361867315607e+00 0.000000000000000000e+00
5.150782326038206849e-01 -1.388974867643738120e+00 0.000000000000000000e+00
-4.564299921745310407e+00 -9.056318707030470705e+00 0.000000000000000000e+00
6.697436149247387505e+00 -3.865843763103895547e+00 0.000000000000000000e+00
2.529585732442274804e+00 -7.246943653666930274e+00 0.000000000000000000e+00
-9.296961359588335583e+00 -1.444990968914457596e+01 0.000000000000000000e+00
-1.419296430468147818e+01 1.714884624088292842e-01 0.000000000000000000e+00
1.391665533646786379e+01 9.630719285392803641e+00 0.000000000000000000e+00
1.082643311383892359e-01 1.325483247473991533e+01 0.000000000000000000e+00
1.485443537470459141e+01 2.206559296979832829e-01 0.000000000000000000e+00
1.154851251135914936e+01 -1.111444127784918834e+01 0.000000000000000000e+00
8.067572083118566439e+00 -1.192102026100128853e+01 0.000000000000000000e+00
-6.892594132822522646e+00 4.539346570856396035e+00 0.000000000000000000e+00
-8.263605214600236337e+00 -1.633085970402578013e+01 0.000000000000000000e+00
9.736306372994578240e+00 5.057275483091424384e+00 0.000000000000000000e+00
2.952069857805962094e+00 -1.599114343785209691e+01 0.000000000000000000e+00
1.731832572358903377e+01 2.625703990426429879e+00 0.000000000000000000e+00
-3.656266870086068987e+00 -1.570096065685611997e+01 0.000000000000000000e+00
-1.291980548308198529e+01 4.856260637472951558e+00 0.000000000000000000e+00
3.347365100551998207e+00 -7.278340832002154759e-01 0.000000000000000000e+00
-9.496128622750049431e+00 -8.085278867947513604e+00 0.000000000000000000e+00
3.478421634408343621e+00 1.786091426750294531e+01 0.000000000000000000e+00
-4.761804284364448137e+00 -1.402134946142248673e+01 0.000000000000000000e+00
5.829909917368740757e-01 -3.530575271257992753e+00 0.000000000000000000e+00
-6.817123196158613174e-01 -1.138671288518705182e+01 0.000000000000000000e+00
-7.018005504728067834e+00 -6.247674358639048187e-01 0.000000000000000000e+00
-2.958928246961471942e-01 -5.658425272027304942e+00 0.000000000000000000e+00
-9.238526606275208053e+00 6.869158127356878474e+00 0.000000000000000000e+00
-7.973776099281233876e+00 1.020553885042399855e+01 0.000000000000000000e+00
1.312888899381525043e+01 -9.437765980073994143e+00 0.000000000000000000e+00
-1.104922628719541677e+01 6.269946860889397122e+00 0.000000000000000000e+00
6.071144126486100134e+00 9.815261869355037305e+00 0.000000000000000000e+00
5.977595228921289028e+00 -1.132594963211101025e+01 0.000000000000000000e+00
1.803529356709378106e+01 -3.582249548652997273e+00 0.000000000000000000e+00
-1.416060969198568609e+00 -4.058841322951850294e+00 0.000000000000000000e+00
-1.740889077039504329e+01 3.345653877456241432e+00 0.000000000000000000e+00
1.301678957792177904e+00 -6.277169465008551441e+00 0.000000000000000000e+00
-1.813142809246748977e+00 1.973351139917814079e+00 0.000000000000000000e+00
6.376314379002010924e+00 6.217117952562067451e+00 0.000000000000000000e+00
3.581699302719518752e+00 -1.455403370385533179e+01 0.000000000000000000e+00
8.365964031977927817e+00 3.875381657078206477e+00 0.000000000000000000e+00
1.508433595027980267e+01 8.598517336561556590e+00 0.000000000000000000e+00
3.750786533968537562e+00 -5.881268436420139523e+00 0.000000000000000000e+00
2.413234547573805511e+00 -3.044344012327924620e+00 0.000000000000000000e+00
-3.240331195475250059e+00 -2.385639161946467190e+00 0.000000000000000000e+00
6.896101392152390375e+00 4.621776819751373111e+00 0.000000000000000000e+00
-7.267589370737728593e+00 6.381171567717138338e+00 0.000000000000000000e+00
1.646389942993531363e+01 6.149477673355675300e+00 0.000000000000000000e+00
-1.130285378967192855e+01 -6.499187431261383097e+00 0.000000000000000000e+00
-7.874807958175617628e+00 -1.163689298498269231e+01 0.000000000000000000e+00
-1.797801673013859070e+00 -1.854745272371288678e+01 0.000000000000000000e+00
-3.769322651681754621e+00 1.715994790914145751e+00 0.000000000000000000e+00
3.008894235502221015e+00 1.377628971942516101e+00 0.000000000000000000e+00
-7.180855527127961935e+00 2.199521281534992490e+00 0.000000000000000000e+00
-4.725588714731955298e-01 9.995741341537339508e+00 0.000000000000000000e+00
-1.771391766484789443e+01 -6.226408944306303095e-01 0.000000000000000000e+00
9.818407521163594609e+00 1.331238639938548740e+00 0.000000000000000000e+00
1.453689158724718489e+00 2.281941582056919771e+00 0.000000000000000000e+00
7.072387408571366940e+00 -6.152571797934745845e+00 0.000000000000000000e+00
-3.150821337151184842e+00 -1.189069517216592864e+01 0.000000000000000000e+00
-3.589804709772260072e+00 4.437023576745633413e+00 0.000000000000000000e+00
-4.603497309263494763e+00 -1.751099561977741459e+01 0.000000000000000000e+00
-5.357419332512403543e+00 9.039083699100340041e+00 0.000000000000000000e+00
1.771011405024401597e+01 5.268126992849816226e+00 0.000000000000000000e+00
1.343868994906119951e+01 1.201824910681268221e+01 0.000000000000000000e+00
-6.200259592737699776e+00 -1.316746628964699894e+01 0.000000000000000000e+00
-1.133695343295564584e+01 -1.447940496031937485e+01 0.000000000000000000e+00
1.589205453917052324e+01 -7.258656907388948198e+00 0.000000000000000000e+00
-1.544555647209161542e+01 1.088922989117129880e+01 0.000000000000000000e+00
-8.421634110331131851e+00 -1.008118135924699033e+01 0.000000000000000000e+00
2.311498971552396142e+00 1.135884875383355208e+01 0.000000000000000000e+00
-1.609545796442012788e+00 -7.811088509681081149e+00 0.000000000000000000e+00
-1.453614064808400608e+00 1.442232628750272916e+01 0.000000000000000000e+00
1.319228216825486655e+01 -1.304341166568909394e+01 0.000000000000000000e+00
-8.928889612520597652e+00 -6.523903243177282540e+00 0.000000000000000000e+00
9.354793007782305381e+00 -9.231199581590603387e+00 0.000000000000000000e+00
3.013438452914371180e+00 3.659740295297272628e+00 0.000000000000000000e+00
-2.339748147545669621e+00 8.183972421017340793e+00 0.000000000000000000e+00
1.201632313005102581e+01 1.407852853603780297e+01 0.000000000000000000e+00
5.054928250135002799e+00 6.170755861946571885e-01 0.000000000000000000e+00
-3.581317560467321304e+00 1.268635820228485933e+01 0.000000000000000000e+00
1.190758241165323383e+01 1.143100448071495023e+01 0.000000000000000000e+00
-1.046676801403724788e+01 -2.532748025634278033e+00 0.000000000000000000e+00
1.889300713345244631e+01 1.188682245330234144e+00 0.000000000000000000e+00
5.316636073313927291e-01 -1.312536423683756936e+01 0.000000000000000000e+00
8.923893517932484087e+00 1.602721834280105284e+01 0.000000000000000000e+00
1.605900317208476835e+01 -9.140477631262555747e+00 0.000000000000000000e+00
1.023606750336856486e+01 -1.528923787654426159e+00 0.000000000000000000e+00
-1.724319266249451843e+01 7.266659213856928368e+00 0.000000000000000000e+00
4.945172424484706397e+00 1.605448872184626197e+01 0.000000000000000000e+00
-1.589238100492746497e+01 -8.558306221109110989e-01 0.000000000000000000e+00
-9.028843446695562491e-01 2.227878271922785480e-01 0.000000000000000000e+00
-1.501081190536878474e+01 -7.042179115001326650e+00 0.000000000000000000e+00
1.288882313941978452e+01 -6.924867987359993649e+00 0.000000000000000000e+00
-3.937074740767505077e+00 -6.341319367710630317e+00 0.000000000000000000e+00
-1.664970258950871695e+01 -8.740377705217518667e+00 0.000000000000000000e+00
9.062338679079402937e+00 1.278160236489351753e+01 0.000000000000000000e+00
7.976380572281215109e+00 -8.300873560885897007e+00 0.000000000000000000e+00
-5.097580580078542312e+00 1.148138545214639095e+01 0.000000000000000000e+00
1.492953266491947151e+00 1.917721498700278859e-01 0.000000000000000000e+00
-1.322494655000759955e+01 -8.711633321648834638e+00 0.000000000000000000e+00
7.305858669272586425e+00 -1.361971308951546789e+01 0.000000000000000000e+00
-1.498635523569963013e+01 -8.995393657135574372e+00 0.000000000000000000e+00
-4.366426900156923807e+00 1.481499760619606398e+01 0.000000000000000000e+00
1.623606890115108925e+01 -4.006120958665924103e-01 0.000000000000000000e+00
9.235020758042452593e-01 1.772616171284761677e+01 0.000000000000000000e+00
-6.231832312764169046e+00 -1.667398779842646661e+01 0.000000000000000000e+00
6.609318400352305112e+00 -1.575631466483611298e+01 0.000000000000000000e+00
-1.080609509357886466e+01 -4.664223939064549462e+00 0.000000000000000000e+00
-1.278751050079089424e+01 1.298286961973871456e+01 0.000000000000000000e+00
-3.833750597263434479e+00 8.603216296662463236e+00 0.000000000000000000e+00
-1.569676134909967491e+00 1.869847296596944730e+01 0.000000000000000000e+00
-1.210599475750602894e+00 -1.413715410392050309e+01 0.000000000000000000e+00
4.639033969437834637e-01 6.584411306694888388e+00 0.000000000000000000e+00
-9.682688790363986442e+00 1.464881154831127752e+01 0.000000000000000000e+00
-1.789504092250610512e+01 -4.594208736894593414e+00 0.000000000000000000e+00
-1.559215410671758617e+00 1.215827582360099868e+01 0.000000000000000000e+00
-5.269076213892575744e+00 3.347466924635678520e+00 0.000000000000000000e+00
-1.230691574684842315e+01 7.451177029777239724e+00 0.000000000000000000e+00
8.360240666521107755e+00 1.136105863385180825e+01 0.000000000000000000e+00
1.739265374386764207e-01 -1.609843225006845202e+01 0.000000000000000000e+00
1.629943756416139067e+01 -2.942530698025282554e+00 0.000000000000000000e+00
7.621724076497908840e+00 7.171008062132879779e+00 0.000000000000000000e+00
5.472253501254892960e+00 -4.796176463833261572e+00 0.000000000000000000e+00
-7.526836593880937620e+00 -5.871794970737357566e+00 0.000000000000000000e+00
-1.854526952702870712e+00 5.093857951896589853e+00 0.000000000000000000e+00
-1.389767979872789105e+01 6.055078334809117280e+00 0.000000000000000000e+00
1.644402466721666656e+01 9.410283326017749417e+00 0.000000000000000000e+00
-9.022471404664752725e+00 1.616903962208791867e+01 0.000000000000000000e+00
4.077126120760066641e+00 9.916913510316307523e+00 0.000000000000000000e+00
1.225850005902287698e+01 6.859487303486377918e+00 0.000000000000000000e+00
1.130171592325794094e+01 -6.491662404884439574e+00 0.000000000000000000e+00
-8.846412803260749413e+00 1.102434785127726302e+00 0.000000000000000000e+00
-1.025061804882991900e+01 8.850565895768596647e+00 0.000000000000000000e+00
1.100674465517689171e+01 -9.589591576592621180e+00 0.000000000000000000e+00
-3.016093298973112624e+00 -1.430768666275977807e+01 0.000000000000000000e+00
-1.608040882018065076e+01 2.399171675464604192e+00 0.000000000000000000e+00
-8.323677768553364942e+00 -1.322690495386068754e+01 0.000000000000000000e+00
8.398066916972654283e+00 -4.313801680611486944e+00 0.000000000000000000e+00
-7.867608954975674251e+00 -8.139778306123105267e+00 0.000000000000000000e+00
1.031109651967317298e+01 -4.777825714474664309e+00 0.000000000000000000e+00
6.471893559700832022e+00 8.354114590676953611e+00 0.000000000000000000e+00
1.156812042478746605e+01 -7.997217671563931596e+00 0.000000000000000000e+00
1.584342786374564582e+01 1.999042718218964287e+00 0.000000000000000000e+00
-3.129818788676905217e-01 7.969688318149943385e+00 0.000000000000000000e+00
1.786429604940262150e+00 -1.455100851878902368e+01 0.000000000000000000e+00
5.264184524985790148e+00 -1.674250059664572632e+01 0.000000000000000000e+00
-1.360765624793696027e+01 -3.933059005777122863e+00 0.000000000000000000e+00
-3.413403002967380306e+00 1.814206270324960002e+01 0.000000000000000000e+00
-1.242624882376441775e+01 1.449469963229208069e+00 0.000000000000000000e+00
1.490354546092004284e+01 -1.066285047355950866e+01 0.000000000000000000e+00
-8.992222459694271919e+00 4.710915994756216030e+00 0.000000000000000000e+00
6.600980024049549755e+00 -7.452975908573383768e-01 0.000000000000000000e+00
7.582310634486407963e+00 -2.229285260479010766e+00 0.000000000000000000e+00
-1.331244260107802724e+01 -6.108751586510571485e+00 0.000000000000000000e+00
2.773206597458705236e+00 -1.816968201523975068e+01 0.000000000000000000e+00
9.946152974507752376e+00 -1.089659479605768588e+01 0.000000000000000000e+00
-1.061001374422917110e+01 1.270699020286292225e+01 0.000000000000000000e+00
-4.646326138784889537e+00 -3.741499670589842202e-02 0.000000000000000000e+00
2.055841638276534322e-01 -9.647919655020036345e+00 0.000000000000000000e+00
1.446665555171549578e+01 -4.087303271318714515e+00 0.000000000000000000e+00
5.037105194509646999e+00 1.118161849687929710e+01 0.000000000000000000e+00
1.060273257716907302e+01 2.876403255997781461e+00 0.000000000000000000e+00
-1.018779007519783342e+01 2.472984547557713686e+00 0.000000000000000000e+00
-8.168072534443130417e-01 1.709922938166034001e+01 0.000000000000000000e+00
-6.221668671237015502e+00 6.936563026505085938e-01 0.000000000000000000e+00
-1.005230634169942583e+01 -1.585404901696800906e+01 0.000000000000000000e+00
-1.219919622237168433e+01 -1.959258960648233128e+00 0.000000000000000000e+00
1.336101362635048773e+01 -2.873933420742232417e-02 0.000000000000000000e+00
8.068706089215671895e+00 5.622964458122021725e+00 0.000000000000000000e+00
-1.416194916740233367e+01 7.933278565892146084e+00 0.000000000000000000e+00
-9.989636384064418451e+00 -1.302090421559887901e+01 0.000000000000000000e+00
-6.655529681558673083e+00 -9.569060676234874663e+00 0.000000000000000000e+00
