-1.186478916641548764e+01 5.192048729356608661e+00 0.000000000000000000e+00
4.551352595968237935e+00 7.660590382263127829e+00 0.000000000000000000e+00
-2.755159220171106149e+00 -1.169135249645142594e+01 0.000000000000000000e+00
-6.203233035554940322e+00 7.782128745795806601e+00 0.000000000000000000e+00
7.304788553575215282e+00 1.359353678283716249e+01 0.000000000000000000e+00
6.644353511671808654e+00 1.499204563489449971e+00 0.000000000000000000e+00
5.126813689603515023e+00 -3.889519152205213270e+00 0.000000000000000000e+00
1.209315881237889556e+01 9.578882443276429015e+00 0.000000000000000000e+00
-4.702281142972418060e+00 -1.197695980310382957e+01 0.000000000000000000e+00
-1.143182387049096960e+01 -1.329672151884160236e+01 0.000000000000000000e+00
-1.761461058210401998e+00 5.377119432873966431e+00 0.000000000000000000e+00
1.269921642068576340e+01 -4.218020714131046844e+00 0.000000000000000000e+00
2.580955875524717946e+00 8.289340508294978704e+00 0.000000000000000000e+00
1.292372902811613500e+01 -1.145184452037329237e+01 0.000000000000000000e+00
-7.204498379382168416e+00 1.115073682049103887e+01 0.000000000000000000e+00
-2.843440925150803392e-02 7.746307526827187040e+00 0.000000000000000000e+00
1.076505584734797516e+01 -1.111240932277276094e+01 0.000000000000000000e+00
4.687040744998566488e+00 1.826616913980033274e+01 0.000000000000000000e+00
1.482081579266686155e+01 -1.957464937928010684e+00 0.000000000000000000e+00
-4.743454731797196899e+00 9.529960121225471426e-01 0.000000000000000000e+00
1.443227187087110153e+01 6.053430044036798741e+00 0.000000000000000000e+00
-2.802343930224377555e+00 -4.661596705407431429e+00 0.000000000000000000e+00
9.657480398559221690e-01 -1.131381514075027184e+01 0.000000000000000000e+00
-6.486805332533918111e-01 9.531092436897905529e+00 0.000000000000000000e+00
-4.796287410558909947e+00 5.998068899059690651e+00 0.000000000000000000e+00
3.543421951333143749e+00 -1.545879890835216308e+01 0.000000000000000000e+00
3.006606773078833506e+00 1.670990300558765185e+01 0.000000000000000000e+00
3.525558663767196510e+00 1.289201337273083148e+01 0.000000000000000000e+00
-6.373811796273296082e+00 2.764702152321227402e+00 0.000000000000000000e+00
9.002734893291512108e+00 9.356784784095772523e+00 0.000000000000000000e+00
6.791193234375539234e+00 -1.049525916037334383e+01 0.000000000000000000e+00
1.818349280198203743e+00 5.270788203360111446e+00 0.000000000000000000e+00
-8.626352033191694302e-01 -7.481982202857629716e+00 0.000000000000000000e+00
-9.396662994373901512e+00 2.815442223630847174e+00 0.000000000000000000e+00
7.249263282392883312e+00 -1.690849943404620248e+00 0.000000000000000000e+00
-1.658058128589998148e+01 -6.290341239627742276e+00 0.000000000000000000e+00
3.556479807231993195e+00 1.065941586090377236e+01 0.000000000000000000e+00
-5.697147802811386441e+00 9.492563518885026141e+00 0.000000000000000000e+00
-4.148081122196224158e+00 3.868648939863411407e+00 0.000000000000000000e+00
-1.679408218492326466e+00 1.274801898462609273e+00 0.000000000000000000e+00
-1.465672578201963816e+01 4.489574554854534050e+00 0.000000000000000000e+00
-8.932319604855797124e+00 -2.561886528783931194e+00 0.000000000000000000e+00
-6.843790669964454842e+00 -1.193496067398674043e+01 0.000000000000000000e+00
1.653200669472026618e+01 9.015941798652619354e+00 0.000000000000000000e+00
-6.479855214152949294e+00 -1.028746974661765279e+01 0.000000000000000000e+00
-8.032817737326062968e+00 -9.984166424192340017e-01 0.000000000000000000e+00
-3.953170310697692980e+00 1.024290790745183699e+01 0.000000000000000000e+00
-1.388254764325043489e+01 2.348678947742279810e+00 0.000000000000000000e+00
1.010010641197731296e+01 -1.266452752142149585e+01 0.000000000000000000e+00
-1.410805458421737058e+01 1.188002135081240418e+01 0.000000000000000000e+00
1.367428680198279700e+01 3.725728021373245546e+00 0.000000000000000000e+00
-2.098242629332273790e+00 -1.733132593822610445e+01 0.000000000000000000e+00
-1.133097429686554491e+01 1.173481077373196868e+01 0.000000000000000000e+00
9.208402198416010265e+00 1.309842131521467889e+00 0.000000000000000000e+00
-1.031787437471333391e+00 -9.831153727504988282e+00 0.000000000000000000e+00
1.000635236247602400e+01 -1.437931236559891346e+01 0.000000000000000000e+00
-1.664179131900648478e+00 -3.186365410275396326e-01 0.000000000000000000e+00
-8.181922538801854827e+00 5.998996034319582504e-01 0.000000000000000000e+00
1.289640261349081563e+01 7.172938939073493003e+00 0.000000000000000000e+00
4.810166586111662035e+00 -1.275967961598230183e+01 0.000000000000000000e+00
-1.003583115321800889e+01 6.328368404330585228e+00 0.000000000000000000e+00
1.753625531539013682e-01 1.643782887447159169e+01 0.000000000000000000e+00
1.277523168475526605e+00 -1.301072957093335880e+01 0.000000000000000000e+00
-6.920730598346095164e+00 -2.227264148395131205e+00 0.000000000000000000e+00
-1.103291944781491551e+01 2.106435313841541479e+00 0.000000000000000000e+00
1.728596308714993768e+01 -6.195488697532324451e+00 0.000000000000000000e+00
-1.089824533826764252e+01 -5.227482839930144287e+00 0.000000000000000000e+00
2.710125461104403666e+00 -1.080173479988042295e+01 0.000000000000000000e+00
-9.096643696793369926e+00 -7.867115755768718799e+00 0.000000000000000000e+00
-3.844274694230681799e+00 -1.333241170424567024e+01 0.000000000000000000e+00
3.294616217261945312e+00 6.233426398403406843e+00 0.000000000000000000e+00
3.686188019762168255e-01 -1.682257146336896980e+01 0.000000000000000000e+00
-1.182771131698279454e+01 1.470201980451018287e+01 0.000000000000000000e+00
-1.140882062116033779e+01 -8.195054416452208557e+00 0.000000000000000000e+00
-8.701275464403632753e+00 -1.239775426919515233e+01 0.000000000000000000e+00
1.797583978894173429e+00 1.183732938790257272e+01 0.000000000000000000e+00
1.563201454389861489e+01 -1.015238996344068134e+01 0.000000000000000000e+00
7.711708668380695464e+00 4.110148804757912444e+00 0.000000000000000000e+00
-4.004711918911715962e+00 -1.632465618467345170e+00 0.000000000000000000e+00
-9.985217116686181171e+00 1.022609759285709963e+01 0.000000000000000000e+00
1.655889557789557642e+01 1.104492615690099155e+00 0.000000000000000000e+00
8.787086955757921203e-01 -6.509856419976357778e+00 0.000000000000000000e+00
-3.888353539020194649e+00 -5.711940715570868576e+00 0.000000000000000000e+00
6.716617944065020884e-01 1.299735237544077648e+01 0.000000000000000000e+00
-1.213417082254388824e+01 -1.063330027567503677e+01 0.000000000000000000e+00
-9.206364498613618608e+00 1.481370719050334017e+01 0.000000000000000000e+00
-4.015242985096106665e+00 -1.842108496225277037e+01 0.000000000000000000e+00
6.362687067460657708e+00 -1.237662830259149338e+01 0.000000000000000000e+00
1.433267254270864655e+01 -7.032952690275965146e+00 0.000000000000000000e+00
-2.355416095905934704e+00 9.631457821234798544e+00 0.000000000000000000e+00
6.369630105289015631e+00 -4.820434909027475179e+00 0.000000000000000000e+00
5.084632670082404715e+00 -2.672771159753620229e-01 0.000000000000000000e+00
-1.305419178638765310e+01 -6.679843477661874473e+00 0.000000000000000000e+00
1.453264643735724393e+00 1.755709450157151252e+01 0.000000000000000000e+00
-7.400476564678521108e+00 -6.482458024929925955e+00 0.000000000000000000e+00
-1.918508649081521078e+00 1.524155717381817077e+01 0.000000000000000000e+00
7.789506149265185364e+00 -1.176869689604267322e+01 0.000000000000000000e+00
3.764681108500416595e+00 -2.916993078564548814e+00 0.000000000000000000e+00
-1.272909895631821797e+01 -2.286842375828293861e+00 0.000000000000000000e+00
-4.968216828443933863e+00 1.630500291852925088e+01 0.000000000000000000e+00
5.842769843440891009e+00 -8.535349571366845467e+00 0.000000000000000000e+00
9.533392417680165210e+00 1.306721066293859934e+01 0.000000000000000000e+00
1.132620575667003848e+01 -7.209997477316909098e+00 0.000000000000000000e+00
-1.619517943181466180e+01 5.835057227345648023e+00 0.000000000000000000e+00
9.797215654287828812e+00 -7.832317266030567104e+00 0.000000000000000000e+00
8.246941384507444184e+00 -7.969712210054738399e+00 0.000000000000000000e+00
-1.651847011595057069e+01 2.217107523127202384e+00 0.000000000000000000e+00
-8.197411012534947972e+00 -1.528733633786135115e+01 0.000000000000000000e+00
-1.455229130452893216e+01 -5.688827800885952968e+00 0.000000000000000000e+00
-1.334423520647925976e+01 1.009747163638776080e+01 0.000000000000000000e+00
-1.606020933358777825e+01 8.913721351220434741e+00 0.000000000000000000e+00
1.306295095710734877e+01 -2.422408757517240385e+00 0.000000000000000000e+00
-9.775461650078861808e+00 -8.242288881445695159e-01 0.000000000000000000e+00
-4.616976756706121066e+00 1.198428120688868148e+01 0.000000000000000000e+00
-5.042656653947133805e+00 -8.568222495120441096e+00 0.000000000000000000e+00
-7.652043281393578589e+00 -4.319435759586901291e+00 0.000000000000000000e+00
2.405542711396789102e+00 2.803628698686907228e+00 0.000000000000000000e+00
1.501565364824183391e+01 2.168073838289683142e+00 0.000000000000000000e+00
-1.507361645044109411e+00 7.036675913666040394e+00 0.000000000000000000e+00
1.158861795626624236e+01 -8.704798022414736991e+00 0.000000000000000000e+00
-5.962371821077892875e+00 -4.037334775467590120e+00 0.000000000000000000e+00
1.048018642156825564e+01 7.336843201134268355e+00 0.000000000000000000e+00
-7.919617110984546571e+00 -9.849027967621102775e+00 0.000000000000000000e+00
1.193826409509965769e+00 9.854499592676006614e+00 0.000000000000000000e+00
-3.538197715883338645e+00 8.580486807860337350e+00 0.000000000000000000e+00
-8.022063522855132689e+00 9.637895883311001555e+00 0.000000000000000000e+00
-9.556681169871621861e+00 -6.035323133862195988e+00 0.000000000000000000e+00
-1.814577758333120627e+01 1.416600952930865631e+00 0.000000000000000000e+00
1.058692144381875727e-01 1.823160919276489622e+01 0.000000000000000000e+00
-1.568959907071577042e+01 -1.024818699851673065e+00 0.000000000000000000e+00
1.591293297941187923e+01 -5.565739957361425461e+00 0.000000000000000000e+00
1.115872215328185391e+01 1.144142790787037889e+01 0.000000000000000000e+00
3.500810946650257272e+00 -4.473055245836968119e+00 0.000000000000000000e+00
-1.171683588996932635e+01 9.855834842635514903e+00 0.000000000000000000e+00
-9.876004874604578987e+00 -1.430569721784005566e+01 0.000000000000000000e+00
1.837668452317643997e+01 3.683181628765179294e+00 0.000000000000000000e+00
-7.519190768067186781e+00 6.250766281587681661e+00 0.000000000000000000e+00
-1.439993265097204223e+01 -2.073405070634231073e+00 0.000000000000000000e+00
3.769125782728612428e+00 1.461604400416827865e+01 0.000000000000000000e+00
4.699750181872392574e+00 3.354995690441286982e+00 0.000000000000000000e+00
7.546523591455626345e+00 1.524521302812377499e+01 0.000000000000000000e+00
-6.836377949896752959e+00 -1.459344433369964911e+01 0.000000000000000000e+00
1.871761991421249105e+00 -1.886482029014022999e+01 0.000000000000000000e+00
-3.118279672778354605e+00 1.213741193201291502e+01 0.000000000000000000e+00
-1.845382399131440465e+01 -1.026388684745660029e+00 0.000000000000000000e+00
5.482098994090652155e+00 -1.575029008040839607e+01 0.000000000000000000e+00
6.224683731287744770e+00 -6.399983078363470135e+00 0.000000000000000000e+00
-1.058671144078210169e+01 -3.062889105052152505e+00 0.000000000000000000e+00
-8.503533554444606679e+00 1.198799027767240410e+01 0.000000000000000000e+00
1.302130226360875476e+01 5.373976232486972648e+00 0.000000000000000000e+00
1.852396180176824814e+01 -2.157292085360714040e+00 0.000000000000000000e+00
8.239736084378950665e+00 -1.411325054696416714e+01 0.000000000000000000e+00
6.298515884477193794e+00 5.730292321996420135e+00 0.000000000000000000e+00
1.015370323868455316e+01 -3.627173297155030784e+00 0.000000000000000000e+00
1.746959478621211304e+01 6.685085311684451526e+00 0.000000000000000000e+00
-1.284874706761376650e+01 1.317479802341142836e+01 0.000000000000000000e+00
5.193072912638231564e+00 -1.118141718776452009e+01 0.000000000000000000e+00
-4.164686088276164710e+00 -1.001100676483975427e+01 0.000000000000000000e+00
-5.724378358337285810e+00 -5.761468359101686865e-01 0.000000000000000000e+00
1.822782187958355493e+01 -2.703603697913161130e-01 0.000000000000000000e+00
1.561041187303416011e+00 -9.548317738929020138e+00 0.000000000000000000e+00
1.633023003906060211e+01 -1.660982897964275340e+00 0.000000000000000000e+00
9.960636378671177127e+00 3.166775856294877123e+00 0.000000000000000000e+00
1.094798137202177202e+01 1.568847292231220880e+00 0.000000000000000000e+00
-7.982394287400357946e+00 3.497445524346138424e+00 0.000000000000000000e+00
-1.495638211228049741e+01 -1.079210582239838345e+01 0.000000000000000000e+00
1.782240088383521126e+01 -3.997463179164453706e+00 0.000000000000000000e+00
-1.053941765576510292e+01 1.303568968649521587e+01 0.000000000000000000e+00
-2.060491248865201186e+00 -2.126006903049559416e+00 0.000000000000000000e+00
-1.587194105484985762e+01 -4.352132875652120703e+00 0.000000000000000000e+00
1.359196957505354142e+01 1.096939800780070584e+01 0.000000000000000000e+00
1.013683004720560099e+01 1.459595713046304510e+01 0.000000000000000000e+00
-1.105713943073454858e-01 -3.701339374841652763e+00 0.000000000000000000e+00
1.540876155523157998e+01 -8.387887969791099962e+00 0.000000000000000000e+00
8.340827110138202549e-01 -9.106252108320931349e-01 0.000000000000000000e+00
-1.569479509585831423e+01 -9.377518113717535186e+00 0.000000000000000000e+00
1.804486964194964216e+01 2.128297409631443315e+00 0.000000000000000000e+00
-1.774698202210542775e+01 5.248539567226321978e+00 0.000000000000000000e+00
-1.006976787594077827e+01 -1.593065043960406157e+01 0.000000000000000000e+00
2.795586053581494035e+00 -6.139773042593676067e+00 0.000000000000000000e+00
-1.871214055902160922e+01 -3.048705354166333592e+00 0.000000000000000000e+00
1.492632690811934282e+01 -3.488717590762842047e+00 0.000000000000000000e+00
1.177434838432736797e+01 -1.292602094049625805e+01 0.000000000000000000e+00
7.330614733618830314e+00 9.244297034630797327e+00 0.000000000000000000e+00
-2.487650231532251510e+00 -1.559966955127321242e+01 0.000000000000000000e+00
1.178550461077937506e+01 1.288416761061041171e+01 0.000000000000000000e+00
-1.467146301208873105e+01 -7.617723247382145679e+00 0.000000000000000000e+00
8.002394016137143851e+00 -3.281547931450856215e+00 0.000000000000000000e+00
1.375326617494062376e+01 6.581021038381601462e-01 0.000000000000000000e+00
8.789981105390648253e+00 -1.039695250934968840e+00 0.000000000000000000e+00
1.545185846421812315e+01 7.962472545582641281e+00 0.000000000000000000e+00
-6.854125345731728380e+00 1.543706881076002446e+01 0.000000000000000000e+00
-6.870325206809683394e+00 1.703123355049464749e+01 0.000000000000000000e+00
3.958799934945396171e+00 4.762521038278297425e+00 0.000000000000000000e+00
3.104466898430124022e+00 1.106224208893123562e+00 0.000000000000000000e+00
7.262269315422645199e+00 1.702004660914613510e+01 0.000000000000000000e+00
-7.141381204880073441e-02 -1.863134723719790387e+01 0.000000000000000000e+00
1.309628318666026026e+00 -4.822707729229536611e+00 0.000000000000000000e+00
4.641812120019363164e+00 -1.837106284519277111e+01 0.000000000000000000e+00
-1.415796766779830307e+01 -1.210898285945294006e+01 0.000000000000000000e+00
6.589066150022252266e+00 1.162492471030409291e+01 0.000000000000000000e+00
1.416846075320767717e+01 9.476612421186004553e+00 0.000000000000000000e+00
-1.451437757953406305e+01 6.420535787265263750e+00 0.000000000000000000e+00
9.092414317128943324e+00 5.942378897823119566e+00 0.000000000000000000e+00
-4.381933358450262439e+00 -4.263545284143823721e+00 0.000000000000000000e+00
-2.276100007785244461e+00 1.859711325582955865e+01 0.000000000000000000e+00
1.184299023042172649e+01 -2.214499269532476111e-01 0.000000000000000000e+00
-5.836301963320184250e+00 -7.137213321475409877e+00 0.000000000000000000e+00
-4.814818689883963110e+00 -1.553400316969174888e+01 0.000000000000000000e+00
-4.838373384455447734e+00 2.506522606779979512e+00 0.000000000000000000e+00
-1.950311176154148285e+00 -1.373003262214615816e+01 0.000000000000000000e+00
-1.102254906149516422e+01 8.211968194181897829e+00 0.000000000000000000e+00
8.431465110784987615e+00 1.198684006900879417e+01 0.000000000000000000e+00
7.469972514564444666e+00 -1.709057817665879497e+01 0.000000000000000000e+00
8.854890577867472246e+00 7.492510263099504186e+00 0.000000000000000000e+00
8.584382368055351265e+00 -1.029436534894938582e+01 0.000000000000000000e+00
1.078667006219783708e+01 5.147954651946883509e+00 0.000000000000000000e+00
-3.120613933682846231e+00 1.637117338374754638e+01 0.000000000000000000e+00
-2.885903510076937017e-01 3.076344344277035514e+00 0.000000000000000000e+00
-3.230259857093139786e+00 -2.959636095684041734e-01 0.000000000000000000e+00
5.254083674161172723e+00 1.656005431993794019e+01 0.000000000000000000e+00
-4.836645646313312952e+00 1.403676353087198869e+01 0.000000000000000000e+00
8.999014122529644055e+00 -5.158992019037759391e+00 0.000000000000000000e+00
-9.569626082049726534e+00 8.748529044589169246e+00 0.000000000000000000e+00
-1.276378149020573183e+01 8.383179265423812865e+00 0.000000000000000000e+00
-2.852086990908814901e+00 1.373678331491009885e+01 0.000000000000000000e+00
6.258910769972040100e+00 7.419014143673711814e+00 0.000000000000000000e+00
-1.317900227031132765e+01 -9.166859676518297917e+00 0.000000000000000000e+00
2.171129065310330564e+00 -1.444479484659413870e+01 0.000000000000000000e+00
-5.584278148348490456e-01 1.149835154393207759e+01 0.000000000000000000e+00
4.072015394714957992e+00 -7.168182374264020496e+00 0.000000000000000000e+00
-1.596461778387512531e+01 -2.644455948011013469e+00 0.000000000000000000e+00
1.619290792798591561e+00 -2.879071706117970919e+00 0.000000000000000000e+00
-1.258962260785169285e+01 -5.153043123312103901e+00 0.000000000000000000e+00
-6.856322865252492349e+00 -8.536299570886646038e+00 0.000000000000000000e+00
-1.535564249945723070e+01 1.053943799324184027e+01 0.000000000000000000e+00
-1.237213822082744308e+01 9.317586282573658840e-01 0.000000000000000000e+00
3.642073538194354310e+00 -9.235060495949731774e+00 0.000000000000000000e+00
-5.524604841645595066e+00 1.792657866939014255e+01 0.000000000000000000e+00
-3.068790589496467103e+00 -8.277431102819923225e+00 0.000000000000000000e+00
1.632951264795116586e+01 4.717260817133285933e+00 0.000000000000000000e+00
-1.050218291227890965e+01 3.953094887621137143e+00 0.000000000000000000e+00
1.347895249358897019e+01 -1.316056013638971756e+01 0.000000000000000000e+00
7.999862888343946210e+00 2.338359411805023491e+00 0.000000000000000000e+00
4.989229802291932359e+00 1.365089124538751442e+01 0.000000000000000000e+00
-5.508930905277484413e+00 -1.818197848457193899e+01 0.000000000000000000e+00
-9.668964868287867276e+00 1.624400126955911361e+01 0.000000000000000000e+00
5.551776853476481755e+00 9.601495380371853017e+00 0.000000000000000000e+00
-1.448326033628521792e+01 2.905858314952770027e-01 0.000000000000000000e+00
1.510368297770267265e+00 7.149184104255868810e+00 0.000000000000000000e+00
1.343277378246667908e+01 -9.463613172203359625e+00 0.000000000000000000e+00
-4.169237927666133436e-01 1.447452392093391715e+01 0.000000000000000000e+00
-8.387833268077782289e-01 -1.219132404125442903e+01 0.000000000000000000e+00
-5.471640355693168090e+00 -1.340756673063391347e+01 0.000000000000000000e+00
1.285482346832799116e+01 -5.933598824138618610e+00 0.000000000000000000e+00
-3.158927372395075928e+00 2.627802652452940979e+00 0.000000000000000000e+00
