2.259439494495005807e+00 9.014659879864181491e+00 0.000000000000000000e+00
1.390059133387023138e+01 9.302334975684468432e+00 0.000000000000000000e+00
1.268600892194885965e+01 4.463325789552827771e-01 0.000000000000000000e+00
-8.212258439926223730e+00 -5.878422114721181480e+00 0.000000000000000000e+00
-1.498859202450061767e+00 -1.411627731237381767e+01 0.000000000000000000e+00
3.665930942772659407e+00 7.764003630809376943e+00 0.000000000000000000e+00
-1.666492382002662476e+00 -5.797982493049349983e+00 0.000000000000000000e+00
-8.399362267384331560e+00 4.020190214386841099e+00 0.000000000000000000e+00
-5.405963797408640303e+00 1.339537668230495271e+01 0.000000000000000000e+00
-2.851589716713319067e+00 -1.581145953198047316e+01 0.000000000000000000e+00
2.946722546668121723e+00 5.719906443611669111e+00 0.000000000000000000e+00
-1.349082000695959849e+00 1.081429110463616894e+01 0.000000000000000000e+00
-3.229698817337583350e+00 1.127332442751821207e+00 0.000000000000000000e+00
-9.824981481406888761e+00 -1.975989039394032698e+00 0.000000000000000000e+00
1.468823471112485279e+01 -7.328500548747536314e+00 0.000000000000000000e+00
-1.708537328227331287e+00 1.431708440221711420e+01 0.000000000000000000e+00
4.056312396694964129e+00 -4.746359481527919755e+00 0.000000000000000000e+00
9.483339441139159831e+00 1.000696087735349771e+01 0.000000000000000000e+00
3.692797779034045824e+00 -8.148582667938930157e+00 0.000000000000000000e+00
1.074927883312819965e+01 -1.600614419120634846e+00 0.000000000000000000e+00
-1.200795800284303105e+01 -7.060039846588018975e+00 0.000000000000000000e+00
-8.297828530356891719e+00 9.325180498229961756e+00 0.000000000000000000e+00
-9.255707079309640761e+00 7.703977032790925605e+00 0.000000000000000000e+00
-5.293736678884378044e+00 -4.981279683201337072e+00 0.000000000000000000e+00
-8.700667129295611701e+00 1.279232930439854599e+01 0.000000000000000000e+00
-3.160790263706922953e+00 2.899434128070071726e+00 0.000000000000000000e+00
1.167262718558225032e+01 1.238849832841271770e+01 0.000000000000000000e+00
7.691064430246147943e+00 6.873840024791243231e+00 0.000000000000000000e+00
7.869877560846583187e+00 2.416755301336582507e-01 0.000000000000000000e+00
6.926165781531339327e-01 -7.965852486938722166e+00 0.000000000000000000e+00
-3.270362617905649305e+00 8.326407950902927624e+00 0.000000000000000000e+00
6.601399780163395015e+00 -1.450801345538730125e+01 0.000000000000000000e+00
1.576129180286783615e+00 -5.280056410033889591e+00 0.000000000000000000e+00
-1.647191084765983149e+01 3.912168679958988537e+00 0.000000000000000000e+00
9.824563020104246647e+00 -5.470779298894425047e+00 0.000000000000000000e+00
1.274989262217208719e+01 5.431574374092384083e+00 0.000000000000000000e+00
-3.685394154763112606e+00 -6.652974842240323206e+00 0.000000000000000000e+00
1.676519647347888053e+01 -4.874728191465197646e+00 0.000000000000000000e+00
8.070742357794467026e-01 8.091944407961063845e+00 0.000000000000000000e+00
7.806705952805753412e+00 -1.546388673335925645e+01 0.000000000000000000e+00
7.779192044746443102e+00 9.407406198901178129e+00 0.000000000000000000e+00
1.245792910184066749e+01 -1.183349540757641449e+01 0.000000000000000000e+00
6.422867801169741320e+00 1.456961441489493581e+01 0.000000000000000000e+00
5.753468192492101174e+00 3.164675699429305933e+00 0.000000000000000000e+00
1.355009169809620717e+00 3.455122491713271238e+00 0.000000000000000000e+00
-1.288638823778261333e+01 1.085180117610945594e+01 0.000000000000000000e+00
-2.071130929473925075e+00 -4.124788361733651598e+00 0.000000000000000000e+00
-5.372929811474232764e+00 6.327806150168958865e+00 0.000000000000000000e+00
1.409168902907104481e+01 -2.351170878485763893e+00 0.000000000000000000e+00
1.975268116207290259e+00 -1.693215668375819405e+01 0.000000000000000000e+00
-1.045102773630558346e+01 1.646760635404290074e+00 0.000000000000000000e+00
-6.257212271905071788e+00 -6.174175574143058398e+00 0.000000000000000000e+00
-1.108677134821899912e+01 1.126002106117668511e+01 0.000000000000000000e+00
-1.516676633742224833e+00 5.665234197720753428e+00 0.000000000000000000e+00
5.427274413882633652e+00 1.661930826140403639e+01 0.000000000000000000e+00
-9.095199747779348698e+00 -1.460031295456659883e+01 0.000000000000000000e+00
-1.851558696262514125e+00 -1.183015253764125596e+01 0.000000000000000000e+00
4.680877747169790659e+00 -1.581100060290216902e+01 0.000000000000000000e+00
-1.273842273721990992e+01 6.446727505246612644e+00 0.000000000000000000e+00
-1.590369707476888372e+01 1.477089913767147156e+00 0.000000000000000000e+00
1.092243149577088168e+01 3.965388105689623410e-01 0.000000000000000000e+00
1.436022526796914178e+01 6.022980625441509694e+00 0.000000000000000000e+00
-6.778382152093139545e+00 -1.397063395211300296e+01 0.000000000000000000e+00
-1.112872097739593791e+01 6.342976969617248884e+00 0.000000000000000000e+00
-5.945599364640365536e+00 7.763954427414542891e+00 0.000000000000000000e+00
6.035026662219055815e+00 -1.275192974105114097e+01 0.000000000000000000e+00
-2.539134077035525294e+00 -7.844385833843246836e+00 0.000000000000000000e+00
-4.030770789884739469e-01 8.103646268103138484e-01 0.000000000000000000e+00
1.737794188581419874e+01 1.089487445027640833e+00 0.000000000000000000e+00
4.432164035434183802e+00 -1.845753367993387961e+00 0.000000000000000000e+00
-7.378069886319583048e+00 2.426227940398019811e+00 0.000000000000000000e+00
-1.177131767305767696e+01 -2.253624669861899132e+00 0.000000000000000000e+00
6.080619674476198000e+00 5.599688243859810122e+00 0.000000000000000000e+00
1.178051384946540825e+00 1.549232610965323076e+01 0.000000000000000000e+00
1.343532105129857257e+01 -5.326333334192236535e+00 0.000000000000000000e+00
4.183576083346170371e+00 9.788911276492363811e+00 0.000000000000000000e+00
-8.887194427257409046e+00 -5.249992640700346103e-01 0.000000000000000000e+00
-7.820874365266262451e+00 -1.074274369175640942e+01 0.000000000000000000e+00
-4.984923589823437418e+00 -1.510111194551481129e+00 0.000000000000000000e+00
-4.366510351564522274e+00 1.629204659818589107e+01 0.000000000000000000e+00
4.107454947587024563e+00 1.883361771557782838e+00 0.000000000000000000e+00
3.733254372510512287e+00 -1.370050178463091406e+01 0.000000000000000000e+00
1.134041142665570234e+01 -4.417419600432950233e+00 0.000000000000000000e+00
-1.369889759408832575e+01 7.701902091189538169e+00 0.000000000000000000e+00
2.868523430894428516e-01 -7.304455124893033391e-01 0.000000000000000000e+00
-4.738439425243536895e+00 -1.511417494155523045e+01 0.000000000000000000e+00
9.276430962789412149e+00 -1.117865630594914350e+01 0.000000000000000000e+00
-2.934736354503539424e+00 -1.365300704458079650e+01 0.000000000000000000e+00
-5.655306154664491380e+00 9.840949725208139043e+00 0.000000000000000000e+00
-8.382682285674027511e+00 -4.135391714040399513e+00 0.000000000000000000e+00
1.201294189373957266e+01 -1.027199010516018873e+01 0.000000000000000000e+00
-1.250474724372677482e+00 -9.089125452394075211e+00 0.000000000000000000e+00
7.197298305590960510e+00 4.592722443094050533e+00 0.000000000000000000e+00
1.278486833519122357e+01 3.726962597361560547e+00 0.000000000000000000e+00
-4.140619047398814701e+00 1.045195608333261994e+01 0.000000000000000000e+00
7.109136115386952781e+00 -8.092803970802945557e+00 0.000000000000000000e+00
-4.939170799379293264e+00 -8.020352928886307353e+00 0.000000000000000000e+00
1.616692337806237134e+01 -1.080626673350871370e+00 0.000000000000000000e+00
-1.364856006403068989e+01 -9.194646925888211086e+00 0.000000000000000000e+00
-3.527085431508090729e-01 -1.239299142944221721e+01 0.000000000000000000e+00
1.049399676323371366e+01 6.618764266792493522e+00 0.000000000000000000e+00
-1.072861163778929594e+01 8.089666434389258143e+00 0.000000000000000000e+00
5.493889681493572041e+00 -7.730983227505983990e+00 0.000000000000000000e+00
-1.036084813907555358e+01 -6.873287414332638789e+00 0.000000000000000000e+00
-1.689120292975545823e+01 -1.464277767313687306e+00 0.000000000000000000e+00
-1.441477300833762065e+01 -4.837456785308215323e+00 0.000000000000000000e+00
-1.198630165620036964e-01 -5.736175562135313655e+00 0.000000000000000000e+00
-3.740676971331597045e+00 5.874557102497000471e+00 0.000000000000000000e+00
9.014866619702248229e+00 -7.218392307259697382e+00 0.000000000000000000e+00
3.003615330481178791e+00 3.868559850802641975e+00 0.000000000000000000e+00
-9.813434958239314554e+00 4.556598372057091950e+00 0.000000000000000000e+00
7.027489872165074480e+00 -6.183463326919616421e+00 0.000000000000000000e+00
3.598785199059982620e+00 1.153160278652876336e+01 0.000000000000000000e+00
1.261838405927454154e+01 -3.407358504127903309e+00 0.000000000000000000e+00
9.441070048676369453e+00 -1.381772810853138900e+01 0.000000000000000000e+00
-6.060603487572561399e+00 4.422603409647696715e+00 0.000000000000000000e+00
-1.985943058074993051e+00 7.304167081999880295e+00 0.000000000000000000e+00
-1.423073468854920165e+01 -4.102882823361309050e-01 0.000000000000000000e+00
-4.025423581608037260e+00 -9.787826836103345585e+00 0.000000000000000000e+00
-1.587387259715401555e+01 -6.205038579425712797e+00 0.000000000000000000e+00
-1.577956487522793161e+01 -2.750734614909182696e+00 0.000000000000000000e+00
5.520479985721464367e+00 -3.545223676867737428e+00 0.000000000000000000e+00
9.520155861854686208e+00 -1.893788680330461272e-01 0.000000000000000000e+00
9.058522720244438275e+00 1.456966264016746671e+01 0.000000000000000000e+00
-1.309001406257397093e+01 1.941797190758985492e+00 0.000000000000000000e+00
7.687013232404333429e+00 2.797500840088320118e+00 0.000000000000000000e+00
-8.109194340945613533e-01 1.730824612235312543e+01 0.000000000000000000e+00
1.060747266817583778e+01 -9.046901644777138429e+00 0.000000000000000000e+00
2.566857173365099332e+00 -3.832326449685359737e+00 0.000000000000000000e+00
2.944656918240042387e+00 -2.334439812344681897e+00 0.000000000000000000e+00
3.348797664852695366e+00 1.409540644878438798e+01 0.000000000000000000e+00
-8.033250214395907918e+00 -2.303572076842152150e+00 0.000000000000000000e+00
2.990021183221049039e+00 -6.028330471967461079e+00 0.000000000000000000e+00
2.194817373787765646e+00 1.328325699275892280e+00 0.000000000000000000e+00
-2.647983548707501189e+00 1.701322739408650264e+01 0.000000000000000000e+00
6.451353111713777011e+00 1.302939158598978509e+01 0.000000000000000000e+00
-3.654396656860101622e-01 2.329538771832946775e+00 0.000000000000000000e+00
5.020078665423960196e+00 -6.045761721763073915e+00 0.000000000000000000e+00
-1.719605779617472052e+01 2.296950602787414919e+00 0.000000000000000000e+00
9.824082791846198148e+00 2.554975060397453035e+00 0.000000000000000000e+00
-1.973351475335771710e+00 -4.316946726087432518e-02 0.000000000000000000e+00
7.917822008244905341e+00 1.358462307049103046e+01 0.000000000000000000e+00
1.535002880956497329e+01 2.199546858995701015e+00 0.000000000000000000e+00
1.274879692577413159e+01 -7.786947963350027813e+00 0.000000000000000000e+00
8.791150249015215579e+00 4.561110218287141471e+00 0.000000000000000000e+00
-1.166177375267906058e+01 9.608044290981336388e+00 0.000000000000000000e+00
8.033828981693677207e+00 1.201213600545775328e+01 0.000000000000000000e+00
-1.269349227212347131e+01 -1.137135181232769732e+01 0.000000000000000000e+00
1.168159496253916529e+01 7.855396264770848624e+00 0.000000000000000000e+00
1.436858365581128005e+01 4.085310074613406783e+00 0.000000000000000000e+00
1.289939678085891606e+00 -2.958716690179318487e+00 0.000000000000000000e+00
1.836446382720283155e-01 4.769866041745568275e+00 0.000000000000000000e+00
1.116017510232797072e+01 -7.076523889862059491e+00 0.000000000000000000e+00
-1.073207157123111699e+01 -8.909554623570505427e+00 0.000000000000000000e+00
1.252809173769996143e+01 1.002254745669416991e+01 0.000000000000000000e+00
-9.646166442687981402e+00 -1.046774344758334507e+01 0.000000000000000000e+00
-1.224925047348226492e+01 6.918399405462197782e-01 0.000000000000000000e+00
-1.458778173060131911e+00 -1.697590689843019973e+01 0.000000000000000000e+00
-6.898545954724578932e-02 -1.599878342550834098e+01 0.000000000000000000e+00
1.376585146903748225e+01 -1.050754733176849598e+01 0.000000000000000000e+00
2.246674774182830348e+00 -1.291183934914884368e+01 0.000000000000000000e+00
-1.046913540200038462e+01 -3.206124861258943803e-01 0.000000000000000000e+00
1.560522726703943697e+01 6.909691635541313381e+00 0.000000000000000000e+00
-9.638010808308891342e+00 -1.210862536236979814e+01 0.000000000000000000e+00
1.019379397529402986e+01 8.410191436443804847e+00 0.000000000000000000e+00
-2.735731334599929565e-01 9.651955082471010527e+00 0.000000000000000000e+00
-6.917671434111993811e+00 1.574820784589041089e+01 0.000000000000000000e+00
-3.383883321007676415e+00 -1.953426681169847079e+00 0.000000000000000000e+00
-8.539721499773854363e-02 1.401354083782768001e+01 0.000000000000000000e+00
-1.136856267448225921e+01 1.278892656440293685e+01 0.000000000000000000e+00
1.515201929407922954e+01 -3.726541331881058738e+00 0.000000000000000000e+00
1.057081859786627298e+01 1.379426560732067841e+01 0.000000000000000000e+00
4.252199461302971883e+00 -1.224848063170463952e+01 0.000000000000000000e+00
-1.509434407206405426e+00 -2.555099525274084016e+00 0.000000000000000000e+00
1.121179361862161450e+01 4.665898227688685118e+00 0.000000000000000000e+00
-7.404331433069595292e+00 6.978830497520700504e-01 0.000000000000000000e+00
4.977312640171984270e+00 -9.917788276306257700e+00 0.000000000000000000e+00
1.507622161457826593e+01 -5.552514524652375272e+00 0.000000000000000000e+00
-1.491924211015462731e+01 -8.104338120867685902e+00 0.000000000000000000e+00
-1.221462912437353943e+01 -5.348730593082512641e+00 0.000000000000000000e+00
1.318875798984321168e+00 1.254407339190813353e+01 0.000000000000000000e+00
-4.608907839884040847e+00 3.750440876264924839e+00 0.000000000000000000e+00
-2.252678087893428938e+00 1.236498434363268473e+01 0.000000000000000000e+00
1.723287521706780012e+01 2.768813688143812790e+00 0.000000000000000000e+00
-8.328348419952988024e+00 6.007801420937842529e+00 0.000000000000000000e+00
-1.002639638759487895e+01 9.744739141855342623e+00 0.000000000000000000e+00
1.350196998627846590e+01 2.041003296697120994e+00 0.000000000000000000e+00
7.144452940798777796e-01 -1.412620253973241446e+01 0.000000000000000000e+00
6.138990431515340518e+00 8.461571310042961258e+00 0.000000000000000000e+00
-1.409301359741560589e+01 4.505661478388163665e+00 0.000000000000000000e+00
-1.059396798259216510e+01 -5.169837330038934198e+00 0.000000000000000000e+00
-6.442189967986688082e+00 1.210520202888735319e+01 0.000000000000000000e+00
-3.248607463119336458e+00 1.487303297681652303e+01 0.000000000000000000e+00
-1.165220959726432959e+01 3.836743782665615665e+00 0.000000000000000000e+00
1.446158856031164497e+01 -3.554659900641397030e-01 0.000000000000000000e+00
6.302113848531216256e+00 -2.067460755169473252e+00 0.000000000000000000e+00
3.077348903365290766e+00 1.634321595712915709e+01 0.000000000000000000e+00
-6.900330984803091816e+00 1.384653777652560080e+01 0.000000000000000000e+00
8.803691507444384001e+00 -3.161881562551203118e+00 0.000000000000000000e+00
-8.080466669772178534e+00 -8.378043271879999310e+00 0.000000000000000000e+00
4.998846909369819014e-01 -1.044933950121595245e+01 0.000000000000000000e+00
1.092082984307524463e+01 -1.339878606950424889e+01 0.000000000000000000e+00
8.381222611443824633e+00 -1.326760652919221739e+00 0.000000000000000000e+00
1.595060221552244428e+01 3.873750548752759038e+00 0.000000000000000000e+00
1.627326617886159621e+00 -1.406444620837617121e+00 0.000000000000000000e+00
-1.454665304126912062e+01 2.401132453512882403e+00 0.000000000000000000e+00
-1.426377882343846437e+01 9.137321110893743992e+00 0.000000000000000000e+00
-5.276894413294751729e+00 -1.660707293613879898e+01 0.000000000000000000e+00
4.625095524560943083e+00 4.205305582948772880e+00 0.000000000000000000e+00
2.424938285170977981e+00 -9.444713486329316510e+00 0.000000000000000000e+00
-1.137546601064817509e+01 -1.218047195389704207e+01 0.000000000000000000e+00
-9.692875260286223593e+00 1.391819268365632745e+01 0.000000000000000000e+00
-1.262646409698796290e+01 -7.836540447767718076e-01 0.000000000000000000e+00
-1.374670267399485546e+01 -2.895001917062176577e+00 0.000000000000000000e+00
-1.014323744478116546e-01 6.320957345457019372e+00 0.000000000000000000e+00
6.264721442738307111e+00 4.783587576182933288e-01 0.000000000000000000e+00
7.603648938022131709e+00 -1.123994628482996383e+01 0.000000000000000000e+00
1.137692499812278157e+01 2.699203195427756885e+00 0.000000000000000000e+00
5.961673632199520512e+00 1.084488024423878194e+01 0.000000000000000000e+00
1.024818526949420949e+01 1.185964322331940224e+01 0.000000000000000000e+00
-4.527643809944574826e+00 -1.300886980357934775e+01 0.000000000000000000e+00
1.191892056468499383e+00 1.709262179756434108e+01 0.000000000000000000e+00
-1.596894843517556062e+01 -1.041442516860838358e-01 0.000000000000000000e+00
-8.953537312307958018e+00 1.120968780630351347e+01 0.000000000000000000e+00
-6.343382460252393606e+00 -9.300686459539880602e+00 0.000000000000000000e+00
-5.126842168524595955e+00 -1.084423917616949495e+01 0.000000000000000000e+00
-8.379534545267402379e+00 -1.314993420856951722e+01 0.000000000000000000e+00
3.140300117892842025e+00 -1.597730092787428724e+01 0.000000000000000000e+00
-1.125677558024720248e+01 -1.046513433656973291e+01 0.000000000000000000e+00
2.489753750218643535e+00 -1.097657384678020165e+01 0.000000000000000000e+00
4.632591267048034922e+00 6.546837919850897691e+00 0.000000000000000000e+00
7.869830539691455407e+00 -4.693197705144456222e+00 0.000000000000000000e+00
3.211457607319154306e+00 2.013713606802918499e-01 0.000000000000000000e+00
8.387661982695073348e+00 -9.575308962568884752e+00 0.000000000000000000e+00
1.423230289192247788e+01 -8.809644301578952508e+00 0.000000000000000000e+00
4.699742700515222360e+00 -1.167738273456219722e-01 0.000000000000000000e+00
5.092911259091762233e+00 1.383118655693275123e+01 0.000000000000000000e+00
-1.566539456723974233e+01 6.911876025745678831e+00 0.000000000000000000e+00
-5.906540297207762080e+00 -2.709564813390633375e+00 0.000000000000000000e+00
-1.034467510303596249e+01 -3.559996651688698943e+00 0.000000000000000000e+00
1.278241945332930918e+01 -1.325371502666147006e+00 0.000000000000000000e+00
-1.457385361976900384e+00 3.539147857131187180e+00 0.000000000000000000e+00
-2.587556012155294294e+00 -1.050221988342752688e+01 0.000000000000000000e+00
-4.902600145402347565e+00 1.131903809152171370e+00 0.000000000000000000e+00
1.334897979143523727e+01 7.515738927687243276e+00 0.000000000000000000e+00
1.682926446483050498e+01 -2.749694183359285393e+00 0.000000000000000000e+00
1.531097570229144056e-01 1.134375768086773739e+01 0.000000000000000000e+00
-6.687120359508754497e+00 -1.202373732890660740e+00 0.000000000000000000e+00
-8.804612232404332772e+00 1.254748090816189876e+00 0.000000000000000000e+00
-6.503728229639929026e+00 -1.234283259727903648e+01 0.000000000000000000e+00
-3.659725242432565473e+00 -4.826166750719592891e+00 0.000000000000000000e+00
-8.243394420378710175e-01 1.563176717741305488e+01 0.000000000000000000e+00
1.981353584747322039e+00 1.098041385794111235e+01 0.000000000000000000e+00
7.844790702730020548e+00 -1.345432363799114306e+01 0.000000000000000000e+00
1.937982094227514926e-02 -4.089714077043080209e+00 0.000000000000000000e+00
-2.699549839926565831e+00 4.483480909067114162e+00 0.000000000000000000e+00
