6.933282446561795709e+00 -1.032039602276292989e+01 0.000000000000000000e+00
1.499587089733020484e+01 -3.297823936276826462e+00 0.000000000000000000e+00
-2.557312680383720505e+00 -3.639062326669142422e+00 0.000000000000000000e+00
-7.729706755100622217e+00 7.095250729763902697e+00 0.000000000000000000e+00
1.278165242730165829e+01 -2.076631318524387648e+00 0.000000000000000000e+00
-2.914225352547353265e-01 -1.024080405299386420e+01 0.000000000000000000e+00
7.432332179088117385e+00 8.276290574571346426e+00 0.000000000000000000e+00
-1.432533312410924431e+01 7.981907721432360603e+00 0.000000000000000000e+00
4.986587923233984476e+00 2.696534197158864554e+00 0.000000000000000000e+00
-1.513360822896623326e+00 -6.119785658770256376e+00 0.000000000000000000e+00
9.597228888198129582e+00 -1.187568935590808294e+01 0.000000000000000000e+00
9.020203881338506591e+00 1.445454884256458072e+01 0.000000000000000000e+00
2.182654028147172465e+00 -4.211931824689745696e+00 0.000000000000000000e+00
5.182254002238939172e+00 1.143611732896654232e+01 0.000000000000000000e+00
1.163400096197299760e+01 1.644099519398760867e+00 0.000000000000000000e+00
-5.790944510216004204e+00 -1.279899875443610213e+01 0.000000000000000000e+00
-1.090404978307098638e+01 -4.804964150522006427e+00 0.000000000000000000e+00
-1.042425366577035994e+01 6.856807751493450453e+00 0.000000000000000000e+00
5.305855341546713788e+00 -1.163379937984029588e+01 0.000000000000000000e+00
-5.855264719245584892e+00 1.399626563760735465e+01 0.000000000000000000e+00
8.251086524095585517e+00 -8.712812962345955370e+00 0.000000000000000000e+00
-8.351280604857025835e+00 3.968310970772488844e+00 0.000000000000000000e+00
-4.561681261533765408e+00 1.025327137934275434e+01 0.000000000000000000e+00
1.976479992871193359e+00 -1.058908728040154656e+01 0.000000000000000000e+00
-1.586033979043396869e+01 3.443092949338907971e+00 0.000000000000000000e+00
2.972381669696288586e+00 5.043444731794364699e+00 0.000000000000000000e+00
-1.390960461157058070e+01 -8.008624568470521510e+00 0.000000000000000000e+00
-1.186973707829989166e+01 8.720022456985015324e+00 0.000000000000000000e+00
-2.833468388400503635e+00 9.438297084195223619e+00 0.000000000000000000e+00
-5.218264883285332445e+00 -1.471860267924857446e+01 0.000000000000000000e+00
8.577073191748851855e+00 -1.442865418747535067e+01 0.000000000000000000e+00
1.334669395412523940e+00 1.575452375296452701e+01 0.000000000000000000e+00
1.022887902664054138e+01 9.436795654883212592e+00 0.000000000000000000e+00
1.057193881847621864e+00 9.871593072929256252e+00 0.000000000000000000e+00
1.725776032591873133e+01 -2.019910198082550679e+00 0.000000000000000000e+00
2.874167399175619586e+00 1.516726769258423246e+01 0.000000000000000000e+00
1.462216283120885230e+01 8.987562429564334820e+00 0.000000000000000000e+00
-1.307407674978447965e+01 -2.760169782410898165e+00 0.000000000000000000e+00
-7.864151243933054758e+00 1.405607803358006791e+01 0.000000000000000000e+00
-4.063906168306298916e+00 1.278155632197373670e+01 0.000000000000000000e+00
-9.334380091454763217e+00 -1.368851320953211603e+00 0.000000000000000000e+00
-1.889811185624910905e+00 -8.775923407350031624e+00 0.000000000000000000e+00
4.167986814308309640e+00 8.682233812423859831e+00 0.000000000000000000e+00
2.661028433728636511e+00 7.052923157576675095e+00 0.000000000000000000e+00
8.518476213823561238e+00 6.971743930586989713e+00 0.000000000000000000e+00
-7.484147587926692324e+00 -1.464413009212035455e+01 0.000000000000000000e+00
1.255983364399275892e+01 5.968731880825555614e+00 0.000000000000000000e+00
-4.152579370317652785e-01 7.628119460573758559e+00 0.000000000000000000e+00
-8.967338815283419251e+00 -1.316331050495875310e+01 0.000000000000000000e+00
-4.474617509414371419e+00 -7.505429811629197090e+00 0.000000000000000000e+00
-3.708790363425987557e+00 -4.007184299573236519e-01 0.000000000000000000e+00
-1.246385149973871620e+00 -2.483343433008634360e+00 0.000000000000000000e+00
1.410588091505787345e+00 -4.631240849535060988e-01 0.000000000000000000e+00
9.188785489647534277e+00 -1.006441824165879240e+01 0.000000000000000000e+00
4.918562656649577036e+00 5.603341030400316392e+00 0.000000000000000000e+00
-3.184879100743817748e+00 -1.609089504446906460e+01 0.000000000000000000e+00
-1.466758179313217703e+01 4.922732604587621630e+00 0.000000000000000000e+00
8.856254250166363917e+00 1.173028461945962775e+01 0.000000000000000000e+00
5.170520416428231236e+00 -1.383282530430948931e+01 0.000000000000000000e+00
3.163718715037279861e+00 3.329177553981802262e+00 0.000000000000000000e+00
3.213300531026124229e+00 1.061425127230184629e+01 0.000000000000000000e+00
1.475572791885338075e+00 -2.034745593054696489e+00 0.000000000000000000e+00
4.561403858369871500e+00 -6.808936644986039788e+00 0.000000000000000000e+00
1.380293017280037615e+00 -8.446498392397185029e+00 0.000000000000000000e+00
-1.372574862800939499e+01 1.028564556851223699e+01 0.000000000000000000e+00
-2.995488899348335843e-01 2.104922135080511403e+00 0.000000000000000000e+00
-1.041635783709654461e+01 -6.956840166569360662e+00 0.000000000000000000e+00
-1.618682863149575368e+01 -4.471282122914430168e+00 0.000000000000000000e+00
1.142448481571289420e+00 1.216366569438074663e+01 0.000000000000000000e+00
1.198924233654530624e+01 -1.021285170447564994e+01 0.000000000000000000e+00
1.553862518788998726e+00 -1.254890737537961876e+01 0.000000000000000000e+00
-7.449154866410702347e+00 1.231387973715262873e+01 0.000000000000000000e+00
-1.609614716132911028e+01 -2.435836721677177241e+00 0.000000000000000000e+00
1.654089881504471649e+01 -4.863628472451525298e+00 0.000000000000000000e+00
-1.119299295239069636e+01 2.675445237506392182e+00 0.000000000000000000e+00
8.376113970037584622e+00 3.565952822081996487e+00 0.000000000000000000e+00
-5.489266983640681552e+00 3.842734712421381094e+00 0.000000000000000000e+00
-1.091312002692481187e+01 -1.176009126047912723e+01 0.000000000000000000e+00
4.302645337041465012e+00 -1.947566810486901279e+00 0.000000000000000000e+00
4.355227086583736140e-01 1.696001461999381377e+01 0.000000000000000000e+00
5.731822652154717090e+00 -2.681409020014570821e+00 0.000000000000000000e+00
-1.331340612950269531e+01 -4.078445624862003238e-01 0.000000000000000000e+00
-6.497356431207462757e-01 3.832626178167595654e+00 0.000000000000000000e+00
1.557189042014459268e+01 -7.704923668402953396e+00 0.000000000000000000e+00
-1.660921132737621653e-01 -6.743543394595348239e-01 0.000000000000000000e+00
3.498216148249534641e+00 1.372994851779916559e+01 0.000000000000000000e+00
-1.571686250121636519e+01 1.615919320881529231e+00 0.000000000000000000e+00
-1.009848090697680689e+01 9.416508466416598111e+00 0.000000000000000000e+00
1.306415624916105322e+01 9.526693911863352682e+00 0.000000000000000000e+00
1.376507382445770133e+01 1.432582862397130841e+00 0.000000000000000000e+00
8.141977157676482335e+00 -4.132230011485361842e+00 0.000000000000000000e+00
4.781010742858227136e-01 1.425917673533224850e+01 0.000000000000000000e+00
-5.762005949170801777e+00 -1.066545943938527152e+01 0.000000000000000000e+00
-1.628311131609747875e+01 5.272135593311292112e+00 0.000000000000000000e+00
-3.105293796645390292e-01 1.284079800535131888e+01 0.000000000000000000e+00
1.302468110712528215e+01 4.127776521720326386e+00 0.000000000000000000e+00
1.154622996984320693e+00 6.367819179995321655e+00 0.000000000000000000e+00
5.758079530216243747e+00 -1.161225663908871830e+00 0.000000000000000000e+00
6.511795883150869990e+00 -5.993021324968064611e+00 0.000000000000000000e+00
1.683301853046499730e+01 2.301202603726371976e+00 0.000000000000000000e+00
6.986702832948498809e+00 4.476857041007992422e+00 0.000000000000000000e+00
-3.195814222252309822e+00 -6.374968102156064909e+00 0.000000000000000000e+00
-1.542952198413551201e+01 -6.350751070429174305e+00 0.000000000000000000e+00
-9.575478523774970441e+00 -3.649430346065519970e+00 0.000000000000000000e+00
3.283710537667770879e+00 -9.620373452135128289e+00 0.000000000000000000e+00
7.002976555531517988e+00 1.500148529417160326e+01 0.000000000000000000e+00
-1.196751837107193595e+01 -7.134909335165735556e+00 0.000000000000000000e+00
5.145984911482700319e+00 1.369907838121319088e+01 0.000000000000000000e+00
-2.547677862804621274e+00 1.542508506335690832e+01 0.000000000000000000e+00
6.088603471106872611e+00 -9.018536153706826042e+00 0.000000000000000000e+00
-8.303184956185583943e+00 -8.300919999275874872e+00 0.000000000000000000e+00
-8.888342181574101275e+00 5.912245363797328679e+00 0.000000000000000000e+00
9.811388491164683145e+00 7.017189340451726043e-01 0.000000000000000000e+00
8.914062493746572891e-01 3.044546516468736641e+00 0.000000000000000000e+00
-4.284868338023499312e+00 1.622864317507520582e+00 0.000000000000000000e+00
-1.339164201553366595e+01 1.663778341736610544e+00 0.000000000000000000e+00
-4.234992130920463005e+00 -1.111598521210996715e+01 0.000000000000000000e+00
-4.247369895841277554e+00 -5.216481618809880594e+00 0.000000000000000000e+00
6.254000947964581947e+00 9.923554585592222921e+00 0.000000000000000000e+00
9.012152682646281665e-01 -6.485457659853855361e+00 0.000000000000000000e+00
-2.155877718162582113e+00 -1.202573625928395673e+00 0.000000000000000000e+00
-1.171024769510392183e+01 9.546185850454125266e-01 0.000000000000000000e+00
-6.389648396407449304e+00 8.539501998172649877e+00 0.000000000000000000e+00
1.090458645324744325e+01 1.337439428467831348e+01 0.000000000000000000e+00
1.405489161511151153e+01 -7.205475091187214076e+00 0.000000000000000000e+00
1.473574264607681883e+01 6.196958254412355593e+00 0.000000000000000000e+00
1.025338821045006910e+01 3.126107109141387230e+00 0.000000000000000000e+00
9.431139964431480394e+00 -4.944926112868447632e+00 0.000000000000000000e+00
-7.464180059656573718e+00 1.069018563345933481e+00 0.000000000000000000e+00
-1.063326617015924747e+01 -5.491136985199057685e-01 0.000000000000000000e+00
1.068482910764440597e+01 -2.232454767613802460e+00 0.000000000000000000e+00
1.589654488154622847e+01 3.095418178585956359e-01 0.000000000000000000e+00
2.974553180298747268e+00 -1.390627153315788078e+01 0.000000000000000000e+00
-1.678701671811900220e-01 -1.742532456126818730e+01 0.000000000000000000e+00
-1.052371660412966925e+01 1.309671623661609097e+01 0.000000000000000000e+00
-7.883100361995786898e+00 -8.111237940249259593e-01 0.000000000000000000e+00
-5.461866546651933163e+00 6.831257589313678658e+00 0.000000000000000000e+00
-8.245892971582300390e+00 -6.064527575731787579e+00 0.000000000000000000e+00
6.617200786957481817e+00 6.769420906490847045e+00 0.000000000000000000e+00
1.388698875921000209e+01 -8.874497156717286117e+00 0.000000000000000000e+00
-3.668957734741359111e+00 7.175072558723495142e+00 0.000000000000000000e+00
-1.219415916241360698e+01 5.539339354129634962e+00 0.000000000000000000e+00
8.472035522984874945e+00 -7.208792294628017849e+00 0.000000000000000000e+00
2.703644743558614838e+00 4.897057123203398810e-01 0.000000000000000000e+00
-3.050727214083372552e+00 1.140878936622386952e+01 0.000000000000000000e+00
-5.921716002476693497e+00 1.605221136900268908e+00 0.000000000000000000e+00
-5.456488792634257123e+00 -9.081658506178555967e+00 0.000000000000000000e+00
4.555681494254439912e+00 1.519885108076603153e+01 0.000000000000000000e+00
1.146136388295514585e+01 4.669311116642966830e+00 0.000000000000000000e+00
-1.686109604884194724e+01 -2.334687047525099146e-01 0.000000000000000000e+00
-1.082544222525657673e+01 -9.637603254339174086e+00 0.000000000000000000e+00
-9.111457046015715378e+00 -1.079978159944281302e+01 0.000000000000000000e+00
-4.378631398055208734e+00 1.527996842635124253e+01 0.000000000000000000e+00
-6.949590012915288995e+00 -2.284522376939483124e+00 0.000000000000000000e+00
-9.257987057470197456e+00 1.301434456677480700e+00 0.000000000000000000e+00
5.535051503093269432e+00 -1.631838992395385191e+01 0.000000000000000000e+00
1.620857786519546551e+01 4.894307337517963319e+00 0.000000000000000000e+00
-1.525470365987243504e+00 5.170113236789112499e+00 0.000000000000000000e+00
1.022674529431627022e+01 6.371177831005188530e+00 0.000000000000000000e+00
-1.363734103426834210e+01 -1.014120916681878981e+01 0.000000000000000000e+00
6.792405336663482451e+00 2.176630910342880032e+00 0.000000000000000000e+00
1.503754457241166698e+01 2.749972798475341040e+00 0.000000000000000000e+00
-2.947920193782254117e+00 1.384637335333142083e+01 0.000000000000000000e+00
1.211508732081387407e+01 1.117361308747975812e+01 0.000000000000000000e+00
-6.180622678129341629e+00 1.123394318828873395e+01 0.000000000000000000e+00
-6.316643645702903598e+00 5.359065002614591400e+00 0.000000000000000000e+00
-1.109677119868169903e+01 4.197090811137871746e+00 0.000000000000000000e+00
-1.497633621553763339e+00 -1.319631593290143989e+01 0.000000000000000000e+00
1.099096055414152673e+01 -5.869404132931475004e+00 0.000000000000000000e+00
2.129725860034909601e+00 -1.600694463594945205e+01 0.000000000000000000e+00
6.925248049128042815e+00 4.548012424867742820e-01 0.000000000000000000e+00
1.519711778922357048e+01 -6.096923197436542097e+00 0.000000000000000000e+00
-1.301559178408317763e+01 -4.287024208582422169e+00 0.000000000000000000e+00
1.169275650232583352e+01 -3.589910834246807347e+00 0.000000000000000000e+00
1.202522134903479767e+01 -1.223691357683242131e+01 0.000000000000000000e+00
8.663927102844464656e+00 -6.324343053954379901e-01 0.000000000000000000e+00
-1.319393725206451684e+01 4.396273245270336361e+00 0.000000000000000000e+00
1.232327808533809588e+01 -7.031285266683618751e+00 0.000000000000000000e+00
-1.830644838137832409e+00 -1.165182622384643452e+01 0.000000000000000000e+00
-5.557024118145215574e+00 1.648109714907199574e+01 0.000000000000000000e+00
-3.275206003544248734e-01 -8.054942543092094454e+00 0.000000000000000000e+00
3.297325471822929455e+00 1.220048307195760628e+01 0.000000000000000000e+00
8.315570871010994125e+00 1.026629412338701464e+01 0.000000000000000000e+00
9.836432136385933944e+00 -8.075546374370860647e+00 0.000000000000000000e+00
-1.247643495189617191e+01 -8.829986822773191690e+00 0.000000000000000000e+00
-2.225339454861928079e+00 1.707791946624993074e+01 0.000000000000000000e+00
-8.645880906040790403e-01 -1.531022078960667443e+01 0.000000000000000000e+00
1.279886902986182307e+01 -5.072950772729599711e-01 0.000000000000000000e+00
-2.558830236218209819e+00 1.180204787372142627e+00 0.000000000000000000e+00
-1.041006127829766204e+00 8.995853995124329927e+00 0.000000000000000000e+00
7.072663653876619883e+00 -1.331009034841428118e+01 0.000000000000000000e+00
3.903198629447519163e+00 -1.101898278189259095e+01 0.000000000000000000e+00
-3.975743317955539702e+00 4.038627972511124931e+00 0.000000000000000000e+00
-6.650981168036443236e+00 -6.855125864661551383e+00 0.000000000000000000e+00
-2.507657943580353876e+00 3.112237150822779963e+00 0.000000000000000000e+00
1.181941546599260917e+01 7.990018941879782233e+00 0.000000000000000000e+00
-3.261871551321394946e+00 5.499795165816151687e+00 0.000000000000000000e+00
-6.408840134557504342e+00 -4.666224313119072598e+00 0.000000000000000000e+00
1.076160675705774317e+01 -1.323559318383776429e+01 0.000000000000000000e+00
-1.425842292558333746e+01 -5.151668337203929582e+00 0.000000000000000000e+00
-1.479001893498975306e+01 -3.587645941542222605e+00 0.000000000000000000e+00
-3.375863662387226238e+00 -1.278932048040171132e+01 0.000000000000000000e+00
-5.077260627204596588e+00 -1.668956120369531604e+01 0.000000000000000000e+00
1.444576135618055801e+01 -4.127228980933147495e-01 0.000000000000000000e+00
-2.515768738381927161e+00 -1.017890421814148461e+01 0.000000000000000000e+00
-7.515499525205253661e-01 -4.706533056216700928e+00 0.000000000000000000e+00
-4.657640868687216162e+00 -3.413385556849816815e+00 0.000000000000000000e+00
4.144955854192841294e+00 -1.548081879112226034e+01 0.000000000000000000e+00
-1.225765149506676899e+01 7.266830225825809286e+00 0.000000000000000000e+00
-1.465812766194785866e+01 -1.627209295163707825e+00 0.000000000000000000e+00
1.435627517673060925e-02 -1.344242003946327557e+01 0.000000000000000000e+00
1.134228700107045640e+01 -8.293676391389983138e+00 0.000000000000000000e+00
-1.364008079826515285e+01 6.538032734266069568e+00 0.000000000000000000e+00
-1.153279975809225810e+01 -2.719320151939325303e+00 0.000000000000000000e+00
6.900472123641113953e+00 -1.507618692727128185e+01 0.000000000000000000e+00
8.130530592049790783e+00 -1.151151143383811082e+01 0.000000000000000000e+00
-5.619188193401534193e+00 -2.049124487438451492e-01 0.000000000000000000e+00
1.330626614822686093e+01 -4.940477553237453634e+00 0.000000000000000000e+00
3.940586058925327873e+00 -3.743417693698848137e+00 0.000000000000000000e+00
-8.087449763963352467e+00 9.397363281829408166e+00 0.000000000000000000e+00
-7.646615153481802984e+00 -1.005730431026346494e+01 0.000000000000000000e+00
-2.094084444627764441e+00 7.543451476459115845e+00 0.000000000000000000e+00
3.298426474407051945e+00 1.677318151174902283e+01 0.000000000000000000e+00
2.810863246405923555e+00 -6.349425339327622098e+00 0.000000000000000000e+00
-9.847084729622659793e+00 1.101012824457290407e+01 0.000000000000000000e+00
3.967853056971558878e+00 -8.263335400419574484e+00 0.000000000000000000e+00
7.297630024933247306e+00 -2.180795808899835819e+00 0.000000000000000000e+00
-1.135822963597983204e+01 1.169006845521350968e+01 0.000000000000000000e+00
-1.066180765720232682e+00 1.588791499189603584e+01 0.000000000000000000e+00
4.469437541975519679e+00 2.436705997663943801e-01 0.000000000000000000e+00
-1.259143312681825577e+01 -1.166019422977873710e+01 0.000000000000000000e+00
8.054746075114413983e+00 1.313439085763670455e+01 0.000000000000000000e+00
6.176624323599947175e+00 -7.485653995116296144e+00 0.000000000000000000e+00
1.493702576705184581e+00 8.414283418155404703e+00 0.000000000000000000e+00
-7.415688750059265644e+00 -1.266368537257305782e+01 0.000000000000000000e+00
-1.432715642767643693e+01 2.867735972845256054e+00 0.000000000000000000e+00
1.049292395043945092e+01 1.106728888084258244e+01 0.000000000000000000e+00
1.521840482466184641e+00 -1.454969449826103300e+01 0.000000000000000000e+00
-5.165240625198692648e+00 -1.940880438189796831e+00 0.000000000000000000e+00
-1.055893246898895477e+01 -1.326180775340448648e+01 0.000000000000000000e+00
-7.327038438108713692e+00 1.552761377457369818e+01 0.000000000000000000e+00
-3.686349886688780053e+00 -1.449116277248746698e+01 0.000000000000000000e+00
-6.859242653560635894e+00 2.971000159159572718e+00 0.000000000000000000e+00
-8.037200802044726089e+00 -4.508342700510875822e+00 0.000000000000000000e+00
-1.582915713911635613e+01 7.407808626979248245e+00 0.000000000000000000e+00
9.144099941050328084e+00 -2.271109776857521911e+00 0.000000000000000000e+00
5.505775076537524626e+00 -4.365135291041390531e+00 0.000000000000000000e+00
5.647635029023853726e+00 8.401911824588284006e+00 0.000000000000000000e+00
-1.806816390270897354e+00 1.235948147913016193e+01 0.000000000000000000e+00
-8.667385547985650973e-01 1.054000479849823435e+01 0.000000000000000000e+00
-1.700321399631286479e+00 -1.663228125533696300e+01 0.000000000000000000e+00
-1.720428526195435026e+01 1.309487508398774702e+00 0.000000000000000000e+00
7.038347872410075645e+00 1.190146813444856022e+01 0.000000000000000000e+00
1.944681820429541852e-01 -1.190089121855204013e+01 0.000000000000000000e+00
1.340748289340983845e+01 7.725568818866764609e+00 0.000000000000000000e+00
6.184315780256006256e+00 1.629232244873154301e+01 0.000000000000000000e+00
