1.241156178411099154e+00 4.353781733288908384e+00 0.000000000000000000e+00
-9.005880167177704010e+00 -1.270395227132446969e+01 0.000000000000000000e+00
1.546295327904278150e+00 6.525730839680377926e+00 0.000000000000000000e+00
1.421333360273575330e+01 -4.804640005016804771e+00 0.000000000000000000e+00
-4.863394061702578597e+00 8.158684295516129836e+00 0.000000000000000000e+00
3.049094714520616645e+00 -5.324160180668274123e+00 0.000000000000000000e+00
-6.481285320931911897e+00 -1.199601889169753122e+01 0.000000000000000000e+00
-4.791230304764714454e+00 -1.355720110317742844e+01 0.000000000000000000e+00
-6.358244396635418516e-01 1.142790970407626894e+01 0.000000000000000000e+00
-4.706404395771511262e-01 -9.478115852701787247e+00 0.000000000000000000e+00
-7.587865533327347478e+00 1.208098111512274642e+01 0.000000000000000000e+00
-1.632035201120848456e+01 -4.031400165207933206e+00 0.000000000000000000e+00
3.665755369892056859e+00 8.268088534664862266e+00 0.000000000000000000e+00
-8.978853908583660726e+00 9.777759660280054277e+00 0.000000000000000000e+00
-2.495509099674658948e+00 -8.416716174028014308e+00 0.000000000000000000e+00
1.054446854935036448e+01 -9.799685923912445418e+00 0.000000000000000000e+00
-1.100574645202441637e+01 -8.528155388921771163e+00 0.000000000000000000e+00
3.653874544872814933e+00 1.488394105803174128e+01 0.000000000000000000e+00
-1.242437418461080689e+01 1.894367158170226384e+00 0.000000000000000000e+00
-8.561389140199381131e+00 1.396546994368880945e+01 0.000000000000000000e+00
2.956338271901866932e+00 -3.757163424592595113e+00 0.000000000000000000e+00
1.298182488443704763e+00 1.044534059534365067e+00 0.000000000000000000e+00
-8.238702871678954764e+00 3.245287214721285896e+00 0.000000000000000000e+00
-1.424825470817378736e+01 7.257082195282806403e+00 0.000000000000000000e+00
6.301695352931327321e+00 4.138148675299605728e+00 0.000000000000000000e+00
-2.660902232964912351e+00 1.380598880962153885e+00 0.000000000000000000e+00
-1.227979032044216190e+01 -1.715769967798067119e+00 0.000000000000000000e+00
-8.059373057576976862e+00 -8.352001382814236763e+00 0.000000000000000000e+00
1.317684879875958615e+01 -2.433499399645238981e+00 0.000000000000000000e+00
-2.311782830437081770e+00 -1.147768509249801916e+01 0.000000000000000000e+00
1.187589133115570661e+01 8.369860559407534595e+00 0.000000000000000000e+00
1.660890434749646971e+01 2.824234312716824569e+00 0.000000000000000000e+00
-9.738066292354348619e+00 -3.716093802322364414e+00 0.000000000000000000e+00
-1.823162472029161485e+00 -1.648476026700321384e+01 0.000000000000000000e+00
-5.841297699689264711e+00 9.296464970398652383e+00 0.000000000000000000e+00
-1.074847192894500658e+01 -1.256421055479898818e+01 0.000000000000000000e+00
1.040350125380664181e+01 9.444210299052116397e+00 0.000000000000000000e+00
3.393275878855249506e+00 -1.569362973881839807e+01 0.000000000000000000e+00
5.153404875986494993e+00 -1.264711615261210653e+01 0.000000000000000000e+00
1.476628253435256255e+01 1.936927167396255367e+00 0.000000000000000000e+00
-1.390666353842661174e+01 -2.133372049134409476e+00 0.000000000000000000e+00
-1.140951626146960329e+00 -4.931716289291363964e+00 0.000000000000000000e+00
-4.315479251443043118e+00 -4.768793883054474492e+00 0.000000000000000000e+00
7.046485343901742304e+00 -2.289165574324842023e+00 0.000000000000000000e+00
-9.858854937009741803e+00 1.178966903486424123e+01 0.000000000000000000e+00
1.724437507793657076e+01 -8.426285005689519991e-01 0.000000000000000000e+00
7.158586220841895553e+00 -1.325908096365082400e+01 0.000000000000000000e+00
1.561109422630741206e-01 -1.634874484389497695e+01 0.000000000000000000e+00
8.506929186756854833e+00 1.072352671788976330e+01 0.000000000000000000e+00
2.186449853022570888e+00 -7.546157798366309066e+00 0.000000000000000000e+00
1.546733125616770899e+01 5.006127686614440186e+00 0.000000000000000000e+00
-1.076306944151421163e+01 1.197517259133369150e+00 0.000000000000000000e+00
-6.209344773643696414e+00 7.185027850038435915e+00 0.000000000000000000e+00
9.986659889557671477e+00 -6.912769851156657985e+00 0.000000000000000000e+00
-1.173557401856354332e+01 -5.654865393349757241e+00 0.000000000000000000e+00
1.651244017178340018e+00 1.236048489945800277e+01 0.000000000000000000e+00
-3.243545803143320416e+00 -1.330703286033074839e+01 0.000000000000000000e+00
1.832257667493018216e+00 1.082054242634782426e+01 0.000000000000000000e+00
2.679167899854648649e-01 -1.465620434680043083e+01 0.000000000000000000e+00
9.667494661403685186e+00 7.866802058652433871e+00 0.000000000000000000e+00
8.503904413901882009e+00 1.320363531823704140e+00 0.000000000000000000e+00
6.385674360983120135e-01 -4.716766631273353605e-01 0.000000000000000000e+00
1.124693723005264268e+01 -1.119052987585884829e+01 0.000000000000000000e+00
1.695907703594420468e+01 -3.809416883276901089e+00 0.000000000000000000e+00
-7.032732341827821365e+00 -1.969015606500550630e+00 0.000000000000000000e+00
5.577181097979168278e+00 1.172239747401772902e+01 0.000000000000000000e+00
5.783863868044815781e+00 1.402837346257149065e+01 0.000000000000000000e+00
1.506887948101671348e+01 8.482044646405441313e+00 0.000000000000000000e+00
1.627915318694841318e+01 8.868862132066246406e-01 0.000000000000000000e+00
-7.914581831930476596e+00 7.699399894399626909e+00 0.000000000000000000e+00
1.289498960318537080e+01 1.158966236478658907e+01 0.000000000000000000e+00
6.444659816833375743e+00 1.638808239830095603e+00 0.000000000000000000e+00
-1.403682207444839491e+01 -6.507002546246090979e+00 0.000000000000000000e+00
-3.933181869706629197e+00 -1.590469202854733233e+01 0.000000000000000000e+00
-1.498499586397568173e+01 3.415711727293372579e+00 0.000000000000000000e+00
1.256106129250128056e+01 5.831477927330013245e+00 0.000000000000000000e+00
-2.826130944169952919e+00 3.116872915280054723e+00 0.000000000000000000e+00
5.315182406325704711e+00 -4.207976296573250785e+00 0.000000000000000000e+00
-3.372640045902511652e+00 1.594577894688301178e+01 0.000000000000000000e+00
-5.538502358069639975e+00 1.284380104533235745e+01 0.000000000000000000e+00
-8.791253011084242175e+00 -2.488603952359996541e+00 0.000000000000000000e+00
-3.660829857048152114e+00 -7.311227706192934050e+00 0.000000000000000000e+00
5.340981724222982896e-01 2.998471037297870012e+00 0.000000000000000000e+00
-3.402367648794140109e+00 9.060045264936592346e+00 0.000000000000000000e+00
1.219614724603545852e+01 -5.463244348221834912e+00 0.000000000000000000e+00
-1.144347759592281655e+01 4.081857586874071409e+00 0.000000000000000000e+00
1.448431201476547514e+01 -7.772375758770439624e+00 0.000000000000000000e+00
-6.604970047956512325e+00 -5.425289848028692852e+00 0.000000000000000000e+00
-2.756843297959743477e-01 5.199231029189419040e+00 0.000000000000000000e+00
1.417109894632898381e+01 3.364928304366471501e+00 0.000000000000000000e+00
-1.307564236160149207e+01 -8.454617083197293326e+00 0.000000000000000000e+00
-1.654672665472540416e+01 -2.285577258992813832e+00 0.000000000000000000e+00
1.447735682002217139e+01 -4.173880213939283601e-02 0.000000000000000000e+00
4.287756895202417873e+00 5.573932501008027174e+00 0.000000000000000000e+00
5.025346323861850095e+00 7.281836678268464702e+00 0.000000000000000000e+00
9.678932278467396344e+00 -6.838898283190343319e-01 0.000000000000000000e+00
-1.080570568588304958e+01 -6.884055477018439895e+00 0.000000000000000000e+00
8.494165121284900977e+00 -1.084938853662434610e+01 0.000000000000000000e+00
-8.057653708003442716e+00 -1.053953258826921768e+01 0.000000000000000000e+00
1.141503170324055638e+01 1.195289882613856491e+01 0.000000000000000000e+00
9.036084287742554011e+00 -3.370755951415340679e+00 0.000000000000000000e+00
9.367909239913149833e+00 5.297476228668502429e+00 0.000000000000000000e+00
-1.262667665530537953e+01 -1.207509599274480117e+01 0.000000000000000000e+00
-1.652761925325676673e+00 9.771546291973773890e+00 0.000000000000000000e+00
-4.610360995087784630e+00 4.830372842729274474e+00 0.000000000000000000e+00
-9.304916371424830857e+00 5.758719860105626864e+00 0.000000000000000000e+00
4.654515154096073637e+00 -2.220538470103984974e+00 0.000000000000000000e+00
1.171739150513523064e+00 -2.196009993781427028e+00 0.000000000000000000e+00
-8.811966047544300906e+00 -9.085605067689654923e-01 0.000000000000000000e+00
-4.096738301572528052e+00 1.123065121527191756e+01 0.000000000000000000e+00
-1.167516376403272282e+01 5.764276772483809097e+00 0.000000000000000000e+00
-1.335615633106429989e+01 3.149675563257764654e+00 0.000000000000000000e+00
9.369893075683362937e+00 3.075607133517840541e+00 0.000000000000000000e+00
1.706184840825224203e-01 -1.142583873677775941e+01 0.000000000000000000e+00
-3.049459075550171150e+00 -3.066484800545664413e+00 0.000000000000000000e+00
1.023728997404374041e+01 1.166022350294315002e+00 0.000000000000000000e+00
1.141663918428061253e+00 -5.395515172695683148e+00 0.000000000000000000e+00
1.938557981291600063e+00 -1.277073673275118004e+01 0.000000000000000000e+00
-9.681005237597365420e-01 -6.611060308327014745e+00 0.000000000000000000e+00
1.105536970634141802e+01 -3.581868989300634354e+00 0.000000000000000000e+00
6.826639973515390203e+00 -9.696063519723848501e+00 0.000000000000000000e+00
2.762489233483872653e+00 2.277647836406676285e-01 0.000000000000000000e+00
-7.366447833641961651e+00 1.490551974934022539e+01 0.000000000000000000e+00
6.450874266338001206e+00 -1.503378875660812675e+01 0.000000000000000000e+00
-5.029163670376899375e+00 3.388763316488385691e-01 0.000000000000000000e+00
1.047530609415753666e+01 -5.298838925143845913e+00 0.000000000000000000e+00
1.837950407197261882e+00 1.679224674910027559e+01 0.000000000000000000e+00
-1.458916602920149685e+01 -5.098653135817383664e+00 0.000000000000000000e+00
1.530958250775388585e+01 -6.354507130493529665e+00 0.000000000000000000e+00
-4.420310491172068978e+00 -1.809595409803533839e+00 0.000000000000000000e+00
-5.545408588814723316e+00 1.522892586610669063e+01 0.000000000000000000e+00
-8.603154438483427979e-01 -1.837696533084772765e+00 0.000000000000000000e+00
-1.710379812096465102e+01 3.702128238763317203e+00 0.000000000000000000e+00
1.209111995603939427e+01 -7.960367124615429724e+00 0.000000000000000000e+00
4.017426964898828778e+00 1.132921384801089815e+01 0.000000000000000000e+00
-1.646532035432005969e+01 -2.923766377491219814e-01 0.000000000000000000e+00
-1.032924683265361843e+01 -6.179495679051133505e-01 0.000000000000000000e+00
-1.264853442097268932e+01 -1.003727203976436400e+01 0.000000000000000000e+00
-8.347798211093266474e+00 -6.605017401586430914e+00 0.000000000000000000e+00
8.860463210977950865e+00 1.413905235108376957e+01 0.000000000000000000e+00
5.511335528034868148e+00 9.114624605054521211e+00 0.000000000000000000e+00
-3.336457945704716987e+00 1.391219690111097584e+01 0.000000000000000000e+00
-3.015112664074782067e+00 5.208519363352490217e+00 0.000000000000000000e+00
1.172492455666398214e+01 1.475246989139324283e+00 0.000000000000000000e+00
4.623202902765475741e+00 -9.658076068060820418e+00 0.000000000000000000e+00
-4.779071912369200481e-01 7.096286305002488248e+00 0.000000000000000000e+00
5.213394049026173427e+00 -1.112208107856186778e+01 0.000000000000000000e+00
-7.257385674654602603e+00 -1.496007100741294948e+01 0.000000000000000000e+00
-7.361049948394290610e+00 5.920420864761609892e+00 0.000000000000000000e+00
4.740193590135355350e+00 -1.492678269659490553e+01 0.000000000000000000e+00
-1.520685742368963389e+01 5.559092739416769291e+00 0.000000000000000000e+00
3.675270683817358108e+00 -1.355831842155380684e+01 0.000000000000000000e+00
-2.591443943315007381e+00 -9.224319480833359508e-01 0.000000000000000000e+00
5.345788248840291246e+00 -7.238295161500305497e+00 0.000000000000000000e+00
-1.730990078404098753e+01 2.008114492512448113e+00 0.000000000000000000e+00
-1.017126008840018692e+01 1.370602797908930270e+01 0.000000000000000000e+00
-2.007193648256467178e+00 7.123273160724413522e+00 0.000000000000000000e+00
-6.804767485762952539e+00 4.021501614066632868e+00 0.000000000000000000e+00
5.373141732658970326e+00 1.593326266731049046e+01 0.000000000000000000e+00
-6.075916590569907516e-01 1.631914234336630187e+01 0.000000000000000000e+00
1.255448394306787341e+00 9.321025440077221447e+00 0.000000000000000000e+00
7.702207381136933151e+00 7.767832111926082028e+00 0.000000000000000000e+00
2.852605945901993123e-01 1.347060283718290741e+01 0.000000000000000000e+00
9.343134652699930598e+00 -1.453613502836075888e+01 0.000000000000000000e+00
3.551060355451514994e+00 -1.174753738807689629e+01 0.000000000000000000e+00
9.097641160631555479e+00 -8.448353799736656455e+00 0.000000000000000000e+00
-1.190406070377278169e+01 8.359856771581878121e+00 0.000000000000000000e+00
2.149043844773894651e+00 1.498421476111018258e+01 0.000000000000000000e+00
-1.446486632662267624e+01 -9.126567100157517487e+00 0.000000000000000000e+00
-1.857219042850444035e+00 -1.435790926181393168e+01 0.000000000000000000e+00
4.649486920570599757e+00 5.815078631930481468e-01 0.000000000000000000e+00
-7.315311326242516898e+00 1.302029603090793852e+00 0.000000000000000000e+00
3.433846019142801520e+00 -1.162997243843800099e+00 0.000000000000000000e+00
9.279220330568939801e+00 -1.277911672742048310e+01 0.000000000000000000e+00
7.824182907274416898e+00 -5.809816720371867582e+00 0.000000000000000000e+00
-1.258173150605833790e+01 1.412965002184184693e-01 0.000000000000000000e+00
6.875298065164713535e+00 -3.628668676171826757e-01 0.000000000000000000e+00
-5.476714898601732884e+00 2.667397663947933317e+00 0.000000000000000000e+00
4.250343599895290758e+00 1.345550210396627477e+01 0.000000000000000000e+00
-1.031842770706920831e+01 -1.052806273323221831e+01 0.000000000000000000e+00
-1.579108098461876608e-01 1.571646319217037568e+00 0.000000000000000000e+00
-5.868363050148511562e+00 -7.368797447551729718e+00 0.000000000000000000e+00
-4.255067934366642213e+00 -1.149527312573338378e+01 0.000000000000000000e+00
-1.477006765999094817e+01 -7.239023524928247522e-01 0.000000000000000000e+00
1.321723902716873766e+01 9.054959456631328507e+00 0.000000000000000000e+00
-5.356275949603558573e+00 -9.693203027512018011e+00 0.000000000000000000e+00
3.702465451717619871e+00 3.475705272310464888e+00 0.000000000000000000e+00
1.160075785335315679e+01 3.811476168443239665e+00 0.000000000000000000e+00
-9.337793780539353605e+00 -5.442655598141249662e+00 0.000000000000000000e+00
1.316872256290266208e+01 -1.031895054350277441e+01 0.000000000000000000e+00
-2.090291873214811691e+00 1.722067817495106823e+01 0.000000000000000000e+00
5.751884652361908046e+00 -1.641503263249168043e+01 0.000000000000000000e+00
2.126441680209305130e+00 -1.016294882494182694e+01 0.000000000000000000e+00
-6.071385884119235854e+00 -1.610177482707731400e+01 0.000000000000000000e+00
-4.128691075402412203e+00 6.831815588042702281e+00 0.000000000000000000e+00
1.098689749805591553e+01 5.374968347720521678e+00 0.000000000000000000e+00
7.196195217730227967e+00 1.269918484154284322e+01 0.000000000000000000e+00
-7.092839110466674590e+00 -3.843391727287763793e-01 0.000000000000000000e+00
-1.118031589723726960e+01 -4.228068377077260465e+00 0.000000000000000000e+00
1.361667382049144237e+01 6.951776328629867940e+00 0.000000000000000000e+00
1.154908105549854724e+01 -1.498123825748960636e+00 0.000000000000000000e+00
2.959246265670916198e+00 1.820972052237428418e+00 0.000000000000000000e+00
-1.257771270300524868e+01 1.056527369186273724e+01 0.000000000000000000e+00
1.958313383975357924e+00 -1.455581100848764109e+01 0.000000000000000000e+00
7.024966154098238214e+00 1.584302119644903684e+01 0.000000000000000000e+00
-1.494514466686840670e+01 1.415426002718912946e+00 0.000000000000000000e+00
-2.021282224636031355e+00 1.234827370694182136e+01 0.000000000000000000e+00
-1.298940338430249852e+01 4.673506691254871726e+00 0.000000000000000000e+00
3.391078955178662202e+00 1.712103516490099864e+01 0.000000000000000000e+00
-1.422047273701630132e+01 9.805300938228622698e+00 0.000000000000000000e+00
1.240652043715710739e+01 -1.232009774017397241e+01 0.000000000000000000e+00
1.447184452934878429e+01 -9.561574294315043687e+00 0.000000000000000000e+00
8.743973016808618937e+00 6.666655760388223939e+00 0.000000000000000000e+00
-9.708458159725722458e-01 3.178178714638644653e+00 0.000000000000000000e+00
-9.186418496481138618e+00 1.357921915541671298e+00 0.000000000000000000e+00
-9.672434687946649845e+00 8.059479593940634956e+00 0.000000000000000000e+00
6.873385720595673654e+00 1.080500269169305305e+01 0.000000000000000000e+00
8.573850568103781322e-01 -8.360488350602166108e+00 0.000000000000000000e+00
-1.245988661511485951e+01 -3.442510652763270507e+00 0.000000000000000000e+00
5.960693743949795759e-02 -3.589350374979639824e+00 0.000000000000000000e+00
-1.054044298733245810e+01 -2.117203822301993110e+00 0.000000000000000000e+00
2.115849163418501711e+00 -1.737157897398692441e+01 0.000000000000000000e+00
3.699276649988888721e+00 -7.968879871322833708e+00 0.000000000000000000e+00
-5.836017909849777752e+00 1.083128393890852870e+01 0.000000000000000000e+00
-5.692992879137623419e+00 -2.684648372286032814e+00 0.000000000000000000e+00
8.894928251122761864e+00 1.224353664684443821e+01 0.000000000000000000e+00
1.610591552596888576e+01 6.471858522241718426e+00 0.000000000000000000e+00
1.280395125700721692e+01 -2.328520086290358504e-01 0.000000000000000000e+00
-8.125906744113922997e+00 -4.338129849442212915e+00 0.000000000000000000e+00
-7.466375238802992698e+00 1.053171004437018077e+01 0.000000000000000000e+00
-4.232806784792415122e+00 1.672675798027523530e+00 0.000000000000000000e+00
3.169573948314037715e+00 9.881241794462873429e+00 0.000000000000000000e+00
6.909982729351220598e+00 6.014950254073082370e+00 0.000000000000000000e+00
-1.069134164509193319e+01 1.004293605442781789e+01 0.000000000000000000e+00
5.496273707081970272e+00 2.836465473884134614e+00 0.000000000000000000e+00
1.529366006965355318e+01 -1.655434003515356300e+00 0.000000000000000000e+00
-1.520180566162638236e+01 -7.562736135484660949e+00 0.000000000000000000e+00
-1.218543465343982168e+00 1.369527761201035077e+01 0.000000000000000000e+00
-9.646827842605487646e+00 -1.446769088362749578e+01 0.000000000000000000e+00
7.243787298579111855e+00 -7.835566521699188769e+00 0.000000000000000000e+00
1.080244479311571482e+01 1.334440439026616865e+01 0.000000000000000000e+00
4.031535738896709353e-01 -1.306140929448497090e+01 0.000000000000000000e+00
-1.360137027924939623e+00 -1.270152196034751135e+01 0.000000000000000000e+00
-1.638795234657964173e+01 -6.104492227107885860e+00 0.000000000000000000e+00
-2.730068245484934319e+00 -5.138608464641160722e+00 0.000000000000000000e+00
1.074228410195903294e+01 -1.376494300661495629e+01 0.000000000000000000e+00
1.359368149748078913e+01 -6.431946787271455968e+00 0.000000000000000000e+00
-1.238259061729803934e+00 -1.741162162174085537e-01 0.000000000000000000e+00
-1.005483476811582300e+01 3.334624073434301117e+00 0.000000000000000000e+00
4.406881942061695590e+00 -5.967167499699686850e+00 0.000000000000000000e+00
6.000699039381808042e+00 -5.861412366376269389e+00 0.000000000000000000e+00
1.252566273173829003e+01 -3.884740362948539527e+00 0.000000000000000000e+00
-3.769563191611730701e+00 -9.922956226504112465e+00 0.000000000000000000e+00
7.644507174562001239e+00 3.449740202693385882e+00 0.000000000000000000e+00
1.177404566112023865e+01 1.041695066272966308e+01 0.000000000000000000e+00
6.793452724650540731e+00 -1.154813734370312339e+01 0.000000000000000000e+00
