-1.240550984435108361e+01 1.088643573709037327e+01 0.000000000000000000e+00
1.429596825507678481e+01 -9.151307921963065528e-01 0.000000000000000000e+00
1.393713168879894937e+01 -5.926977509806493849e+00 0.000000000000000000e+00
2.462569089825090263e+00 -1.679849180689542010e+01 0.000000000000000000e+00
-1.003565764777767555e+01 1.289497148777649471e+01 0.000000000000000000e+00
-1.633968632571714608e+01 8.464641604043778855e-01 0.000000000000000000e+00
6.826114782856044449e+00 -5.667502256949654704e-01 0.000000000000000000e+00
-1.764106057627122937e+01 -6.404923911364313938e+00 0.000000000000000000e+00
4.781517299365058093e+00 1.683604965773892559e+01 0.000000000000000000e+00
1.209368157372195363e+01 1.108618584231749971e+01 0.000000000000000000e+00
-1.421003843600046501e+01 -6.946198370539612199e+00 0.000000000000000000e+00
-4.409102854787104953e+00 2.423893865975993656e+00 0.000000000000000000e+00
-4.023129210317562432e+00 -5.880628764326932156e+00 0.000000000000000000e+00
2.768270618056587029e+00 2.291685166515000205e+00 0.000000000000000000e+00
6.959195348508240286e-02 6.142904514276348316e+00 0.000000000000000000e+00
4.051228387634101757e+00 -7.572421292113831193e+00 0.000000000000000000e+00
1.213835382551577879e+01 7.474902579730384744e-01 0.000000000000000000e+00
9.885327973481718544e+00 1.391688624964961596e+00 0.000000000000000000e+00
6.233199313539700803e+00 -2.881487529173569762e+00 0.000000000000000000e+00
-7.620360889646327074e+00 -1.581027049736288603e+01 0.000000000000000000e+00
-2.614831663875990309e+00 8.605049060314751141e-01 0.000000000000000000e+00
-1.343104615293933612e+01 6.132167320941642963e+00 0.000000000000000000e+00
-6.457928939296304627e+00 -1.731258981856674595e+01 0.000000000000000000e+00
8.129056769882176070e+00 1.288449015865693958e+01 0.000000000000000000e+00
1.753843358010949416e+01 5.363130960950376114e+00 0.000000000000000000e+00
8.737528106969852715e+00 1.459259405097210127e+01 0.000000000000000000e+00
-2.028775148215822721e+00 -1.160389460234012660e+01 0.000000000000000000e+00
-9.689663845846553158e+00 -4.728538743357782792e+00 0.000000000000000000e+00
9.138259199236134833e+00 9.718606372238713931e+00 0.000000000000000000e+00
-7.338487241655496263e+00 1.196013511109450889e+01 0.000000000000000000e+00
-1.224751413238481312e+01 -1.820540109474445833e-03 0.000000000000000000e+00
1.059205285616820724e+01 -1.525455993263941323e+00 0.000000000000000000e+00
1.167323401339985622e+01 -5.828999806453622590e+00 0.000000000000000000e+00
1.066533291700112601e-01 -1.175301105761812615e+01 0.000000000000000000e+00
-1.575587938385875297e+00 1.471366936505312673e+01 0.000000000000000000e+00
2.514925694090806907e+00 -1.992321307754917337e+00 0.000000000000000000e+00
-1.108247749702368523e+01 -1.526942229009091179e+01 0.000000000000000000e+00
-2.130114083202130359e+00 -1.791511271119272664e+01 0.000000000000000000e+00
-3.069792462811471445e+00 -1.644923350495033532e+01 0.000000000000000000e+00
5.406571313527339662e-01 -1.538864321385279288e+00 0.000000000000000000e+00
-1.132937950585324671e+01 1.987542566193817972e+00 0.000000000000000000e+00
1.710166961750520187e+01 -1.478232216326030857e-01 0.000000000000000000e+00
-1.486982790395051168e+01 -3.699611276663718140e+00 0.000000000000000000e+00
-2.229831132026293350e+00 5.539054067223205813e+00 0.000000000000000000e+00
5.200011543458599839e+00 -9.224631176865839777e+00 0.000000000000000000e+00
-8.436288451499084573e+00 -8.002893631815531705e+00 0.000000000000000000e+00
9.202537482022522752e+00 3.722323403960380084e+00 0.000000000000000000e+00
-9.393549559695747675e+00 7.145177535355159648e+00 0.000000000000000000e+00
-5.802826379275781932e+00 1.057729032695090154e+01 0.000000000000000000e+00
-1.510333347098516121e+01 -7.816088409989740970e-01 0.000000000000000000e+00
-2.425925481450718735e+00 -1.034053105142721085e+00 0.000000000000000000e+00
9.482247369185735408e+00 -6.912170161749021879e+00 0.000000000000000000e+00
8.878169486709312608e+00 -1.568846676326357503e+01 0.000000000000000000e+00
3.423008670579004598e+00 -4.374524346332848701e+00 0.000000000000000000e+00
-7.102143204501862428e+00 3.004069643452562666e+00 0.000000000000000000e+00
-1.605499584600832463e+01 -6.009663874290684937e+00 0.000000000000000000e+00
-9.229598338821755732e+00 4.367404214520573369e+00 0.000000000000000000e+00
-1.248314685582504779e+01 -1.206159441411267608e+01 0.000000000000000000e+00
5.162398621903625084e+00 1.208551520394168577e+01 0.000000000000000000e+00
-1.625963646929814033e+01 8.959550897610835563e+00 0.000000000000000000e+00
-8.132622285195726164e+00 1.698796789850333333e+00 0.000000000000000000e+00
-6.743381077900717280e+00 -1.122017877298939936e+01 0.000000000000000000e+00
-1.585509355683980770e+00 1.279718358572335646e+01 0.000000000000000000e+00
-1.324255012234445061e+01 8.240745913390099986e+00 0.000000000000000000e+00
-1.196029743889240571e+01 4.529912831136448936e+00 0.000000000000000000e+00
1.372808744860554242e+01 7.317456075080075451e+00 0.000000000000000000e+00
4.801089042194366385e+00 1.567766638283600855e-01 0.000000000000000000e+00
4.865128983533968388e+00 3.015600541898204145e+00 0.000000000000000000e+00
-5.392735794529308180e+00 8.543199510376073391e+00 0.000000000000000000e+00
3.986321785325792066e-01 -4.581891276786238087e+00 0.000000000000000000e+00
1.852401073109923857e+00 -1.541896196509957839e+01 0.000000000000000000e+00
5.182558804423716303e+00 -1.434128863379878460e+01 0.000000000000000000e+00
1.417832627452252225e+01 4.320407592325906876e+00 0.000000000000000000e+00
6.474204554822285296e+00 1.634780888342372451e+00 0.000000000000000000e+00
7.153379997762804310e-02 -1.361798634676235409e+01 0.000000000000000000e+00
-1.896892247864763092e+01 -6.164839548148360882e-01 0.000000000000000000e+00
-7.397726074575772692e+00 7.114007525132401533e+00 0.000000000000000000e+00
-1.518575681010845990e+01 -8.835751090842558497e+00 0.000000000000000000e+00
1.727242213625346423e+01 7.668644131937981889e+00 0.000000000000000000e+00
-2.420766747161846588e+00 8.875041987035549695e+00 0.000000000000000000e+00
7.995832903664439328e-01 1.518395475188051869e+01 0.000000000000000000e+00
9.779910107962197507e-01 9.928610003934001949e-01 0.000000000000000000e+00
1.054585330924021136e+01 -1.185039298279693121e+01 0.000000000000000000e+00
-1.221180504541716871e+01 -2.480061387091386127e+00 0.000000000000000000e+00
9.106026376392877708e+00 5.510642764077049449e+00 0.000000000000000000e+00
-1.627714698343829980e+01 6.240047362314849799e+00 0.000000000000000000e+00
-3.597956157655679998e+00 -3.116740402551888778e+00 0.000000000000000000e+00
-3.670205789971168198e-01 1.766814744610478627e+01 0.000000000000000000e+00
1.093600939992515819e+01 -1.033980603496036288e+01 0.000000000000000000e+00
1.392703119882282969e+01 1.047820762333437195e+01 0.000000000000000000e+00
3.667072696385942354e-01 1.085905681082518903e+01 0.000000000000000000e+00
6.281476136136409316e+00 1.045677530501949981e+01 0.000000000000000000e+00
-5.428959011190650052e+00 -1.581710879939286407e+01 0.000000000000000000e+00
-2.225896300158263674e+00 -1.504114868480741229e+01 0.000000000000000000e+00
7.884605775511261072e+00 -1.454793142732687983e+01 0.000000000000000000e+00
-6.157430130297873561e+00 1.379644960227870421e+01 0.000000000000000000e+00
-1.037869369591100188e+01 -6.333763572469448988e+00 0.000000000000000000e+00
1.406190774287008338e+01 1.050252134929531733e+00 0.000000000000000000e+00
9.222829837748442117e+00 -5.778025900629121803e-02 0.000000000000000000e+00
1.241944476018965560e+01 -1.363757169970717165e+01 0.000000000000000000e+00
5.106969389565369610e+00 -1.556712198754520049e+00 0.000000000000000000e+00
-1.152062348795243807e+01 -1.353514492588709039e+01 0.000000000000000000e+00
1.312281920168178750e+01 8.954596598571404442e+00 0.000000000000000000e+00
1.508247489612283410e+01 6.555079260219393689e+00 0.000000000000000000e+00
-2.561615991164471584e+00 1.871423289199095663e+01 0.000000000000000000e+00
-1.686794328048121239e+00 -9.575176906813688049e+00 0.000000000000000000e+00
-1.158491200270835542e+01 8.860915841416053595e+00 0.000000000000000000e+00
-1.610774176007622316e+01 2.525056846572874658e+00 0.000000000000000000e+00
1.847660456052562949e+01 2.553339448233771236e+00 0.000000000000000000e+00
-1.694975657131819702e+01 -2.495538286722078780e+00 0.000000000000000000e+00
-8.638771655233266955e+00 -1.323240868744255039e+01 0.000000000000000000e+00
-1.703688647847935655e+01 -4.357074137330360308e+00 0.000000000000000000e+00
1.372232566111565077e+01 -9.214129478519724969e+00 0.000000000000000000e+00
-7.930684672365314825e+00 -2.924275596147946299e+00 0.000000000000000000e+00
-7.875299222145916822e+00 -5.733625472678593127e+00 0.000000000000000000e+00
-8.163239829502437317e+00 -2.722775618871541292e-01 0.000000000000000000e+00
-8.614825842756502761e-01 -1.617812170608534927e+01 0.000000000000000000e+00
2.138530229817815265e+00 -7.600318505068926811e+00 0.000000000000000000e+00
-6.101702421811689980e+00 -1.399886546806116705e+01 0.000000000000000000e+00
6.495033408561023514e+00 1.401413219567296586e+01 0.000000000000000000e+00
1.630302151234852914e+01 -9.709728975092286163e+00 0.000000000000000000e+00
1.246465101431441624e+01 2.939139770417341868e+00 0.000000000000000000e+00
-3.379648861253758518e+00 -9.387080880553750006e+00 0.000000000000000000e+00
9.412009780183316465e+00 -9.371474278151699977e+00 0.000000000000000000e+00
-1.517662780373685960e+00 1.668548523998420308e+01 0.000000000000000000e+00
1.103444894119047426e+01 3.984246081167809095e+00 0.000000000000000000e+00
-1.220418012470463331e+01 -4.955808875469930541e+00 0.000000000000000000e+00
-1.022033980146897392e+01 1.512330894541952730e+01 0.000000000000000000e+00
2.714767553248758070e+00 1.745986768003004386e+01 0.000000000000000000e+00
1.041598965174995683e+01 1.305600232468914790e+01 0.000000000000000000e+00
9.158693422716899235e+00 1.613843080574893207e+01 0.000000000000000000e+00
-3.768272970049256987e+00 -1.498107079693753008e+01 0.000000000000000000e+00
-1.289393683124396839e+00 -7.240907917032233243e+00 0.000000000000000000e+00
8.744539482864437829e+00 1.118247640950934496e+01 0.000000000000000000e+00
-4.597607137216112250e+00 7.260602677744837363e-01 0.000000000000000000e+00
2.920607812126454483e+00 1.237978492419311749e+01 0.000000000000000000e+00
6.163734459048056280e+00 5.030086213341757428e+00 0.000000000000000000e+00
8.725489803130306754e+00 -1.200881392831669281e+01 0.000000000000000000e+00
6.351107144111412417e+00 1.769086008879112981e+01 0.000000000000000000e+00
7.005271326240819718e+00 -1.124951021193923850e+01 0.000000000000000000e+00
-1.421244810903140277e+01 2.900756079464247517e+00 0.000000000000000000e+00
1.308944487015928360e+00 1.267505457064571139e+01 0.000000000000000000e+00
6.321186193663060671e+00 1.552348816541337939e+01 0.000000000000000000e+00
-5.004726464286100018e+00 -1.261235483179981465e+01 0.000000000000000000e+00
2.028122575555039386e+00 -5.171419443635445035e+00 0.000000000000000000e+00
-3.063073761453017241e+00 1.229905652232315560e+01 0.000000000000000000e+00
-2.315281716155674352e-01 -1.825775607536890988e+01 0.000000000000000000e+00
5.838103596317560928e+00 -4.471649956221533273e+00 0.000000000000000000e+00
-6.769402297032715232e+00 -4.283847443772035746e+00 0.000000000000000000e+00
-6.550260188773281422e-01 4.361183503898636182e+00 0.000000000000000000e+00
1.562385166599370478e+01 -2.861773119255741626e+00 0.000000000000000000e+00
-9.649698781132487468e+00 7.886954105330626907e-01 0.000000000000000000e+00
1.027621270716810642e+01 -4.971285591040325080e+00 0.000000000000000000e+00
2.938663139378755673e+00 8.617736882086804329e+00 0.000000000000000000e+00
-8.740157378378688335e+00 1.598466808534184302e+01 0.000000000000000000e+00
-4.167509840513523578e+00 1.123906714868407519e+01 0.000000000000000000e+00
-1.003445001214265453e+01 -8.587820670563235392e-01 0.000000000000000000e+00
-1.435507289288262456e+01 9.776729439051205617e+00 0.000000000000000000e+00
1.143617062520935646e+00 4.249420648657467936e+00 0.000000000000000000e+00
-8.939348349319990561e+00 -1.006201067572188279e+01 0.000000000000000000e+00
3.211296499614715749e+00 -1.267804320081688552e+01 0.000000000000000000e+00
1.444514073161969314e+01 -1.111678182523677982e+01 0.000000000000000000e+00
1.623545934146274305e+01 9.461777870299272308e+00 0.000000000000000000e+00
2.811478654816010447e+00 5.447142940426053848e+00 0.000000000000000000e+00
-1.452387046353018540e+01 1.128236377080422059e+01 0.000000000000000000e+00
-1.465051891624451486e+01 -1.119766599409375019e+01 0.000000000000000000e+00
1.699754809626527674e+01 3.826943712652016494e+00 0.000000000000000000e+00
5.028019289133278669e+00 -1.125465534719751837e+01 0.000000000000000000e+00
1.501956372397033945e+01 -7.485052177341620094e+00 0.000000000000000000e+00
-1.056808334075656930e+01 -1.126085859190197702e+01 0.000000000000000000e+00
-3.856002424841639797e+00 1.766389872061239430e+01 0.000000000000000000e+00
1.243015748381106889e+01 -2.599302264890458236e+00 0.000000000000000000e+00
1.897357182295848332e+01 6.769936897915855845e-01 0.000000000000000000e+00
4.181364132015589874e+00 1.829996293980574862e+01 0.000000000000000000e+00
-1.334050662106167451e+01 -8.997430903273674119e+00 0.000000000000000000e+00
7.174851491882623833e+00 -9.412899513886864966e+00 0.000000000000000000e+00
4.379508026195114034e+00 -1.788443262380879517e+01 0.000000000000000000e+00
-4.411442102419457001e+00 1.534927083048426688e+01 0.000000000000000000e+00
5.745430401986117985e+00 -6.926115190602779137e+00 0.000000000000000000e+00
9.302176551577862051e-01 -1.041173564844538646e+01 0.000000000000000000e+00
-4.124665468676248281e+00 -1.825313696055027535e+01 0.000000000000000000e+00
-5.854074196336200409e+00 4.436894898367202522e+00 0.000000000000000000e+00
-1.932609930523845776e+00 2.936068335306702970e+00 0.000000000000000000e+00
3.604611750692072736e+00 1.515913341824834859e+01 0.000000000000000000e+00
3.936862919326991506e+00 6.829926853292163536e+00 0.000000000000000000e+00
3.733310484937360840e+00 1.021995750557472249e+01 0.000000000000000000e+00
-6.117592899129824957e+00 -9.359798582619914598e+00 0.000000000000000000e+00
7.861569936426692884e+00 -2.716618499201483239e+00 0.000000000000000000e+00
8.310589749816376326e+00 1.302214502734587276e+00 0.000000000000000000e+00
1.704666843389919606e+01 -4.128721979997868274e+00 0.000000000000000000e+00
-2.353500967305889535e+00 -5.483550492897031781e+00 0.000000000000000000e+00
1.265723558014951600e+01 1.294147192304244065e+01 0.000000000000000000e+00
-5.672191867937199650e-01 2.143574436313510911e-01 0.000000000000000000e+00
5.566759520909122294e+00 8.444588322378898226e+00 0.000000000000000000e+00
-5.824098505103308732e+00 -1.045197931547011683e+00 0.000000000000000000e+00
1.644329192414306462e+01 1.384531070244016338e+00 0.000000000000000000e+00
1.278176089394761128e+01 -1.151689719746936902e+01 0.000000000000000000e+00
-3.915323133752276696e+00 -7.744625768498808682e+00 0.000000000000000000e+00
-1.702957426929902240e+01 -7.822244713844146879e+00 0.000000000000000000e+00
4.302549908819930380e+00 -1.590265897280219143e+01 0.000000000000000000e+00
1.056708772642798877e+01 -1.546734208798153354e+01 0.000000000000000000e+00
-3.234981674207802360e+00 4.205221432609150156e+00 0.000000000000000000e+00
3.321647665451235021e+00 -3.361594414686027710e-01 0.000000000000000000e+00
-8.023132823165763483e+00 5.574825877008306563e+00 0.000000000000000000e+00
7.255020076988827782e+00 7.700685898370513982e+00 0.000000000000000000e+00
-7.427058869315227518e+00 1.705864196603326022e+01 0.000000000000000000e+00
1.100161977293384119e+01 -7.703204310104074359e+00 0.000000000000000000e+00
-4.825551374074051658e+00 -4.037721859049652195e+00 0.000000000000000000e+00
-1.600350028467122598e+00 1.104082808480156075e+01 0.000000000000000000e+00
1.086831000191749830e+01 8.989816774996313598e+00 0.000000000000000000e+00
6.801280590311836960e+00 -1.648879930132268257e+01 0.000000000000000000e+00
-4.272627074846802486e+00 -1.539695197897012591e+00 0.000000000000000000e+00
-1.146990168240390595e+01 1.373094334173886288e+01 0.000000000000000000e+00
1.636372812481990735e+01 -6.602361742574911929e+00 0.000000000000000000e+00
-1.229428073889122075e+01 -7.762129554776342033e+00 0.000000000000000000e+00
-1.858472543879210548e+01 2.771166568395766472e+00 0.000000000000000000e+00
-1.053619575754187920e+01 1.055201657573420171e+01 0.000000000000000000e+00
-3.981525071216459044e-01 2.669682310005269787e+00 0.000000000000000000e+00
-1.814872099831618968e+01 5.377886149828360551e+00 0.000000000000000000e+00
-1.407894151351663226e+01 4.373666386488627156e-01 0.000000000000000000e+00
9.025754433587797720e+00 -1.752367281824633638e+00 0.000000000000000000e+00
-1.271340704264962085e+01 1.264649080505828138e+01 0.000000000000000000e+00
-5.895628089369226998e+00 -7.619178431000053209e+00 0.000000000000000000e+00
9.938956279541550920e-01 1.671590550055180202e+01 0.000000000000000000e+00
-1.477799210814424136e+01 8.071288966998375614e+00 0.000000000000000000e+00
7.384121956701851452e+00 -5.034822764079726731e+00 0.000000000000000000e+00
-3.217082644327792229e-01 7.719175705700077827e+00 0.000000000000000000e+00
3.106932918708623870e+00 -1.869282760153065581e+01 0.000000000000000000e+00
-9.253838510149641650e+00 -1.635863685367909071e+01 0.000000000000000000e+00
-2.341500172607673846e+00 -1.342330627767547746e+01 0.000000000000000000e+00
7.506182387508572695e+00 -6.565209620665080514e+00 0.000000000000000000e+00
4.147470618209615267e+00 1.345986329384785307e+01 0.000000000000000000e+00
-2.655237504379940106e+00 7.058701896514982366e+00 0.000000000000000000e+00
-3.944940973150075969e+00 -1.080895367613280200e+01 0.000000000000000000e+00
-3.908262532966627401e+00 9.228230961121166587e+00 0.000000000000000000e+00
2.477218634707604838e+00 -1.127909134244964129e+01 0.000000000000000000e+00
1.731637207621651697e+01 -1.708872508055384376e+00 0.000000000000000000e+00
-7.133273257951163515e+00 9.186667870646610723e+00 0.000000000000000000e+00
-1.480978945792325918e+00 -2.382223834525825978e+00 0.000000000000000000e+00
-1.620085586671107691e+01 4.249275376884342315e+00 0.000000000000000000e+00
-5.719564524568752917e-02 1.349613409097496408e+01 0.000000000000000000e+00
-5.831251507027465308e+00 -5.719056157410651764e+00 0.000000000000000000e+00
8.698116429289280305e+00 7.059734335399251215e+00 0.000000000000000000e+00
-8.531101047993161046e+00 1.412613992667045792e+01 0.000000000000000000e+00
5.223894101390306188e-01 -8.946353071071827756e+00 0.000000000000000000e+00
6.160175306046137278e-01 -3.095844180345674879e+00 0.000000000000000000e+00
-5.782340864028238769e+00 6.034549270623377204e+00 0.000000000000000000e+00
-1.128740001343784449e+01 6.187780569572066902e+00 0.000000000000000000e+00
-1.808838086616942320e+01 9.968636274151252419e-01 0.000000000000000000e+00
-1.372239420700806356e+01 -1.823179104590556543e+00 0.000000000000000000e+00
3.801815549652141080e+00 -1.007362294531939639e+01 0.000000000000000000e+00
7.536552178949958325e+00 3.872433152879644958e+00 0.000000000000000000e+00
1.776506707324639223e+01 -5.905219097763064084e+00 0.000000000000000000e+00
-1.065601991295443796e+01 -8.930986425109132654e+00 0.000000000000000000e+00
1.554433553025018711e+01 1.089025560417666050e+01 0.000000000000000000e+00
1.087478195669687508e+01 1.450749488506094487e+01 0.000000000000000000e+00
