-8.319576480229218252e-01 -1.195758920907622880e+01 0.000000000000000000e+00
2.157093149586345238e+00 -1.243641950821203146e+01 0.000000000000000000e+00
3.255713710202344124e+00 1.570193499359751321e+01 0.000000000000000000e+00
8.904886719183094712e+00 -8.648197297761230473e+00 0.000000000000000000e+00
-4.236914685831049354e+00 -1.381140402021881286e+01 0.000000000000000000e+00
-1.306318747728766994e+01 -1.090400097061842999e+01 0.000000000000000000e+00
-6.209457843974107050e+00 -5.085042947093280752e+00 0.000000000000000000e+00
1.036029512641580297e+01 -7.782599195784998258e+00 0.000000000000000000e+00
1.488097491299592789e+01 -6.384185502525034472e+00 0.000000000000000000e+00
-3.669340250454060648e+00 1.942709690339431416e+00 0.000000000000000000e+00
2.426967976284605921e+00 1.425593307695158707e+01 0.000000000000000000e+00
-1.293998591429988743e+01 9.019635914502329044e+00 0.000000000000000000e+00
-1.413566666320640408e+01 -2.869021708203975507e+00 0.000000000000000000e+00
1.293223750878831169e+01 7.044970685994077719e+00 0.000000000000000000e+00
5.703480513648834460e+00 -2.072455836699215403e+00 0.000000000000000000e+00
-6.292688171864605273e+00 4.863649499077992822e+00 0.000000000000000000e+00
-1.253102460242346083e+01 1.195856038102153818e+01 0.000000000000000000e+00
-1.055517135394216233e+01 1.115370400214999691e+01 0.000000000000000000e+00
9.290449675128282792e+00 -1.423685149782075143e+01 0.000000000000000000e+00
-5.612748268886816660e+00 1.247693855213533887e+01 0.000000000000000000e+00
-6.655444352944528852e+00 -1.950852675104529421e+00 0.000000000000000000e+00
6.696214635637762314e+00 5.265140548628785666e+00 0.000000000000000000e+00
-2.248465146325175912e+00 -8.186314917769554000e+00 0.000000000000000000e+00
6.434871763634664177e+00 3.052600238203309946e+00 0.000000000000000000e+00
1.087797020456249708e+00 -7.186337448669915418e+00 0.000000000000000000e+00
4.688919272401082416e+00 -1.345051451923176522e+01 0.000000000000000000e+00
-5.774054363388176014e+00 2.675565128601308018e+00 0.000000000000000000e+00
-4.701529721146038732e+00 -2.918272677252464198e-01 0.000000000000000000e+00
-9.959173058823690639e+00 9.080353054344870500e+00 0.000000000000000000e+00
-1.571268135989086212e-01 1.540766122475405631e+01 0.000000000000000000e+00
-5.532487820335619810e-01 -6.984567160970263977e+00 0.000000000000000000e+00
-9.462935142240343822e+00 -6.246653296895805063e+00 0.000000000000000000e+00
-3.985408689740737920e+00 -1.898531989834947531e+00 0.000000000000000000e+00
-8.899383564044222039e-01 2.994045884477440911e+00 0.000000000000000000e+00
1.207324159728170265e+01 -8.880010066626960352e+00 0.000000000000000000e+00
-2.323851262428434872e+00 -6.487749548972226776e+00 0.000000000000000000e+00
-3.589731093734062295e+00 6.752672294924189522e+00 0.000000000000000000e+00
2.429288496175979084e+00 1.085659600124517254e+01 0.000000000000000000e+00
1.711288802598254577e+01 -1.120467381253845707e+00 0.000000000000000000e+00
-7.567219405455373860e+00 -1.367426528157885635e+01 0.000000000000000000e+00
1.208952306997363024e+01 9.229246921048753549e+00 0.000000000000000000e+00
8.344021313143318963e+00 -1.187070561712934591e+01 0.000000000000000000e+00
1.027177888010843532e+01 1.064704773701507357e+01 0.000000000000000000e+00
2.325468786943169608e+00 -3.018412225336579269e+00 0.000000000000000000e+00
-3.026474383365630683e+00 -1.710631963823248114e+01 0.000000000000000000e+00
2.175638428046141826e+00 -3.255144980436238678e-01 0.000000000000000000e+00
-1.174535765960807110e+00 -5.026801425099876042e+00 0.000000000000000000e+00
-1.614008816441569039e+01 3.373485914715473655e+00 0.000000000000000000e+00
-7.390556820575874930e+00 7.660494222943505349e+00 0.000000000000000000e+00
-4.083099505019147202e+00 -1.592624549297039316e+01 0.000000000000000000e+00
4.446801025757388892e+00 -8.135439463029185969e-01 0.000000000000000000e+00
-1.425126729654061819e+01 4.954195880103971383e+00 0.000000000000000000e+00
-1.307890386782041681e+01 1.396691662768909215e+00 0.000000000000000000e+00
-2.858737134352998588e+00 -1.168776465058195413e+01 0.000000000000000000e+00
1.564171716742973217e+01 -4.202942184411950222e-01 0.000000000000000000e+00
7.233976311189001862e+00 -7.618452807303365049e+00 0.000000000000000000e+00
1.093839421810539392e+01 -1.241224929390061016e+00 0.000000000000000000e+00
-1.625011914294937654e+01 -5.548313090333730990e+00 0.000000000000000000e+00
4.989319093141269534e-01 -2.374420091783198572e+00 0.000000000000000000e+00
9.292046260320823592e+00 1.399988461819207330e+01 0.000000000000000000e+00
-1.445593700198216602e+01 8.908695421123276503e+00 0.000000000000000000e+00
1.529917821224477770e+01 2.235458266417891693e+00 0.000000000000000000e+00
2.412261575302989236e+00 -1.441594449039928350e+01 0.000000000000000000e+00
-3.823926079607104622e+00 1.298053743191703902e+01 0.000000000000000000e+00
7.391248925754693389e+00 8.825680780230790390e+00 0.000000000000000000e+00
-1.126112989031355838e+01 -4.761375798409557270e+00 0.000000000000000000e+00
3.652992273527692291e+00 -1.130758155347519001e+01 0.000000000000000000e+00
1.294347969686929112e+01 -6.326568177094316958e+00 0.000000000000000000e+00
-4.231401836988005982e+00 1.078237996751417427e+01 0.000000000000000000e+00
-6.056688757622654684e+00 1.578264207667300845e+01 0.000000000000000000e+00
-8.141615985874061323e+00 -3.014926882285142717e+00 0.000000000000000000e+00
8.621831012099882230e+00 4.213972255602959294e+00 0.000000000000000000e+00
1.458329500092168374e+01 -2.415709240585686590e+00 0.000000000000000000e+00
8.408344717451492478e-01 1.170416937198889862e+01 0.000000000000000000e+00
-1.598652770713365534e+01 6.462139767528114476e+00 0.000000000000000000e+00
-9.758080385270572421e+00 8.226669531151427073e-01 0.000000000000000000e+00
4.194939436173621417e+00 -4.231292137048684232e+00 0.000000000000000000e+00
-9.175051416415488603e+00 1.380042258870935079e+01 0.000000000000000000e+00
1.191376178070800584e+01 1.619190742086137780e+00 0.000000000000000000e+00
1.435703347900329518e+01 -4.523544105651918557e+00 0.000000000000000000e+00
-1.458109899129832687e+00 -1.130659582643529060e+00 0.000000000000000000e+00
-1.111087469109030046e+01 1.311080864213254138e+01 0.000000000000000000e+00
1.665644784081793839e+00 -9.799478960245586734e+00 0.000000000000000000e+00
1.398918811860472466e+01 9.730299305855724112e-01 0.000000000000000000e+00
5.290806119369286797e-01 -1.330619880861666537e+01 0.000000000000000000e+00
7.684230596225573251e+00 -4.246081435957115846e-01 0.000000000000000000e+00
5.491143610459949365e+00 1.110337998182803965e+01 0.000000000000000000e+00
1.295272522159570983e+01 -1.172591780843155540e+01 0.000000000000000000e+00
-4.683925611307437009e+00 5.659931004705732072e+00 0.000000000000000000e+00
-1.144219559131373565e+01 1.839279537643212059e+00 0.000000000000000000e+00
1.331887044296161271e+01 -1.021173236154359110e+01 0.000000000000000000e+00
-1.180342790960938437e+01 7.419688454348644768e+00 0.000000000000000000e+00
1.418866800562695474e+01 9.861871248973024251e+00 0.000000000000000000e+00
-1.021702223002392274e-01 1.718681035209454322e+01 0.000000000000000000e+00
-9.127334625533269019e+00 1.163111670874801007e+01 0.000000000000000000e+00
-3.963458610130144333e+00 1.622196996756218113e+01 0.000000000000000000e+00
-8.131517125070210739e+00 -8.557816755731942893e-01 0.000000000000000000e+00
-1.164824697057043679e+01 1.005258352288949375e+01 0.000000000000000000e+00
1.516910743592966249e+01 5.242710576465535510e+00 0.000000000000000000e+00
-7.287432242179365360e+00 1.795314400176928116e+00 0.000000000000000000e+00
-2.816991482122074286e-01 -1.688093520774274126e+01 0.000000000000000000e+00
1.206424552888732293e+01 3.300622050719566047e+00 0.000000000000000000e+00
-8.713074007436876656e+00 6.424136124800071457e+00 0.000000000000000000e+00
-2.532309239845972559e+00 8.358144788055151153e+00 0.000000000000000000e+00
-8.582562801715374334e-01 1.301097915222473667e+01 0.000000000000000000e+00
1.083171640572450478e+01 -1.366025571217052992e+01 0.000000000000000000e+00
-2.923962839750234188e+00 -9.538458386444599313e+00 0.000000000000000000e+00
6.425524994630023023e+00 1.552550217491680051e+01 0.000000000000000000e+00
-1.081172651452938815e+01 -7.777817496593085744e-01 0.000000000000000000e+00
-2.233265847996308118e+00 -1.571269110932396984e+01 0.000000000000000000e+00
-9.138150144331889102e-01 1.007758632581262859e+01 0.000000000000000000e+00
-6.496157573539773189e+00 1.028013647594768010e+01 0.000000000000000000e+00
5.765894796734699845e+00 -3.824811537060402333e+00 0.000000000000000000e+00
-3.206385769177853895e+00 3.617669209820137954e+00 0.000000000000000000e+00
-1.341131889149901824e+01 7.476850405465504501e+00 0.000000000000000000e+00
7.128039523606147121e+00 -1.543691207092517814e+01 0.000000000000000000e+00
-5.612169395725668863e+00 8.500321550391342740e+00 0.000000000000000000e+00
8.841943216865837396e-01 9.449090191971569297e+00 0.000000000000000000e+00
4.287802715015510913e+00 -6.247401837978392436e+00 0.000000000000000000e+00
-5.949625179301906819e+00 -1.557551411330737601e+01 0.000000000000000000e+00
-7.141812224535432740e+00 1.234805309243931859e+01 0.000000000000000000e+00
-1.349554212070816916e+01 -7.382612796281715184e+00 0.000000000000000000e+00
8.984381034389221199e+00 -6.312202946111916901e+00 0.000000000000000000e+00
-1.002056069204139810e+01 -1.124636560616381864e+01 0.000000000000000000e+00
-9.275574703236255658e+00 2.701846808421736412e+00 0.000000000000000000e+00
3.213666343677730630e+00 7.484368722164793652e+00 0.000000000000000000e+00
8.396679053204179510e+00 -2.734623645764156397e+00 0.000000000000000000e+00
8.738505230942132940e+00 2.226382313045035310e+00 0.000000000000000000e+00
-1.162890422025265602e+00 5.955820312190486909e+00 0.000000000000000000e+00
-1.720977300134219234e+01 8.257289612502513032e-01 0.000000000000000000e+00
4.798066233929145774e+00 -9.009739296808415787e+00 0.000000000000000000e+00
-1.436061912331195423e+01 2.353776931641440751e+00 0.000000000000000000e+00
1.204526297101288890e+00 4.149758759214907222e+00 0.000000000000000000e+00
-1.627615453268404622e+01 -3.504897833413109343e+00 0.000000000000000000e+00
9.175263894353689054e+00 7.536743793836118144e+00 0.000000000000000000e+00
3.688723721210101392e+00 -2.269857328955929177e+00 0.000000000000000000e+00
-2.450562262481003728e+00 -3.906201243361140829e+00 0.000000000000000000e+00
-1.030305346734888694e+01 -9.619623576357499317e+00 0.000000000000000000e+00
-4.303302334038583865e+00 -1.083202518145972526e+01 0.000000000000000000e+00
1.480486771650668310e+01 6.908817213892900710e+00 0.000000000000000000e+00
-1.586284075787283854e+01 -9.772266442729760083e-01 0.000000000000000000e+00
3.231840021850628464e+00 5.189873432774264828e+00 0.000000000000000000e+00
1.165168580957785238e+01 1.212107132892237082e+01 0.000000000000000000e+00
-9.765996342657432550e+00 -2.528250684416915028e+00 0.000000000000000000e+00
1.096764055084171119e+01 -1.112580702801536248e+01 0.000000000000000000e+00
1.398582650597485966e+01 3.903290824894371625e+00 0.000000000000000000e+00
1.006855716243203780e+01 -2.598154559940921704e+00 0.000000000000000000e+00
-6.596870786931561703e+00 -7.691482850087190570e+00 0.000000000000000000e+00
1.992683151525651564e-01 -1.081641164833441415e+01 0.000000000000000000e+00
-1.333385562861031381e+01 -5.865377741552459945e+00 0.000000000000000000e+00
1.666572067069022012e+01 -5.002258886468601062e+00 0.000000000000000000e+00
-5.936220471955582223e-01 -8.832525441339786454e+00 0.000000000000000000e+00
2.928315393405475753e+00 2.114199253941487999e+00 0.000000000000000000e+00
1.069456840255242014e+01 -4.687430373191281419e+00 0.000000000000000000e+00
6.393822673602970852e+00 -9.422574857194252473e+00 0.000000000000000000e+00
-6.179225699365279212e+00 -1.110246730656163727e+01 0.000000000000000000e+00
-1.197745173887582659e+01 -2.368575633397114188e+00 0.000000000000000000e+00
-4.377840880958290271e+00 -9.048787637287540875e+00 0.000000000000000000e+00
1.057333609759663418e+01 8.645473196204145339e+00 0.000000000000000000e+00
-4.646308130206988629e+00 -3.545663021051731256e+00 0.000000000000000000e+00
-4.609908135960726128e+00 -6.995287478237846024e+00 0.000000000000000000e+00
4.801342613923640812e+00 1.476436871966964226e+01 0.000000000000000000e+00
7.069154121921531697e+00 1.282068427341635619e+01 0.000000000000000000e+00
-1.234167167662434750e+01 2.063455089365825654e-02 0.000000000000000000e+00
-8.937027069773892052e+00 4.442325140438211584e+00 0.000000000000000000e+00
1.794140450581008350e+00 1.609227668039175541e+01 0.000000000000000000e+00
3.279971915003967009e+00 1.228348552903247182e+01 0.000000000000000000e+00
6.258665138922964388e+00 1.526314592648620794e+00 0.000000000000000000e+00
-1.170827088673997984e+01 -1.276142602421075267e+01 0.000000000000000000e+00
-1.113721176156625781e+01 -6.261203075073891178e+00 0.000000000000000000e+00
-1.201838834581010040e+01 3.525979137753418424e+00 0.000000000000000000e+00
3.731077554470310531e+00 3.577232731737569615e+00 0.000000000000000000e+00
1.600468259562548790e+00 7.417362784868986481e+00 0.000000000000000000e+00
2.420414317673323712e+00 9.307928436040299403e+00 0.000000000000000000e+00
-2.675200864071721529e+00 9.955031941763769154e+00 0.000000000000000000e+00
1.251144993594324184e+01 -2.138947702438730669e+00 0.000000000000000000e+00
1.258119691630207448e+01 4.820924543602525425e+00 0.000000000000000000e+00
9.480023244304049967e-01 -1.501418882558506951e+01 0.000000000000000000e+00
1.054864773453488347e+01 6.521403373826897720e+00 0.000000000000000000e+00
5.799129257026772954e+00 6.584608857347800992e+00 0.000000000000000000e+00
4.671824343300627014e+00 9.449644412899983692e+00 0.000000000000000000e+00
1.026927508274053480e+01 4.876147899085832016e+00 0.000000000000000000e+00
9.514626670537026376e-01 -5.598244176077819212e+00 0.000000000000000000e+00
-3.560711921742899300e+00 -5.485745311820396708e+00 0.000000000000000000e+00
-1.970190981810716613e+00 -1.342929271567364502e+01 0.000000000000000000e+00
-2.198084107475515747e+00 1.489870537508021231e+00 0.000000000000000000e+00
-8.615232864723314066e+00 -1.480894141141377496e+01 0.000000000000000000e+00
9.810211231525023834e+00 5.643166734090727665e-01 0.000000000000000000e+00
7.308681869545385901e+00 -3.860223570836789353e+00 0.000000000000000000e+00
2.196873561480501280e+00 -1.720369283420079753e+01 0.000000000000000000e+00
-7.380267759828035068e+00 -1.011705403885230758e+01 0.000000000000000000e+00
-8.379346714282132069e+00 8.960664346813858927e+00 0.000000000000000000e+00
-6.845302072667415416e+00 1.389734456986884403e+01 0.000000000000000000e+00
1.364548834159734270e+01 -7.981481546792011272e+00 0.000000000000000000e+00
-8.703380104799956385e+00 -4.439206052290735727e+00 0.000000000000000000e+00
-5.002307445791769336e-01 8.631453052050812147e+00 0.000000000000000000e+00
-9.300301605518447090e+00 -1.332605170489347834e+01 0.000000000000000000e+00
-5.784307822088688766e+00 -1.268539464876816503e+01 0.000000000000000000e+00
-2.430704816240462307e+00 1.481609305628688844e+01 0.000000000000000000e+00
4.601620907812995043e+00 -1.570110584710193358e+01 0.000000000000000000e+00
-1.052988229847571588e+01 6.351819376147613383e+00 0.000000000000000000e+00
-7.661239914326436473e-01 -1.480754881882353935e+01 0.000000000000000000e+00
4.535321244520784112e-01 1.395131773594923175e+01 0.000000000000000000e+00
-7.895878919008818997e+00 -5.836429395632900530e+00 0.000000000000000000e+00
-1.405903377092851514e+01 -9.277132759665276396e+00 0.000000000000000000e+00
-5.201537389351207352e+00 1.434901862567121711e+01 0.000000000000000000e+00
3.174131868554016744e+00 -9.815866732557925189e+00 0.000000000000000000e+00
5.257618331157207336e+00 4.165161162082363866e+00 0.000000000000000000e+00
8.743889052470001033e+00 9.771261460375317398e+00 0.000000000000000000e+00
-1.035740839345254649e+01 -8.116744968062082677e+00 0.000000000000000000e+00
-1.381305962081316885e+01 -8.953541227908968780e-01 0.000000000000000000e+00
1.250060222307192781e+01 -3.979685280642021539e+00 0.000000000000000000e+00
1.677605561864472250e+01 3.939744026497557172e+00 0.000000000000000000e+00
-2.873445253759826290e+00 1.178275666465034277e+01 0.000000000000000000e+00
4.759282329704420000e+00 7.882715733475837538e+00 0.000000000000000000e+00
9.226438307541718231e+00 1.212065467164080346e+01 0.000000000000000000e+00
2.826611426687415829e+00 -7.993886709546609737e+00 0.000000000000000000e+00
5.315988511763741542e+00 1.317460397572745734e+01 0.000000000000000000e+00
6.841833328244907086e+00 -1.117377020349911199e+01 0.000000000000000000e+00
2.847607513841449833e+00 -5.530701533920168167e+00 0.000000000000000000e+00
-1.742004906440497214e+00 1.628830591209186451e+01 0.000000000000000000e+00
-1.297726067021782015e+01 -4.168833700997880420e+00 0.000000000000000000e+00
-7.117870638589174348e+00 3.532723007448878239e+00 0.000000000000000000e+00
5.189834958243723761e+00 -1.060667603335213371e+01 0.000000000000000000e+00
-8.100504322620507125e+00 -8.531646242901905097e+00 0.000000000000000000e+00
-4.699114858333928169e-01 1.471241252263962851e+00 0.000000000000000000e+00
-5.112935656998356393e+00 1.310097603074092287e+00 0.000000000000000000e+00
-1.711533989964082281e+01 -2.169766619689249332e+00 0.000000000000000000e+00
-1.273856978935461193e+01 5.591922343656020367e+00 0.000000000000000000e+00
1.673794567068608430e+01 -2.941430604375124602e+00 0.000000000000000000e+00
7.046387023288284368e+00 -1.364839999400541970e+01 0.000000000000000000e+00
1.462234592690119683e+01 -9.338080818591693699e+00 0.000000000000000000e+00
-5.074777473382113130e-02 -5.527041953473408320e-01 0.000000000000000000e+00
-1.530764178390454511e+01 -7.373521526783957114e+00 0.000000000000000000e+00
4.863316198318925032e+00 7.333761229452890884e-01 0.000000000000000000e+00
7.668941381186128226e+00 -5.535080128579342507e+00 0.000000000000000000e+00
-8.040096485953767136e-01 -3.479593099421977254e+00 0.000000000000000000e+00
1.383781842806233264e+01 -5.759453891762909006e-01 0.000000000000000000e+00
1.698786114994311092e+01 1.800873401458497947e+00 0.000000000000000000e+00
1.455222025876990566e+00 1.047578329678775955e+00 0.000000000000000000e+00
7.763227683662764278e+00 1.484086408516318478e+01 0.000000000000000000e+00
4.175469907543783998e-01 6.331237241810017125e+00 0.000000000000000000e+00
-8.499501227347225907e+00 -1.183064300416448766e+01 0.000000000000000000e+00
-6.738734693494167871e+00 -3.668825815495257547e+00 0.000000000000000000e+00
4.631085448644370217e+00 1.656016241583621351e+01 0.000000000000000000e+00
9.252811905578543161e+00 -4.212169571670083101e+00 0.000000000000000000e+00
-1.492371017890651430e+01 6.319552143102619146e-01 0.000000000000000000e+00
9.456593585363881616e+00 -9.637763164988558673e-01 0.000000000000000000e+00
1.224531979818270955e+01 1.072701265307189367e+01 0.000000000000000000e+00
5.960424356014930147e+00 -6.449480065541869145e+00 0.000000000000000000e+00
-4.878245919499089922e+00 3.931540779755614778e+00 0.000000000000000000e+00
-7.749458016318175879e+00 1.552368082512366421e+01 0.000000000000000000e+00
-1.076310557174942062e+01 4.835204957833850514e+00 0.000000000000000000e+00
7.212215112992712562e+00 1.123315770348068732e+01 0.000000000000000000e+00
1.028286696234217423e+01 -9.580576927889172367e+00 0.000000000000000000e+00
-5.833715272214253789e-01 4.487808474139266757e+00 0.000000000000000000e+00
