-1.177821598753751609e+01 -5.390234746900310014e+00 0.000000000000000000e+00
-1.038472762084416701e+01 -1.343500945282037939e+01 0.000000000000000000e+00
-7.735386104238688887e+00 2.935638865780052065e+00 0.000000000000000000e+00
-1.705281719267128793e+01 -2.723799873707098751e+00 0.000000000000000000e+00
1.714351342383515941e+01 4.473754075917969475e-01 0.000000000000000000e+00
1.259552478938941356e+01 -1.403491486075691164e+01 0.000000000000000000e+00
1.420960957474773956e+01 -6.554892831062207215e+00 0.000000000000000000e+00
1.393013052082536518e+01 2.444732919781275327e-01 0.000000000000000000e+00
-4.433960791366788889e+00 7.967225633619045011e-01 0.000000000000000000e+00
1.200770771920043600e+01 5.440566555935958171e+00 0.000000000000000000e+00
-3.029225853307049299e+00 -1.556574335303972489e+01 0.000000000000000000e+00
4.230787394424768699e+00 1.809800749221095018e+00 0.000000000000000000e+00
2.788564602162428407e+00 -1.276335038100206987e+01 0.000000000000000000e+00
1.051596954657518701e+01 1.198252065171709546e+01 0.000000000000000000e+00
-4.671751073072680921e-02 1.531084504219295317e+00 0.000000000000000000e+00
-7.588247611036067486e-01 1.136510092618648038e+01 0.000000000000000000e+00
-5.616859468581886006e+00 -1.797326430755716586e+01 0.000000000000000000e+00
-1.408974748123439547e+01 4.599231650916173919e+00 0.000000000000000000e+00
-4.846338740066321371e+00 1.603851653657689624e+01 0.000000000000000000e+00
9.192392153215216410e+00 -1.426671719153713624e+01 0.000000000000000000e+00
6.175518467369576214e+00 4.505818677623070201e+00 0.000000000000000000e+00
4.309929146722094373e+00 -3.889798644501098135e+00 0.000000000000000000e+00
-7.987804907553099021e+00 -1.223106595828900822e+01 0.000000000000000000e+00
-8.028173194851666139e+00 -3.087531148319309970e+00 0.000000000000000000e+00
1.864944568656607071e+00 1.097812363999362084e+01 0.000000000000000000e+00
-1.326259585384318740e+01 1.327299557857262613e+01 0.000000000000000000e+00
7.924283827849646578e+00 -1.207571418669100538e+01 0.000000000000000000e+00
-1.237043426136990476e+01 -8.478629452366243768e+00 0.000000000000000000e+00
-1.087043869961309817e+01 1.458745844794113644e+01 0.000000000000000000e+00
-1.836136315756553117e+01 3.008792589084332558e-01 0.000000000000000000e+00
1.344568018254517305e+01 -1.263354589376341863e+01 0.000000000000000000e+00
5.044716123579044975e+00 -1.627687176449565598e+01 0.000000000000000000e+00
-6.084606663368278490e+00 2.248381347070896652e+00 0.000000000000000000e+00
6.911635661983455137e+00 1.718933309054212799e+01 0.000000000000000000e+00
1.853716403056182216e+01 1.451679450863890386e+00 0.000000000000000000e+00
1.463984051850491142e+01 2.468022573229574412e+00 0.000000000000000000e+00
-1.633199285916048993e+01 5.307505716974018739e+00 0.000000000000000000e+00
-7.131827718636805535e+00 1.261132063086248500e+01 0.000000000000000000e+00
7.080635683988956153e+00 -1.411590052176117993e+00 0.000000000000000000e+00
5.211713903429277650e+00 9.861300326473738664e+00 0.000000000000000000e+00
9.794006301984648388e+00 -4.614056795650223641e+00 0.000000000000000000e+00
1.597807729669489518e+01 -7.669655163135344900e+00 0.000000000000000000e+00
-1.400380752261902373e+01 -2.816079766117461691e+00 0.000000000000000000e+00
1.347177591766306293e+01 -1.969741881323622268e+00 0.000000000000000000e+00
-1.583966623436194077e+01 -4.691786123451457513e+00 0.000000000000000000e+00
-8.792613568256493650e+00 1.274233521274750025e+01 0.000000000000000000e+00
3.133493612241808890e+00 4.038256800294587556e+00 0.000000000000000000e+00
-1.372641719693749707e+01 6.294606075658498057e+00 0.000000000000000000e+00
-6.402697256424779715e-01 -5.880003485104083438e+00 0.000000000000000000e+00
-3.768195589063486617e-01 6.975404700881563613e+00 0.000000000000000000e+00
-1.030359622203128822e+01 4.165756868248513101e+00 0.000000000000000000e+00
-2.618977502016905490e+00 6.427723248222271479e+00 0.000000000000000000e+00
2.877874392663928749e+00 -3.008609474579259757e+00 0.000000000000000000e+00
8.322917643334690752e+00 4.981620363573083798e-01 0.000000000000000000e+00
5.009412284645923918e+00 -1.069087377204185429e+01 0.000000000000000000e+00
1.034700906311828739e+01 -6.936793346365012880e+00 0.000000000000000000e+00
-1.159128398514238079e+01 -3.195710648563272471e+00 0.000000000000000000e+00
5.480068769658535954e-01 1.875338154765772813e+01 0.000000000000000000e+00
-6.758634328938123659e+00 -5.318012650158667753e+00 0.000000000000000000e+00
-1.677700110133505262e+01 8.007478038006444976e+00 0.000000000000000000e+00
8.965180536424078639e+00 -1.042115472734683301e+01 0.000000000000000000e+00
8.170883203229839964e+00 -2.984914978460262436e+00 0.000000000000000000e+00
1.572425517886232527e+01 9.573240240360194164e+00 0.000000000000000000e+00
-1.234397069805820735e+01 2.798579940281323619e+00 0.000000000000000000e+00
-4.466062953028174576e+00 -3.412521820433379371e+00 0.000000000000000000e+00
5.524601193878509342e+00 6.119450867735873878e+00 0.000000000000000000e+00
1.528081496569788023e+01 5.272559662482621867e+00 0.000000000000000000e+00
-2.158755669394639476e+00 -1.224380362716140880e+01 0.000000000000000000e+00
1.307132342611439668e+01 -3.532960774701251694e+00 0.000000000000000000e+00
-1.174711324781962851e+01 5.837056503553273323e+00 0.000000000000000000e+00
1.018429181342776602e+01 1.490566083250251417e+01 0.000000000000000000e+00
1.374541923180204783e+01 8.198646497973333780e+00 0.000000000000000000e+00
-4.276308671860084232e+00 -1.538467289540527139e+00 0.000000000000000000e+00
-1.885695369091969198e+01 -1.259820914822244120e+00 0.000000000000000000e+00
-6.056433461975715637e+00 1.137211103050054284e+01 0.000000000000000000e+00
8.783168895176416413e+00 8.387386979441147972e+00 0.000000000000000000e+00
6.967017938934814580e+00 -1.573584313447082472e+01 0.000000000000000000e+00
4.714161124348978937e+00 -6.732100514364871557e+00 0.000000000000000000e+00
-1.210906750031915946e+00 4.980597481283836281e+00 0.000000000000000000e+00
5.769173371571485909e+00 1.208332762260149273e+01 0.000000000000000000e+00
-1.655223411805206268e+01 -9.306770318797042307e+00 0.000000000000000000e+00
9.989907711516661237e+00 6.008556991818062798e+00 0.000000000000000000e+00
6.732270080579738192e+00 -1.407512709028851816e+01 0.000000000000000000e+00
1.726786719349675092e+00 1.459946252350273710e+01 0.000000000000000000e+00
-1.028290751659415925e+01 8.407568990750991844e+00 0.000000000000000000e+00
-3.970869190628905088e+00 1.168691881555011314e+01 0.000000000000000000e+00
1.147867965235879240e+01 -3.742458564371133445e+00 0.000000000000000000e+00
-1.211454972231431348e+01 9.768283855915303349e+00 0.000000000000000000e+00
4.098065342614210849e+00 -1.485817698354980898e+00 0.000000000000000000e+00
-1.811913420028273380e+00 -1.651748863030682690e+00 0.000000000000000000e+00
-9.524312484758997499e+00 -8.841490014434219447e+00 0.000000000000000000e+00
4.147825849569905188e+00 5.465057709046236667e+00 0.000000000000000000e+00
-1.721120251164378701e+01 6.567057435914954944e+00 0.000000000000000000e+00
1.628332139246946042e+01 3.859081711573779661e+00 0.000000000000000000e+00
3.697056207778662618e+00 -8.125399685293279717e+00 0.000000000000000000e+00
6.184708350164618729e+00 -9.416346025329966452e+00 0.000000000000000000e+00
1.416620003560391794e+01 -8.186965002840864258e+00 0.000000000000000000e+00
7.400175170627814047e+00 2.020537041384801391e+00 0.000000000000000000e+00
1.332583342143552585e+01 1.319337827448931222e+01 0.000000000000000000e+00
-5.620218066311098326e+00 -7.789007068753750929e+00 0.000000000000000000e+00
1.375711484759614400e+01 -1.083841277732991060e+01 0.000000000000000000e+00
-6.048740157448647459e+00 -1.549291022367479087e+01 0.000000000000000000e+00
1.564729906643865354e+00 7.798142993427397585e+00 0.000000000000000000e+00
-6.233992171725303955e+00 5.034257512296579584e+00 0.000000000000000000e+00
-1.465999131189385629e+00 -9.131800521684443339e+00 0.000000000000000000e+00
-1.547972699534522656e+00 1.522206826760874243e+01 0.000000000000000000e+00
3.970762032999212821e+00 7.147128898437473232e+00 0.000000000000000000e+00
-1.799540113731627144e+01 2.862552061797261516e+00 0.000000000000000000e+00
1.623387087220390868e+01 -5.380157387581188999e+00 0.000000000000000000e+00
-4.651368396030148844e+00 -1.145139536308205486e+01 0.000000000000000000e+00
6.568469492875574467e+00 7.639510989575245326e+00 0.000000000000000000e+00
-1.677535493749063988e+01 3.813520917539917843e+00 0.000000000000000000e+00
-6.515239674693984462e+00 7.578042819040389233e+00 0.000000000000000000e+00
1.200106915370955818e+01 7.680585066708870201e+00 0.000000000000000000e+00
-1.411265001206623282e+01 -6.054135870097429262e+00 0.000000000000000000e+00
1.665606219986672354e+00 -7.660834643592947524e-01 0.000000000000000000e+00
-1.012897157023981087e+01 -6.168458561371310545e+00 0.000000000000000000e+00
1.692450535592375571e+00 1.669115905674454936e+01 0.000000000000000000e+00
5.596372263784206602e+00 -1.861644479531996632e+00 0.000000000000000000e+00
-1.690718352914012357e+01 -6.982772101088142946e+00 0.000000000000000000e+00
-5.363247833976228840e+00 -1.410678294197444060e+01 0.000000000000000000e+00
1.573135484201604406e+01 -1.381468486304580301e+00 0.000000000000000000e+00
-1.192647179548764313e+01 -1.271037468263364190e+01 0.000000000000000000e+00
-2.387483936249012562e+00 1.282746331339551205e+01 0.000000000000000000e+00
-3.977701567776769309e+00 3.540254798824158833e+00 0.000000000000000000e+00
6.883544931397809208e+00 -1.752073605954418412e+01 0.000000000000000000e+00
-7.251994820385545992e+00 -1.686081836667911915e+01 0.000000000000000000e+00
-5.734144306748333975e+00 -1.953061569376597362e+00 0.000000000000000000e+00
-8.040552613092726730e+00 -6.455730176840698498e+00 0.000000000000000000e+00
8.807574492235746177e+00 -6.160284347328135013e+00 0.000000000000000000e+00
4.757139034733701699e+00 1.537753909169853550e+01 0.000000000000000000e+00
3.145516968749780595e+00 -1.666014065247880183e+01 0.000000000000000000e+00
-7.291652559171767578e+00 1.137236773310671412e+00 0.000000000000000000e+00
-1.006554292574321252e+01 -1.948802391005734769e-01 0.000000000000000000e+00
-1.670577061734214386e+00 -3.896155639648474889e+00 0.000000000000000000e+00
-2.525509960566962420e+00 2.316661960898172445e+00 0.000000000000000000e+00
-7.443812889901576746e+00 -5.412203430371764767e-01 0.000000000000000000e+00
7.997238912535776789e-01 -1.395327369124943928e+01 0.000000000000000000e+00
1.564166726944672181e+00 1.270985224136787650e+01 0.000000000000000000e+00
8.189745605524509031e+00 1.100648271454189420e+01 0.000000000000000000e+00
-7.792516049376115028e-02 -4.003723303137413758e+00 0.000000000000000000e+00
1.027744931339818102e+01 1.661325682538479453e+00 0.000000000000000000e+00
-1.300572549256705024e+01 8.538672772792164523e+00 0.000000000000000000e+00
-8.136821912540582957e+00 4.434544548386421425e+00 0.000000000000000000e+00
2.314007448345608786e+00 -9.008319387699144087e+00 0.000000000000000000e+00
-2.767756081513268906e+00 1.733927083324327267e-01 0.000000000000000000e+00
1.702217907538568653e+01 8.409086289026626915e+00 0.000000000000000000e+00
-3.694183652441124455e+00 -6.215016604179917081e+00 0.000000000000000000e+00
-4.409424323722133998e+00 6.064975085832382540e+00 0.000000000000000000e+00
2.534940792611107163e+00 1.441470735595806962e+00 0.000000000000000000e+00
9.501021829323981649e+00 -8.917830263037043181e+00 0.000000000000000000e+00
1.315458947246710508e+01 1.075203967804416472e+01 0.000000000000000000e+00
1.248825486283791442e+01 1.479190012840038593e+00 0.000000000000000000e+00
9.949093647255331518e+00 3.982939648603893268e+00 0.000000000000000000e+00
-2.849220309037744370e-01 -1.030093535067319621e+01 0.000000000000000000e+00
-1.412409262174299940e+01 1.022499977468231513e+01 0.000000000000000000e+00
-9.228403936213350534e+00 -1.620957534868322369e+01 0.000000000000000000e+00
-1.611843944641598303e-01 1.456821408923278938e+01 0.000000000000000000e+00
-7.984456554910439152e+00 1.442777831616180961e+01 0.000000000000000000e+00
-1.505630224316917776e+01 -9.835163152740904025e+00 0.000000000000000000e+00
7.726860606508837437e-01 -1.872575619436525329e+01 0.000000000000000000e+00
-6.023616390734765957e+00 1.718359042826735816e+01 0.000000000000000000e+00
-1.268121616207953650e+01 -1.080497263307671751e+01 0.000000000000000000e+00
-2.181199741053548191e+00 1.739090318737138219e+01 0.000000000000000000e+00
-9.033541064194583470e+00 9.640908702381169704e+00 0.000000000000000000e+00
-4.391710247176285442e+00 1.791835642938144346e+01 0.000000000000000000e+00
-6.586859840971644786e+00 -1.110367650626734815e+01 0.000000000000000000e+00
3.014014432268743438e+00 1.822698259600835513e+01 0.000000000000000000e+00
-9.526372035100916236e+00 1.596130460076077107e+01 0.000000000000000000e+00
-9.461474069932425124e+00 -1.118206639629079469e+01 0.000000000000000000e+00
-1.106788717569533453e+01 -1.085701697903125940e+01 0.000000000000000000e+00
1.202180726130351474e+01 -6.027152503823007379e+00 0.000000000000000000e+00
3.842679773626749729e+00 1.270044749867273914e+01 0.000000000000000000e+00
-9.534600020114455177e+00 2.052938639942347709e+00 0.000000000000000000e+00
8.235824393303467161e+00 -1.663228301959201261e+01 0.000000000000000000e+00
5.150324460223218104e+00 3.092062049928168577e+00 0.000000000000000000e+00
-1.004592386032200935e+01 -4.525714760806216042e+00 0.000000000000000000e+00
-4.576579475378046880e+00 7.965099448530728488e+00 0.000000000000000000e+00
-5.891870215634739338e+00 9.431202397998392328e+00 0.000000000000000000e+00
1.447830404759097522e+00 -6.224689057947287552e+00 0.000000000000000000e+00
1.134115455065200884e+01 -9.742329389055756295e+00 0.000000000000000000e+00
-2.625759753765475324e-01 -1.917178332048394607e+00 0.000000000000000000e+00
1.054431534300702111e+01 8.820064376427088959e+00 0.000000000000000000e+00
6.749837766303174114e+00 -3.980380923275070426e+00 0.000000000000000000e+00
-1.603983076213900816e+01 1.008938419142716292e+01 0.000000000000000000e+00
-5.263403635381134205e-01 1.735291237227147576e+01 0.000000000000000000e+00
-1.536363376625353538e+01 7.275840852625139910e+00 0.000000000000000000e+00
1.102439129557100328e+00 -1.605520951069730984e+01 0.000000000000000000e+00
-4.163819258937573764e+00 1.464750573784807841e+01 0.000000000000000000e+00
1.086541081033247735e+01 -1.469914968084249551e+01 0.000000000000000000e+00
-8.450504654811732408e+00 -1.397498777560606342e+01 0.000000000000000000e+00
1.010279914322477346e+01 -1.257531408924635441e+00 0.000000000000000000e+00
-2.017521390918377566e+00 -1.768149668968873911e+01 0.000000000000000000e+00
-1.254120618126739650e+01 8.623663098319855891e-01 0.000000000000000000e+00
8.490871353399890964e+00 1.562350755663812230e+01 0.000000000000000000e+00
-1.261830936348578369e+01 -1.798652267985123121e+00 0.000000000000000000e+00
4.032279267842991288e+00 1.104429870863224750e+01 0.000000000000000000e+00
-1.502362028586759557e+01 4.100358251683542954e-01 0.000000000000000000e+00
1.189297646753264992e+01 -1.229040152967201927e+01 0.000000000000000000e+00
-1.072107017621464564e+01 1.039990942347152902e+01 0.000000000000000000e+00
1.349856616785607422e+00 -3.537657017774373802e+00 0.000000000000000000e+00
-1.090320740971086622e+01 -7.736870761457079304e+00 0.000000000000000000e+00
1.839058822677152349e+01 -7.743606178374781157e-01 0.000000000000000000e+00
2.656498275548631938e+00 -1.821109866397862476e+01 0.000000000000000000e+00
1.177708360789639208e+01 1.488415586886400099e+01 0.000000000000000000e+00
-7.441779465833808338e+00 6.055965103809202610e+00 0.000000000000000000e+00
-8.827445271055449183e+00 1.119508345421305506e+01 0.000000000000000000e+00
3.088656057941835176e+00 9.710059335249880519e+00 0.000000000000000000e+00
8.584854406172761188e+00 4.612955519116964886e+00 0.000000000000000000e+00
-8.391339028594602567e+00 7.304495957317596044e+00 0.000000000000000000e+00
-1.365786107342096045e+00 -1.522117146223693496e+01 0.000000000000000000e+00
1.795186111453845257e+01 -2.214576259425627303e+00 0.000000000000000000e+00
6.513771287220670558e+00 -1.141976761913159422e+01 0.000000000000000000e+00
-2.338328905242261335e+00 8.510324516969705044e+00 0.000000000000000000e+00
9.616534373927612123e+00 -1.265839075221574994e+01 0.000000000000000000e+00
-1.404358219448054079e+01 -1.228426852535349134e+01 0.000000000000000000e+00
6.699491652763175153e+00 -6.965020277100193447e+00 0.000000000000000000e+00
7.505119969770439603e+00 1.294133172203441262e+01 0.000000000000000000e+00
5.037439343773777445e+00 1.368184921848296831e+01 0.000000000000000000e+00
-2.617573233924292975e+00 4.235836043868514977e+00 0.000000000000000000e+00
2.177860947905342570e+00 -1.132884783723240041e+01 0.000000000000000000e+00
-2.938071420482909701e+00 1.019126690812241876e+01 0.000000000000000000e+00
-6.963345660115344948e+00 -9.636534716498671216e+00 0.000000000000000000e+00
-7.384799848382378684e+00 -7.968842252436587614e+00 0.000000000000000000e+00
4.309874337222550977e+00 -1.281076432526449871e+01 0.000000000000000000e+00
-3.599134005032364581e+00 -1.366695830640937714e+01 0.000000000000000000e+00
-1.401336893784822379e+01 -7.625271501702772348e+00 0.000000000000000000e+00
8.053004897698814446e+00 -8.278568271810003765e+00 0.000000000000000000e+00
7.881715590703251006e-01 4.237291587050029840e+00 0.000000000000000000e+00
-1.037684179989875055e+01 1.216813654319395077e+01 0.000000000000000000e+00
-7.385279411363383062e+00 9.233515456171380364e+00 0.000000000000000000e+00
1.830218717163639397e+01 -3.779524704746857200e+00 0.000000000000000000e+00
4.771701800623735501e+00 -1.116063599583114324e-01 0.000000000000000000e+00
2.369376678818389870e+00 -1.471480971806658111e+01 0.000000000000000000e+00
1.675195469520044611e+01 5.783047416231743121e+00 0.000000000000000000e+00
-1.664813304794180837e+01 9.752660851301114819e-01 0.000000000000000000e+00
1.335151664140354377e+01 -5.251913997753442587e+00 0.000000000000000000e+00
-4.549034719515598901e+00 -1.652480178034624814e+01 0.000000000000000000e+00
-9.974391619788393726e+00 -1.964786779193703925e+00 0.000000000000000000e+00
2.995524148236591522e+00 -5.374219308498402903e+00 0.000000000000000000e+00
1.558666568936738273e+01 -3.088208990417518063e+00 0.000000000000000000e+00
1.553789661490879404e+01 6.308197744442369803e-01 0.000000000000000000e+00
5.144038548191810278e+00 1.731789665630625308e+01 0.000000000000000000e+00
1.153844578796421949e+01 2.827327618899114992e+00 0.000000000000000000e+00
-5.723583181049239244e+00 1.346044755506246915e+01 0.000000000000000000e+00
-7.012251394929464254e+00 1.595852858211100767e+01 0.000000000000000000e+00
-4.820049162405983800e+00 -9.064336013326645514e+00 0.000000000000000000e+00
1.775109722127472267e+01 -5.356810210197031630e+00 0.000000000000000000e+00
1.656212670107015583e+01 2.123815801214062216e+00 0.000000000000000000e+00
6.701242085956060635e+00 1.490902860829170251e+01 0.000000000000000000e+00
-3.324522678499793216e+00 -1.072158407092436150e+01 0.000000000000000000e+00
1.390340682100310055e+01 6.251054503158211872e+00 0.000000000000000000e+00
-1.472025646221484863e+01 1.969572166873200469e+00 0.000000000000000000e+00
1.264348887747806494e+01 -8.757141603486445547e+00 0.000000000000000000e+00
7.972311774891850611e+00 6.486028693620697005e+00 0.000000000000000000e+00
1.479295279872105517e+01 1.147722762140612218e+01 0.000000000000000000e+00
