1.044097095647302353e+01 5.570021943053507840e+00 0.000000000000000000e+00
-5.830509878798529222e+00 -5.197184135765599677e+00 0.000000000000000000e+00
-8.806011881998422552e+00 -7.726250239158723332e+00 0.000000000000000000e+00
-1.622556088271733188e+01 4.867567327994888338e+00 0.000000000000000000e+00
-3.778939470006171586e+00 4.938229781412294628e+00 0.000000000000000000e+00
1.231531361390505808e+01 7.594601939582997119e+00 0.000000000000000000e+00
9.372737355118347935e+00 1.001429080004116834e+01 0.000000000000000000e+00
3.675567091952745002e-01 1.111748538915092865e+01 0.000000000000000000e+00
-1.600826144220680192e+01 2.255826200361337186e+00 0.000000000000000000e+00
-7.049539303231924237e+00 -9.921479190704285855e+00 0.000000000000000000e+00
4.271329432796905579e+00 -2.396556712734878136e+00 0.000000000000000000e+00
-9.456875164770078612e+00 -1.317975205498766478e+01 0.000000000000000000e+00
1.366487044352251878e+01 -3.654970097848508903e+00 0.000000000000000000e+00
1.199031473165732997e+01 -1.084410008874089471e+01 0.000000000000000000e+00
-1.535239961575508261e+01 -7.605861929377694786e+00 0.000000000000000000e+00
6.661930411097609195e+00 -1.610614174521901276e+01 0.000000000000000000e+00
-2.804710730964914855e+00 3.079247982072971790e-01 0.000000000000000000e+00
1.562758416119638305e+01 5.106157319486030133e+00 0.000000000000000000e+00
1.874321792139662213e+00 -1.098166120345690366e+01 0.000000000000000000e+00
-1.552914277371540697e-01 -1.302019548109056046e+01 0.000000000000000000e+00
-4.793237435699115423e+00 6.578670734920867069e+00 0.000000000000000000e+00
-1.651633733885230271e+00 -3.036746383965728491e+00 0.000000000000000000e+00
2.167095324769991560e+00 5.054156324788840138e+00 0.000000000000000000e+00
-5.001040130915889392e+00 8.342404096118771761e+00 0.000000000000000000e+00
-7.448269694996457524e+00 -3.874134463316607491e+00 0.000000000000000000e+00
-1.330552780187808093e+00 -5.027877851879793525e+00 0.000000000000000000e+00
2.853493361049061150e+00 -8.127689794308389892e+00 0.000000000000000000e+00
5.966198969089600013e+00 -1.267545444904026830e+01 0.000000000000000000e+00
-7.827732817883326533e+00 -6.239382414371843488e+00 0.000000000000000000e+00
-4.332241281952418532e+00 -5.674697827785051274e+00 0.000000000000000000e+00
9.299497015338397787e+00 -1.326309782201499310e+01 0.000000000000000000e+00
8.337332488693519394e+00 -2.225920220479434164e+00 0.000000000000000000e+00
-8.516416271222350787e+00 -2.211490410245785299e+00 0.000000000000000000e+00
-4.751739549398064089e-01 1.361411940408145327e+01 0.000000000000000000e+00
5.127894632682952647e+00 -6.664999474835223481e+00 0.000000000000000000e+00
5.218009896825697602e+00 3.162414914456950221e+00 0.000000000000000000e+00
1.696853241471525919e+01 -2.128279167160226582e+00 0.000000000000000000e+00
-4.041709075839063914e+00 1.695430680427299208e+01 0.000000000000000000e+00
-4.092621991511088630e+00 -2.703585291357729847e+00 0.000000000000000000e+00
-5.597809144117838365e+00 -8.911314688638659831e+00 0.000000000000000000e+00
9.878092619052747381e+00 2.627223734265456745e+00 0.000000000000000000e+00
-6.507201503240975793e-01 -7.553372818483177653e+00 0.000000000000000000e+00
1.848713133310866619e+00 -9.283514444345811967e+00 0.000000000000000000e+00
1.281805701185252921e+01 -9.186774355760084276e+00 0.000000000000000000e+00
-2.946412959411591981e+00 6.986249214409595787e+00 0.000000000000000000e+00
-2.593994299118654201e+00 -1.162807479863699278e+01 0.000000000000000000e+00
-1.004791979780155842e+01 1.313168544904533164e+01 0.000000000000000000e+00
1.205133601439597335e+01 -7.015723687924187324e+00 0.000000000000000000e+00
1.211804509806747632e+01 1.099786861187156539e+01 0.000000000000000000e+00
1.024679352365725116e+01 8.583274899026040572e+00 0.000000000000000000e+00
-1.249815624217951715e+01 -1.744505267002255666e-01 0.000000000000000000e+00
-1.253120586037342399e+01 6.586389778218047830e+00 0.000000000000000000e+00
3.146148643612313722e-01 4.988470823723461400e+00 0.000000000000000000e+00
-1.134120700192015185e+01 -7.052908296705542313e+00 0.000000000000000000e+00
1.032127031244339754e+01 1.300774994374264715e+01 0.000000000000000000e+00
-1.521582401498232073e+01 -3.893516357433252306e+00 0.000000000000000000e+00
-1.247056321329710649e+01 8.377890631820353207e+00 0.000000000000000000e+00
-9.947313951131700804e+00 -8.915231578036648230e+00 0.000000000000000000e+00
1.269685069831508706e+01 1.643595577856262757e+00 0.000000000000000000e+00
1.650246457205982153e+01 -5.146345102925559800e+00 0.000000000000000000e+00
8.017209707660061468e+00 1.264927855427004388e+01 0.000000000000000000e+00
4.175670461490965657e-01 8.910606341533211960e+00 0.000000000000000000e+00
1.607096813124717727e+01 -3.338191386755535728e+00 0.000000000000000000e+00
-1.338024054810739605e+00 5.025803999026225988e+00 0.000000000000000000e+00
-1.033187326941970241e+00 -1.720691565193351380e+01 0.000000000000000000e+00
-1.077284436889093477e+01 4.350345835575513131e-01 0.000000000000000000e+00
-1.029741278532767801e+01 -4.409174497353448352e+00 0.000000000000000000e+00
1.607193260873498630e+01 7.758472721559898089e-01 0.000000000000000000e+00
-6.425360559332478516e+00 1.548098845748789465e+01 0.000000000000000000e+00
1.105136454377038557e+00 1.384186699250321517e+01 0.000000000000000000e+00
-6.366013489443694162e+00 1.198919685399424573e+01 0.000000000000000000e+00
-1.264579582200038388e+01 -1.181317023739118532e+01 0.000000000000000000e+00
-1.414182517079918178e+01 -1.771926441748179037e+00 0.000000000000000000e+00
-6.249547853120365204e+00 -1.407104969806349892e+01 0.000000000000000000e+00
-5.503175353068983533e+00 -1.215729682100155223e-01 0.000000000000000000e+00
3.953955756370810537e-01 -5.558567105226520866e+00 0.000000000000000000e+00
-1.738200568424684178e+01 1.071122622779374645e+00 0.000000000000000000e+00
3.657471529287104062e+00 1.504165389461554803e+01 0.000000000000000000e+00
1.466262560129945314e+01 -8.676321867192301696e+00 0.000000000000000000e+00
-1.417542826450927862e+01 6.018723106310744697e+00 0.000000000000000000e+00
-1.170205128539344025e-01 2.849294272160752595e+00 0.000000000000000000e+00
-7.869345800090570719e+00 -1.312177319741827830e+01 0.000000000000000000e+00
-9.239886132409337094e+00 -1.036690361763529111e+01 0.000000000000000000e+00
-5.460517903623803626e+00 -1.168930303158440864e+01 0.000000000000000000e+00
1.821556080726771665e+00 -8.063592100421005382e-01 0.000000000000000000e+00
5.809707733537402774e+00 3.671507315037682573e-01 0.000000000000000000e+00
8.070213027585522170e+00 -5.758763086176941215e+00 0.000000000000000000e+00
-2.091009649446126772e+00 -9.472935884762330616e+00 0.000000000000000000e+00
1.371413692026208686e+01 -5.872436829588436602e+00 0.000000000000000000e+00
-1.335366937945818044e+01 2.019877111038891560e+00 0.000000000000000000e+00
1.192579701926983127e+01 -2.317455487775162748e+00 0.000000000000000000e+00
-1.008034025235722808e+01 1.134437410794949308e+01 0.000000000000000000e+00
-1.171308125354666707e+01 2.200845455821232033e+00 0.000000000000000000e+00
-1.041140488090252347e+01 4.522364795297851181e+00 0.000000000000000000e+00
-2.911189589623783380e+00 1.004778611807310007e+01 0.000000000000000000e+00
2.263699599594491296e+00 -4.271403154178113226e+00 0.000000000000000000e+00
-1.324932977046454141e+01 -8.528174082163525682e+00 0.000000000000000000e+00
1.091209852702326089e+01 3.836501599650750549e+00 0.000000000000000000e+00
1.050300407267817882e+01 -7.561160886629131994e+00 0.000000000000000000e+00
-1.092718553604032028e+00 -1.559234848741348500e+01 0.000000000000000000e+00
6.688081388499225177e+00 1.390252869040023498e+01 0.000000000000000000e+00
-1.344751483305568662e+01 -5.634081638893887245e+00 0.000000000000000000e+00
-7.126231590295249774e+00 -1.538264741502724497e+01 0.000000000000000000e+00
2.462150713658259882e+00 -1.268948488037284861e+01 0.000000000000000000e+00
-9.173199407736348121e+00 1.464073487072482571e+01 0.000000000000000000e+00
-1.047377416969802866e+01 -2.829159815460422944e+00 0.000000000000000000e+00
1.033145219561973249e+01 -9.478413844585231729e+00 0.000000000000000000e+00
1.687470761786260987e+00 -1.554250150738958958e+01 0.000000000000000000e+00
6.009693467018341728e+00 -9.560633709142532410e+00 0.000000000000000000e+00
9.518720092046079273e+00 -4.330947109654762706e+00 0.000000000000000000e+00
7.109452081700339932e+00 -1.084288387958491029e+01 0.000000000000000000e+00
4.865335029069250083e+00 -4.924336208006399040e+00 0.000000000000000000e+00
7.789944458910138536e+00 1.542193235213925107e+01 0.000000000000000000e+00
-4.411359323588756709e+00 3.069434952545757600e+00 0.000000000000000000e+00
-8.232890277360308318e+00 -1.715071883153611865e-01 0.000000000000000000e+00
3.032996586529828509e+00 8.226633888249800464e+00 0.000000000000000000e+00
1.038371792724298714e+01 -1.174508160972397874e+01 0.000000000000000000e+00
8.732400039133906944e+00 -1.478861589899892692e+01 0.000000000000000000e+00
1.118064741684193031e+01 -3.367601678976201995e-01 0.000000000000000000e+00
-3.655600430692162561e+00 -7.119876386007324420e+00 0.000000000000000000e+00
-3.900399801130900901e+00 -1.290869367533239753e+01 0.000000000000000000e+00
-7.372073508838041356e+00 6.756780511947095391e+00 0.000000000000000000e+00
-5.676804285614418966e+00 -1.622434001977706686e+01 0.000000000000000000e+00
-3.261164409650700424e+00 1.554503117088317765e+01 0.000000000000000000e+00
2.973724892294618449e+00 -6.589463573338589342e+00 0.000000000000000000e+00
5.743594445231472445e-01 -1.444213745771070556e+01 0.000000000000000000e+00
-1.509901483664374133e+01 5.121335528639539003e-01 0.000000000000000000e+00
8.798943413057646268e+00 7.475661486418335500e+00 0.000000000000000000e+00
4.383274603490273869e+00 6.190955706608913367e+00 0.000000000000000000e+00
5.051090748062990521e+00 9.133371458520306518e+00 0.000000000000000000e+00
-1.762178098234114421e+00 1.540051334210438583e+01 0.000000000000000000e+00
-9.451610732398579628e+00 9.776235219055385173e+00 0.000000000000000000e+00
-2.535076465080522423e-01 7.513499231527102085e-01 0.000000000000000000e+00
2.336334801110474257e-01 -9.729503916458028812e+00 0.000000000000000000e+00
-2.335432736269523080e+00 -1.443262506347628360e+01 0.000000000000000000e+00
3.102780831442972342e+00 2.278554237306962715e+00 0.000000000000000000e+00
-1.646793216473814070e+01 -2.363026883866410355e+00 0.000000000000000000e+00
5.867013383987318420e+00 4.539136741229928163e+00 0.000000000000000000e+00
9.754071860623912960e-01 -7.371647845893001261e+00 0.000000000000000000e+00
5.163897815315555917e+00 -1.091236433691059560e+01 0.000000000000000000e+00
-7.186569011970101784e+00 1.364640123657081894e+01 0.000000000000000000e+00
1.367638835981674639e+01 4.720042966365423531e+00 0.000000000000000000e+00
-1.182150899073759298e+01 -9.613620879033383915e+00 0.000000000000000000e+00
1.533292394285848026e+01 7.801149743275380466e+00 0.000000000000000000e+00
4.071877896804097396e+00 -9.843280644877953733e+00 0.000000000000000000e+00
-6.723260589349342453e+00 1.001887180085757834e+01 0.000000000000000000e+00
-1.360225475986714505e+00 1.079902673169775085e+01 0.000000000000000000e+00
3.933127457096996071e+00 4.367398664355845561e+00 0.000000000000000000e+00
7.182272392617083057e+00 1.032400563056605591e+01 0.000000000000000000e+00
1.542221500775516141e+01 2.334212349940582687e+00 0.000000000000000000e+00
1.632517762906064984e+00 7.513365048510856958e+00 0.000000000000000000e+00
-9.458869850525070788e+00 3.143167486784715692e+00 0.000000000000000000e+00
-1.216277471838102464e+01 3.808588094151611703e+00 0.000000000000000000e+00
-8.453748240355018595e+00 1.236853460861027898e+01 0.000000000000000000e+00
1.087306410332701390e+01 -5.769132433869576637e+00 0.000000000000000000e+00
-4.405912894999211460e+00 1.124959990441925761e+01 0.000000000000000000e+00
-3.300892186444702947e+00 1.244249561548640948e+01 0.000000000000000000e+00
7.272687260437431078e+00 6.993869099871473871e+00 0.000000000000000000e+00
2.814716604524499122e+00 1.282219354945230982e+01 0.000000000000000000e+00
-1.060258525788547068e+00 -1.172618411017317008e+01 0.000000000000000000e+00
-4.931969241899730072e+00 1.507421376070817054e+01 0.000000000000000000e+00
1.695345398112150548e+01 2.842427164735614298e+00 0.000000000000000000e+00
8.269023293866657909e+00 4.937554895203536631e+00 0.000000000000000000e+00
1.841408637939256465e+00 -2.376728875979835731e+00 0.000000000000000000e+00
8.856058550765482096e+00 -8.427760676364638215e+00 0.000000000000000000e+00
-1.440067296456656365e+01 -9.670343007858562601e+00 0.000000000000000000e+00
3.968620080852606424e+00 1.088513347797536568e+01 0.000000000000000000e+00
5.199295829650393941e+00 1.349675713325168225e+01 0.000000000000000000e+00
-6.330690070226995481e+00 4.273982999355894208e+00 0.000000000000000000e+00
4.016685954802961867e+00 -2.628475977226852889e-01 0.000000000000000000e+00
4.020190319357314301e+00 -1.210805354926054811e+01 0.000000000000000000e+00
3.948267669824106346e-02 -1.779892277011905222e+00 0.000000000000000000e+00
5.735037250603900461e+00 6.874828617200076764e+00 0.000000000000000000e+00
-8.455660974076240066e+00 4.505439986301405852e+00 0.000000000000000000e+00
8.453089812997108154e+00 -1.000154155525854449e+01 0.000000000000000000e+00
6.388452372669018331e+00 -1.450328071378070049e+01 0.000000000000000000e+00
1.477888221332997531e+01 -7.038051156514788076e+00 0.000000000000000000e+00
-1.413788188743078544e+00 -6.018889631237740456e-01 0.000000000000000000e+00
-1.576283783146446993e+01 6.343849475226466694e+00 0.000000000000000000e+00
-9.282434098095764696e+00 1.336747165130770298e+00 0.000000000000000000e+00
-1.157408396404000683e+01 1.246015062757241054e+01 0.000000000000000000e+00
1.797798709194802669e+00 -1.735538897753318466e+01 0.000000000000000000e+00
-1.436481351595403666e+01 8.150293437148617315e+00 0.000000000000000000e+00
7.040898515763553078e+00 -4.176019544935261507e+00 0.000000000000000000e+00
-5.929799244697282479e-01 1.713486130466756663e+01 0.000000000000000000e+00
7.821358930140617893e+00 -7.976895329768971532e-01 0.000000000000000000e+00
1.273274971715056658e+01 -4.595575453670310700e-03 0.000000000000000000e+00
9.890521323943392673e+00 -1.233694512225790740e+00 0.000000000000000000e+00
7.962055765246129013e+00 1.117507690383348296e+00 0.000000000000000000e+00
1.361109288223451230e+00 1.650645865287114322e+00 0.000000000000000000e+00
-1.061851818253890301e+01 -1.172332824705347676e+01 0.000000000000000000e+00
-1.649068226719299446e+01 -6.131960401141471895e-01 0.000000000000000000e+00
-9.328733966377877884e-01 7.378604970522643747e+00 0.000000000000000000e+00
5.475837176082741564e+00 -1.344095012483303320e+00 0.000000000000000000e+00
8.072431876134725570e+00 3.421452943777770095e+00 0.000000000000000000e+00
-1.649552678255294280e+00 2.008532322761678923e+00 0.000000000000000000e+00
-6.032801864246974510e+00 1.980015315790652375e+00 0.000000000000000000e+00
-1.222926200461752622e+01 -1.698856297785693137e+00 0.000000000000000000e+00
1.381717120213225769e+01 8.865931177966089649e+00 0.000000000000000000e+00
4.587186628916834152e+00 1.658606889851355959e+01 0.000000000000000000e+00
-8.097149860069388083e+00 1.075192680142951396e+01 0.000000000000000000e+00
2.330935339010093976e+00 9.857786079564235138e+00 0.000000000000000000e+00
-1.467042483950065623e+01 3.807758266055002672e+00 0.000000000000000000e+00
-1.098788011288142918e+01 7.528391884660611488e+00 0.000000000000000000e+00
-5.224753796493633473e+00 -7.388860391539608941e+00 0.000000000000000000e+00
3.818876485694508993e-01 -4.017825617863918453e+00 0.000000000000000000e+00
-4.397869843497129949e+00 -1.542956947809998525e+01 0.000000000000000000e+00
-1.206284981358728281e+01 -3.207699652178903182e+00 0.000000000000000000e+00
1.907813160837866562e+00 1.145099820497148180e+01 0.000000000000000000e+00
-6.744279540063931044e+00 -7.884950530111953348e+00 0.000000000000000000e+00
-1.368750777064388124e+01 9.533552949878945526e+00 0.000000000000000000e+00
7.130696666547147622e+00 -8.045760998845388201e+00 0.000000000000000000e+00
9.549525347487779481e-01 1.742323378514872800e+01 0.000000000000000000e+00
1.197189938166027012e+01 -3.965652574767743133e+00 0.000000000000000000e+00
-1.200477478125644382e+01 -4.877689768345208066e+00 0.000000000000000000e+00
6.382984353349055340e+00 1.978807333934328616e+00 0.000000000000000000e+00
1.435225167012045766e+01 1.063285753283429225e+00 0.000000000000000000e+00
6.793168819951975301e+00 -2.314731939385938020e+00 0.000000000000000000e+00
1.379937158659958918e+01 6.974067518952282718e+00 0.000000000000000000e+00
-2.809613057893290300e+00 3.428149838902425639e+00 0.000000000000000000e+00
-1.799829300005407307e+00 8.691119512390139690e+00 0.000000000000000000e+00
1.472929770352328127e+01 -5.171153507391068604e-01 0.000000000000000000e+00
4.607170666916079682e+00 1.551155444276408613e+00 0.000000000000000000e+00
6.416072177551951361e-02 1.513298419046246224e+01 0.000000000000000000e+00
4.755845729346536821e+00 -8.415854062371808553e+00 0.000000000000000000e+00
-3.203883616715925253e+00 -1.698632309289552822e+01 0.000000000000000000e+00
-9.886204216905001729e+00 5.940572431988002222e+00 0.000000000000000000e+00
-5.304039112435610548e+00 1.308614188933387013e+01 0.000000000000000000e+00
-4.229997028092538081e+00 -1.037497163005836498e+01 0.000000000000000000e+00
1.705936000651005457e+01 -5.578349135304524475e-01 0.000000000000000000e+00
-1.171997796516997248e+01 9.867942630124135306e+00 0.000000000000000000e+00
1.481207689602857336e+01 -2.424552318321408606e+00 0.000000000000000000e+00
1.224597701856084075e+00 3.618560688546652582e+00 0.000000000000000000e+00
-5.979520730638367532e+00 -2.163938749440439846e+00 0.000000000000000000e+00
1.240927371053840211e+01 5.571276989064626761e+00 0.000000000000000000e+00
1.183830901445653794e+01 9.464988583955840085e+00 0.000000000000000000e+00
5.578271120138602157e+00 1.204478206241630467e+01 0.000000000000000000e+00
1.363720530432401290e+01 1.057677805901358248e+01 0.000000000000000000e+00
2.155894312487209419e+00 1.599124965710881519e+01 0.000000000000000000e+00
2.855173439412205916e+00 7.072755010136505538e-01 0.000000000000000000e+00
-2.012307952786084542e+00 1.366897678073623723e+01 0.000000000000000000e+00
-8.315798446454030213e+00 8.273053142023613304e+00 0.000000000000000000e+00
-1.498285118071444266e+01 -5.899928722436826867e+00 0.000000000000000000e+00
-3.649002943992190939e+00 1.393475852323247821e+01 0.000000000000000000e+00
-4.293130495401616287e+00 -1.083512441797908066e+00 0.000000000000000000e+00
1.266173455518480928e+01 3.254146367919850125e+00 0.000000000000000000e+00
8.115931538029704129e+00 -1.217597200840095439e+01 0.000000000000000000e+00
5.591886480101766033e+00 1.508941353114721906e+01 0.000000000000000000e+00
3.911060559643662948e+00 -1.695235554110380960e+01 0.000000000000000000e+00
-7.614242006748839664e+00 2.020326030414947294e+00 0.000000000000000000e+00
-1.675233574706066264e+01 -5.048141076098045410e+00 0.000000000000000000e+00
1.045910494785226064e+01 1.050359720199591562e+00 0.000000000000000000e+00
3.547566194718045907e+00 -1.465641439830074155e+01 0.000000000000000000e+00
7.522364720621299128e+00 8.731119038659233667e+00 0.000000000000000000e+00
-9.791754625499327958e+00 -1.012120125914932611e+00 0.000000000000000000e+00
-1.368047411033182748e+01 -3.414324198819756795e+00 0.000000000000000000e+00
