-7.252385579873692478e+00 -3.968293597410566420e+00 0.000000000000000000e+00
8.592416072058323806e+00 -1.603066178092589311e+01 0.000000000000000000e+00
-6.874837377928999516e+00 -1.305400926410641915e+01 0.000000000000000000e+00
2.865162136246807822e+00 1.489219956530062028e+01 0.000000000000000000e+00
1.318301540807482963e+00 2.909732631492077726e+00 0.000000000000000000e+00
-1.771549667473816569e+01 -2.475345922607279814e+00 0.000000000000000000e+00
-8.531378178780650856e+00 -2.203016608246286978e+00 0.000000000000000000e+00
-4.695536659374234034e+00 -1.323637249622546186e+01 0.000000000000000000e+00
-9.659679529048174729e+00 -4.073889638452482309e+00 0.000000000000000000e+00
-5.075528692531057651e+00 -2.462234679270607796e+00 0.000000000000000000e+00
7.635273073611890560e+00 -1.415050871013287903e+01 0.000000000000000000e+00
5.363388433727252824e+00 -3.594856198339817510e+00 0.000000000000000000e+00
-1.155344155284396201e+01 1.261343362157299985e+01 0.000000000000000000e+00
-1.300827579923993760e+01 7.514462180321740625e+00 0.000000000000000000e+00
1.107009761312612106e+01 2.556194089268815972e+00 0.000000000000000000e+00
-7.610239657233585087e-01 2.297198472022574212e+00 0.000000000000000000e+00
1.598500687842978785e+01 -3.825252660116670533e+00 0.000000000000000000e+00
-5.153053063569094761e+00 1.175837600746963219e+01 0.000000000000000000e+00
-1.334279400035601526e+01 -1.339633404848063813e+00 0.000000000000000000e+00
1.245637020153433205e+01 1.485742851509027851e+00 0.000000000000000000e+00
7.153840527785832570e+00 2.205346809772928740e+00 0.000000000000000000e+00
-1.558581652504699200e+01 7.678492998395205937e+00 0.000000000000000000e+00
4.343414875272219255e+00 2.118771109564558386e-01 0.000000000000000000e+00
9.344500815959092321e+00 -8.785760764270559298e-01 0.000000000000000000e+00
-8.722637899213296464e+00 1.598581127729410234e+01 0.000000000000000000e+00
-1.140138451477037940e+01 -1.044181696734904818e+01 0.000000000000000000e+00
-1.685718246489825844e+01 3.035991300195715947e+00 0.000000000000000000e+00
-1.034116464513915723e+01 -7.211062548056164090e+00 0.000000000000000000e+00
5.127786900750582966e+00 -1.078141263515503034e+01 0.000000000000000000e+00
9.506558088927475225e+00 -2.710465413180271455e+00 0.000000000000000000e+00
7.944061051832878917e+00 6.765165320039370656e+00 0.000000000000000000e+00
-3.865263061050685067e+00 1.595536922270392388e+01 0.000000000000000000e+00
8.312070198637682594e+00 -9.183430282894812891e+00 0.000000000000000000e+00
5.649912659758498101e+00 9.714538299727712101e+00 0.000000000000000000e+00
1.742610042694249373e+01 -2.211430059638991086e+00 0.000000000000000000e+00
-1.126025692929647448e+01 -2.547346656440158785e+00 0.000000000000000000e+00
1.045130249116407128e+01 -1.288965627575730899e+01 0.000000000000000000e+00
-2.225553031323403985e-01 1.165947354242275757e+01 0.000000000000000000e+00
-1.414202981821448368e+01 1.157074605325224859e+01 0.000000000000000000e+00
3.201104801827534541e+00 -6.651841455133285841e+00 0.000000000000000000e+00
-7.626413309012749941e+00 2.069822533610920168e+00 0.000000000000000000e+00
1.566110092582702507e+00 -1.027091731282039788e+01 0.000000000000000000e+00
1.145770848414045773e+01 -5.741115097749925233e+00 0.000000000000000000e+00
-1.641911381634748324e+01 -9.271132244845698978e+00 0.000000000000000000e+00
1.628465296235885873e+01 6.873925708839702331e+00 0.000000000000000000e+00
-4.550136571190321000e+00 8.992837950969272853e+00 0.000000000000000000e+00
3.492684916874350343e+00 1.134080524302759407e+01 0.000000000000000000e+00
-1.592959213904626203e+01 5.526745701523378962e+00 0.000000000000000000e+00
2.346635520946648956e+00 6.169498137505246227e+00 0.000000000000000000e+00
1.534427811097312144e+01 1.108446508938997255e+01 0.000000000000000000e+00
-3.441687072698675909e+00 7.758229720527118012e+00 0.000000000000000000e+00
-5.795280207066765499e+00 -1.453819582384879006e+01 0.000000000000000000e+00
8.651753319965264311e+00 -1.150436966920718618e+01 0.000000000000000000e+00
1.239276624040676955e+00 1.229773849343919423e+01 0.000000000000000000e+00
-1.173149259044902948e+01 1.442499452016540040e+01 0.000000000000000000e+00
-1.106417447949234756e+01 1.053711523544424367e+01 0.000000000000000000e+00
2.391204670046247482e+00 3.480827787065608470e-01 0.000000000000000000e+00
-8.688006148786815430e+00 9.352257332553003621e+00 0.000000000000000000e+00
1.240542044196674176e+01 7.368535552370573782e+00 0.000000000000000000e+00
1.040623349760570093e+01 1.155110273789687270e+01 0.000000000000000000e+00
1.333268501356225100e+00 -1.954393461447715419e+00 0.000000000000000000e+00
-1.775041187858639402e+00 4.134817265239879802e+00 0.000000000000000000e+00
-1.329974734241270085e+01 4.318536386423638795e+00 0.000000000000000000e+00
-9.049924153269419236e+00 -9.121257465852181667e+00 0.000000000000000000e+00
1.060845956478378938e+01 8.834715474798240820e+00 0.000000000000000000e+00
-5.804947636517685083e+00 1.323621155260560123e+00 0.000000000000000000e+00
-3.640465955028245881e-01 8.842767212146664946e+00 0.000000000000000000e+00
9.854446348559537938e+00 3.584594698358121168e+00 0.000000000000000000e+00
-5.541959075695622738e-01 -7.134689917076493249e-01 0.000000000000000000e+00
-5.421375313021786546e+00 2.944114476584196449e+00 0.000000000000000000e+00
-1.807749614053303233e+01 4.785844247895924219e+00 0.000000000000000000e+00
-1.855172248952925429e+00 9.372763805995111497e+00 0.000000000000000000e+00
-3.260256259696198811e+00 1.157186302042592274e+01 0.000000000000000000e+00
-9.496577340746615192e+00 4.494440596773412011e+00 0.000000000000000000e+00
-2.276525310653609857e+00 -1.825077395998768282e+01 0.000000000000000000e+00
-1.046707027396126577e+01 -1.179483696981006169e+01 0.000000000000000000e+00
3.385588241165450540e+00 -5.013354203166965561e+00 0.000000000000000000e+00
-4.021970869617694233e-01 -8.211369145798272484e+00 0.000000000000000000e+00
6.945350016138987392e+00 -1.152505568195496100e+00 0.000000000000000000e+00
1.644787467488222532e+01 4.309826048732864123e+00 0.000000000000000000e+00
-2.088828113966338940e+00 -4.167610527152439737e+00 0.000000000000000000e+00
-3.341691928032730186e+00 -6.281477663278971946e+00 0.000000000000000000e+00
-1.344533537171295912e+01 -1.011086152721187226e+01 0.000000000000000000e+00
-4.060397300385494290e+00 -1.610331727878460129e+01 0.000000000000000000e+00
5.453409156870963059e+00 1.742109254667628804e+01 0.000000000000000000e+00
5.666660864130797393e+00 -9.292500556394443834e+00 0.000000000000000000e+00
2.045546712243492937e+00 9.875946546753999300e+00 0.000000000000000000e+00
1.276437988458181216e+01 5.157872693705030542e+00 0.000000000000000000e+00
-1.398346122347514786e+01 1.370126747258535727e-01 0.000000000000000000e+00
1.400111783560196388e+00 -4.877533884864416969e+00 0.000000000000000000e+00
4.393771898504211237e-01 -1.584714415533037268e+01 0.000000000000000000e+00
3.916584852657822302e-01 1.581446535425507172e+01 0.000000000000000000e+00
-8.301997806370229327e+00 -1.378718100583405004e+01 0.000000000000000000e+00
1.226633147464261953e+01 1.074447606152918944e+01 0.000000000000000000e+00
8.620113794368721827e+00 1.087000103498691495e+01 0.000000000000000000e+00
7.934672025381655835e+00 1.631455199548487300e+01 0.000000000000000000e+00
-1.486424577925210500e+01 -8.443413710212126944e+00 0.000000000000000000e+00
-1.319772003979023367e+01 -1.366560472260180603e+01 0.000000000000000000e+00
1.656736547576887020e+01 -8.926722948289881998e+00 0.000000000000000000e+00
-6.717201750433818397e+00 8.578963733589137775e+00 0.000000000000000000e+00
-1.232667879971478975e+01 -8.128734731622516918e+00 0.000000000000000000e+00
-1.883227380934419060e+01 -1.347406216345129026e+00 0.000000000000000000e+00
-1.352694702092446377e+01 -4.726457864405030129e+00 0.000000000000000000e+00
-6.714691820062387961e+00 1.764813417488915803e+01 0.000000000000000000e+00
4.766883706780524754e+00 -1.829966403267438535e+00 0.000000000000000000e+00
-1.349537168144582644e+01 9.877151252928369374e+00 0.000000000000000000e+00
1.327734584314487165e+01 -1.054057795170945688e+01 0.000000000000000000e+00
-1.604483610052426101e+01 -2.432064511425139075e-01 0.000000000000000000e+00
-6.811588934172795540e+00 -7.415434477208648900e+00 0.000000000000000000e+00
5.811568044825685675e+00 7.934645853241012681e+00 0.000000000000000000e+00
-5.709363920157941585e+00 -1.669708373849232430e+01 0.000000000000000000e+00
2.573067262308690317e+00 -1.261719396819741412e+01 0.000000000000000000e+00
1.219433348566775166e+01 -7.166672591764899458e+00 0.000000000000000000e+00
-7.648325634221496472e+00 6.300069192399401885e+00 0.000000000000000000e+00
1.571042730990168934e+01 -1.181599871646647149e+00 0.000000000000000000e+00
5.048446974289432454e+00 1.356276763801126073e+01 0.000000000000000000e+00
-4.937279191820777235e+00 -7.287144915937385115e+00 0.000000000000000000e+00
-9.654515940637560689e+00 -1.471123129664245788e+01 0.000000000000000000e+00
-7.265833427018028701e+00 -9.678677237372783182e+00 0.000000000000000000e+00
1.806097039202799692e+01 -5.724934499228947260e+00 0.000000000000000000e+00
8.318876862618337142e+00 1.313987105374249964e+01 0.000000000000000000e+00
3.909209818389336011e+00 6.202883152794889554e+00 0.000000000000000000e+00
-1.414105674626663500e+01 2.229071742181457871e+00 0.000000000000000000e+00
3.237154956796440608e+00 8.781446734815636646e+00 0.000000000000000000e+00
-6.056698992226131395e+00 1.405384682721097889e+01 0.000000000000000000e+00
-9.146503950250773229e+00 1.380167602927105364e+01 0.000000000000000000e+00
1.259426248782460789e+01 3.606283592729436549e+00 0.000000000000000000e+00
-1.002459826560552258e+01 2.368378482144248842e+00 0.000000000000000000e+00
1.481316680361430649e+01 -7.385027691904945790e+00 0.000000000000000000e+00
1.334670927745353985e+01 -4.964724507371399476e+00 0.000000000000000000e+00
8.033502903301092957e+00 4.448848219039191476e-01 0.000000000000000000e+00
-1.877208745718003158e+01 2.109615686948627999e+00 0.000000000000000000e+00
-8.929758152346398248e+00 -1.663828412334683904e+01 0.000000000000000000e+00
9.502055309279485940e+00 6.757239150539295025e+00 0.000000000000000000e+00
1.783402297076548404e+00 -1.777962801409050186e+01 0.000000000000000000e+00
-7.013518421543554204e+00 -8.325255800262033878e-02 0.000000000000000000e+00
-6.152201910845915833e+00 6.086164888577982879e+00 0.000000000000000000e+00
-4.244430458416204033e+00 -1.028774419638963877e+01 0.000000000000000000e+00
9.413621089140569609e+00 -7.494898754754420800e+00 0.000000000000000000e+00
3.624066385167218574e+00 1.680485861864910646e+01 0.000000000000000000e+00
1.159321602620284963e+01 -3.746204556262621832e+00 0.000000000000000000e+00
1.423596971363636676e+01 1.944826920720374330e+00 0.000000000000000000e+00
-1.387077945188321770e+01 5.797120330956406775e+00 0.000000000000000000e+00
1.044074889181784904e+01 5.278089591199541353e+00 0.000000000000000000e+00
-1.734903349835489328e+00 -1.634156227427833130e+01 0.000000000000000000e+00
-3.720546561999204194e+00 5.418048850225714030e-01 0.000000000000000000e+00
-4.605215054941784736e+00 5.516370291189982566e+00 0.000000000000000000e+00
7.859400595959118441e+00 -5.391569933075408549e+00 0.000000000000000000e+00
1.418144216185524087e+01 -9.149649835185165614e+00 0.000000000000000000e+00
-1.160843143401281985e+01 6.115071313303660494e-01 0.000000000000000000e+00
-5.816240385744220198e-01 -1.832309081146565788e+01 0.000000000000000000e+00
-1.136791655825780367e+01 9.044018572203190942e+00 0.000000000000000000e+00
1.533701335493868356e+01 5.457044073496422953e+00 0.000000000000000000e+00
-3.041209406215296784e+00 -1.160320635070044126e+01 0.000000000000000000e+00
3.404835778996815776e+00 -1.681600311444227813e+01 0.000000000000000000e+00
-1.616040613178133967e+01 -3.482257496675960962e+00 0.000000000000000000e+00
5.973868477987585024e+00 -7.814309562891788019e+00 0.000000000000000000e+00
-4.996208586791522355e-01 -4.836658199673686376e+00 0.000000000000000000e+00
-8.530773642200401241e+00 3.667217326451919779e-01 0.000000000000000000e+00
2.668971317649144748e+00 2.233678481062607801e+00 0.000000000000000000e+00
6.069085443809803415e+00 5.380092652865164027e+00 0.000000000000000000e+00
-3.312687104632840551e+00 3.549857406193527520e+00 0.000000000000000000e+00
-1.141627716073034904e+01 -1.457528195370331936e+01 0.000000000000000000e+00
-1.748699694720266873e+00 -1.295401964857638610e+01 0.000000000000000000e+00
1.208952109203853986e+01 1.348955270890563618e+01 0.000000000000000000e+00
1.435774385831839162e+01 -3.334484809256557103e+00 0.000000000000000000e+00
-2.323367252419840767e+00 1.569060652976610015e+01 0.000000000000000000e+00
4.855570022856618095e+00 -1.315442956458904256e+01 0.000000000000000000e+00
-7.189188158093546832e+00 1.135386692710040002e+01 0.000000000000000000e+00
-3.250763291052361836e+00 1.817744913893408309e+01 0.000000000000000000e+00
-5.626998100238224332e+00 -5.942561705717235299e+00 0.000000000000000000e+00
-3.605594127374728841e-01 7.258737969526474210e+00 0.000000000000000000e+00
1.521270628666309399e+01 3.544727907140026724e-01 0.000000000000000000e+00
-2.181810021097946084e+00 6.605451069874852088e+00 0.000000000000000000e+00
2.677737807450213947e-01 4.559291414613026561e+00 0.000000000000000000e+00
-2.867059360996782047e+00 1.379885296784951088e+01 0.000000000000000000e+00
-1.594663300808799455e+01 1.269866285475478751e+00 0.000000000000000000e+00
1.054092990818856812e+01 1.344154128392093916e+01 0.000000000000000000e+00
2.805963289566362651e+00 1.874236132341853178e+01 0.000000000000000000e+00
-1.088340114371444933e+01 6.523241914718387768e+00 0.000000000000000000e+00
1.133585778381055320e+01 -1.030294093528903332e+01 0.000000000000000000e+00
1.077810871491702827e+01 -8.615052959737486304e+00 0.000000000000000000e+00
9.130600337490800911e+00 1.495031466146216736e+01 0.000000000000000000e+00
1.437622955098072453e+01 8.241167495428591394e+00 0.000000000000000000e+00
-1.137065247486601827e+01 -1.025192900283883990e+00 0.000000000000000000e+00
5.662324670230682422e+00 -1.659289824578198136e+01 0.000000000000000000e+00
6.886962298521489778e+00 -3.005782205976169408e+00 0.000000000000000000e+00
-1.559209595759915779e+01 1.044940747617637733e+01 0.000000000000000000e+00
-2.859141655896979106e+00 -7.437083508141423271e-01 0.000000000000000000e+00
-1.414524419700337887e+01 -3.309265294117865075e+00 0.000000000000000000e+00
-3.128209747546887964e+00 -8.860537116786876055e+00 0.000000000000000000e+00
-7.688993673192127787e+00 1.283926133813325698e+01 0.000000000000000000e+00
8.957641621793531739e-01 1.770612390089772248e+01 0.000000000000000000e+00
3.720168252391064384e-02 -6.449257647471178245e+00 0.000000000000000000e+00
-1.529122045475607727e+01 3.885219787641934985e+00 0.000000000000000000e+00
-1.482259516671119393e+01 -1.165723442809897215e+01 0.000000000000000000e+00
1.132952702579273385e+01 -2.063495851223849709e+00 0.000000000000000000e+00
9.677718927568215168e-01 -1.174352270353246297e+01 0.000000000000000000e+00
4.370025158636749119e+00 3.737502564842060782e+00 0.000000000000000000e+00
1.294509158352491518e+01 -1.057257603807244095e+00 0.000000000000000000e+00
5.483747694785175320e+00 -6.102059694948726687e+00 0.000000000000000000e+00
2.432241231137800330e+00 -3.066556629040403603e+00 0.000000000000000000e+00
8.265598661280673554e+00 4.079393852747674742e+00 0.000000000000000000e+00
1.671014470398239382e+01 2.317990349178407072e+00 0.000000000000000000e+00
1.352805330317782495e+00 -1.410386171878192130e+01 0.000000000000000000e+00
-7.727399076847184745e+00 -1.180389267076447801e+01 0.000000000000000000e+00
-1.189693706522871253e+01 3.646877530272118584e+00 0.000000000000000000e+00
-9.154076484941908731e+00 6.411956985328011172e+00 0.000000000000000000e+00
-9.812095697292239294e+00 1.245135481385158727e+01 0.000000000000000000e+00
-1.591839311179701344e+00 1.274519644737438284e+01 0.000000000000000000e+00
5.243162793284719569e+00 1.176779796754805574e+01 0.000000000000000000e+00
1.150588748443854925e+01 2.433753486912390296e-01 0.000000000000000000e+00
1.780145373673490283e+01 6.303353458822742006e+00 0.000000000000000000e+00
-4.500322073402988288e+00 1.368934224265275823e+01 0.000000000000000000e+00
1.364171882983731976e+01 1.182661742178503594e+01 0.000000000000000000e+00
1.126342283573342229e+01 1.496592568309083937e+01 0.000000000000000000e+00
-2.128352492785436478e+00 7.657318713255709675e-01 0.000000000000000000e+00
2.075304961046539276e+00 -8.455320742696828873e+00 0.000000000000000000e+00
6.815387228404708786e+00 -1.213762252760335869e+01 0.000000000000000000e+00
1.938680340455403162e+00 -1.566820268518034176e+01 0.000000000000000000e+00
-8.417783334013924090e+00 -5.903358640085713205e+00 0.000000000000000000e+00
-1.284341579623139751e+01 -6.358926919145782009e+00 0.000000000000000000e+00
-1.258832117177503207e+01 1.891421468010719309e+00 0.000000000000000000e+00
-2.353325585211000437e+00 -1.476859601228535190e+01 0.000000000000000000e+00
1.823911798542551255e+00 7.870457613221945259e+00 0.000000000000000000e+00
1.286254460535939259e+01 -1.380048105992287688e+01 0.000000000000000000e+00
1.424179261448867884e+01 4.308565372129505633e+00 0.000000000000000000e+00
-5.016677906886377158e+00 7.535891284576653248e+00 0.000000000000000000e+00
1.483278723106267094e+01 -1.179612407732789059e+01 0.000000000000000000e+00
6.176207409690475991e+00 3.542539820177063703e+00 0.000000000000000000e+00
1.747209011140154544e+01 -7.137837603194019387e+00 0.000000000000000000e+00
1.013519018078035927e+01 -4.877318604927634027e+00 0.000000000000000000e+00
-1.808344239441844792e+01 -5.725756960178268962e+00 0.000000000000000000e+00
-7.709102200682046435e-01 -1.025361228890628773e+01 0.000000000000000000e+00
3.665447320742637682e+00 -8.854580007377881756e+00 0.000000000000000000e+00
3.092347019110794903e+00 -1.334736025225488065e+00 0.000000000000000000e+00
-5.665002342471634478e+00 1.618116029158785452e+01 0.000000000000000000e+00
1.011106360382914815e+01 -1.526176430367909731e+01 0.000000000000000000e+00
9.470849260269401881e+00 9.179257843651500437e-01 0.000000000000000000e+00
-1.099589601156448637e+01 -5.804368855148622330e+00 0.000000000000000000e+00
1.805292004436187980e+01 -3.599257822653724848e+00 0.000000000000000000e+00
-1.532815309831338446e+01 -7.007184679254288007e+00 0.000000000000000000e+00
3.514533333110282598e+00 -1.057208846595914054e+01 0.000000000000000000e+00
-6.154629699784387453e-01 -2.937034051424794789e+00 0.000000000000000000e+00
-1.360336886500350495e+01 1.318609302008071360e+01 0.000000000000000000e+00
-1.759761715298426310e+01 1.287191277206647666e-01 0.000000000000000000e+00
-4.051729889046267630e+00 -4.427307532561932213e+00 0.000000000000000000e+00
1.392188739452943125e+01 9.848978203570629475e+00 0.000000000000000000e+00
5.831159757008204103e-01 9.990129216933087974e-01 0.000000000000000000e+00
1.527493388108710271e+01 3.106389991392881633e+00 0.000000000000000000e+00
3.574900767953812064e+00 1.323396322490825305e+01 0.000000000000000000e+00
1.810422747684657807e+01 3.524367814014597755e+00 0.000000000000000000e+00
-2.265445609016980999e+00 -2.544069998837771518e+00 0.000000000000000000e+00
-3.777071562600405663e+00 -1.771829667970525790e+01 0.000000000000000000e+00
-5.488075676481583010e-01 1.716909807562391421e+01 0.000000000000000000e+00
1.272243355311247193e+01 8.861421041146396504e+00 0.000000000000000000e+00
