1.860505371860794677e+00 4.983826841533500307e+00 0.000000000000000000e+00
-2.060753176572508227e+00 -7.500517964707001717e+00 0.000000000000000000e+00
-1.510363889037174268e+01 7.995243341863409015e+00 0.000000000000000000e+00
-4.082003997595518463e+00 -1.126809291120445478e+00 0.000000000000000000e+00
-9.850505887000731153e-01 -1.059263290382696177e+01 0.000000000000000000e+00
1.139802800919516690e+00 1.772724066881334792e+01 0.000000000000000000e+00
-1.400913720998483569e+01 2.063836940454173430e+00 0.000000000000000000e+00
1.753769155181669603e+01 -5.905676407664752325e+00 0.000000000000000000e+00
-1.126795923652876841e+00 1.103839429262984062e+01 0.000000000000000000e+00
-1.823278882849314897e+01 -4.854703945591655412e+00 0.000000000000000000e+00
-1.703677914604734411e+01 -6.884387520307694075e+00 0.000000000000000000e+00
-8.608544401429213622e+00 -1.544044412982085035e+01 0.000000000000000000e+00
-1.480097465442506532e+01 -8.931069687282274572e+00 0.000000000000000000e+00
-1.728717720207366071e+01 7.541853569207413344e+00 0.000000000000000000e+00
1.174669347166259259e+00 -1.356342593860600232e+01 0.000000000000000000e+00
-4.211706660124838741e-01 -3.539989485113764989e+00 0.000000000000000000e+00
4.038356999572542350e+00 -1.427219535560317354e+01 0.000000000000000000e+00
-3.514970128989272635e-02 2.397667492567472802e+00 0.000000000000000000e+00
-8.246846742983150236e+00 8.065774022323155990e+00 0.000000000000000000e+00
1.105598458609410351e+01 -8.403270150414013928e-01 0.000000000000000000e+00
1.247312742153495080e+01 6.091933407232190234e+00 0.000000000000000000e+00
-3.498136135388448587e+00 1.483690622050467489e+01 0.000000000000000000e+00
-8.944777763224346145e+00 -8.575105759106106618e+00 0.000000000000000000e+00
4.266728199978675029e+00 -7.616676718166200288e+00 0.000000000000000000e+00
-3.335410371674182528e+00 -1.567108386401134013e+01 0.000000000000000000e+00
-5.168631525579862052e-01 1.407148372948513071e+01 0.000000000000000000e+00
3.454687884035595680e+00 5.295329054282308157e+00 0.000000000000000000e+00
6.772750508841292039e+00 6.947069751412266569e+00 0.000000000000000000e+00
-1.882900054866550121e+01 -2.071826184721800246e+00 0.000000000000000000e+00
3.366911410071911082e+00 -9.100202566750500210e+00 0.000000000000000000e+00
-1.115658765233941097e+01 1.191210653917489637e+01 0.000000000000000000e+00
7.375376100395556911e+00 1.555260390017326966e+00 0.000000000000000000e+00
8.971554684415057324e+00 4.640319893636026372e+00 0.000000000000000000e+00
5.243798856997004876e+00 -1.279017162772307259e+00 0.000000000000000000e+00
2.218439434533163279e+00 -1.527569367212700158e+01 0.000000000000000000e+00
3.725329235844780484e+00 2.441199780499002436e+00 0.000000000000000000e+00
8.824719094048651513e+00 1.284821432525410501e+01 0.000000000000000000e+00
-1.156970442827365453e+01 8.253011404629274850e+00 0.000000000000000000e+00
1.310913377776313737e+01 1.624085895185881867e+00 0.000000000000000000e+00
1.109542792308452341e+01 -4.856046304939454217e+00 0.000000000000000000e+00
3.529324898206443351e+00 1.599986016648173504e+01 0.000000000000000000e+00
1.090212031282442240e+01 -1.406907536591269903e+01 0.000000000000000000e+00
1.346352113160974007e+01 -9.407512385352340800e+00 0.000000000000000000e+00
6.421811734077857103e+00 1.057091146990314456e+01 0.000000000000000000e+00
2.790110056366943425e+00 -1.155219495959492981e+01 0.000000000000000000e+00
1.493371048142753743e+01 7.790400938500414263e+00 0.000000000000000000e+00
-1.334105248827653689e+01 -3.164858998232225051e+00 0.000000000000000000e+00
1.515228313444176322e+01 -9.529117117651072277e+00 0.000000000000000000e+00
-1.385966004220479775e+01 -1.101680657455171364e+01 0.000000000000000000e+00
1.165557025114073042e+01 1.122237002605281297e+01 0.000000000000000000e+00
1.582197459050806554e+00 1.104521641105621299e+01 0.000000000000000000e+00
-9.063481885276930328e+00 -5.036912134048943807e-02 0.000000000000000000e+00
-3.843462174601099512e+00 1.774284652534329965e+01 0.000000000000000000e+00
6.757583779906958910e+00 -8.821479367269985161e+00 0.000000000000000000e+00
4.869413212914648348e+00 9.070156259107978514e+00 0.000000000000000000e+00
2.110289041666302268e+00 -4.264285734197410527e+00 0.000000000000000000e+00
-1.021050345372810586e+00 1.263646513178560937e+01 0.000000000000000000e+00
-1.035924126622533237e+01 -1.264167379484631404e+01 0.000000000000000000e+00
1.252341261138057860e+01 -2.529014504856200496e+00 0.000000000000000000e+00
-3.929146436004962162e+00 3.489726206421225108e+00 0.000000000000000000e+00
-1.524272867392001096e+01 3.816014896376350940e+00 0.000000000000000000e+00
9.485849050719961539e+00 -4.695707609550676231e+00 0.000000000000000000e+00
-8.010795232553219236e+00 -1.364968582935222496e+00 0.000000000000000000e+00
1.823476750046801431e+00 8.506471518402198839e+00 0.000000000000000000e+00
8.716680045667382970e+00 6.201954368147991836e+00 0.000000000000000000e+00
-1.493235138833488129e+01 -3.785164925165318106e+00 0.000000000000000000e+00
-5.495575573243053569e+00 -3.121944731991246780e+00 0.000000000000000000e+00
-2.934129654714850322e+00 -5.906617932314720321e+00 0.000000000000000000e+00
-7.459129273683034356e+00 3.531514106747168924e+00 0.000000000000000000e+00
1.263418293130884074e+01 -5.596263343055772665e+00 0.000000000000000000e+00
6.492575799982782669e+00 1.215251583105410305e+01 0.000000000000000000e+00
4.656734962489666785e+00 3.806266787558374998e-01 0.000000000000000000e+00
-1.256281215421926412e+01 -4.587652678990545851e+00 0.000000000000000000e+00
-1.332924862901081653e+01 4.763312669909510966e+00 0.000000000000000000e+00
5.261160906845087304e+00 1.353823766439938048e+01 0.000000000000000000e+00
-4.712833032100124164e+00 -1.450311503358522280e+01 0.000000000000000000e+00
1.725778586450783081e+01 -3.313237779968826402e+00 0.000000000000000000e+00
-3.262677902054740731e+00 -1.285720361114930554e+01 0.000000000000000000e+00
1.383675573530408087e+01 3.520817461165720808e+00 0.000000000000000000e+00
-7.393424627389808101e+00 9.840859016356642286e+00 0.000000000000000000e+00
-1.700111674535312645e+00 1.675979317669958490e+01 0.000000000000000000e+00
-1.520512385345388573e+00 5.172559717748287156e+00 0.000000000000000000e+00
-2.449296086323907939e+00 1.026185396046830078e+01 0.000000000000000000e+00
1.073495451408823698e+01 6.209362188516799108e+00 0.000000000000000000e+00
-2.478477304862595876e+00 1.803725756915051104e+00 0.000000000000000000e+00
6.004468126436943720e+00 -5.736255078189241630e+00 0.000000000000000000e+00
3.089922216782631459e+00 8.256172311025814503e-01 0.000000000000000000e+00
-6.174664202116225908e+00 6.009521749830115667e-01 0.000000000000000000e+00
-1.102197960545318445e+01 -1.026358628294643527e+00 0.000000000000000000e+00
-1.324198668394924283e+01 1.212712152433843826e+01 0.000000000000000000e+00
-1.314248529379932640e+00 9.200343198452017646e+00 0.000000000000000000e+00
1.138595632972149474e+01 8.768980176869995091e+00 0.000000000000000000e+00
5.375236598367682639e+00 -1.582753464849945502e+01 0.000000000000000000e+00
-1.299866798918037425e+01 3.272783043379992041e+00 0.000000000000000000e+00
-1.718428500084142740e+01 5.214621769661992090e+00 0.000000000000000000e+00
7.381201660305183321e-01 -8.388968899399603885e+00 0.000000000000000000e+00
8.905881145232802609e+00 -1.672264458809648247e+01 0.000000000000000000e+00
-1.324263944563498541e+01 3.020264064168323159e-01 0.000000000000000000e+00
-1.796734944868662254e+01 3.347145945971353953e+00 0.000000000000000000e+00
8.462605780530227051e+00 -6.407083238109348322e+00 0.000000000000000000e+00
5.747841896585483390e+00 3.995123137399577473e+00 0.000000000000000000e+00
8.231475087752910369e+00 -1.443190571802149336e+01 0.000000000000000000e+00
-1.024648452485919492e+01 -5.173453137026413629e+00 0.000000000000000000e+00
-5.372873689753780546e+00 7.355944683026739206e+00 0.000000000000000000e+00
-8.070826805671993398e+00 1.357277217857653007e+01 0.000000000000000000e+00
-6.549229703464648722e+00 -8.109527981279741837e+00 0.000000000000000000e+00
-2.914651990799799197e+00 -4.115371733708705015e+00 0.000000000000000000e+00
-3.502019965018484893e+00 1.243960223996594827e+01 0.000000000000000000e+00
1.702857302012120755e+01 8.049579389173773691e+00 0.000000000000000000e+00
-9.062289151234995899e+00 1.535773358876077843e+01 0.000000000000000000e+00
1.646604156191914825e+01 2.520747619332561307e+00 0.000000000000000000e+00
9.812595788216539106e+00 1.745083636292310780e+00 0.000000000000000000e+00
1.495990143127105476e+01 5.790704617976955682e+00 0.000000000000000000e+00
9.538930542535485557e+00 1.474412173958350003e+01 0.000000000000000000e+00
-5.314544489824164053e+00 1.076249489253284608e+01 0.000000000000000000e+00
3.133363408162245900e+00 1.129868114024296766e+01 0.000000000000000000e+00
-4.594848067710592510e+00 1.262260451270327266e+00 0.000000000000000000e+00
1.857506574118993115e+01 1.882626314386594668e+00 0.000000000000000000e+00
6.944442729936682213e+00 -1.918631646857544615e+00 0.000000000000000000e+00
-1.553836583154997264e+01 -2.132535800534432369e+00 0.000000000000000000e+00
3.690538237973872704e-02 7.422112709254297336e+00 0.000000000000000000e+00
1.170913837777329647e+01 -1.015400810875912896e+01 0.000000000000000000e+00
-1.410647939904853843e+01 9.655635324866445046e+00 0.000000000000000000e+00
3.391641696872518708e+00 -2.144507523812150485e+00 0.000000000000000000e+00
-9.657506830631787054e+00 1.171629034011172799e+01 0.000000000000000000e+00
2.127041982433286016e+00 1.476014436550200237e+01 0.000000000000000000e+00
1.739172324925508661e+01 4.248283602113218649e+00 0.000000000000000000e+00
-1.159995007463765937e+01 -9.750850328653365651e+00 0.000000000000000000e+00
-1.332338467407296001e+01 7.083389186272714078e+00 0.000000000000000000e+00
8.115971528205603747e+00 -1.136747308035995907e+01 0.000000000000000000e+00
8.342136850186255614e+00 8.954889982355879852e+00 0.000000000000000000e+00
1.019139827536298526e+01 -9.644622170096322833e+00 0.000000000000000000e+00
-7.366579209208401480e+00 -1.128193978006614628e+01 0.000000000000000000e+00
-1.741973114353144281e+00 7.150375904756389289e+00 0.000000000000000000e+00
5.136830515252892582e+00 -1.779348052024877802e+01 0.000000000000000000e+00
-5.381560732164225591e+00 -1.088645813660612838e+01 0.000000000000000000e+00
-1.472557646246845486e+01 1.116517961223313549e+01 0.000000000000000000e+00
-3.438138133423333520e-01 -5.121037783831093870e-01 0.000000000000000000e+00
6.545767261076683718e-01 -6.750391220401700920e+00 0.000000000000000000e+00
3.650416619415115083e+00 -5.163482745226522397e+00 0.000000000000000000e+00
-1.162381300250199168e+01 1.829510243432395100e+00 0.000000000000000000e+00
5.027940314029928359e+00 5.575783215484729993e+00 0.000000000000000000e+00
8.520294657239183778e+00 4.580282285161119127e-01 0.000000000000000000e+00
-8.100392354412889517e+00 -2.973461777007184281e+00 0.000000000000000000e+00
-1.121254556275889591e+01 -3.098088811033228307e+00 0.000000000000000000e+00
6.089326604512821817e+00 1.628787617844827551e+01 0.000000000000000000e+00
6.726342858265441649e-01 6.061124692801151959e+00 0.000000000000000000e+00
-5.102763164919094763e+00 -7.478142021799446759e+00 0.000000000000000000e+00
-1.650727139534221521e+01 1.395850509230793124e+00 0.000000000000000000e+00
1.156680556452267439e+01 1.887062795261392312e+00 0.000000000000000000e+00
-1.764946967379816156e+00 -1.743407103550637061e+01 0.000000000000000000e+00
8.048012237142023295e+00 1.043574579535382441e+01 0.000000000000000000e+00
-8.596648468666256093e+00 -1.325408605177343091e+01 0.000000000000000000e+00
6.289600137944016289e+00 -1.086864067244839482e+01 0.000000000000000000e+00
-5.933339183328210531e+00 1.581243687523937957e+01 0.000000000000000000e+00
6.934525543462384256e+00 1.369783588854314260e+01 0.000000000000000000e+00
1.340804221308019883e+01 1.269523332963165174e+01 0.000000000000000000e+00
1.000522400859810723e+01 -1.254725982608726831e+01 0.000000000000000000e+00
1.264761871077730859e+00 3.223477225307371796e+00 0.000000000000000000e+00
-6.439396824115641849e+00 -1.832417769646089711e+00 0.000000000000000000e+00
-8.606758936786169656e+00 4.678173439419341939e+00 0.000000000000000000e+00
-4.014989216907665970e+00 8.280516822079752259e+00 0.000000000000000000e+00
-7.917059091194561304e+00 -4.889053896134768706e+00 0.000000000000000000e+00
1.092063961129104754e+01 3.998196257575920232e+00 0.000000000000000000e+00
6.591459602428152209e+00 -3.691653394133612931e+00 0.000000000000000000e+00
-6.844456723172367418e+00 -1.441070012392639121e+01 0.000000000000000000e+00
1.010584517868003296e+01 7.575944480417440730e+00 0.000000000000000000e+00
-4.515722170364338872e+00 -4.380026502644703612e+00 0.000000000000000000e+00
-4.273387158611272163e+00 5.251066940072719902e+00 0.000000000000000000e+00
1.520148481865022205e+01 -4.907872483276209952e-01 0.000000000000000000e+00
2.881578473321980027e+00 -1.808868123355919266e+01 0.000000000000000000e+00
1.332081538928368758e+01 9.796316607420640921e+00 0.000000000000000000e+00
1.457560695416880270e+00 1.355833751637929518e+00 0.000000000000000000e+00
1.325254050357746927e+01 -4.093111402698002443e+00 0.000000000000000000e+00
-2.305626586451704263e+00 -1.414958027399728557e+01 0.000000000000000000e+00
1.645759217926718065e+01 -7.517737049214892942e+00 0.000000000000000000e+00
1.346322875239522077e+01 -1.265791530975664880e+00 0.000000000000000000e+00
1.861813010846719862e+01 -2.263362031220502502e+00 0.000000000000000000e+00
-1.023916550529582103e+01 1.121460051210040776e+00 0.000000000000000000e+00
-3.643539516466041572e+00 -8.902826151659805731e+00 0.000000000000000000e+00
1.516040560416987404e+01 9.806771122030959020e+00 0.000000000000000000e+00
1.027266663542316039e+01 -1.579391733603177173e+01 0.000000000000000000e+00
-1.085418664468174654e+01 3.785664182184518278e+00 0.000000000000000000e+00
-7.743813367607881304e+00 1.646076039938109048e+01 0.000000000000000000e+00
1.448953892853003111e+01 1.125069092509872526e+01 0.000000000000000000e+00
3.182821757143646568e+00 1.327565211013940427e+01 0.000000000000000000e+00
-7.147117205791243322e+00 -1.637488106413878342e+01 0.000000000000000000e+00
7.215188581507428367e+00 3.564859141987208435e+00 0.000000000000000000e+00
-1.584044906189675306e+00 -2.474150197272286800e+00 0.000000000000000000e+00
8.528458039390648393e-01 -1.110843032007394093e+01 0.000000000000000000e+00
-7.019601525987826385e+00 -6.376875587501547038e+00 0.000000000000000000e+00
-7.894329217499916673e+00 1.204190830439870830e+01 0.000000000000000000e+00
4.817192303335986026e+00 -3.790018983694750432e+00 0.000000000000000000e+00
-1.045980481726006417e+01 -6.666205907875419001e+00 0.000000000000000000e+00
1.573408437100508195e+01 -2.480847109867879929e+00 0.000000000000000000e+00
2.661652286118034283e+00 -6.454779711717388402e+00 0.000000000000000000e+00
-5.323833720151444071e-01 -1.340550508744753699e+01 0.000000000000000000e+00
3.088198300634650839e-01 -5.008846696972823587e+00 0.000000000000000000e+00
8.420440152428382063e+00 -9.180077528547087695e+00 0.000000000000000000e+00
-1.498643372112534067e+00 3.119464616068996499e+00 0.000000000000000000e+00
-1.765744534767818408e+01 -3.269494869574245843e+00 0.000000000000000000e+00
-7.166376320634293862e+00 -9.501789223562974840e+00 0.000000000000000000e+00
-1.490232200662620343e+01 5.799972819920076184e+00 0.000000000000000000e+00
-4.754321535228295481e+00 -1.714040379743532583e+01 0.000000000000000000e+00
8.544953557928337773e+00 1.642845542634104916e+01 0.000000000000000000e+00
-4.681448739147276328e+00 1.347686722786324864e+01 0.000000000000000000e+00
1.281635290322697429e+01 -1.354465331938005690e+01 0.000000000000000000e+00
-6.354760977920345333e+00 -1.786961599283638691e+01 0.000000000000000000e+00
-1.056970666299273987e+01 1.534816485176435030e+01 0.000000000000000000e+00
-9.807605739626751529e+00 -2.113439733311301527e+00 0.000000000000000000e+00
2.702159310707978879e+00 1.847666447084195696e+01 0.000000000000000000e+00
1.378050791954672860e+01 -1.146204485692047292e+01 0.000000000000000000e+00
-9.411002017335786007e+00 -1.143560111823762959e+01 0.000000000000000000e+00
1.840495707688012406e+00 -2.568719477152689556e+00 0.000000000000000000e+00
-9.856439395978850992e-01 -6.243472140821942240e+00 0.000000000000000000e+00
9.702919285496221846e+00 1.123445401251143849e+01 0.000000000000000000e+00
-9.360533433346510890e+00 6.261400795284658649e+00 0.000000000000000000e+00
-5.661295697552318096e+00 1.747691974188131070e+01 0.000000000000000000e+00
-9.370572961337163775e+00 2.687858900461022493e+00 0.000000000000000000e+00
1.310195120080537023e+01 -7.824768786345243754e+00 0.000000000000000000e+00
7.978533735549738992e+00 -4.714699446225495194e+00 0.000000000000000000e+00
-5.963071095927020338e+00 -5.025362583468229616e+00 0.000000000000000000e+00
-1.433266525386309453e+01 -8.811833680696334881e-01 0.000000000000000000e+00
-1.549649536466619004e+01 -6.428584579674255117e+00 0.000000000000000000e+00
-1.210074981680291906e+01 -7.486107993087990131e+00 0.000000000000000000e+00
-1.792629670927730623e-01 -1.530499260982502641e+01 0.000000000000000000e+00
4.017049194723305017e-01 -1.892811639481044139e+01 0.000000000000000000e+00
-1.033148872214331071e+01 -1.467546966632690975e+01 0.000000000000000000e+00
1.271327191530793765e+00 1.610696684904336351e+01 0.000000000000000000e+00
4.652565308992887338e+00 -1.185600167951872308e+01 0.000000000000000000e+00
-4.331920224584741574e-01 1.899271143292633113e+01 0.000000000000000000e+00
1.113465468200018194e+01 1.444133894829825238e+01 0.000000000000000000e+00
-1.641064055260011756e+01 -5.957534684549564696e-01 0.000000000000000000e+00
6.504384259085115971e+00 2.977164884791425048e-01 0.000000000000000000e+00
5.050302067208127799e-01 9.934870411324082440e+00 0.000000000000000000e+00
1.671814185757009952e+01 -1.253626464544135954e+00 0.000000000000000000e+00
-1.261449766065988243e+01 1.033573091427312107e+01 0.000000000000000000e+00
-3.659455081001329546e+00 -1.115840200024140749e+01 0.000000000000000000e+00
1.058565794303990515e+01 -2.556332941063529152e+00 0.000000000000000000e+00
6.875679211667135027e-01 1.230547093028371997e+01 0.000000000000000000e+00
1.089934006922807797e+01 -7.854089519982348833e+00 0.000000000000000000e+00
3.516945737275197992e+00 7.806849311748730535e+00 0.000000000000000000e+00
-1.296949130570507158e+01 -9.004361912266450219e+00 0.000000000000000000e+00
1.321546230433899183e+00 -1.662831364185144167e+01 0.000000000000000000e+00
1.614868393747562436e+01 -5.223568243593800453e+00 0.000000000000000000e+00
-1.063079940181149574e+01 1.341288127714281053e+01 0.000000000000000000e+00
-1.879654664889773485e+01 6.105268346024032011e-01 0.000000000000000000e+00
-6.972732627603599020e+00 6.647815271342493837e+00 0.000000000000000000e+00
3.790255816457967608e+00 -1.679853051434303879e+01 0.000000000000000000e+00
-3.100401576756017352e+00 6.478304138672264401e+00 0.000000000000000000e+00
-5.305626187133948513e+00 -9.266794415701877341e+00 0.000000000000000000e+00
-1.935994849135503904e+00 -9.340953190016126229e+00 0.000000000000000000e+00
1.545395916044908802e+01 4.287336642293028355e+00 0.000000000000000000e+00
6.440493278733104177e+00 -1.409717400654028729e+01 0.000000000000000000e+00
-1.192222501978246818e+01 6.284522022269373842e+00 0.000000000000000000e+00
-1.980162217807075908e+00 1.447392945048257928e+01 0.000000000000000000e+00
