-2.788226298152878257e+00 -1.375890405261516136e+01 0.000000000000000000e+00
7.692402799567744642e-01 -3.635639302596636036e-01 0.000000000000000000e+00
-2.447524778823688241e+00 8.981509302587374677e+00 0.000000000000000000e+00
-7.556386473713327945e+00 -1.357047962685830811e+01 0.000000000000000000e+00
-1.429765584530682609e+01 -6.257211335843233080e+00 0.000000000000000000e+00
-5.408179896503354733e+00 -1.102453857262183412e+01 0.000000000000000000e+00
-4.176758692925164773e+00 5.374874348141053026e+00 0.000000000000000000e+00
2.928253092148353165e+00 -5.060160549100980454e+00 0.000000000000000000e+00
3.085577011491504873e+00 -1.168894478698924999e+01 0.000000000000000000e+00
1.304864699495578151e+01 2.247492273588374001e+00 0.000000000000000000e+00
-4.497952504214725700e+00 -1.454535418439544792e+01 0.000000000000000000e+00
7.842701985907354789e+00 -4.854833040624341400e+00 0.000000000000000000e+00
-1.182399433422894042e+01 9.658510035333588206e+00 0.000000000000000000e+00
-6.613203558972453600e+00 -1.698714727022207494e-01 0.000000000000000000e+00
-1.963390768554775345e+00 7.273324323271396885e+00 0.000000000000000000e+00
-8.934357876993660463e-01 -6.844861837824780970e+00 0.000000000000000000e+00
1.213639386197483994e+01 4.354225740170656778e+00 0.000000000000000000e+00
-2.521067657118357452e+00 1.438939541009041534e+01 0.000000000000000000e+00
-9.606916256806160348e+00 4.262905958244884275e+00 0.000000000000000000e+00
5.769980684281835970e+00 -9.193829496503335363e+00 0.000000000000000000e+00
5.589614040531628802e+00 1.216543856536268997e+01 0.000000000000000000e+00
8.485987805228557335e+00 1.444216704685739927e+01 0.000000000000000000e+00
1.081971505453448756e+01 3.713047482810586941e-01 0.000000000000000000e+00
-1.708172319549977303e+01 -5.623156885557379914e-01 0.000000000000000000e+00
-4.539823351641459226e+00 -9.463865033513126690e+00 0.000000000000000000e+00
3.042251577243312521e+00 7.955105237541079788e+00 0.000000000000000000e+00
5.237850509791446285e+00 -5.949699699605850295e-02 0.000000000000000000e+00
-6.498953763662548511e+00 4.341705504134852234e+00 0.000000000000000000e+00
8.668343016633848208e+00 -1.640415567137261943e-01 0.000000000000000000e+00
-6.481598798331671851e+00 1.474467571832788648e+00 0.000000000000000000e+00
1.297012231337091848e+01 7.047370663764119136e+00 0.000000000000000000e+00
-6.520984864252789670e+00 -1.558809609199083290e+01 0.000000000000000000e+00
4.837744172703296819e+00 -1.568540759403408735e+01 0.000000000000000000e+00
1.075460171595043768e+01 3.414681062400065858e+00 0.000000000000000000e+00
-9.933036494605708810e+00 -5.568174487404633943e+00 0.000000000000000000e+00
-2.536740845095314167e+00 1.273698065133355684e+01 0.000000000000000000e+00
3.265047169245780090e+00 -7.147743485977795963e+00 0.000000000000000000e+00
-4.266529303807696794e-01 1.686320175525512610e+01 0.000000000000000000e+00
1.124231044656945322e+01 6.620628731663094513e+00 0.000000000000000000e+00
5.712571049426448333e+00 6.352866818118437564e+00 0.000000000000000000e+00
-2.324761910905881024e+00 9.960923756440400734e-01 0.000000000000000000e+00
-3.396979560408984966e+00 -2.400384578822043924e+00 0.000000000000000000e+00
9.705419857043189324e+00 -6.404708372723225018e+00 0.000000000000000000e+00
7.068452701499949420e+00 -2.452953234091957313e+00 0.000000000000000000e+00
3.767484495976144654e+00 1.445111559861632244e+01 0.000000000000000000e+00
-6.815246565751233554e+00 -3.619804799462253531e+00 0.000000000000000000e+00
1.195360153831040151e+01 8.338033325037208954e+00 0.000000000000000000e+00
-1.162100832610867585e+01 4.526873594192374561e+00 0.000000000000000000e+00
-1.178144887764113591e+01 -2.126517674606617003e+00 0.000000000000000000e+00
-8.263271591397931104e+00 -2.829419338489568059e+00 0.000000000000000000e+00
-9.745485110821183738e+00 -7.610521076924194439e+00 0.000000000000000000e+00
6.828114278620717847e+00 -6.264108529933846370e+00 0.000000000000000000e+00
-1.015173756208259803e+01 -3.605276782816870362e+00 0.000000000000000000e+00
-9.480005350344494985e+00 -1.252638324083167021e+01 0.000000000000000000e+00
-1.187911757746340918e-01 1.019375564781621435e+01 0.000000000000000000e+00
1.561295281256158241e+01 -5.847588340678636420e+00 0.000000000000000000e+00
2.977204212306963083e+00 3.435088223802769125e+00 0.000000000000000000e+00
1.882566204644987362e+00 -1.706205856031652202e+00 0.000000000000000000e+00
7.716720464101371135e+00 1.311793855505922934e+01 0.000000000000000000e+00
-5.505054253906144224e-01 8.071266080755936656e+00 0.000000000000000000e+00
-1.050023152630060785e+01 8.747320316274295848e+00 0.000000000000000000e+00
-1.186251830086025372e+01 6.774653459624489393e+00 0.000000000000000000e+00
6.946691408882319507e+00 9.873880732129654447e+00 0.000000000000000000e+00
-1.337139692935999946e+01 1.338102061373863449e+00 0.000000000000000000e+00
1.330821844764905570e+01 -1.071798013758705181e+01 0.000000000000000000e+00
-7.376872488726850641e+00 1.572786562863361404e+01 0.000000000000000000e+00
4.758211526359088950e+00 4.842778463882427609e+00 0.000000000000000000e+00
-1.468016552504020211e+01 6.895095431423538201e+00 0.000000000000000000e+00
-1.309499822943825542e+01 4.227104253576607462e+00 0.000000000000000000e+00
1.414210407359926869e+01 8.785107483379558380e-01 0.000000000000000000e+00
-4.801012419189945035e+00 1.051842732555083693e+01 0.000000000000000000e+00
4.308338051038595573e+00 -1.818531203957867604e+00 0.000000000000000000e+00
8.901839426229310459e-02 -1.335531580608651403e+01 0.000000000000000000e+00
1.100657415671578399e+01 -5.391870587780261737e+00 0.000000000000000000e+00
-1.275590395635729024e+01 -6.503694533982768533e+00 0.000000000000000000e+00
1.935751982991863684e+00 1.623134833717064396e+01 0.000000000000000000e+00
-2.986965926213394074e+00 1.718642076417565434e+01 0.000000000000000000e+00
-5.894090838924674891e+00 7.269959937783441184e+00 0.000000000000000000e+00
-1.315430553775392575e+01 1.109479505578334546e+01 0.000000000000000000e+00
1.027928658294884912e+01 1.372440956609715990e+01 0.000000000000000000e+00
-1.732193801991268156e+00 -3.163391584775743670e+00 0.000000000000000000e+00
3.574044845913018520e+00 1.263943934003733283e+01 0.000000000000000000e+00
2.133531500646717038e+00 -9.154698084924817181e+00 0.000000000000000000e+00
9.043670254885254778e+00 -8.169365366233735770e+00 0.000000000000000000e+00
-8.459597267657242847e-03 1.526332889425613892e+01 0.000000000000000000e+00
-3.719107388489044652e+00 -4.273413831484567993e+00 0.000000000000000000e+00
-4.325205532958363186e+00 8.165076191231175340e-01 0.000000000000000000e+00
9.736551601051852245e+00 9.890210543756905892e+00 0.000000000000000000e+00
-2.080116827743911934e+00 -1.100028337051203131e+01 0.000000000000000000e+00
-5.865870211157321990e+00 -1.250981977975812853e+01 0.000000000000000000e+00
9.323780530773388975e+00 -2.424832768186586662e+00 0.000000000000000000e+00
9.689591533302243320e+00 1.230684705145155711e+01 0.000000000000000000e+00
-9.044403235945678077e+00 9.758039625811278484e+00 0.000000000000000000e+00
-1.575983689707348390e+01 3.167816076936946335e+00 0.000000000000000000e+00
-5.598715079272560402e+00 -5.099728872901017951e+00 0.000000000000000000e+00
-7.268600123215846587e+00 -8.312044069978457017e+00 0.000000000000000000e+00
-1.221594016600742094e+01 -9.145076551126761544e+00 0.000000000000000000e+00
8.280595663693771868e+00 4.685453281635168388e+00 0.000000000000000000e+00
6.719653947539077077e-01 -1.016260777637893042e+01 0.000000000000000000e+00
-7.158562885919394603e+00 1.348738021039711121e+01 0.000000000000000000e+00
-1.003118278358585158e+01 1.274333295591121562e+01 0.000000000000000000e+00
3.457222871365183359e+00 1.024609362393895928e+01 0.000000000000000000e+00
1.786095657907548206e+00 1.026849139863248439e+01 0.000000000000000000e+00
-1.448257533213872250e+01 -3.415734111308101006e+00 0.000000000000000000e+00
8.346578505094226941e+00 -1.197214231515526173e+01 0.000000000000000000e+00
-1.562703804747129332e+01 1.303548478764003038e+00 0.000000000000000000e+00
6.135968977015708870e-01 -3.310529971438211927e+00 0.000000000000000000e+00
1.369193898530632758e+01 4.175215750423692640e+00 0.000000000000000000e+00
4.298759329144124841e+00 -1.261868839095462924e+01 0.000000000000000000e+00
-2.378093221227682630e+00 -8.617689576008849883e+00 0.000000000000000000e+00
1.215327240020204158e+01 -7.010485232485418550e+00 0.000000000000000000e+00
-2.601745724353185629e+00 -5.525836305537830562e+00 0.000000000000000000e+00
3.690659582619448820e+00 -3.361566625633424010e+00 0.000000000000000000e+00
-1.028257306607208044e+01 4.706537008532772348e-01 0.000000000000000000e+00
-1.414115632213037710e+00 -1.295900861699534978e+01 0.000000000000000000e+00
3.861148792764997340e-01 -1.521952717100897878e+01 0.000000000000000000e+00
-3.162983671076886605e+00 2.499782861126599975e+00 0.000000000000000000e+00
3.637815352843685179e+00 -9.550805666045055986e+00 0.000000000000000000e+00
1.249349507887286714e+00 -4.867014541945950512e+00 0.000000000000000000e+00
9.863498426675485931e+00 5.003309401339066653e+00 0.000000000000000000e+00
5.694380085770618827e+00 8.881139375755360277e+00 0.000000000000000000e+00
-5.946957695873658079e-01 -4.592800374456949442e+00 0.000000000000000000e+00
7.082888272554339615e+00 1.563926929589059434e+01 0.000000000000000000e+00
-7.316038109926659594e+00 1.003208227670550912e+01 0.000000000000000000e+00
1.233366770228897202e+01 -1.990394204329565708e+00 0.000000000000000000e+00
3.312515291422917230e+00 8.936757586575498902e-01 0.000000000000000000e+00
3.365857426820607845e+00 -1.487682340496222899e+01 0.000000000000000000e+00
-1.484633465733837099e+01 -3.014367056075411555e-01 0.000000000000000000e+00
-4.851662100669643429e+00 -7.090457693787771909e+00 0.000000000000000000e+00
1.971656943948633778e+00 1.271638196488356343e+01 0.000000000000000000e+00
-4.556779578147324372e+00 1.529193145836125822e+01 0.000000000000000000e+00
5.077617936097671425e+00 1.494279007848365426e+00 0.000000000000000000e+00
1.102508918816024597e+01 -1.315123103169561958e+01 0.000000000000000000e+00
6.676932313506451777e+00 -1.346105402023226638e+01 0.000000000000000000e+00
1.178821846109630656e+01 -9.779879247146062937e+00 0.000000000000000000e+00
-5.383280570698733669e+00 -1.558460483882257774e+00 0.000000000000000000e+00
1.674534053128716238e+01 2.553272980669477388e+00 0.000000000000000000e+00
1.435411063457174174e+00 3.459328746454648051e+00 0.000000000000000000e+00
-7.972573579306824421e+00 -1.106998744530205769e+01 0.000000000000000000e+00
-8.422633626890810632e+00 1.111291444399080452e+00 0.000000000000000000e+00
5.849914160400534691e+00 3.530801996649219010e+00 0.000000000000000000e+00
1.213212614793500066e+01 -4.358056865138905112e-01 0.000000000000000000e+00
9.654895754595004931e+00 2.251272286130509226e+00 0.000000000000000000e+00
2.261957660430449657e+00 2.024508361251460720e+00 0.000000000000000000e+00
-2.090226098423114021e+00 3.770487884795874489e+00 0.000000000000000000e+00
1.571439279086764351e+01 -2.731012074370601006e+00 0.000000000000000000e+00
-1.368557089231701163e+00 -1.554039691828215197e+01 0.000000000000000000e+00
7.420790319713041150e+00 8.270231515484493201e+00 0.000000000000000000e+00
-1.301392168560171569e+01 -1.032500702130696890e+00 0.000000000000000000e+00
-1.782881872941238788e+00 1.133634503445307296e+01 0.000000000000000000e+00
1.113087589499643215e+01 1.059242068289685079e+01 0.000000000000000000e+00
-5.909698665285630925e-01 3.352524941558015392e+00 0.000000000000000000e+00
6.452358981598974808e+00 4.969767623424871772e+00 0.000000000000000000e+00
-1.517862306358810009e+01 -8.021092977275150915e+00 0.000000000000000000e+00
1.244590620447371698e+01 -3.859778681162274960e+00 0.000000000000000000e+00
1.592391478745325806e+01 4.495072090437582268e+00 0.000000000000000000e+00
2.012644333311305544e+00 -1.726230987182164611e+01 0.000000000000000000e+00
-8.691342848129730569e+00 6.650806253086618547e+00 0.000000000000000000e+00
-1.177418857201218039e+01 1.259079664274842969e+01 0.000000000000000000e+00
7.718449888025006977e+00 -1.494795499835925590e+01 0.000000000000000000e+00
-4.706825683276496086e+00 -1.660960581183916673e+01 0.000000000000000000e+00
1.526197489810248609e+00 -6.398288274540212761e+00 0.000000000000000000e+00
1.600938495844844311e+01 -5.031132270393819939e-01 0.000000000000000000e+00
7.386301432635962172e+00 2.088298735902769820e+00 0.000000000000000000e+00
-5.668683662394101042e+00 1.176651699157219788e+01 0.000000000000000000e+00
-8.793543763108193190e+00 -4.424437571182558315e+00 0.000000000000000000e+00
1.010633770288658262e+01 -9.700545982605776274e+00 0.000000000000000000e+00
3.960036137339728590e-01 -1.695323418707915408e+01 0.000000000000000000e+00
-9.250573720376232600e+00 -9.328520498588916965e+00 0.000000000000000000e+00
-4.202188026981308888e-01 -1.710790027632763666e+00 0.000000000000000000e+00
-1.299382008859841164e+01 -1.166268495454119147e+01 0.000000000000000000e+00
-1.595653812933394633e+01 -4.364833899707193154e+00 0.000000000000000000e+00
7.574559808070870481e+00 -9.101564895458713167e+00 0.000000000000000000e+00
1.486472636038768869e+01 -4.218024249650728308e+00 0.000000000000000000e+00
1.518415940712955070e+01 -8.063106895446741973e+00 0.000000000000000000e+00
-8.192126852166943252e+00 5.050159093626261253e+00 0.000000000000000000e+00
-7.204288875765078259e+00 6.296172272116040247e+00 0.000000000000000000e+00
-1.203942109347095446e+01 2.396887121917264274e+00 0.000000000000000000e+00
1.404858546736789293e+01 -1.074875088811120483e+00 0.000000000000000000e+00
7.858717469396816480e-01 1.385340765032527521e+01 0.000000000000000000e+00
1.460444917008353904e+01 2.602726387275516640e+00 0.000000000000000000e+00
1.366372198842955044e+01 -6.224769399698022454e+00 0.000000000000000000e+00
2.177530172098144146e+00 -3.397232958905202160e+00 0.000000000000000000e+00
-7.762843218561243042e+00 8.412959746149534013e+00 0.000000000000000000e+00
8.673299798592146170e-02 1.081123418161902494e+00 0.000000000000000000e+00
-1.031293992804780046e+01 7.210840088934214798e+00 0.000000000000000000e+00
8.884792193649598602e+00 7.592208134409157871e+00 0.000000000000000000e+00
4.833848496353796875e+00 -5.196626786865376602e+00 0.000000000000000000e+00
-2.476285574561476022e+00 -1.656390319683269752e+01 0.000000000000000000e+00
1.299389460175238753e+01 1.098743651677782118e+01 0.000000000000000000e+00
8.573237998087739342e-01 4.941168519865632547e+00 0.000000000000000000e+00
8.978808031638436660e-01 7.383498909869505411e+00 0.000000000000000000e+00
-9.269390761543771617e+00 -8.414012096926278828e-01 0.000000000000000000e+00
-1.591359607969554979e+01 -2.406583488743644139e+00 0.000000000000000000e+00
1.389372462351943049e+01 8.813342852542685790e+00 0.000000000000000000e+00
5.733387924563245086e+00 -1.166678038072306833e+01 0.000000000000000000e+00
2.183719905602697686e+00 1.471841526264441136e+01 0.000000000000000000e+00
1.667750639879442165e+00 -1.278279539400246456e+01 0.000000000000000000e+00
8.992378261135334228e+00 -1.352823936261335191e+01 0.000000000000000000e+00
-1.598526048001058797e+01 -6.461349868293772225e+00 0.000000000000000000e+00
-1.457485698099555016e+01 -9.658686009906903180e+00 0.000000000000000000e+00
-1.700754714571241522e+01 2.108350485719125977e+00 0.000000000000000000e+00
-1.212528117884479251e+01 -3.923471412602192565e+00 0.000000000000000000e+00
4.883600779238738809e+00 1.548495122025898674e+01 0.000000000000000000e+00
-9.579808984801781335e+00 -1.458148748786637050e+01 0.000000000000000000e+00
-1.127592341238508311e+01 -1.295741152943900154e+01 0.000000000000000000e+00
5.567680488341300915e+00 -3.269667987979229196e+00 0.000000000000000000e+00
1.283918225818169034e+01 -8.418972360299321167e+00 0.000000000000000000e+00
-4.208078793695331221e+00 1.246743199351472775e+01 0.000000000000000000e+00
-1.011120579154612731e+00 -2.202641173218173598e-01 0.000000000000000000e+00
-1.400428517967314512e+01 8.359266916111629087e+00 0.000000000000000000e+00
-5.854024120667330244e+00 1.642608806996299720e+01 0.000000000000000000e+00
-5.295994374960113937e+00 1.356715830870617268e+01 0.000000000000000000e+00
-4.912349257210602893e+00 3.352801773319040279e+00 0.000000000000000000e+00
-3.297306840657055371e+00 1.035767663783158277e+01 0.000000000000000000e+00
-1.412616866937915816e+01 5.393229436554580758e+00 0.000000000000000000e+00
1.070570016961716853e+01 -1.425696898038661287e+00 0.000000000000000000e+00
-6.703786861814178266e+00 -6.633081047679042719e+00 0.000000000000000000e+00
3.087167748197511496e+00 5.188094128726963739e+00 0.000000000000000000e+00
9.874791853034693645e+00 -4.116209908852232147e+00 0.000000000000000000e+00
-8.005105701234676019e+00 1.204190652501479519e+01 0.000000000000000000e+00
7.857709329186963743e+00 6.416174348279662709e+00 0.000000000000000000e+00
-4.806606430631235050e+00 8.862022518412096872e+00 0.000000000000000000e+00
6.628185990734765554e+00 -1.614692078773593309e+01 0.000000000000000000e+00
1.403425854229208092e+01 -9.360148452297638144e+00 0.000000000000000000e+00
-6.660635419811046454e+00 -9.715698226363391754e+00 0.000000000000000000e+00
-1.054022946003339101e+01 2.594554170416139005e+00 0.000000000000000000e+00
-3.084030529436945223e+00 -7.127506373917152693e+00 0.000000000000000000e+00
-1.569874480008749629e+01 5.006420821816200295e+00 0.000000000000000000e+00
-9.140856047073931734e+00 1.404724600907335663e+01 0.000000000000000000e+00
-1.040491411449580461e+01 1.073451976640546590e+01 0.000000000000000000e+00
1.093597821766170597e+01 -1.120816201454596772e+01 0.000000000000000000e+00
-2.682428916760266624e+00 5.195184025817291662e+00 0.000000000000000000e+00
-3.463657146040940216e+00 7.231990556074792131e+00 0.000000000000000000e+00
-9.128114881278147630e-01 5.162974478158118607e+00 0.000000000000000000e+00
8.362548179249358782e+00 1.058455970659769818e+01 0.000000000000000000e+00
1.559720566337825431e+01 6.451855457949749351e+00 0.000000000000000000e+00
1.699680913907319990e+01 -1.716537913569833318e+00 0.000000000000000000e+00
5.646364394655168928e-01 -8.392127595094327930e+00 0.000000000000000000e+00
-1.121808310213491744e+01 -6.501104986547225018e+00 0.000000000000000000e+00
1.072015469665816489e+01 -8.077920397861271695e+00 0.000000000000000000e+00
-8.116717056042846323e+00 3.188545340233192249e+00 0.000000000000000000e+00
-1.318231387493795026e+01 -5.060302120000946147e+00 0.000000000000000000e+00
-4.241401196345255364e+00 -1.294876658097054367e+01 0.000000000000000000e+00
5.277709229590223927e+00 -1.409868164389368950e+01 0.000000000000000000e+00
-3.766415764422390566e+00 -1.085662217665652030e+01 0.000000000000000000e+00
-8.446917265069140868e+00 -6.283432433630981251e+00 0.000000000000000000e+00
-4.058434689051548361e+00 -7.783354701790644592e-01 0.000000000000000000e+00
7.025471644101443758e+00 -7.574846992600917650e-01 0.000000000000000000e+00
-1.118714214371058802e+01 -1.066720461208651116e+01 0.000000000000000000e+00
-5.449205382875992737e-02 1.231921979309000825e+01 0.000000000000000000e+00
-1.360737142014018453e+01 -8.500875795552081726e+00 0.000000000000000000e+00
1.695072185086318584e+01 7.460666099230590653e-01 0.000000000000000000e+00
5.201160948300469045e+00 -7.655902801008961589e+00 0.000000000000000000e+00
1.157559000535994720e+01 1.291941807879510407e+01 0.000000000000000000e+00
8.199125186614848459e+00 -6.880748406032847875e+00 0.000000000000000000e+00
