7.771693334625687122e+00 -1.290011488437007259e+01 0.000000000000000000e+00
4.312918282251637869e+00 4.775119946683211047e+00 0.000000000000000000e+00
8.066997372041040393e+00 -3.813536251356952178e+00 0.000000000000000000e+00
-1.123352362651846192e+01 3.352809018641761618e+00 0.000000000000000000e+00
-3.646804358406587010e+00 4.405753530938728346e+00 0.000000000000000000e+00
9.861988965844322053e+00 -1.772710819603799504e+00 0.000000000000000000e+00
3.695960902189596275e+00 6.824032647849903377e+00 0.000000000000000000e+00
-9.662835770599182084e+00 -1.342740423377808234e+01 0.000000000000000000e+00
-4.725421709021681238e+00 7.751497878448331491e+00 0.000000000000000000e+00
-8.207851607441515540e+00 1.332149848249946089e+01 0.000000000000000000e+00
6.670136758913920438e+00 -9.824969870623771584e+00 0.000000000000000000e+00
5.081902268020559887e+00 1.411548788575377245e+01 0.000000000000000000e+00
-3.081657830734998438e+00 1.563923534556931472e+01 0.000000000000000000e+00
-2.110001389393462379e+00 -1.470616277882233369e+01 0.000000000000000000e+00
-2.674725587970280122e-02 1.512192142421524998e+00 0.000000000000000000e+00
-8.689179949967998695e+00 -1.212095323384576062e+01 0.000000000000000000e+00
8.022034509474776698e+00 3.889366409846316763e+00 0.000000000000000000e+00
1.141859210095571875e+01 -2.224317776638298216e+00 0.000000000000000000e+00
4.161130147759066311e+00 -1.576372182714368009e+01 0.000000000000000000e+00
5.288781792765813172e+00 8.139407753538510093e+00 0.000000000000000000e+00
7.585054816916900755e+00 7.815488156586611446e+00 0.000000000000000000e+00
6.613050388584284178e+00 1.062496661753397831e+01 0.000000000000000000e+00
6.682989316539167390e+00 -7.885486899727130350e+00 0.000000000000000000e+00
-1.461023228701341736e+01 7.817597820389149632e+00 0.000000000000000000e+00
-7.544008509871154899e+00 2.968889809353479681e+00 0.000000000000000000e+00
6.231967787739973730e+00 2.806110382191425945e+00 0.000000000000000000e+00
1.701240726065540798e+01 1.340645746504016245e+00 0.000000000000000000e+00
-7.746092539705866642e+00 -7.503272000709467093e+00 0.000000000000000000e+00
-4.474986969308267781e+00 -5.771033066478581830e+00 0.000000000000000000e+00
-1.280334468196660325e+01 -3.253280859985477336e-02 0.000000000000000000e+00
1.048787271517639397e+01 1.166620463775448258e+01 0.000000000000000000e+00
1.327597732127056140e+01 -6.662255596793487111e-02 0.000000000000000000e+00
-1.360613957764115867e+01 -1.622544093669523235e+00 0.000000000000000000e+00
-4.756888046105153478e+00 6.225103431501457507e+00 0.000000000000000000e+00
-3.354880626988426151e+00 -1.720045645732320549e+00 0.000000000000000000e+00
-1.121671179554618725e+01 -7.309477318319075323e+00 0.000000000000000000e+00
-6.535496190583226728e+00 1.407262135278933179e+01 0.000000000000000000e+00
-1.725801321410423128e+01 1.695772330192213850e+00 0.000000000000000000e+00
-1.147525034058589988e+01 -1.094083453814690010e+01 0.000000000000000000e+00
-9.516201523060042078e+00 1.110609191608284085e+01 0.000000000000000000e+00
-7.217031862473106685e+00 -1.481493407293525300e+00 0.000000000000000000e+00
-1.338230491636573305e+01 2.347898382595825062e+00 0.000000000000000000e+00
-1.427799623154116304e+01 9.644585824215737846e-01 0.000000000000000000e+00
-1.120898095228011826e+01 -9.147537094984389938e+00 0.000000000000000000e+00
-9.726205054525405291e-01 -1.047966996440040877e+00 0.000000000000000000e+00
3.531341269503760483e+00 -4.820987160584740749e+00 0.000000000000000000e+00
-6.985095274134931032e+00 8.123814499138394263e-01 0.000000000000000000e+00
2.338088552265099818e+00 7.734224964810503700e+00 0.000000000000000000e+00
-4.762257613244058607e-01 9.527518854017678507e+00 0.000000000000000000e+00
2.655896566272080150e+00 -1.470749680708756912e+01 0.000000000000000000e+00
-1.737792788810602895e-01 -3.150558298103290689e+00 0.000000000000000000e+00
5.428476179792578904e+00 -4.272627915868796755e+00 0.000000000000000000e+00
4.361350142756538872e+00 -2.780590274523603522e+00 0.000000000000000000e+00
3.805586572246837940e-01 -1.183508135436188269e+01 0.000000000000000000e+00
-6.389245548308258194e+00 7.871014994777195461e+00 0.000000000000000000e+00
-2.789368950944011161e+00 -4.315100672375870694e+00 0.000000000000000000e+00
-1.024871848475462599e+01 -1.965665032803577850e+00 0.000000000000000000e+00
1.163265835042663232e+00 -1.350306609876484565e+01 0.000000000000000000e+00
1.243797196288317686e+01 1.087135168446166844e+01 0.000000000000000000e+00
-1.524292704405949372e+01 5.679259528272214474e+00 0.000000000000000000e+00
1.344509188487393736e+01 7.767347613476982104e+00 0.000000000000000000e+00
-9.953671757655644825e+00 6.697594608129354699e-01 0.000000000000000000e+00
-3.914028936051078045e+00 -1.533272682938460818e+01 0.000000000000000000e+00
-6.779479582980926011e+00 -1.425550671516309009e+01 0.000000000000000000e+00
1.848392822627560106e+00 1.714589960844322292e+01 0.000000000000000000e+00
7.838819990463354870e+00 -7.197775819052130153e-01 0.000000000000000000e+00
-1.247054408774585399e+00 -5.326722542570184515e+00 0.000000000000000000e+00
1.559868118718807395e+01 -4.828394115310771006e+00 0.000000000000000000e+00
8.259952666022728707e+00 8.904973656905519341e-01 0.000000000000000000e+00
-1.093989987857267643e+01 8.926100795185503145e+00 0.000000000000000000e+00
3.450490170133683865e+00 -5.217483156551920853e-01 0.000000000000000000e+00
-1.148338047078194535e+01 -3.969374778182616303e+00 0.000000000000000000e+00
-9.651951631361299633e+00 2.146644410286248306e+00 0.000000000000000000e+00
3.985539927037295094e+00 9.858857422391210434e+00 0.000000000000000000e+00
1.078789461069743716e+01 1.393640084274371249e-01 0.000000000000000000e+00
1.523622304127777660e+00 -1.739074831587471337e+01 0.000000000000000000e+00
-1.481693529610341953e+00 5.781067571433421648e+00 0.000000000000000000e+00
7.951096600350389565e+00 -1.555131509535664058e+01 0.000000000000000000e+00
1.510444493980465630e+01 -4.987282646097233041e-01 0.000000000000000000e+00
-6.395016826164754420e-01 7.775011322894500587e+00 0.000000000000000000e+00
6.299754261425110080e+00 1.237398974575446964e+01 0.000000000000000000e+00
2.199430453149163966e+00 1.002886114880556434e+01 0.000000000000000000e+00
9.865343085617768182e+00 6.204591257468930365e+00 0.000000000000000000e+00
-1.181558309669881979e+01 5.605544578023024194e+00 0.000000000000000000e+00
-1.674819821426464017e+01 3.582804481189424628e+00 0.000000000000000000e+00
-2.231791172859020733e+00 -1.176615125219286284e+01 0.000000000000000000e+00
1.682406466493918629e+01 -2.823892006131683896e+00 0.000000000000000000e+00
1.547010799653665836e-01 5.067867214098257911e+00 0.000000000000000000e+00
1.289444804249327348e+01 -7.555003216843552138e+00 0.000000000000000000e+00
1.224009917315758322e+01 -4.188252412548759906e+00 0.000000000000000000e+00
-5.282702486956925902e+00 -1.461183944585874883e+01 0.000000000000000000e+00
4.370479106804029179e+00 -6.240075872390905332e+00 0.000000000000000000e+00
-4.634280480844253702e+00 -8.776314815546548687e+00 0.000000000000000000e+00
-4.262859952011872067e-01 1.193731309114310690e+01 0.000000000000000000e+00
8.972099006797351617e-01 -1.582059765472546253e+01 0.000000000000000000e+00
-1.578296467193959529e+01 -4.113537770378166591e+00 0.000000000000000000e+00
1.090635542774908373e+01 -6.320947388574945869e+00 0.000000000000000000e+00
1.028296376458113137e+01 3.273053207329549075e+00 0.000000000000000000e+00
-1.183418114878415084e+00 -1.683661791667513086e+01 0.000000000000000000e+00
-7.885365444733286600e-01 1.586553548826947768e+01 0.000000000000000000e+00
-8.228884741060969787e+00 -5.765303177950624303e+00 0.000000000000000000e+00
-4.584590999503086906e+00 1.087850905979527560e+01 0.000000000000000000e+00
-9.188702650354370505e+00 6.452698648390845726e+00 0.000000000000000000e+00
9.766045137395925835e+00 -1.112621748521109843e+01 0.000000000000000000e+00
9.696247526465102240e+00 7.804385283745614466e+00 0.000000000000000000e+00
1.759609084859693473e+00 -3.328285557074467382e-01 0.000000000000000000e+00
5.414465159328315735e+00 6.308446572372820249e+00 0.000000000000000000e+00
-4.049931001323997748e+00 9.271112895354816530e+00 0.000000000000000000e+00
-1.308334096169389227e+01 9.426646585011397406e+00 0.000000000000000000e+00
-6.426188331389585784e+00 -3.729181222301215737e+00 0.000000000000000000e+00
5.661140862880975178e+00 -1.317828926698794234e+01 0.000000000000000000e+00
4.737294730849147761e+00 1.201341745459102484e+01 0.000000000000000000e+00
1.696757136430370494e+01 -3.780181696095835653e-01 0.000000000000000000e+00
7.361123518551698552e+00 -5.801047501352806002e+00 0.000000000000000000e+00
8.557212990611402503e+00 -8.896528902753525259e+00 0.000000000000000000e+00
-1.411824846936574218e+01 -3.408990359920581525e+00 0.000000000000000000e+00
-1.069206660697285827e+01 1.320774396410606677e+01 0.000000000000000000e+00
1.140773943126270851e+01 -8.681860218651495487e+00 0.000000000000000000e+00
-5.053901914817369168e+00 -2.093406889457145148e+00 0.000000000000000000e+00
8.006875179997939185e+00 1.439274898011932002e+01 0.000000000000000000e+00
-5.594737384832495053e+00 4.143274632848329198e+00 0.000000000000000000e+00
5.485346970791906251e+00 1.622215441892586796e+01 0.000000000000000000e+00
1.590766786630223084e+00 1.189504435212243649e+01 0.000000000000000000e+00
-3.503864780208360674e+00 -7.531639521904865298e+00 0.000000000000000000e+00
-6.200191905110497892e+00 -8.076348840001731588e+00 0.000000000000000000e+00
2.086127634842369627e+00 4.141077764618568580e+00 0.000000000000000000e+00
-7.279539676849219099e+00 5.235638813693218374e+00 0.000000000000000000e+00
5.857348858046998785e+00 -5.848310927063509190e+00 0.000000000000000000e+00
1.405639012262631127e+01 3.556492799439582519e+00 0.000000000000000000e+00
-8.089376866272008471e+00 7.686661031848180947e+00 0.000000000000000000e+00
3.616784196862634082e-01 1.430670577411033406e+01 0.000000000000000000e+00
-2.669280092850967456e+00 1.090828091951157042e+01 0.000000000000000000e+00
-8.732370332099797849e+00 -1.513178738113720634e+01 0.000000000000000000e+00
-9.202677793600289036e+00 -8.030839578798547151e+00 0.000000000000000000e+00
1.339117588995309838e+01 -9.281469159798366064e+00 0.000000000000000000e+00
3.406926574734436386e+00 1.335191131946901644e+00 0.000000000000000000e+00
3.272870847391122329e+00 -1.059793066872388323e+01 0.000000000000000000e+00
-4.064623446654155536e+00 -1.114669185921904138e+01 0.000000000000000000e+00
1.027683218915634100e+01 -4.778840583908004369e+00 0.000000000000000000e+00
8.205441455785974725e+00 1.077837080236355227e+01 0.000000000000000000e+00
-5.482107992317610368e+00 2.139911502484746819e+00 0.000000000000000000e+00
-7.054692003845244308e+00 1.003679099027181643e+01 0.000000000000000000e+00
-8.742931813407508912e+00 -1.909517573689105241e+00 0.000000000000000000e+00
1.174295056947854299e+01 6.041233566886872630e+00 0.000000000000000000e+00
-1.328657969391821503e+01 -6.846980756137309498e+00 0.000000000000000000e+00
1.673430229658107748e+01 3.548155576469934847e+00 0.000000000000000000e+00
1.215308088235923911e+01 -1.037014019602649029e+01 0.000000000000000000e+00
-7.273155868363065935e+00 -1.264768149222642535e+01 0.000000000000000000e+00
3.298138464120604407e+00 -9.013897542630079585e+00 0.000000000000000000e+00
2.975876224882970433e+00 1.560403728656170408e+01 0.000000000000000000e+00
1.621479337027218293e+01 6.043379300766520856e+00 0.000000000000000000e+00
-1.016476867775449655e+00 -8.872245015128104484e+00 0.000000000000000000e+00
-2.123553581916957533e+00 1.443154154587821481e+01 0.000000000000000000e+00
1.371359301635095562e+01 9.261810404947299347e+00 0.000000000000000000e+00
-1.102519314196949374e+00 3.496640325635406832e+00 0.000000000000000000e+00
2.186035872918524081e+00 5.911754470635478320e+00 0.000000000000000000e+00
-1.981302505635593958e+00 8.746518675126408127e+00 0.000000000000000000e+00
3.060900389157149792e+00 -1.226108056158863313e+01 0.000000000000000000e+00
-1.161520599917480290e+01 7.300409760828275196e+00 0.000000000000000000e+00
-1.200749800295021963e+01 -1.256907413739465973e+01 0.000000000000000000e+00
1.391999683584663217e+01 -5.155980620192329056e+00 0.000000000000000000e+00
-4.065606047598068429e+00 1.240480796158765919e+01 0.000000000000000000e+00
1.347889158814735211e+01 5.606650361829786711e+00 0.000000000000000000e+00
-8.990109826581758057e+00 -3.593965417753854474e+00 0.000000000000000000e+00
-1.435794548044269625e+01 -8.721609894697634147e+00 0.000000000000000000e+00
-6.028304991765305765e+00 1.557546479648749305e+01 0.000000000000000000e+00
1.414264780800759347e+01 -3.239257013606832825e+00 0.000000000000000000e+00
-1.144662014531856009e+01 1.038452028149210804e+01 0.000000000000000000e+00
-1.545390268297213510e+01 -2.038288556480328140e+00 0.000000000000000000e+00
1.888302811285976324e+00 -8.214915639376185297e+00 0.000000000000000000e+00
5.649192115950397053e+00 -1.522295296132610609e+01 0.000000000000000000e+00
-5.450756381643468984e+00 7.113312178255509766e-02 0.000000000000000000e+00
9.975857071723090996e+00 -1.433231983967278822e+01 0.000000000000000000e+00
-4.282277090362694771e+00 -1.305682006257940486e+01 0.000000000000000000e+00
1.013924595051846111e+01 -9.639416737885088793e+00 0.000000000000000000e+00
-1.575684519046125764e+01 7.109561591552550075e-01 0.000000000000000000e+00
4.188203351616338388e+00 2.657835540596683810e+00 0.000000000000000000e+00
-1.220284260519743214e+01 -5.389011861782041279e+00 0.000000000000000000e+00
1.466920519507999288e+01 -7.192367359357850098e+00 0.000000000000000000e+00
2.650281676829316369e-01 -7.110891946916833462e+00 0.000000000000000000e+00
-9.215306560718563134e+00 4.311785704483776627e+00 0.000000000000000000e+00
-1.346239589747964693e+01 -1.091087500037725455e+01 0.000000000000000000e+00
1.886495818363502774e+00 1.435257926266761785e+01 0.000000000000000000e+00
1.304700258095147092e+01 2.277921002961158070e+00 0.000000000000000000e+00
-1.735864684693466842e+01 -1.053389038207927175e+00 0.000000000000000000e+00
2.235240365605045021e+00 -6.149232300579250854e+00 0.000000000000000000e+00
-1.045794064474064200e+01 -5.833492831486729813e+00 0.000000000000000000e+00
-3.364923010535386450e+00 -1.693507332355655137e+01 0.000000000000000000e+00
-7.206475173742489915e+00 -9.414314460774811266e+00 0.000000000000000000e+00
1.422899831900595435e+00 -3.645564107664259090e+00 0.000000000000000000e+00
6.635378229183015897e+00 1.243113229807847331e+00 0.000000000000000000e+00
-1.694154042166551299e+00 -2.873990740734496896e+00 0.000000000000000000e+00
8.893844670542334185e+00 1.224007278793444975e+01 0.000000000000000000e+00
-1.715165254833311614e+00 -7.244565996990923296e+00 0.000000000000000000e+00
-8.183477232358683295e+00 1.517105622762646178e+01 0.000000000000000000e+00
1.185283189513115687e+01 -1.269140199430402660e+01 0.000000000000000000e+00
-4.696176051543901941e+00 1.655970814124888690e+01 0.000000000000000000e+00
-1.550340416533095578e+01 -7.672029166559568125e+00 0.000000000000000000e+00
-1.238932534445992495e+01 -2.685837773480099777e+00 0.000000000000000000e+00
-5.846729657972613126e+00 -1.158646203880130621e+01 0.000000000000000000e+00
-4.053742672375324929e+00 1.652063931508890304e+00 0.000000000000000000e+00
-8.386070450329700776e+00 -1.051347098085353160e+01 0.000000000000000000e+00
7.069321489253384883e+00 5.564747717317022335e+00 0.000000000000000000e+00
1.160220609576901651e+01 1.818650075877282335e+00 0.000000000000000000e+00
-5.625254057803054764e+00 1.259558798988557271e+01 0.000000000000000000e+00
-1.462036764095740082e+01 3.529287571699572634e+00 0.000000000000000000e+00
-2.519236217786450016e+00 1.275122984431815487e+00 0.000000000000000000e+00
-6.260162522933240048e+00 -5.483512673631008916e+00 0.000000000000000000e+00
5.936231311714713854e+00 -1.631995073555860376e+00 0.000000000000000000e+00
-1.327345741736968776e+01 5.167271574727421601e+00 0.000000000000000000e+00
-2.423092005539201121e+00 -9.547413262518888999e+00 0.000000000000000000e+00
-1.436441518136709838e+01 -4.989147769157600720e+00 0.000000000000000000e+00
2.887296748838930061e+00 1.268106273628963443e+01 0.000000000000000000e+00
-2.792554256337651086e+00 -6.116973618346259300e+00 0.000000000000000000e+00
-3.044382977719145345e+00 7.064023979560685618e+00 0.000000000000000000e+00
9.380269662768251138e+00 9.296707904195862682e+00 0.000000000000000000e+00
1.128453027205841686e+01 8.358293719406086453e+00 0.000000000000000000e+00
1.093160401950861704e+01 1.323435541416767336e+01 0.000000000000000000e+00
-1.204859807156028850e+01 1.253311006564626595e+01 0.000000000000000000e+00
-1.304820727313522388e+00 -1.306447823038752354e+01 0.000000000000000000e+00
6.127543947235797317e-01 -1.524398853999365588e+00 0.000000000000000000e+00
1.085573829681611180e+01 1.012007459929862563e+01 0.000000000000000000e+00
2.776388638710200585e+00 -2.139867910611925161e+00 0.000000000000000000e+00
9.076551709262851375e+00 -6.831700501889210742e+00 0.000000000000000000e+00
-6.698749983992901669e+00 1.151994169732886775e+01 0.000000000000000000e+00
-1.161041994960045010e+01 1.788684373759874768e+00 0.000000000000000000e+00
-1.288219610465966980e+01 1.098875835674466472e+01 0.000000000000000000e+00
1.434791648856903246e+00 -1.059831739133093897e+01 0.000000000000000000e+00
-1.030759374122065175e+01 5.392691426253161779e+00 0.000000000000000000e+00
4.769016338910994079e+00 -7.818173021879203155e+00 0.000000000000000000e+00
1.022226477056805916e+00 2.720780366859901100e+00 0.000000000000000000e+00
-4.213188137691825652e+00 -3.668635434687623764e+00 0.000000000000000000e+00
-1.620116891761530553e+01 -6.147995101076108249e+00 0.000000000000000000e+00
-1.317943024897532389e+01 7.095220812991571258e+00 0.000000000000000000e+00
8.319042330931095464e+00 6.468986312071034916e+00 0.000000000000000000e+00
6.962666677244991220e+00 -1.440963126647312542e+01 0.000000000000000000e+00
9.655772284770721470e+00 1.541568529442650659e+00 0.000000000000000000e+00
1.350820032540749338e+01 -1.734787431749611697e+00 0.000000000000000000e+00
6.293022063151793688e+00 -1.137861676055141658e+01 0.000000000000000000e+00
-1.147327614672544405e+00 1.329176956655971686e+01 0.000000000000000000e+00
-2.689157148628605221e+00 -2.613044038139983316e-01 0.000000000000000000e+00
-4.260258450925927143e+00 1.400272672556290310e+01 0.000000000000000000e+00
-1.683667326275957166e+01 -2.974460923792735745e+00 0.000000000000000000e+00
-6.271533349327325091e+00 -1.613558993706398326e+01 0.000000000000000000e+00
-2.707585648223768682e-01 -1.035851459250515738e+01 0.000000000000000000e+00
-8.689747011148972078e+00 9.734568290829153980e+00 0.000000000000000000e+00
5.181859097374591272e+00 -9.273087745478109767e+00 0.000000000000000000e+00
9.548814981787139278e-01 1.578958578596551554e+01 0.000000000000000000e+00
-1.473273251940273632e+01 9.342558686040373317e+00 0.000000000000000000e+00
1.502236271424838776e+01 -8.726630117496181782e+00 0.000000000000000000e+00
9.513530190942004694e+00 -3.257503878052078417e+00 0.000000000000000000e+00
3.943091343572917129e+00 -1.356008027077376532e+01 0.000000000000000000e+00
8.203085741653691088e+00 -1.142108128600206030e+01 0.000000000000000000e+00
1.081949649201408725e+01 4.711192964061336141e+00 0.000000000000000000e+00
1.510379516607518191e+01 8.625361676426255286e+00 0.000000000000000000e+00
-9.518500234113298930e+00 1.426073226740695787e+01 0.000000000000000000e+00
