1.450062746003231062e+01 5.052566783216432711e+00 0.000000000000000000e+00
4.857789623071210094e+00 6.412775282779404229e+00 0.000000000000000000e+00
-8.673726470933322830e+00 -1.025808171714974648e+01 0.000000000000000000e+00
2.454585352169182055e+00 9.331863234013077602e+00 0.000000000000000000e+00
9.751817241675073689e+00 -4.305435246201194666e+00 0.000000000000000000e+00
-9.245776637639862017e+00 9.446477719029227060e+00 0.000000000000000000e+00
-1.670069507385658980e+01 5.217838635511217404e+00 0.000000000000000000e+00
7.523259273766739419e+00 1.194293578494872676e+01 0.000000000000000000e+00
-2.874871789090006402e+00 -5.378747542543700355e-01 0.000000000000000000e+00
-1.211913292824115729e+01 -9.517940438640698275e+00 0.000000000000000000e+00
3.548591274536573081e+00 -1.270700490407018712e+01 0.000000000000000000e+00
-2.266504765822472400e+00 -1.151962138196955188e+01 0.000000000000000000e+00
-6.775033379703570446e+00 1.308356538324231799e+01 0.000000000000000000e+00
-5.286547564925291987e+00 1.161051473348594065e+01 0.000000000000000000e+00
-7.897093837613704537e+00 1.465284472824170159e+01 0.000000000000000000e+00
4.967553954850750131e+00 2.813582606407068809e+00 0.000000000000000000e+00
1.321663907005777183e+01 8.025212388517548590e+00 0.000000000000000000e+00
1.290652610502010800e-01 7.956838061259471573e+00 0.000000000000000000e+00
1.059522334948974631e+01 -2.871977071115834779e+00 0.000000000000000000e+00
-7.397935591979508452e+00 -1.255625734069595012e+01 0.000000000000000000e+00
1.186054821213838828e+01 3.044632540430053158e+00 0.000000000000000000e+00
-9.900351048337984849e+00 1.320898083637619624e+00 0.000000000000000000e+00
-9.942333698019538701e+00 1.373154685894603588e+01 0.000000000000000000e+00
-2.096222801639617828e+00 3.898392180528872153e+00 0.000000000000000000e+00
-9.870037419355787156e-02 -3.126042253142377270e+00 0.000000000000000000e+00
5.337982886472889099e+00 -4.200941043769842453e-01 0.000000000000000000e+00
-1.411681911986841875e+01 4.268096038087442423e+00 0.000000000000000000e+00
-1.369827458194271053e+01 9.609657573330709468e+00 0.000000000000000000e+00
1.451786448893464687e+01 3.692391364180506730e-01 0.000000000000000000e+00
8.760414614538573730e+00 6.921519360427847545e+00 0.000000000000000000e+00
-7.911667162183048108e-01 -1.268413349869345019e+01 0.000000000000000000e+00
3.241173976020534031e+00 -6.153178485456921365e+00 0.000000000000000000e+00
-5.962991058505283881e+00 -1.336692898703916477e+01 0.000000000000000000e+00
8.501044510732656434e+00 -1.236826346176368041e+01 0.000000000000000000e+00
1.349480533851307129e+01 -1.788815210238913656e+00 0.000000000000000000e+00
-6.769973604356944286e+00 -6.160143249140076271e+00 0.000000000000000000e+00
-5.971585201071733628e+00 -1.544793193945803544e+01 0.000000000000000000e+00
-1.599612181340746231e+00 1.722495512642779758e+01 0.000000000000000000e+00
-8.686973991759622038e+00 -1.709186619826098319e+00 0.000000000000000000e+00
9.632843592379267683e-01 -9.269316911695636207e+00 0.000000000000000000e+00
6.231789964901552903e-01 -6.886174024508544100e+00 0.000000000000000000e+00
-5.758664032244017683e+00 1.752716877577424448e+00 0.000000000000000000e+00
1.052183390139347274e+01 -6.433863972399170628e+00 0.000000000000000000e+00
-1.149866308944534588e+01 -9.792450103290014640e-01 0.000000000000000000e+00
6.211247468446007280e-01 1.591582828288416884e+01 0.000000000000000000e+00
2.125125203480224823e+00 -3.630103307956435099e+00 0.000000000000000000e+00
-4.026263597611169587e+00 9.774679061404747404e-01 0.000000000000000000e+00
-1.407015636659655478e+01 6.851935834806562653e+00 0.000000000000000000e+00
1.152855814344577468e+01 9.308161956879711596e+00 0.000000000000000000e+00
3.937743736006465323e+00 -8.021334845275406522e+00 0.000000000000000000e+00
7.247863660546880915e+00 -9.954139598962832736e+00 0.000000000000000000e+00
-1.547679457417913129e+00 -7.172757653821856927e+00 0.000000000000000000e+00
6.662604954016958736e+00 -1.269169015439730508e+01 0.000000000000000000e+00
2.295944107181480953e-01 -1.511436136206844516e+01 0.000000000000000000e+00
7.777721699923955789e+00 -1.555876069253685223e+01 0.000000000000000000e+00
-1.345092635272979464e+01 1.914929300556427599e-02 0.000000000000000000e+00
1.002655976803539062e+01 1.042828849205558228e+01 0.000000000000000000e+00
5.227025423702538198e+00 -4.881414529743313580e+00 0.000000000000000000e+00
8.671318119015653636e+00 3.828776177319953344e+00 0.000000000000000000e+00
1.070979071909503055e+01 -8.774266821533755589e+00 0.000000000000000000e+00
2.458339618688035078e+00 2.253646749327554044e+00 0.000000000000000000e+00
6.357974513927497906e-01 -4.757793622342658679e+00 0.000000000000000000e+00
5.065756584016483544e+00 1.489215906691727476e+01 0.000000000000000000e+00
-3.166144469308470821e+00 1.037883818630598221e+01 0.000000000000000000e+00
-4.195632241569748899e+00 -1.536776023262577162e+01 0.000000000000000000e+00
-5.287462092672582159e+00 -4.874354032116219315e+00 0.000000000000000000e+00
8.013189876174013904e+00 -1.862238083396674515e+00 0.000000000000000000e+00
-1.564958273077536788e+01 -2.872860814364214921e+00 0.000000000000000000e+00
3.356019122170950109e-01 -1.336454720842652211e-01 0.000000000000000000e+00
-3.235052877480335987e+00 2.731480352609952700e+00 0.000000000000000000e+00
-1.323611997394086082e+00 -1.735083752392824508e+01 0.000000000000000000e+00
2.550680379034788725e+00 -1.446181897690000895e+01 0.000000000000000000e+00
2.664418047083736418e+00 -9.711033530579142869e-01 0.000000000000000000e+00
1.995632173867872172e+00 -1.676697421097897234e+01 0.000000000000000000e+00
-1.359438038429179585e+01 -4.470598976043222983e+00 0.000000000000000000e+00
-9.897026363242785507e+00 3.747159267246217951e+00 0.000000000000000000e+00
8.900873343868678234e-01 1.304513586674866588e+01 0.000000000000000000e+00
1.508739767529022124e+01 -4.267778554447458461e+00 0.000000000000000000e+00
-9.949922306525037285e+00 -6.240220208549472902e-01 0.000000000000000000e+00
5.761794954829937865e+00 1.333503244491328488e+01 0.000000000000000000e+00
-3.802736256579960727e+00 -1.020494260034587164e+01 0.000000000000000000e+00
1.585578761683985594e+00 -1.284503563963158257e+01 0.000000000000000000e+00
-2.710444335350469025e+00 -4.429231907201595320e+00 0.000000000000000000e+00
-9.471044812751577169e+00 -3.794892756155385793e+00 0.000000000000000000e+00
8.913567770548537439e+00 -1.386037695796489544e+01 0.000000000000000000e+00
7.304250738951918009e+00 2.182864990133513317e+00 0.000000000000000000e+00
1.549182905483130845e+01 2.939643105683389379e+00 0.000000000000000000e+00
2.946304447950793826e+00 -1.102967166861932569e+01 0.000000000000000000e+00
4.684472440784433367e+00 1.651169136039818142e+01 0.000000000000000000e+00
6.597315509151284729e+00 -1.421353101772183081e+01 0.000000000000000000e+00
-1.372057413210699295e+01 -9.475923076808900447e+00 0.000000000000000000e+00
-2.334503760337726774e+00 -1.461446805266093563e+01 0.000000000000000000e+00
-1.122275705156914327e+01 1.245378333758073985e+01 0.000000000000000000e+00
-9.385240524991630195e+00 1.200625340868745994e+01 0.000000000000000000e+00
2.171770442901425735e+00 6.446957871958939101e+00 0.000000000000000000e+00
-2.905823133785639278e+00 1.203575892980079587e+01 0.000000000000000000e+00
-3.176620786319443113e+00 -6.690664666701406027e+00 0.000000000000000000e+00
-5.753717491316090893e+00 1.566166997240837944e+01 0.000000000000000000e+00
-2.226894371729890132e+00 1.361107149833144447e+01 0.000000000000000000e+00
1.351073934071177796e+01 3.069997640849371212e+00 0.000000000000000000e+00
-1.131202998253395897e+01 -3.392554647791649280e+00 0.000000000000000000e+00
5.251442928922632980e+00 9.081656103794763624e+00 0.000000000000000000e+00
-1.795537402703428764e+00 8.508204683810913771e-01 0.000000000000000000e+00
-8.271613753759737619e+00 3.369898460315546629e+00 0.000000000000000000e+00
-2.266642289196076465e+00 6.263156250106772127e+00 0.000000000000000000e+00
1.699280249717617508e+01 3.341734090129334867e+00 0.000000000000000000e+00
2.665029688594194202e+00 4.475725326579482299e+00 0.000000000000000000e+00
4.858758904975681858e+00 -2.851768975354171065e+00 0.000000000000000000e+00
1.620037186257336259e+01 -7.156580036022211488e-02 0.000000000000000000e+00
-1.462447151526543543e+01 -5.976775465611259719e+00 0.000000000000000000e+00
-7.684598929262134170e+00 1.187645485173411863e+01 0.000000000000000000e+00
-4.438304300464406715e+00 1.433234595353165020e+01 0.000000000000000000e+00
1.015852806170407518e+01 8.799886310836816383e-01 0.000000000000000000e+00
1.630787155624710749e+01 5.750449547253741578e+00 0.000000000000000000e+00
-4.177630576554160591e+00 6.900955820299261134e+00 0.000000000000000000e+00
-1.247952995888683780e+01 4.455595982407625222e+00 0.000000000000000000e+00
-8.116768902499241767e-01 1.426187919133234772e+01 0.000000000000000000e+00
1.246100770216470544e+01 2.646993523940617283e-03 0.000000000000000000e+00
-6.759466520205624107e+00 6.520711971275503949e+00 0.000000000000000000e+00
4.878118788424046670e+00 -1.153510777887731642e+01 0.000000000000000000e+00
4.525565041425486434e+00 -1.574647433044423650e+01 0.000000000000000000e+00
-7.094644411195988098e+00 8.118114785055469795e+00 0.000000000000000000e+00
1.120593241577760146e+01 -1.173458132897534512e+01 0.000000000000000000e+00
-9.643636249347647293e+00 -5.308142449779579053e+00 0.000000000000000000e+00
-4.401540196733833454e+00 -7.608771603719008958e+00 0.000000000000000000e+00
-7.936158057161839530e+00 -4.764587048049046203e+00 0.000000000000000000e+00
8.248751376655764078e-01 4.604542358007312153e+00 0.000000000000000000e+00
2.953107243113457958e+00 5.178389451786655773e-01 0.000000000000000000e+00
1.641412063645983910e+00 1.137457234460182498e+01 0.000000000000000000e+00
5.046976238257260272e-01 -1.170126674306984782e+01 0.000000000000000000e+00
9.823664551408205270e+00 1.265954986504447888e+01 0.000000000000000000e+00
-1.553775710224386408e+01 2.252031944126584140e+00 0.000000000000000000e+00
-1.513434116325587731e+01 -7.881197542048647975e+00 0.000000000000000000e+00
7.778945841038751752e+00 -4.107856727345693848e+00 0.000000000000000000e+00
-6.101847286128921688e+00 -8.643026037012152329e+00 0.000000000000000000e+00
-9.765192227717083284e+00 -1.447076825168404923e+01 0.000000000000000000e+00
1.470171819615430664e+01 9.407024960022884130e+00 0.000000000000000000e+00
-1.690785769505619385e+01 -1.214129648346190304e+00 0.000000000000000000e+00
1.632832072295999026e+01 -2.837759806425831588e+00 0.000000000000000000e+00
1.600769070028529129e+01 -5.978831843475393093e+00 0.000000000000000000e+00
-6.533489613063702350e+00 3.113512867647433069e+00 0.000000000000000000e+00
1.318348226742501517e+01 1.571459510128879522e+00 0.000000000000000000e+00
8.043130502481119493e+00 1.408520057609583453e+01 0.000000000000000000e+00
-6.233093581487655577e+00 -3.008114004349825343e+00 0.000000000000000000e+00
1.320718833892580690e+01 -5.136582066291540905e+00 0.000000000000000000e+00
1.289324542655064754e+01 1.068825267759858555e+01 0.000000000000000000e+00
9.611551717392922356e+00 -8.023489985639478128e-01 0.000000000000000000e+00
7.674007347771483190e+00 5.026264537234662377e+00 0.000000000000000000e+00
7.410276761077891905e+00 5.130592669152916896e-01 0.000000000000000000e+00
-7.074864883854937725e-01 2.243557221905076116e+00 0.000000000000000000e+00
3.900084204973747859e+00 1.116102060810999497e+01 0.000000000000000000e+00
1.139186983878775195e+01 1.204288239416482398e+01 0.000000000000000000e+00
-1.048666138076563392e+00 -9.089526672012858910e+00 0.000000000000000000e+00
-3.574867987153136362e+00 4.392639324332490602e+00 0.000000000000000000e+00
-1.052307601214878652e+01 8.124466801983802000e+00 0.000000000000000000e+00
-1.115853926800420126e+01 -6.805907355605055997e+00 0.000000000000000000e+00
-1.459062508208200626e+01 -1.177387989384634848e+00 0.000000000000000000e+00
-1.574970939115050150e+00 9.866772949381031665e+00 0.000000000000000000e+00
-9.773963501859906700e+00 -1.267230391079349694e+01 0.000000000000000000e+00
7.210552065084955942e+00 7.796373250765907592e+00 0.000000000000000000e+00
9.809514241355262953e+00 5.147093640569326389e+00 0.000000000000000000e+00
-4.314152820199678828e+00 -1.179862181265590593e+01 0.000000000000000000e+00
1.164728336625143079e+01 -1.602629220191776893e+00 0.000000000000000000e+00
1.284055724895263495e+01 -8.903420573864732290e+00 0.000000000000000000e+00
1.256993101731866069e+01 5.931356931748038797e+00 0.000000000000000000e+00
-1.131667072899803550e+01 -1.262411156047868488e+01 0.000000000000000000e+00
-1.187993098748988841e+00 1.221533961435495463e+01 0.000000000000000000e+00
-7.280596100808650384e+00 3.700618856962176184e-01 0.000000000000000000e+00
-1.114073058072059297e+01 6.392917159614886380e+00 0.000000000000000000e+00
2.816642630854908180e+00 1.273816493094486368e+01 0.000000000000000000e+00
-4.200026590309851038e+00 8.899063412624482083e+00 0.000000000000000000e+00
-7.718570962503171984e+00 9.966656930912684231e+00 0.000000000000000000e+00
7.472327945865457011e+00 1.013946669357206254e+01 0.000000000000000000e+00
-2.925367384724663733e+00 -8.432349212357740598e+00 0.000000000000000000e+00
8.392395796474996672e+00 -8.052174569320412090e+00 0.000000000000000000e+00
-4.517642569635571093e+00 -1.458845989165225010e+00 0.000000000000000000e+00
-1.117892876998585638e+00 -8.737932410058431021e-01 0.000000000000000000e+00
-5.845512838601467642e+00 -1.029090923272361024e+01 0.000000000000000000e+00
7.003687414284935464e+00 1.582721314252104072e+01 0.000000000000000000e+00
-9.106791917050420793e+00 5.310126864824046500e+00 0.000000000000000000e+00
-1.319514541069420765e+01 -1.112404512806789825e+01 0.000000000000000000e+00
7.079729382265471216e+00 -5.543739232312282716e+00 0.000000000000000000e+00
-1.128565636623796031e+01 9.435621764540677248e+00 0.000000000000000000e+00
-1.152855101565142526e+01 1.540219069277771080e+00 0.000000000000000000e+00
-5.910266573611669294e+00 5.178961406865858486e+00 0.000000000000000000e+00
5.864278536828352095e+00 1.169345085479832669e+01 0.000000000000000000e+00
8.401727791176162086e+00 -6.499957835397705885e+00 0.000000000000000000e+00
-3.049066967053554400e+00 1.541060379216097509e+01 0.000000000000000000e+00
-1.641554127522231710e+01 -4.841804151060468797e+00 0.000000000000000000e+00
3.685222980168935347e+00 7.540755623331077295e+00 0.000000000000000000e+00
1.433421845540587292e+01 -9.247175059992621016e+00 0.000000000000000000e+00
-1.299414319777019067e+01 -2.352467930702937249e+00 0.000000000000000000e+00
-1.726968129703825383e+01 8.693445631584881816e-01 0.000000000000000000e+00
-7.616693428241308794e+00 -1.548367960409409427e+01 0.000000000000000000e+00
6.613461063414448837e+00 6.265371654292260395e+00 0.000000000000000000e+00
-1.182060324643375715e+01 -5.137969184678663481e+00 0.000000000000000000e+00
8.925256368122871820e+00 2.343745625441517433e+00 0.000000000000000000e+00
1.515218685821285582e+01 7.161951357103158777e+00 0.000000000000000000e+00
-1.505658913917647723e+01 5.448942934138108818e+00 0.000000000000000000e+00
-3.169213062258147140e+00 -1.322193396332113302e+01 0.000000000000000000e+00
1.349962176308835282e+01 -1.107543744041548273e+01 0.000000000000000000e+00
2.650536012819602494e+00 1.702366507081610791e+01 0.000000000000000000e+00
1.033044562496410279e+01 6.886599310450012723e+00 0.000000000000000000e+00
1.509281702585536600e+01 -1.702494695584993556e+00 0.000000000000000000e+00
-8.003996476505980118e-01 5.356760098249306878e+00 0.000000000000000000e+00
-7.800284751137432915e-01 -5.559057022871625620e+00 0.000000000000000000e+00
1.438637015339325487e+01 -7.233841870883862768e+00 0.000000000000000000e+00
-1.483356889276327273e+01 8.182089191397142969e+00 0.000000000000000000e+00
9.554351272682929386e-01 2.990270703183298906e+00 0.000000000000000000e+00
-1.274413949467924212e+01 2.953679700814076714e+00 0.000000000000000000e+00
2.021640884441259445e+00 1.516058980554209334e+01 0.000000000000000000e+00
-2.826941307469001075e+00 8.096697027290797877e+00 0.000000000000000000e+00
-1.682456847220018403e+01 3.060138121289927682e+00 0.000000000000000000e+00
1.162018972192404753e+01 -4.021976184453889935e+00 0.000000000000000000e+00
9.958600730225374065e+00 -1.017989557084147023e+01 0.000000000000000000e+00
-8.874156067969597217e+00 6.908060497538415667e+00 0.000000000000000000e+00
2.582357444256542026e-02 1.095796671971726965e+01 0.000000000000000000e+00
-4.221026730329984211e+00 1.668316498797337744e+01 0.000000000000000000e+00
-1.051275622661422915e+01 1.074341505390583507e+01 0.000000000000000000e+00
6.634213438854393630e+00 -3.004128078603632623e+00 0.000000000000000000e+00
-5.837088035236064343e+00 9.416305846953040515e+00 0.000000000000000000e+00
3.921424432145053540e+00 1.390536156011505575e+01 0.000000000000000000e+00
5.266488574284808877e+00 -9.549101288366966145e+00 0.000000000000000000e+00
6.376481613313875307e+00 -1.118433750406900806e+01 0.000000000000000000e+00
5.895804096391750626e+00 4.447752522066629410e+00 0.000000000000000000e+00
6.047469494536168000e+00 -7.239351687496003329e+00 0.000000000000000000e+00
1.328653043492394303e+01 -3.482022843137849044e+00 0.000000000000000000e+00
-9.274309852812816501e+00 -8.063111766035385486e+00 0.000000000000000000e+00
1.621605609536912951e+01 1.569893783572332779e+00 0.000000000000000000e+00
-1.495285108735950175e+01 5.422688341205342821e-01 0.000000000000000000e+00
-2.534389504914731361e-01 -1.036159635791510425e+01 0.000000000000000000e+00
1.152581355878745661e+01 4.824727945331684253e+00 0.000000000000000000e+00
-7.076244755032762512e+00 -1.232627185918942159e+00 0.000000000000000000e+00
5.458290573325669470e+00 1.183273870342177014e+00 0.000000000000000000e+00
-1.281520970850602659e+01 -6.610094192120238077e+00 0.000000000000000000e+00
-1.633035403590604284e+00 -3.262998707239376017e+00 0.000000000000000000e+00
9.472074748655792575e+00 8.704591672572071559e+00 0.000000000000000000e+00
-5.833646587183446419e-01 3.826667652453610735e+00 0.000000000000000000e+00
-5.555800943907680534e+00 7.502837127091249725e-02 0.000000000000000000e+00
3.148385645442501324e-01 -1.665514581802638716e+01 0.000000000000000000e+00
1.072126957942833414e+01 -1.334508597373937810e+01 0.000000000000000000e+00
-1.330011978966421315e+00 1.571382084593104445e+01 0.000000000000000000e+00
2.149005026578676869e+00 -7.576525448726703971e+00 0.000000000000000000e+00
1.176820178604579503e+01 -1.033904380207205698e+01 0.000000000000000000e+00
4.049422647915925211e+00 -1.431553722553113062e+01 0.000000000000000000e+00
-3.209342174948961013e+00 -2.396047714274360807e+00 0.000000000000000000e+00
1.218075571602937446e+00 -1.527327379820693665e+00 0.000000000000000000e+00
-5.549482336457216114e+00 7.668806882105069000e+00 0.000000000000000000e+00
-1.615538428412338234e+01 6.651388801439723331e+00 0.000000000000000000e+00
-1.056389723007698755e+01 -1.035693584715082771e+01 0.000000000000000000e+00
-8.313155179235042880e+00 -1.378313527477088307e+01 0.000000000000000000e+00
-7.559444524664852061e+00 -7.524780026669307453e+00 0.000000000000000000e+00
1.685139101181330901e+01 -4.358019937052300286e+00 0.000000000000000000e+00
-7.563425176742498479e+00 4.753593403378166826e+00 0.000000000000000000e+00
5.229558125205588937e-01 1.359327034365310993e+00 0.000000000000000000e+00
9.620751304408933224e-01 9.705552306478148594e+00 0.000000000000000000e+00
