-7.148310319874059182e+00 1.437978807042450846e+01 0.000000000000000000e+00
-2.824397508315623195e+00 5.593959620132579857e+00 0.000000000000000000e+00
7.476769081216312784e+00 -3.258253647617659343e+00 0.000000000000000000e+00
7.382562099986345494e+00 8.848992619705464691e+00 0.000000000000000000e+00
-1.048973973083506372e+01 -3.597948683997908237e+00 0.000000000000000000e+00
-2.658568865853837337e+00 3.465546221499646418e+00 0.000000000000000000e+00
-3.743886139796313017e+00 -1.049171330892197140e+01 0.000000000000000000e+00
1.352661382181713812e+01 3.591428033134799858e+00 0.000000000000000000e+00
-1.163458532504430742e+01 -2.088460458146100596e+00 0.000000000000000000e+00
-2.652551909542185893e+00 9.623877849207477908e+00 0.000000000000000000e+00
-3.602737761468050026e-01 -4.511625541362143110e+00 0.000000000000000000e+00
1.556957414753456881e+01 -4.029614279303251223e+00 0.000000000000000000e+00
-1.077500110959753599e+01 -1.378278106152210647e+01 0.000000000000000000e+00
-8.135730927532144108e+00 1.016820999636996881e+01 0.000000000000000000e+00
2.363097961239513989e+00 5.298426819491355744e+00 0.000000000000000000e+00
-6.995385626577203197e+00 -3.613597002950851067e+00 0.000000000000000000e+00
8.003107488047040974e+00 1.363907433258386259e+00 0.000000000000000000e+00
-4.407233462488515663e+00 -1.229813204148917727e+01 0.000000000000000000e+00
5.156609215644929911e+00 -6.147295416411677316e+00 0.000000000000000000e+00
6.344140435912166254e+00 1.207275794401930114e+01 0.000000000000000000e+00
8.972495556093607050e+00 1.078413427920498791e+01 0.000000000000000000e+00
9.311803829904819807e+00 1.289201546729513481e+01 0.000000000000000000e+00
2.666502583769417178e+00 -5.546913563594214835e+00 0.000000000000000000e+00
4.649475514223784245e+00 -3.256724973095328934e+00 0.000000000000000000e+00
-7.630625607395590926e+00 3.418190782956885831e-01 0.000000000000000000e+00
2.413638196281975290e+00 1.362526125504702179e+01 0.000000000000000000e+00
-1.422017475983389900e+01 -6.150439457547093980e+00 0.000000000000000000e+00
-1.122746876457622722e+00 -8.584957337672555866e+00 0.000000000000000000e+00
2.778248889011205591e+00 3.005556511190342839e+00 0.000000000000000000e+00
8.107494583088204365e+00 3.135716142228474723e+00 0.000000000000000000e+00
-1.220924735075206868e+01 -1.079591932208049521e+01 0.000000000000000000e+00
5.312953847433524501e+00 -1.011765602948298337e+01 0.000000000000000000e+00
-3.649942725353714224e+00 -2.656902996768529590e+00 0.000000000000000000e+00
-7.831424782836301723e+00 3.406812342624737866e+00 0.000000000000000000e+00
-1.737926775661495071e+01 -2.147092042377566068e-01 0.000000000000000000e+00
-9.430655598353716584e-01 -1.416158488371893043e+01 0.000000000000000000e+00
-9.021841699675594128e+00 -1.318519960679704717e+01 0.000000000000000000e+00
9.249142953613082696e+00 -1.383745457674355883e+01 0.000000000000000000e+00
-5.800456758208887287e+00 -1.483181214596916320e+00 0.000000000000000000e+00
3.026938015690622041e+00 6.723316887137107400e+00 0.000000000000000000e+00
-5.092322590712965891e+00 3.453367444113202733e+00 0.000000000000000000e+00
1.224794828332130603e+00 -8.854756732460291602e+00 0.000000000000000000e+00
1.044065632430589119e+01 9.682354189501269914e+00 0.000000000000000000e+00
-3.755528164087160281e+00 1.404858203010009454e+01 0.000000000000000000e+00
1.578838495092039906e+01 -5.757369065400403940e-01 0.000000000000000000e+00
4.576736440069980816e+00 1.141268029876075829e+01 0.000000000000000000e+00
-7.081601085543577367e-01 -1.453412745561457886e-01 0.000000000000000000e+00
-1.215467175858024218e+00 8.663298934788356220e+00 0.000000000000000000e+00
1.573645031408044836e+01 -6.681858598417312223e+00 0.000000000000000000e+00
-7.252714672825216979e+00 -1.559926424729899708e+01 0.000000000000000000e+00
1.411466584945255498e+01 1.581296778848341855e+00 0.000000000000000000e+00
5.551631910776203327e+00 9.843149862476195722e+00 0.000000000000000000e+00
-1.165096861749015034e+01 -5.120005408684985326e+00 0.000000000000000000e+00
5.079240795912737028e+00 -1.669441559029358402e+01 0.000000000000000000e+00
1.569056858999314485e+01 4.334761247082757230e+00 0.000000000000000000e+00
3.100534823925158445e-01 -1.198758788146722765e+01 0.000000000000000000e+00
-4.641746444009187123e+00 7.106154692707697507e+00 0.000000000000000000e+00
-6.310582524020084350e+00 -6.869820446239776501e+00 0.000000000000000000e+00
7.073863116772128201e+00 -1.038923820607682558e+01 0.000000000000000000e+00
-1.007363974124687900e+01 1.363661048942087284e+00 0.000000000000000000e+00
-3.053295005397151485e+00 -8.094998660233854171e-01 0.000000000000000000e+00
7.651520355368170989e+00 -6.313713408786584935e+00 0.000000000000000000e+00
1.206439446099085799e+01 8.694349524769716453e+00 0.000000000000000000e+00
9.915137678179540615e+00 -5.279205847958068354e+00 0.000000000000000000e+00
-1.096978163806147855e+01 6.555847675971829602e+00 0.000000000000000000e+00
1.160988806290876774e+01 -1.220597860450982886e+01 0.000000000000000000e+00
7.506319445432324322e+00 6.861173145676063179e+00 0.000000000000000000e+00
-1.341921845136397007e+00 1.904438447558477687e+00 0.000000000000000000e+00
8.202641902648883487e+00 -7.993252128501557863e+00 0.000000000000000000e+00
-5.026622101750105820e+00 1.128176370611727108e+01 0.000000000000000000e+00
8.988648015147884252e+00 1.488925930752709093e+01 0.000000000000000000e+00
1.200510538175212361e+01 -1.035171864320882307e+01 0.000000000000000000e+00
1.231907187584891616e+01 1.199761392613442368e+01 0.000000000000000000e+00
-1.034320578227145404e+01 3.750882360785464886e+00 0.000000000000000000e+00
-1.277160966154096577e+01 7.833161283602763092e+00 0.000000000000000000e+00
-5.282229521918493376e+00 -8.453346497616728072e+00 0.000000000000000000e+00
-4.694357423539421426e+00 9.170450878369123870e+00 0.000000000000000000e+00
2.226535828045954624e-01 1.535641094845626675e+01 0.000000000000000000e+00
-1.237766872915659100e+01 -4.167663022623426250e-01 0.000000000000000000e+00
1.376940144102483998e+01 -6.020557031001453119e+00 0.000000000000000000e+00
-1.467494040034206471e+01 -8.613402537749513144e+00 0.000000000000000000e+00
-1.518989729511290321e+01 3.870457460765782454e+00 0.000000000000000000e+00
-8.521706557185904529e+00 -1.021653557694978787e+01 0.000000000000000000e+00
1.176186449040778292e+01 3.178085538238438534e+00 0.000000000000000000e+00
-2.574662234657291826e+00 1.206759447944795660e+01 0.000000000000000000e+00
2.188822933462879927e+00 9.190382703534094588e+00 0.000000000000000000e+00
2.875787216735847807e+00 -1.322168640886568802e+01 0.000000000000000000e+00
-6.338565871674360919e-01 -6.313007079689670675e+00 0.000000000000000000e+00
1.182410629303267058e+01 -8.449670060890335677e+00 0.000000000000000000e+00
1.590445560589748908e+01 9.585910141892606262e-01 0.000000000000000000e+00
-1.000929782432600668e+01 -7.960305676179552092e-01 0.000000000000000000e+00
3.150857878517221433e+00 -2.925984918253944134e+00 0.000000000000000000e+00
-1.539290766951015321e+01 -2.525637918701867157e+00 0.000000000000000000e+00
3.222987813437301341e+00 -1.090669677573132468e+01 0.000000000000000000e+00
-4.927639351695936476e+00 -1.488527297202234934e+01 0.000000000000000000e+00
-1.123169282330089835e+01 -9.297413330278097021e+00 0.000000000000000000e+00
4.553070966569562117e+00 -1.273161155727071403e+01 0.000000000000000000e+00
1.235582760741164243e+01 -3.940343656931236005e+00 0.000000000000000000e+00
4.681928990248307443e+00 -1.516620194071794359e+01 0.000000000000000000e+00
2.041677244748410391e+00 -7.336200557703240754e+00 0.000000000000000000e+00
1.458395708999974438e+01 7.043547237227810953e+00 0.000000000000000000e+00
1.118993920552195487e+00 1.173041576479402437e+01 0.000000000000000000e+00
-3.984029640676697515e+00 -4.376286538805915782e+00 0.000000000000000000e+00
-8.314805957831604033e+00 -2.859807516433876540e+00 0.000000000000000000e+00
7.212939426588510727e+00 -1.312933744093270683e+01 0.000000000000000000e+00
1.067934219219056757e+01 5.903487559783662242e-01 0.000000000000000000e+00
-4.234086358358717384e+00 4.875659208458888116e+00 0.000000000000000000e+00
4.855168888709036068e+00 -6.751806006019877016e-01 0.000000000000000000e+00
-1.141948561748523083e+01 1.105400934059271201e+01 0.000000000000000000e+00
-8.248748951466907897e+00 -8.237369445018817515e+00 0.000000000000000000e+00
1.063032559856353032e+01 7.377083528318383543e+00 0.000000000000000000e+00
-7.425218333593632813e+00 -1.300911287518965764e+01 0.000000000000000000e+00
1.367288579255415470e+01 -9.995922141896487645e+00 0.000000000000000000e+00
-1.739280684401293087e+01 1.285898660561125340e+00 0.000000000000000000e+00
-8.071465275638733061e+00 5.161932129918549883e+00 0.000000000000000000e+00
6.245318803042011702e+00 1.610998812966840177e+01 0.000000000000000000e+00
-1.519065434713114726e+01 2.262362561882224732e+00 0.000000000000000000e+00
1.351080139242074551e+01 -8.791567155205516626e-02 0.000000000000000000e+00
-2.309555411956477400e+00 -1.678678975052637057e+01 0.000000000000000000e+00
-1.583956261602670779e+01 -7.179113707560484947e+00 0.000000000000000000e+00
5.697419523079108039e+00 -1.981461223892052370e+00 0.000000000000000000e+00
1.032420696376971492e+01 4.523184858372999884e+00 0.000000000000000000e+00
-3.424455274412173900e+00 -6.736738007180671062e+00 0.000000000000000000e+00
2.267995746445661709e+00 -2.602093698546580069e-02 0.000000000000000000e+00
1.280178027419436537e+00 -1.703436884493644499e+01 0.000000000000000000e+00
1.564417189452021129e+00 -3.495764780395550719e+00 0.000000000000000000e+00
1.727303431935457212e+01 2.703637394895554547e+00 0.000000000000000000e+00
-1.404139555729495648e+01 -5.852924182784107199e-01 0.000000000000000000e+00
-1.222155027249898929e+01 -7.973748452734021441e+00 0.000000000000000000e+00
-3.239370799431958048e+00 -1.431153414048274719e+01 0.000000000000000000e+00
-1.431398088473917340e+01 9.162890995085588131e+00 0.000000000000000000e+00
5.866419483402963708e-01 5.826828952652264526e+00 0.000000000000000000e+00
7.435768507498519142e+00 -1.574882687400494419e+01 0.000000000000000000e+00
-9.063151247496782359e-01 -1.078609264488241415e+01 0.000000000000000000e+00
-1.529026339975549398e+01 6.527958982079861805e+00 0.000000000000000000e+00
1.104866320369125177e+01 -2.704611926692407131e+00 0.000000000000000000e+00
-1.200102680431752233e+01 3.105789490541077669e+00 0.000000000000000000e+00
9.083748346593193190e+00 7.981533954503770900e+00 0.000000000000000000e+00
-2.071764722534145786e+00 -1.308652298397672453e+01 0.000000000000000000e+00
-1.052525456803258841e+01 9.670212694571475254e+00 0.000000000000000000e+00
-8.575132670113646327e+00 1.305756117256107984e+01 0.000000000000000000e+00
1.853794931989108719e+00 7.663136917831448791e+00 0.000000000000000000e+00
6.219630955538752559e+00 5.830091329950806589e+00 0.000000000000000000e+00
-1.465597353024162963e+01 -4.163853304186425852e+00 0.000000000000000000e+00
1.473974267342205824e+00 -1.369595042631547965e+00 0.000000000000000000e+00
-1.080726192589587242e+01 -1.169331550685863164e+01 0.000000000000000000e+00
-8.806963380558153753e-01 1.310207462417373847e+01 0.000000000000000000e+00
4.872014786443525480e+00 -8.300532217071291186e+00 0.000000000000000000e+00
6.302270241624010616e+00 1.279807129092745521e+00 0.000000000000000000e+00
-4.973329198039145638e+00 8.587330604912988413e-03 0.000000000000000000e+00
-4.040655762069374823e+00 1.635542578599072883e+01 0.000000000000000000e+00
-2.497380354182563433e+00 1.673708360838559628e+01 0.000000000000000000e+00
3.022288035830491992e+00 -9.419000916665762446e+00 0.000000000000000000e+00
-2.045854809984160916e+00 -1.989910711573368740e+00 0.000000000000000000e+00
1.079152630408388269e+01 1.213890092938027720e+01 0.000000000000000000e+00
-1.067916677586167928e+01 1.340465342483109801e+01 0.000000000000000000e+00
-9.641042245465559546e+00 1.096916191863794232e+01 0.000000000000000000e+00
-2.578587815410102735e+00 -8.111191424606813527e+00 0.000000000000000000e+00
-9.833911994014627567e+00 -7.211165390139637310e+00 0.000000000000000000e+00
6.402726200685870950e+00 3.811933543853470940e+00 0.000000000000000000e+00
3.066270471414739962e+00 1.195870849259748425e+01 0.000000000000000000e+00
-1.847788862251405206e-01 -1.617695240985038296e+01 0.000000000000000000e+00
8.923464198348613152e+00 -1.230639908713666131e+01 0.000000000000000000e+00
9.489449394408527638e+00 -7.108788953587164450e+00 0.000000000000000000e+00
9.101824057099474174e+00 -3.653313795344521164e+00 0.000000000000000000e+00
-3.155851715301760674e-01 1.692734961698403495e+01 0.000000000000000000e+00
4.114910042627238695e+00 1.509612661522947974e+01 0.000000000000000000e+00
1.427193492235804761e+01 -2.728564476632975744e+00 0.000000000000000000e+00
7.631588163139508829e-01 1.474055159797399983e-01 0.000000000000000000e+00
-1.870753960470723953e+00 1.459513692120302331e+01 0.000000000000000000e+00
1.744954229087099407e+01 -1.193994404329935310e+00 0.000000000000000000e+00
5.253752332674744174e+00 8.057483536577022321e+00 0.000000000000000000e+00
-1.161891463474998965e+01 4.865837212457489791e+00 0.000000000000000000e+00
-1.646195811896381400e+01 -4.192196839872770475e+00 0.000000000000000000e+00
3.272356365951908153e+00 -1.683273102477511074e+01 0.000000000000000000e+00
1.439903901692922616e+01 -8.260629636520425478e+00 0.000000000000000000e+00
1.130005517466648568e+00 -1.429746400069119439e+01 0.000000000000000000e+00
1.157701744632264745e-01 1.061407774952302852e+01 0.000000000000000000e+00
-1.348407469182100549e+01 1.325216593557916545e+00 0.000000000000000000e+00
1.676297994588981055e+01 -2.725487112142068291e+00 0.000000000000000000e+00
5.536096392452578563e+00 1.382265192065733039e+01 0.000000000000000000e+00
-1.316687200404372859e+01 -2.105607397033407047e+00 0.000000000000000000e+00
7.164118959310993295e-01 4.282901288007368912e+00 0.000000000000000000e+00
5.879638156631859403e+00 -1.382161234386865978e+01 0.000000000000000000e+00
9.812077389718847797e+00 -1.373066377260327986e+00 0.000000000000000000e+00
6.098989343974485777e+00 -4.792110122976639630e+00 0.000000000000000000e+00
-5.772798409245883278e+00 -1.063358755501781872e+01 0.000000000000000000e+00
-8.501209721123567320e+00 8.080477137184415071e+00 0.000000000000000000e+00
-8.449258144814368876e+00 -6.370909534480349024e+00 0.000000000000000000e+00
1.043084091040402672e+00 1.755117352587842738e+00 0.000000000000000000e+00
4.430544220141935163e+00 1.678033075950916952e+01 0.000000000000000000e+00
-9.684420814887928941e+00 -9.152568894860833026e+00 0.000000000000000000e+00
-1.223603253084339215e+01 9.600989624409335121e+00 0.000000000000000000e+00
1.153990896428219415e+01 -5.938564505185191855e+00 0.000000000000000000e+00
1.194876989064693085e+01 5.878079199507548758e+00 0.000000000000000000e+00
-8.957584161600740558e+00 1.455278972528255288e+01 0.000000000000000000e+00
-4.960401612774802516e+00 -1.641863811635061765e+01 0.000000000000000000e+00
-6.543735234250763533e+00 6.549950608047442557e+00 0.000000000000000000e+00
-1.552779855541489695e+01 -1.017555823992172259e-02 0.000000000000000000e+00
-6.500672780701676423e+00 9.973191212270002382e+00 0.000000000000000000e+00
-5.204798739190737156e-02 -1.868763329471252899e+00 0.000000000000000000e+00
-8.793469904779920299e+00 -4.659887705789912182e+00 0.000000000000000000e+00
1.212894433062083621e+01 -9.636127558373700497e-01 0.000000000000000000e+00
-1.380809847837287485e+01 2.858799105109463223e+00 0.000000000000000000e+00
-9.291535084249135101e-01 3.393904438983556648e+00 0.000000000000000000e+00
4.578541418039073996e+00 2.340918499441905443e+00 0.000000000000000000e+00
-5.702973741844124866e+00 1.572863674100689835e+00 0.000000000000000000e+00
-1.140308511086413512e+00 5.571328671584134362e+00 0.000000000000000000e+00
-1.678356537322487085e+01 2.972427307337978775e+00 0.000000000000000000e+00
-5.992598593020473707e+00 1.306198649407810386e+01 0.000000000000000000e+00
9.654199327075746240e+00 1.929707106498040003e+00 0.000000000000000000e+00
4.302220319859404007e+00 4.098895444547077105e+00 0.000000000000000000e+00
-5.203151576392196276e+00 1.522668071598413597e+01 0.000000000000000000e+00
1.289116436683014655e+01 1.045938736426045423e+01 0.000000000000000000e+00
8.072310992021476395e+00 -1.616975882185397229e+00 0.000000000000000000e+00
8.826147973564932414e+00 5.166507812980581704e+00 0.000000000000000000e+00
1.371127532772014135e+01 8.793644584549671350e+00 0.000000000000000000e+00
1.522044364565307539e+01 8.553101090156244979e+00 0.000000000000000000e+00
-8.689850072032344386e+00 1.973831621145396786e+00 0.000000000000000000e+00
-9.504730901114015751e+00 6.207835804713397465e+00 0.000000000000000000e+00
-1.340325640005396579e+01 1.108351222469637953e+01 0.000000000000000000e+00
1.610401212478673116e+01 6.599722376845283733e+00 0.000000000000000000e+00
-7.260359579316782330e+00 -1.126400100383963476e+01 0.000000000000000000e+00
2.050502100501720992e+00 1.541178404679743785e+01 0.000000000000000000e+00
3.995375307586583880e+00 7.770321152166810297e-01 0.000000000000000000e+00
-1.192099982801225089e+01 1.036963754603515087e+00 0.000000000000000000e+00
9.891277627180933507e+00 -8.876775586654582995e+00 0.000000000000000000e+00
6.214595884760385047e+00 -7.576646442784521263e+00 0.000000000000000000e+00
-6.178285415190965857e+00 4.868269851912105928e+00 0.000000000000000000e+00
-5.965956261318471121e+00 -1.220386152496965515e+01 0.000000000000000000e+00
-2.193911304214428259e+00 -5.541671521809764300e+00 0.000000000000000000e+00
7.288485350373826499e+00 1.462167537297934317e+01 0.000000000000000000e+00
-1.368088347816907735e+01 6.259652616648735624e+00 0.000000000000000000e+00
4.590657034014080651e+00 6.050594868871197463e+00 0.000000000000000000e+00
-1.273055449729362820e+01 -3.754581250093459666e+00 0.000000000000000000e+00
9.453178279457680189e-01 1.322392862102704925e+01 0.000000000000000000e+00
1.290089563379651594e+01 7.144478898869736305e+00 0.000000000000000000e+00
4.846520525306037275e-01 9.065201672406166367e+00 0.000000000000000000e+00
1.495470293157046271e+01 2.836277499250630552e+00 0.000000000000000000e+00
-1.564639122633245005e+00 7.119674599963574657e+00 0.000000000000000000e+00
1.089269548204561566e+01 1.367591229840810740e+01 0.000000000000000000e+00
-3.680934952336318400e+00 8.339865352184961944e-01 0.000000000000000000e+00
-2.388602316399555558e+00 -4.033517788924498859e+00 0.000000000000000000e+00
3.846373229290856344e+00 -7.118206983195328519e+00 0.000000000000000000e+00
-6.251905946366734135e+00 -1.406854538588657810e+01 0.000000000000000000e+00
5.931540922370456492e+00 -1.212550560810342581e+01 0.000000000000000000e+00
-8.715012002068387886e+00 -1.492618891303794015e+01 0.000000000000000000e+00
-6.273833625445469409e+00 -5.291377136043144525e+00 0.000000000000000000e+00
1.026205033540743372e+01 -1.044533598698713917e+01 0.000000000000000000e+00
2.424215799623875789e+00 1.707465140083042954e+01 0.000000000000000000e+00
-7.942431356275917231e+00 -1.290582138908543008e+00 0.000000000000000000e+00
1.011438813934977324e-02 7.324031449184475129e+00 0.000000000000000000e+00
2.544074373815622625e+00 -1.509803764989059438e+01 0.000000000000000000e+00
-1.213475389025775364e+01 -1.248820847280344815e+01 0.000000000000000000e+00
-1.697369583644792002e+01 -1.943225584418431851e+00 0.000000000000000000e+00
-1.416672246786000677e+01 -1.025421178556930712e+01 0.000000000000000000e+00
