8.880001627736740843e+00 5.431694499627412576e+00 0.000000000000000000e+00
-1.185293406290798757e+01 -1.132537624888544592e+01 0.000000000000000000e+00
-1.260973801484256462e+01 -9.308877779994153556e+00 0.000000000000000000e+00
-5.444400298428902357e-02 4.833550228229492873e+00 0.000000000000000000e+00
1.055238772736876385e+01 -5.379176315346530401e+00 0.000000000000000000e+00
-5.231154563909969912e-01 1.491931415416383722e+01 0.000000000000000000e+00
-1.327224340734888486e+01 3.795041726489618128e+00 0.000000000000000000e+00
1.735457376758975201e+01 -1.873153888248404453e+00 0.000000000000000000e+00
-2.168456111237663464e+00 8.464316919296850372e+00 0.000000000000000000e+00
1.239640007887953033e+01 6.018208543022692147e+00 0.000000000000000000e+00
3.374053243190836326e+00 -4.937960520667860287e+00 0.000000000000000000e+00
-1.183789745998030085e+01 -6.304478591723515990e+00 0.000000000000000000e+00
-8.815932612689936221e+00 4.296926010508137495e+00 0.000000000000000000e+00
8.709423905753652662e+00 -1.059415170556397534e+01 0.000000000000000000e+00
-3.897827532723618926e+00 -4.558549432425496484e+00 0.000000000000000000e+00
1.601567737013079551e+01 6.354247740920002663e-01 0.000000000000000000e+00
8.817139591068075433e+00 -3.359512243654766195e+00 0.000000000000000000e+00
-9.028578827029587472e+00 6.781688447064636804e+00 0.000000000000000000e+00
-5.789192944015202347e-01 -4.113635411689060994e+00 0.000000000000000000e+00
7.104840972510142016e+00 -8.797017140973549587e+00 0.000000000000000000e+00
2.625932137802167166e+00 3.795417540012814950e+00 0.000000000000000000e+00
-1.700926008933063116e+01 1.685111811035323370e+00 0.000000000000000000e+00
8.451821399416809655e+00 -1.569282929676689031e+00 0.000000000000000000e+00
-4.053808053525528088e+00 1.115708857752163574e+01 0.000000000000000000e+00
1.014087044940010607e+01 -7.248511470899545728e+00 0.000000000000000000e+00
-5.515916404425828645e+00 -1.343429916549700920e+01 0.000000000000000000e+00
1.084931955329601649e+01 -1.305181231413074627e+01 0.000000000000000000e+00
1.330333632466557958e+01 -1.017507314465484392e+01 0.000000000000000000e+00
-1.524544230298300995e+00 -1.181269286039332123e+01 0.000000000000000000e+00
7.354700587109336496e+00 8.104930976800289955e+00 0.000000000000000000e+00
-5.290839183389697276e-01 -1.377297191477283178e+01 0.000000000000000000e+00
-1.578246318767782341e+01 5.389802976517026778e+00 0.000000000000000000e+00
1.559589291468320127e+01 7.240880828709613581e+00 0.000000000000000000e+00
5.427485191875364379e+00 6.791532933365123981e+00 0.000000000000000000e+00
5.809945893131147621e+00 1.649649218161686903e+01 0.000000000000000000e+00
-6.714067540515656241e+00 7.130748431136399113e+00 0.000000000000000000e+00
1.202960810804325931e+01 -8.922588384436707543e+00 0.000000000000000000e+00
-9.571369221501132785e+00 -8.227999563462114807e+00 0.000000000000000000e+00
-1.333508975102225946e+01 -4.714489072842869000e-01 0.000000000000000000e+00
-2.542840354109696666e+00 -1.034548927057223189e+01 0.000000000000000000e+00
-1.055840993818625506e+01 -1.374759219527267717e+01 0.000000000000000000e+00
-6.424936956743922067e+00 -5.136120194099508041e+00 0.000000000000000000e+00
-1.065604123872378395e+01 -9.317259001624099701e-01 0.000000000000000000e+00
1.795952401286142475e-01 -8.009636789111356237e+00 0.000000000000000000e+00
1.033263327645831708e+01 -2.285462170241153501e+00 0.000000000000000000e+00
5.286407045628286561e+00 1.064891536646478443e+01 0.000000000000000000e+00
-6.195572187597583103e+00 1.019527655075765082e+01 0.000000000000000000e+00
-4.435196959237837078e+00 -6.434305568070119108e+00 0.000000000000000000e+00
1.368639896838506331e+01 -2.461000445470688636e+00 0.000000000000000000e+00
-3.922825237725609426e+00 8.727897147302185132e+00 0.000000000000000000e+00
1.049169307676257645e+01 -9.106385314105919448e+00 0.000000000000000000e+00
-1.377841655065962456e+01 -7.433029297086469533e+00 0.000000000000000000e+00
-2.639081184980923922e+00 1.521328565596104276e+01 0.000000000000000000e+00
3.828670029281851850e+00 8.314011078666020182e+00 0.000000000000000000e+00
1.433297768209915724e+01 4.704391902344569942e+00 0.000000000000000000e+00
4.423943189569659928e+00 -9.619621863405859230e+00 0.000000000000000000e+00
-4.699835449820622735e+00 -1.103908059080816706e+01 0.000000000000000000e+00
1.022400788047002962e+01 1.330026285231049821e+00 0.000000000000000000e+00
-1.400404021363884333e+01 2.151975898017731481e+00 0.000000000000000000e+00
-5.719234351593402543e+00 -7.879329410076333140e+00 0.000000000000000000e+00
1.003382550376006099e+00 1.634891313534315671e+01 0.000000000000000000e+00
-7.627636460588580469e+00 -2.037242329937896113e+00 0.000000000000000000e+00
-6.826240094179893525e+00 -1.558438270619778265e+01 0.000000000000000000e+00
-4.663352669111393567e+00 2.373375720255897825e+00 0.000000000000000000e+00
-1.006136959875730241e+01 -1.110617869075432296e+01 0.000000000000000000e+00
6.601997895071511913e+00 1.426461392241681381e+01 0.000000000000000000e+00
2.360983055223801141e+00 -1.626143099739376874e+00 0.000000000000000000e+00
1.513281486864864966e+01 -5.175611957068190883e+00 0.000000000000000000e+00
-5.394829742733106670e+00 -9.606588595743176029e+00 0.000000000000000000e+00
2.048423891693848642e+00 -1.008254302315804196e+01 0.000000000000000000e+00
-1.374691253589195306e+00 1.736241643007058144e+01 0.000000000000000000e+00
-1.023118247435020756e+01 1.272133780722757379e+01 0.000000000000000000e+00
-7.589455104771904104e+00 -8.838332770554121254e+00 0.000000000000000000e+00
1.555287769866699499e+01 5.713872572158779306e+00 0.000000000000000000e+00
-3.185145692355606073e+00 1.169408579267918080e+00 0.000000000000000000e+00
3.033887092888380987e+00 -7.704734999571210885e+00 0.000000000000000000e+00
6.660331202596969646e+00 5.651892609655114974e+00 0.000000000000000000e+00
1.293877044141555643e+01 7.889717747400792902e-01 0.000000000000000000e+00
-3.591746363097145345e+00 -2.404240194690087318e+00 0.000000000000000000e+00
-8.611022210995288972e+00 2.131084421263995665e+00 0.000000000000000000e+00
6.595769283998629717e+00 -7.738400126000497536e-01 0.000000000000000000e+00
1.691351742731059105e+01 3.343791719528061535e+00 0.000000000000000000e+00
-2.426585844446078610e+00 -1.727590860537769046e+01 0.000000000000000000e+00
1.521734498750522691e-01 7.651252446860993928e+00 0.000000000000000000e+00
1.130416110171338495e+01 7.101853926922998106e+00 0.000000000000000000e+00
7.600430226286596813e+00 -1.201163986133716222e+01 0.000000000000000000e+00
-2.559869414805298948e+00 1.218290349517973326e+01 0.000000000000000000e+00
-1.865688271823402911e+00 -5.094577127239788616e+00 0.000000000000000000e+00
-1.318000075300649776e+01 -3.825646483466871750e+00 0.000000000000000000e+00
-3.568696779278686115e+00 4.975214500048093846e+00 0.000000000000000000e+00
-1.111491863683288450e+01 -2.642129241928326433e+00 0.000000000000000000e+00
-1.612151816502471746e+01 -5.764249413884007467e+00 0.000000000000000000e+00
-1.605365688798919521e+01 3.589326826448992147e+00 0.000000000000000000e+00
-8.561415693270854277e+00 1.156599637979536865e+01 0.000000000000000000e+00
8.183127603473083767e+00 7.090089494846562035e-01 0.000000000000000000e+00
3.260555383053036049e+00 -1.442545563281973919e+01 0.000000000000000000e+00
-1.613353002541697778e+00 2.998648083998680658e+00 0.000000000000000000e+00
-8.626029406495167251e+00 9.854351044932581516e+00 0.000000000000000000e+00
-7.054781302548278177e+00 -1.283948562200186849e+01 0.000000000000000000e+00
-5.411325155843010215e+00 1.185024486636275043e+01 0.000000000000000000e+00
-8.395959609841732174e+00 -1.455504882370924591e+01 0.000000000000000000e+00
-9.804417046480836007e+00 4.430205438055072054e-01 0.000000000000000000e+00
2.983857305105054092e+00 1.426573066335987150e+01 0.000000000000000000e+00
-1.108305998145297799e+01 2.666685173059876401e+00 0.000000000000000000e+00
1.242499214046354616e+01 2.551914524447702171e+00 0.000000000000000000e+00
2.870477422742594875e+00 1.721586651543354307e+01 0.000000000000000000e+00
8.601236043570013479e+00 -8.600374958537614134e+00 0.000000000000000000e+00
1.056824173406241840e+01 -1.113151992055564854e+01 0.000000000000000000e+00
6.365035031096397233e+00 -1.385103503290329385e+01 0.000000000000000000e+00
6.969251112599920361e+00 1.045307573991833117e+01 0.000000000000000000e+00
1.438523264117968026e+01 2.578611789291836320e+00 0.000000000000000000e+00
-7.225360935429136156e+00 1.474199475139784354e+01 0.000000000000000000e+00
-4.552517265308599903e-01 -9.878453743856734803e+00 0.000000000000000000e+00
-2.916620851341477305e+00 -7.379608401824564901e+00 0.000000000000000000e+00
8.562209710070893820e+00 1.160280879274324661e+01 0.000000000000000000e+00
1.322738712384179927e+01 -6.386979493625415394e+00 0.000000000000000000e+00
-1.199035509719119874e+00 5.833606015725545824e+00 0.000000000000000000e+00
-4.335904611719755941e+00 -1.455697999030033607e+01 0.000000000000000000e+00
-6.413512741280848140e+00 -7.387034754049220941e-01 0.000000000000000000e+00
7.993417588630854276e+00 -4.932493818938313623e+00 0.000000000000000000e+00
9.852905577988563479e+00 8.043947830699442747e+00 0.000000000000000000e+00
1.084065499793815723e+00 -1.647195783161421190e+01 0.000000000000000000e+00
-5.483607595914045341e+00 1.487275928276429582e+01 0.000000000000000000e+00
4.688096796804822830e+00 -1.370903223909724566e+01 0.000000000000000000e+00
-3.588224683355587974e+00 7.234427631342447818e+00 0.000000000000000000e+00
3.442642395212997197e+00 4.597101820726514632e-01 0.000000000000000000e+00
-8.598916197403143613e+00 -5.200753852407811628e+00 0.000000000000000000e+00
-1.196102272827566360e+01 1.082783704009659864e+01 0.000000000000000000e+00
4.988637083178907972e+00 1.361211738298204743e+00 0.000000000000000000e+00
1.643352449849816921e+01 -3.463707242658256469e+00 0.000000000000000000e+00
1.029619635704242864e+00 2.782996164509901504e+00 0.000000000000000000e+00
1.052251148986679397e+01 1.320334792027112591e+01 0.000000000000000000e+00
7.788568585539417111e-01 -4.810322515370037522e+00 0.000000000000000000e+00
5.559466759813001424e+00 -8.562727026208825976e+00 0.000000000000000000e+00
-1.665651998749409657e+01 -1.427085953232857918e+00 0.000000000000000000e+00
1.263851109473950274e+01 8.773526015633317243e+00 0.000000000000000000e+00
1.546992898410652550e+01 -7.522032165614456645e+00 0.000000000000000000e+00
5.599118547328833628e+00 -2.337225636023653408e+00 0.000000000000000000e+00
1.658893094107608990e+00 3.354894173526794532e-01 0.000000000000000000e+00
1.022995231369040070e+01 4.094110919663658699e+00 0.000000000000000000e+00
-4.727740217134702050e+00 6.229027260809526290e+00 0.000000000000000000e+00
1.012294074651826037e+01 1.019395952260559568e+01 0.000000000000000000e+00
8.065634213618325887e+00 1.336799748230329854e+01 0.000000000000000000e+00
5.054155742656150530e+00 5.009435585408324343e+00 0.000000000000000000e+00
-1.834130065852300318e+00 1.025321805116080931e+01 0.000000000000000000e+00
-8.604303310115369641e+00 -1.006868272321307067e+01 0.000000000000000000e+00
-6.836039713968230735e+00 1.547123823312333668e+00 0.000000000000000000e+00
4.385248718571874704e+00 -6.220135353363072106e+00 0.000000000000000000e+00
-2.165711887871028640e+00 -1.564136292183653687e+01 0.000000000000000000e+00
-6.525065066808589442e+00 -3.576256387078713406e+00 0.000000000000000000e+00
8.167692058425918944e+00 9.368499535506199294e+00 0.000000000000000000e+00
6.326682388817220115e+00 3.529711532743324831e+00 0.000000000000000000e+00
-3.577071853071101870e+00 -1.325921802203679789e+01 0.000000000000000000e+00
-1.112818226353286377e+01 5.773985565197367720e+00 0.000000000000000000e+00
6.447330487613995409e+00 8.003705788027279944e-01 0.000000000000000000e+00
1.364373657333489698e+00 6.629743547324943087e+00 0.000000000000000000e+00
1.496411362961070468e+00 -6.857724319238008626e+00 0.000000000000000000e+00
1.391057565558490694e+01 7.247694425031691701e+00 0.000000000000000000e+00
-1.007924157253523667e+01 1.082151506678416020e+01 0.000000000000000000e+00
-1.528753605492861922e+01 -2.142060534241955416e+00 0.000000000000000000e+00
1.302706138451667606e+01 1.138814309126208535e+01 0.000000000000000000e+00
5.782391996636442322e+00 -1.197200768430914586e+01 0.000000000000000000e+00
-4.788379787656205089e+00 -9.092930552248958964e-01 0.000000000000000000e+00
1.900550230673586860e+00 -1.509626872383350182e+01 0.000000000000000000e+00
8.041140779848863218e+00 -1.430310821316739656e+01 0.000000000000000000e+00
-5.008453021015951689e-01 -6.413553524380299464e+00 0.000000000000000000e+00
3.089934060543734429e+00 1.109139462567310908e+01 0.000000000000000000e+00
6.315642202725435084e+00 -5.509834341788328871e+00 0.000000000000000000e+00
-1.294898373491965771e+01 6.366612267034325257e+00 0.000000000000000000e+00
-1.518863233254847245e+01 6.839194151732295168e+00 0.000000000000000000e+00
1.160893414551520619e+00 1.165087635846077418e+01 0.000000000000000000e+00
1.785079676447034913e+00 -1.283641895921597254e+01 0.000000000000000000e+00
-7.184310204867541572e+00 4.586382709806237301e+00 0.000000000000000000e+00
4.520489613529054651e+00 2.872903207569763140e+00 0.000000000000000000e+00
-4.591194150603449819e-01 -1.611616121235126187e+01 0.000000000000000000e+00
-1.537400802038335357e+01 -7.744728750412419593e+00 0.000000000000000000e+00
-5.832523221532897040e+00 8.611335507395796895e+00 0.000000000000000000e+00
1.968115801972625478e+00 8.174795830117371764e+00 0.000000000000000000e+00
-3.815197515197817357e-01 9.224911420664287931e+00 0.000000000000000000e+00
6.509177073577755435e-01 -1.867426395247951065e+00 0.000000000000000000e+00
1.194797955759698965e-01 1.280778158705113867e+01 0.000000000000000000e+00
1.533194370821794017e+01 -1.452425883185930244e+00 0.000000000000000000e+00
-5.983717309882763402e-01 1.030071774037353283e+00 0.000000000000000000e+00
-1.430362788896973214e+01 9.406470338866675718e+00 0.000000000000000000e+00
-3.320531189489567492e+00 -8.982787217055864915e+00 0.000000000000000000e+00
-1.660514102485914023e+01 -3.640145767281159017e+00 0.000000000000000000e+00
-3.102371044012122603e+00 3.208927271433382522e+00 0.000000000000000000e+00
6.651710995116451031e+00 -1.050883483883708003e+01 0.000000000000000000e+00
-3.802776825317041531e+00 1.676664552880716386e+01 0.000000000000000000e+00
1.093083586868794654e+01 -3.286835718095870162e-01 0.000000000000000000e+00
-1.087389823965201607e+01 -9.149495589716465815e+00 0.000000000000000000e+00
-2.910608772991573279e+00 -1.005744534138210966e+00 0.000000000000000000e+00
5.000747364585356181e+00 1.386172086573926698e+01 0.000000000000000000e+00
1.364881411374247122e+01 -8.109801492946937529e+00 0.000000000000000000e+00
9.741284829322096606e-01 -1.113139655578422804e+01 0.000000000000000000e+00
-6.790594924434635082e+00 1.281449039308917648e+01 0.000000000000000000e+00
4.553741629353033282e+00 -1.250952058032860581e+00 0.000000000000000000e+00
1.474881683403267907e+01 -9.298918039155696036e+00 0.000000000000000000e+00
1.192206815017054389e+01 -3.211204014328124856e+00 0.000000000000000000e+00
-7.649665939759398903e+00 -6.754303756144303783e+00 0.000000000000000000e+00
1.732737176232147291e+01 1.895815329261317350e+00 0.000000000000000000e+00
1.395085990991893254e+01 -4.049003297685086267e+00 0.000000000000000000e+00
1.422913853221870895e+01 -3.971253627665257691e-01 0.000000000000000000e+00
-4.844741702674377315e+00 4.175645661432051625e+00 0.000000000000000000e+00
1.181635328843116994e+01 1.024670005413107177e+01 0.000000000000000000e+00
4.078192644396434474e+00 -1.701175116577622148e+01 0.000000000000000000e+00
-9.267632289241229060e+00 1.477840847507217958e+01 0.000000000000000000e+00
-1.488904331170367890e+01 -4.467231556833718642e+00 0.000000000000000000e+00
-1.067150564969962900e+01 9.246532135019126741e+00 0.000000000000000000e+00
-8.756952594914619858e-01 -7.234358940088007062e-01 0.000000000000000000e+00
1.215758135469850565e+01 -1.153685342680640247e+01 0.000000000000000000e+00
-8.152983149580899536e+00 6.385526412267091834e-01 0.000000000000000000e+00
-1.146597565805209129e+01 7.955873055875069433e+00 0.000000000000000000e+00
-1.401096240642439561e+01 -1.022770945573413393e+01 0.000000000000000000e+00
-1.050344648231654610e+01 -5.294194785323139030e+00 0.000000000000000000e+00
-4.962766356427161796e+00 -1.659118855751623656e+01 0.000000000000000000e+00
-1.506708067330393774e+01 1.071611001706152672e-01 0.000000000000000000e+00
-1.264186517848609270e+01 -2.151223475609339353e+00 0.000000000000000000e+00
2.295205402615427381e+00 1.267399155399740174e+01 0.000000000000000000e+00
4.612085758135272329e+00 1.555428313842533505e+01 0.000000000000000000e+00
3.912771305438608405e+00 -1.198653497665547185e+01 0.000000000000000000e+00
3.608841291836649479e+00 6.254307849289570953e+00 0.000000000000000000e+00
4.147703867766531438e+00 -3.141774430391295336e+00 0.000000000000000000e+00
-6.959762366304941494e+00 -1.049938082290891650e+01 0.000000000000000000e+00
8.525780106716476681e+00 -6.973768236619572569e+00 0.000000000000000000e+00
-5.102834873961156426e+00 -2.959274333538055135e+00 0.000000000000000000e+00
-9.266584761422539174e+00 -1.538965273721892624e+00 0.000000000000000000e+00
7.832779390489537086e+00 2.180698098690146303e+00 0.000000000000000000e+00
-1.330460430649977965e+01 7.890606129978212202e+00 0.000000000000000000e+00
-9.660315867438551862e+00 -3.568734903886959575e+00 0.000000000000000000e+00
-1.168443885345242883e+01 8.903265259533823528e-01 0.000000000000000000e+00
6.773769802506277138e+00 1.217283424539818171e+01 0.000000000000000000e+00
-8.678864480404381965e+00 -1.272158310707500917e+01 0.000000000000000000e+00
-1.321991644732270821e+00 1.364669750239515622e+01 0.000000000000000000e+00
-7.213362357051829044e-01 -2.544718320065587847e+00 0.000000000000000000e+00
5.337398971175002949e+00 -1.575151483054891166e+01 0.000000000000000000e+00
-1.237405906725132620e+00 -8.576680700558561909e+00 0.000000000000000000e+00
-1.673433612065655396e+01 1.775353532113576327e-01 0.000000000000000000e+00
7.844255552725028835e+00 6.684336930511512342e+00 0.000000000000000000e+00
5.266061347277443794e+00 -4.397317501313441568e+00 0.000000000000000000e+00
-4.090272202358335996e+00 1.287287467693568033e+01 0.000000000000000000e+00
-9.684640957045942855e+00 -6.619612189292110926e+00 0.000000000000000000e+00
1.427125123718075628e+01 9.832464034923585672e+00 0.000000000000000000e+00
-8.265084436554097636e+00 1.333016075323050487e+01 0.000000000000000000e+00
1.395582844919261323e+00 1.418886902601863120e+01 0.000000000000000000e+00
1.275062031171348131e+01 -7.889886648333086505e-01 0.000000000000000000e+00
3.108177750317738131e+00 2.082015569127165566e+00 0.000000000000000000e+00
-1.415673717879441540e+01 -5.818797794362423836e+00 0.000000000000000000e+00
9.340036017229074616e+00 -1.295986325015340768e+01 0.000000000000000000e+00
-1.171634540302337335e+01 -4.285017663829802537e+00 0.000000000000000000e+00
1.359864025156011680e+00 -3.224859343005292089e+00 0.000000000000000000e+00
1.214860143763363176e+01 -5.250183283448130567e+00 0.000000000000000000e+00
1.258009919866237425e+01 4.435622664674908400e+00 0.000000000000000000e+00
-6.537445142593338865e+00 1.614449918426177533e+01 0.000000000000000000e+00
1.161763717656078576e+01 -6.670421624953739581e+00 0.000000000000000000e+00
7.886841350878442292e+00 4.104917418236713189e+00 0.000000000000000000e+00
