-4.974543048828328651e+00 3.236586198736918885e+00 0.000000000000000000e+00
-4.009284836188089507e+00 -5.615773042000911097e+00 0.000000000000000000e+00
4.060139335245847581e-01 -7.065815859454590564e-01 0.000000000000000000e+00
-1.137419285443989914e+01 -3.488642410728473031e+00 0.000000000000000000e+00
2.855894570053199466e+00 1.016402500667906672e+01 0.000000000000000000e+00
1.073642343736586469e+01 1.118153781784663892e+01 0.000000000000000000e+00
-3.038278045795990590e+00 -1.506940934538678611e+01 0.000000000000000000e+00
-4.334432641953918974e+00 1.557674295394485142e+01 0.000000000000000000e+00
5.833868943671471463e+00 -1.295392126610759753e+01 0.000000000000000000e+00
-1.201592975077158565e+00 -1.945218925799388154e+00 0.000000000000000000e+00
1.516381833481942465e+01 -7.235210470882084799e+00 0.000000000000000000e+00
-3.319867838555701667e+00 1.202182276814295037e+01 0.000000000000000000e+00
9.283717190436201250e+00 1.331974664168665079e+01 0.000000000000000000e+00
-1.109593844547411123e+01 -1.167322582255262908e+01 0.000000000000000000e+00
1.497679152606498754e+00 8.109258187236501048e-01 0.000000000000000000e+00
2.739557087181327066e+00 -1.319754064838775243e+01 0.000000000000000000e+00
1.447081671422048466e+00 1.603519299324926450e+01 0.000000000000000000e+00
-9.358232749044326226e+00 -1.166288215415843155e+01 0.000000000000000000e+00
1.641837922563561136e+01 -3.426430205904916537e+00 0.000000000000000000e+00
-3.325213568682753973e+00 1.003229652771883451e+01 0.000000000000000000e+00
1.366898511572710362e+01 9.922217951213355036e+00 0.000000000000000000e+00
-8.354514314433892253e+00 5.125129064449031269e+00 0.000000000000000000e+00
-1.694373407436228618e+01 2.559714702660053298e+00 0.000000000000000000e+00
-1.279172246550203518e+01 -9.255429597823379595e+00 0.000000000000000000e+00
9.687249249761663350e+00 -8.151952502433914560e+00 0.000000000000000000e+00
3.323867304295528680e+00 -1.054453581717470501e+00 0.000000000000000000e+00
-7.154946777396458124e+00 -9.002797063434581304e+00 0.000000000000000000e+00
-1.537641060961004413e+01 -3.621880188893071395e+00 0.000000000000000000e+00
-6.486227930397276076e+00 1.602840503649689552e+01 0.000000000000000000e+00
1.272291718360904689e+01 -7.380526874459241604e+00 0.000000000000000000e+00
2.403256674451128561e+00 1.366289159925101515e+01 0.000000000000000000e+00
-1.685078275008363491e+00 -1.013808529804121505e+01 0.000000000000000000e+00
-8.749922000870805405e+00 1.402990024096112265e+01 0.000000000000000000e+00
-1.022658684896771852e+01 -1.392257779006346752e+01 0.000000000000000000e+00
-1.321313346338361683e+01 6.660209740922351962e+00 0.000000000000000000e+00
7.762726741670731734e+00 9.136028654844976060e+00 0.000000000000000000e+00
-5.758664518731467119e+00 4.842044689974839500e+00 0.000000000000000000e+00
1.247868553630736344e+00 -1.401802680353106467e+01 0.000000000000000000e+00
3.589045148462495227e+00 -9.470711365510126711e+00 0.000000000000000000e+00
1.360844975558298131e+01 -1.524283037032006405e+00 0.000000000000000000e+00
-1.744511768462310997e+01 -1.200026575188894107e+00 0.000000000000000000e+00
7.803494649592336074e+00 -9.474130666461975991e+00 0.000000000000000000e+00
2.866618470132463958e+00 1.706882499579138113e+01 0.000000000000000000e+00
-2.401466146515469635e+00 5.992640146735451090e+00 0.000000000000000000e+00
1.549208343280440303e+01 5.980032543272182366e+00 0.000000000000000000e+00
-1.095335066783847289e+01 6.967675065853879524e+00 0.000000000000000000e+00
-1.005701106052582183e+01 2.257270677961868088e+00 0.000000000000000000e+00
-6.555005523656389776e+00 -2.469622281588794155e-01 0.000000000000000000e+00
9.075248068494664366e+00 2.305461937267902606e+00 0.000000000000000000e+00
1.026019728111481299e+01 -1.265876155377170065e+01 0.000000000000000000e+00
7.473409282382386998e+00 -1.437162426373081114e+00 0.000000000000000000e+00
-1.155477778994525195e+01 -6.131251747364150795e+00 0.000000000000000000e+00
3.631981195622052017e+00 -7.595944521565042074e+00 0.000000000000000000e+00
2.738315235388842694e+00 3.823519865699670284e+00 0.000000000000000000e+00
1.134411458846332010e+01 -1.071634237045669913e+01 0.000000000000000000e+00
-2.856952083675720289e+00 1.299354464873247128e+00 0.000000000000000000e+00
-1.284384381139894726e+00 1.411417665635869056e+01 0.000000000000000000e+00
2.600287262066175664e+00 2.016914252884439041e+00 0.000000000000000000e+00
-1.397567666043210188e+01 5.095845455865204432e-01 0.000000000000000000e+00
1.692549919905031786e+01 2.907243521980646062e+00 0.000000000000000000e+00
1.911002804653014087e+00 8.935667021873303639e+00 0.000000000000000000e+00
-3.383792602978721864e-01 -3.881136279377479070e+00 0.000000000000000000e+00
1.186084267499433764e+01 2.139173235527020545e+00 0.000000000000000000e+00
-3.025510416197380259e+00 -1.668408209568967493e+01 0.000000000000000000e+00
-1.393904187884104040e+01 -7.498717261448476279e+00 0.000000000000000000e+00
-2.955482073341930249e+00 -2.677795170922419921e+00 0.000000000000000000e+00
3.984249551579669202e+00 -1.638640367180716240e+01 0.000000000000000000e+00
-1.573249227538547679e+01 7.994159573591126389e-01 0.000000000000000000e+00
-6.527967067932900491e+00 9.370316360935065703e+00 0.000000000000000000e+00
5.872731911456544829e+00 4.563741005803101380e+00 0.000000000000000000e+00
-1.209238736090565247e+01 5.689107169607553194e-02 0.000000000000000000e+00
7.057406014046119225e+00 1.371421165150123578e+00 0.000000000000000000e+00
-9.304261728415271548e+00 -3.385179651590163985e+00 0.000000000000000000e+00
-1.055930404286215740e+01 8.959437686588529459e+00 0.000000000000000000e+00
4.501876611772723358e+00 2.415438746125702973e+00 0.000000000000000000e+00
7.071663054684433902e+00 -4.694781052697964085e+00 0.000000000000000000e+00
-3.548718511072823212e+00 1.687569038290188317e+01 0.000000000000000000e+00
-3.200560663297518094e+00 8.515764622791703431e+00 0.000000000000000000e+00
-8.265453100037833067e+00 7.389815805488853862e+00 0.000000000000000000e+00
-7.360649153857513838e+00 -4.820705089456658321e+00 0.000000000000000000e+00
-1.363163412267609065e+00 3.861010851506335051e+00 0.000000000000000000e+00
7.706044788705145976e+00 -1.517310269646013055e+01 0.000000000000000000e+00
-1.523882387411991113e+00 1.236929370841469300e+01 0.000000000000000000e+00
5.311853301946559469e+00 -4.673107559052652071e+00 0.000000000000000000e+00
4.971720110443055285e-01 1.136956511805533232e+01 0.000000000000000000e+00
1.284467970663559377e+01 -1.063685249443885894e+01 0.000000000000000000e+00
1.646736476440616270e+00 -4.450496351098095715e+00 0.000000000000000000e+00
-1.838248718991734254e+00 1.713054978353194713e+01 0.000000000000000000e+00
5.596443632525149425e+00 1.531287930469081182e+01 0.000000000000000000e+00
-3.655139976202136931e-01 1.597651956424751774e+01 0.000000000000000000e+00
-4.072136607925473939e+00 -9.330083897763831180e-01 0.000000000000000000e+00
-4.603436911043842450e+00 -9.066896078637094902e+00 0.000000000000000000e+00
-8.297427949879214282e+00 -7.216324883847702765e+00 0.000000000000000000e+00
-1.582137471214212443e+00 -1.354041535554686604e+01 0.000000000000000000e+00
-7.477673215349677882e+00 2.181983732155109212e+00 0.000000000000000000e+00
1.254357084372079889e+01 -5.290465669703737994e+00 0.000000000000000000e+00
-1.204203610102444344e+01 2.066123984703613470e+00 0.000000000000000000e+00
1.280831638898116687e+01 8.223999663682443284e+00 0.000000000000000000e+00
9.104970149671697044e+00 -1.398524448305670909e+01 0.000000000000000000e+00
7.952741734500151871e+00 -1.236807036128976200e+01 0.000000000000000000e+00
-1.146770251336069002e+01 -1.011817277230921519e+01 0.000000000000000000e+00
4.533141325138233313e+00 -1.124761297344435995e+01 0.000000000000000000e+00
4.554705820415010376e-01 -9.855598710006660212e+00 0.000000000000000000e+00
-5.044648742055294122e+00 1.327377353147674910e+00 0.000000000000000000e+00
1.398386056311616343e+01 -9.055474824316236848e+00 0.000000000000000000e+00
8.278660078803918854e-01 1.366275053417675878e+01 0.000000000000000000e+00
-1.285311041481402228e+01 9.978537870377646612e+00 0.000000000000000000e+00
7.326075291397197375e+00 4.153868756003538998e+00 0.000000000000000000e+00
-1.050220940529633107e-01 2.348158117065420214e+00 0.000000000000000000e+00
-1.153910177090763822e+00 -1.609940635499194528e+01 0.000000000000000000e+00
9.216094647039689391e+00 -1.306639062000193030e-01 0.000000000000000000e+00
1.024683089563696470e+01 -2.456436595511389154e+00 0.000000000000000000e+00
-1.008361063355219045e+01 4.623426524485910960e+00 0.000000000000000000e+00
1.256040266645213954e+01 -3.571890470942172602e+00 0.000000000000000000e+00
3.659466815930942918e+00 1.219750664971686227e+01 0.000000000000000000e+00
7.468010222080364358e+00 5.883960202853978139e+00 0.000000000000000000e+00
-1.736037308716680050e+00 9.211436525933791586e+00 0.000000000000000000e+00
-3.077027610579281536e+00 -1.083168433646568474e+01 0.000000000000000000e+00
-5.255413557628980659e-01 6.852425274007371669e+00 0.000000000000000000e+00
-1.711351144636055421e+00 1.083205220943911762e+01 0.000000000000000000e+00
-2.971149308279645851e+00 -8.683850526716575757e+00 0.000000000000000000e+00
-7.677672290562672863e+00 -1.308884350169352118e+01 0.000000000000000000e+00
6.340032358727149209e+00 -2.887979023121087341e+00 0.000000000000000000e+00
1.092041009068638147e+01 5.424486753096081415e+00 0.000000000000000000e+00
-6.292592019751497290e+00 1.268351006141084625e+01 0.000000000000000000e+00
1.533136458361895649e+01 -4.772506984497077553e+00 0.000000000000000000e+00
3.521781347162499021e+00 8.125461051465489248e+00 0.000000000000000000e+00
1.247432185229635060e+01 -4.644029441895337895e-02 0.000000000000000000e+00
1.701250685209357272e+01 2.180760005731956219e-01 0.000000000000000000e+00
2.793624676129596196e+00 6.766611522297449000e+00 0.000000000000000000e+00
-1.511478746627047620e+01 8.210212757058354072e+00 0.000000000000000000e+00
-6.408876221646575111e+00 -2.726534258400773680e+00 0.000000000000000000e+00
-6.619185409887575311e+00 -1.533934862907920937e+01 0.000000000000000000e+00
-9.275133669287763283e+00 -1.797743165178709246e+00 0.000000000000000000e+00
1.047927291061276023e+01 -6.644011013034081259e+00 0.000000000000000000e+00
6.854651827174936152e+00 1.394179784002211164e+01 0.000000000000000000e+00
-7.165642787922559265e+00 1.397984632626713264e+01 0.000000000000000000e+00
1.228652409372315901e+00 3.555185459462787634e+00 0.000000000000000000e+00
1.272921210392373403e+01 3.661515245910043959e+00 0.000000000000000000e+00
-1.915442477890706208e+00 -5.772959393859341759e+00 0.000000000000000000e+00
-5.115633300286174245e-01 8.700002643061641727e-01 0.000000000000000000e+00
1.429311849945446156e+01 -5.887568200742182789e+00 0.000000000000000000e+00
6.209436665848729220e+00 2.717294148360254180e+00 0.000000000000000000e+00
6.038450513947039688e+00 1.236460274876365517e+01 0.000000000000000000e+00
-7.752742069134659353e+00 -1.068453328374229905e+01 0.000000000000000000e+00
-5.823685675728725641e+00 7.768203813961045867e+00 0.000000000000000000e+00
-1.393310356638585468e+01 4.554472293868403909e+00 0.000000000000000000e+00
-1.666829760141504124e+01 4.619535854858155766e+00 0.000000000000000000e+00
5.706038821819224616e+00 -1.637045529322050896e+01 0.000000000000000000e+00
6.201793938887992574e+00 -6.494677190655953503e+00 0.000000000000000000e+00
1.553158558595704264e+01 -1.132111032478784418e+00 0.000000000000000000e+00
6.430156221819624207e+00 1.087754716983933356e+01 0.000000000000000000e+00
-1.355474019421516907e+01 -1.079780946709870193e+01 0.000000000000000000e+00
9.585340469864588542e+00 9.904925104233553768e+00 0.000000000000000000e+00
8.964459195640149147e+00 -4.419848481340313384e+00 0.000000000000000000e+00
-1.403624207503216859e+01 -5.782125094270270438e+00 0.000000000000000000e+00
4.849417254238819197e+00 -1.453208142840086126e+01 0.000000000000000000e+00
-3.179296959187289495e+00 -7.027452378129685151e+00 0.000000000000000000e+00
1.400444009273399359e+01 7.225708635809442448e+00 0.000000000000000000e+00
-1.258097031618656736e+01 -1.699650335802199930e+00 0.000000000000000000e+00
2.348618137896581803e+00 -2.394388994875065180e+00 0.000000000000000000e+00
4.728507079121156309e+00 -6.138117647774054220e+00 0.000000000000000000e+00
1.134745308261998353e+01 7.456131558189922792e+00 0.000000000000000000e+00
-3.345614132579235012e+00 -1.245383397264133407e+01 0.000000000000000000e+00
7.997458721452583852e+00 1.116864980808965591e+01 0.000000000000000000e+00
-4.365563560231982443e+00 1.381188082679204499e+01 0.000000000000000000e+00
-1.021086033864970233e+01 5.373475943234909957e-01 0.000000000000000000e+00
-8.986751790931968742e+00 9.924353870729133220e+00 0.000000000000000000e+00
-5.988170936578275594e+00 -6.962843651419350799e+00 0.000000000000000000e+00
-9.332421744631078653e+00 -8.925481399965748963e+00 0.000000000000000000e+00
-1.006950636537217569e+01 -4.717499479519583261e+00 0.000000000000000000e+00
2.290592426697652062e+00 -6.626603351686862986e+00 0.000000000000000000e+00
-1.217989463798424765e+01 4.058217835669706730e+00 0.000000000000000000e+00
8.484283952689987141e-01 -7.487094818422652232e+00 0.000000000000000000e+00
8.357315535161971454e+00 -6.124638368841437419e+00 0.000000000000000000e+00
8.538201706486404641e-01 -1.584066779093672217e+01 0.000000000000000000e+00
1.067738472835957886e+01 3.836403513666147624e+00 0.000000000000000000e+00
-4.725299232260825377e+00 -1.127027276116487187e+01 0.000000000000000000e+00
3.621662054493227867e+00 -5.087026949142670063e+00 0.000000000000000000e+00
1.107655259253883173e+01 -5.915995086882988030e-01 0.000000000000000000e+00
4.540884562058202789e+00 -1.954406862983800730e+00 0.000000000000000000e+00
5.714080314157876650e+00 -8.916922283322950449e+00 0.000000000000000000e+00
3.039452497319622193e+00 -1.088970823203473515e+01 0.000000000000000000e+00
-1.214201726274806425e+01 8.554297053366470394e+00 0.000000000000000000e+00
-2.196727297438178628e+00 1.557607712786748522e+01 0.000000000000000000e+00
-5.151070021648784802e+00 -3.582870080321659323e+00 0.000000000000000000e+00
1.391066481333929694e+01 2.035096314013320473e+00 0.000000000000000000e+00
1.489428609352872712e+01 8.513680220414789446e+00 0.000000000000000000e+00
1.297159093948988939e+01 5.535680206080337840e+00 0.000000000000000000e+00
-2.176097671036736791e+00 -2.098949482793836252e-01 0.000000000000000000e+00
8.621883263928944885e+00 1.508369455022133465e+01 0.000000000000000000e+00
-1.593327591370212204e+01 -6.705704487681628301e+00 0.000000000000000000e+00
-2.253749789408263648e+00 -4.003562346579940368e+00 0.000000000000000000e+00
1.230955888373877194e+01 1.208984733477250195e+01 0.000000000000000000e+00
5.331065722591792344e+00 9.463038328359244744e+00 0.000000000000000000e+00
-1.554986940498367964e+01 -5.192101933013173465e+00 0.000000000000000000e+00
5.841411076359664944e-01 -2.496778609992774900e+00 0.000000000000000000e+00
-8.121802857110576923e+00 1.224873205806230203e+01 0.000000000000000000e+00
-1.088703610430015090e+01 -1.406979453627077659e+00 0.000000000000000000e+00
6.155426345255223808e+00 -1.132775936142091666e+01 0.000000000000000000e+00
-1.006925491456027366e+01 1.244388959248022708e+01 0.000000000000000000e+00
-5.660063928276478862e+00 1.099181923247569692e+01 0.000000000000000000e+00
9.963291000397818564e+00 -9.742159727123462787e+00 0.000000000000000000e+00
-5.339370276404966642e-01 -6.830348585312995269e+00 0.000000000000000000e+00
3.843306151848028041e+00 -3.294101928924439981e+00 0.000000000000000000e+00
-6.072808190710151877e+00 -1.193513419218264993e+01 0.000000000000000000e+00
-1.357468306688391912e+01 2.579267049709812465e+00 0.000000000000000000e+00
1.580847218073457938e+01 1.485024495375778075e+00 0.000000000000000000e+00
1.026942264975635055e+01 1.175462464182600808e+00 0.000000000000000000e+00
-1.403240162755515463e+01 -1.027926539231223124e+00 0.000000000000000000e+00
-1.173740454443290560e+01 1.291814594261948201e+01 0.000000000000000000e+00
-1.538558775147788893e+01 3.081317442997526079e+00 0.000000000000000000e+00
-1.074963645001967016e+01 1.087240111891654770e+01 0.000000000000000000e+00
1.320914375687223918e+00 5.668161556822426839e+00 0.000000000000000000e+00
-9.312827537328317584e-01 -1.196614669963441280e+01 0.000000000000000000e+00
9.085867833787554915e+00 -1.116916126827335098e+01 0.000000000000000000e+00
-4.922577657966770381e+00 9.151962584668547507e+00 0.000000000000000000e+00
-3.943757773230764485e+00 6.140003794893239331e+00 0.000000000000000000e+00
-8.515409890310547070e+00 3.297542353367674650e+00 0.000000000000000000e+00
8.182313269305902637e+00 -7.651942031727718252e+00 0.000000000000000000e+00
-1.461007984513937075e+01 -9.505004463981320484e+00 0.000000000000000000e+00
-1.740701108523649054e+01 5.175611228646671558e-01 0.000000000000000000e+00
3.704523887986408859e+00 5.108100112618870980e+00 0.000000000000000000e+00
-5.961856347203352335e+00 -1.017739804920378788e+01 0.000000000000000000e+00
9.247745445740429560e+00 4.377930713635239890e+00 0.000000000000000000e+00
9.419801282868240921e-01 -1.223322182348453069e+01 0.000000000000000000e+00
5.187173484635733800e+00 7.120303666453220437e+00 0.000000000000000000e+00
4.294337229103372122e-01 -5.394052107771708293e+00 0.000000000000000000e+00
-4.558532453087325464e+00 -1.361368656589589143e+01 0.000000000000000000e+00
1.440115935948424131e+01 3.798522922486991416e+00 0.000000000000000000e+00
1.210617385202223772e+01 -9.125788576512467998e+00 0.000000000000000000e+00
9.721303234962803685e+00 6.580792228740224736e+00 0.000000000000000000e+00
-1.059083794012611079e+01 -8.054610967343332817e+00 0.000000000000000000e+00
-1.278647448971378964e+01 -4.376457781223053622e+00 0.000000000000000000e+00
-1.521971098353273044e-01 9.895147884073374200e+00 0.000000000000000000e+00
3.976379489804511280e+00 1.388221051416161522e+01 0.000000000000000000e+00
-1.714879545338545697e+01 -3.410090367867917749e+00 0.000000000000000000e+00
4.825550016597833114e+00 1.526486897036517520e-01 0.000000000000000000e+00
1.063896019543611082e+01 -4.128881068642414220e+00 0.000000000000000000e+00
1.109744505612825272e+01 1.304835926386469858e+01 0.000000000000000000e+00
-2.748296055790579118e+00 3.217278255382998164e+00 0.000000000000000000e+00
2.967991015538829824e+00 1.531603544826610452e+01 0.000000000000000000e+00
2.751385359237794148e+00 -1.512430768824660454e+01 0.000000000000000000e+00
-6.861356699298898576e+00 6.515733476374731659e+00 0.000000000000000000e+00
-8.088713108409843144e+00 -5.581430249960099843e-01 0.000000000000000000e+00
-1.553243218785627988e+01 6.017326538787523660e+00 0.000000000000000000e+00
-1.624877035002992898e+01 -2.164157644329145036e+00 0.000000000000000000e+00
-1.208452860072272195e+01 -7.668750297529363991e+00 0.000000000000000000e+00
1.174629365377636425e+01 -1.286501935973966582e+01 0.000000000000000000e+00
7.849759674156567613e+00 -3.295446629758824741e+00 0.000000000000000000e+00
8.621138496826953102e+00 7.717514320987559628e+00 0.000000000000000000e+00
-5.540085955622893188e-01 -8.685392036770457125e+00 0.000000000000000000e+00
1.723183029338276384e+01 -1.601815971381745918e+00 0.000000000000000000e+00
-1.339436915263401850e+01 -2.982885478249748701e+00 0.000000000000000000e+00
1.421135839329136807e+01 -3.551850059570236695e+00 0.000000000000000000e+00
2.097591488776922475e+00 -1.679668580146737966e+01 0.000000000000000000e+00
