-1.476288895782995780e+01 1.089285350640208883e+01 0.000000000000000000e+00
1.549461547348605883e+01 -4.522223400760569056e+00 0.000000000000000000e+00
2.024384894199594775e+00 1.480610054923499419e+01 0.000000000000000000e+00
1.151270913902576076e+01 1.442030429265913050e+01 0.000000000000000000e+00
-1.265306363823764002e+01 -1.303299837486491342e+01 0.000000000000000000e+00
-1.372448377423070376e+01 -2.927757428496814640e+00 0.000000000000000000e+00
1.072798209520814794e+01 7.745661411343196967e+00 0.000000000000000000e+00
-2.766521298757029346e+00 -1.465904393718130905e+01 0.000000000000000000e+00
1.811659586190221560e+01 1.965413450937051998e+00 0.000000000000000000e+00
-3.700456210063579832e+00 -4.832444465447176540e+00 0.000000000000000000e+00
1.713276279760040310e+01 -4.249988951376093560e+00 0.000000000000000000e+00
-6.947971126550107179e+00 -1.292583910671277536e+01 0.000000000000000000e+00
-6.456789406931701336e+00 1.251687390727178695e+01 0.000000000000000000e+00
-1.813702219399691984e+01 2.192742836092613334e+00 0.000000000000000000e+00
-3.073155864145646454e+00 8.698990991899444580e+00 0.000000000000000000e+00
-7.871006362388543565e+00 5.642856738132911332e+00 0.000000000000000000e+00
1.042341758516113259e+01 1.240909764953724981e+01 0.000000000000000000e+00
-2.351198819272266594e-01 -1.216139727812005056e+01 0.000000000000000000e+00
-6.214842657605124998e+00 -1.429887954487722901e+01 0.000000000000000000e+00
1.190359296907981701e+01 1.728516593179765914e+00 0.000000000000000000e+00
1.437542670240378406e+01 -8.281150522410708703e+00 0.000000000000000000e+00
-9.961209546471263110e+00 -1.336786589549675419e+01 0.000000000000000000e+00
-1.262148613730278157e+01 3.091118881892724879e-01 0.000000000000000000e+00
6.970863643223268458e-01 1.575205751854791103e+01 0.000000000000000000e+00
1.329712536893890373e+01 8.428614490645623292e+00 0.000000000000000000e+00
4.533855781279952701e+00 -3.324950011745789968e+00 0.000000000000000000e+00
-9.191533983528671570e+00 -4.764628376675811516e+00 0.000000000000000000e+00
4.541948233188287887e+00 6.415667370574113626e+00 0.000000000000000000e+00
-3.655567177683038960e+00 -1.294897902303406489e+01 0.000000000000000000e+00
1.444208647000521850e+01 7.448163777087446036e+00 0.000000000000000000e+00
9.696190995836568405e+00 1.855844514601658002e+00 0.000000000000000000e+00
6.784619522707385109e+00 1.463290263568584315e+01 0.000000000000000000e+00
7.390083073985400652e+00 3.869355562137159588e+00 0.000000000000000000e+00
-5.516618773621085658e+00 -8.078627134459333448e+00 0.000000000000000000e+00
-1.628728304980746344e+01 -4.908966530449486498e+00 0.000000000000000000e+00
5.756263256718398225e+00 2.383820829415628673e+00 0.000000000000000000e+00
1.184877346626544892e+01 -9.398858632077164543e+00 0.000000000000000000e+00
-7.915036653934087063e+00 -2.971855159145071479e+00 0.000000000000000000e+00
9.059104728558407871e+00 -1.022867469590964262e+01 0.000000000000000000e+00
6.194935880214488044e+00 5.373448816346258816e+00 0.000000000000000000e+00
-9.297179493289203123e+00 -7.763203171913669598e-01 0.000000000000000000e+00
2.387941034631382742e+00 1.823906252186117882e+01 0.000000000000000000e+00
-1.847094457648634247e+01 4.322678052382887159e+00 0.000000000000000000e+00
4.082284886268555013e+00 3.199244700217812820e+00 0.000000000000000000e+00
-1.105822857025963302e+01 -3.127646167606104921e+00 0.000000000000000000e+00
1.341110374008329842e+01 -1.313410581803974786e+01 0.000000000000000000e+00
-5.742381682459035019e+00 1.530696087472978562e+01 0.000000000000000000e+00
6.385226402663691125e+00 -1.562351661323776142e+01 0.000000000000000000e+00
4.526586310379358546e-01 -1.847612982411398974e+01 0.000000000000000000e+00
1.552414399248283772e+01 5.357828911720406317e+00 0.000000000000000000e+00
3.831711718847548465e+00 -7.105326559227612471e+00 0.000000000000000000e+00
-1.153287290470338888e+01 6.941882154301588947e+00 0.000000000000000000e+00
9.173411415901681076e-01 -1.619507396498714158e+01 0.000000000000000000e+00
-1.416263267980890284e+01 3.288345821172782735e+00 0.000000000000000000e+00
6.043508568296921624e+00 9.203930464662816391e+00 0.000000000000000000e+00
-1.730293697487230720e+00 -5.564691677237970424e+00 0.000000000000000000e+00
1.417207907098000597e+01 1.041459516305511279e+01 0.000000000000000000e+00
7.943980972083987346e+00 8.297795251863792743e+00 0.000000000000000000e+00
-7.913304118826611777e+00 1.308446504187968928e+00 0.000000000000000000e+00
-1.221295278101598436e+00 2.273539746386759042e+00 0.000000000000000000e+00
2.967658871151143685e-01 -4.587181214957184672e+00 0.000000000000000000e+00
9.978469676578809455e+00 -4.707091081699927293e-01 0.000000000000000000e+00
-1.008837293729358997e+01 -7.066091244023484208e+00 0.000000000000000000e+00
6.960980127305305132e+00 -3.615100606861169297e+00 0.000000000000000000e+00
4.407200276370365266e+00 1.797155549062193458e+01 0.000000000000000000e+00
8.294553755045594556e+00 9.851502259359184777e+00 0.000000000000000000e+00
-1.259627528878182723e+01 1.246147216140921010e+01 0.000000000000000000e+00
-3.351165864538468764e+00 1.121903349808584416e+01 0.000000000000000000e+00
-1.847092117625882324e+01 -2.723496063268319833e+00 0.000000000000000000e+00
3.713212562979737008e+00 1.078145580070531295e+01 0.000000000000000000e+00
-1.848594651644852815e+00 1.735939806856789502e+01 0.000000000000000000e+00
8.335687166463960907e+00 1.357603949039882885e+01 0.000000000000000000e+00
1.114212467885188218e+01 1.041819737237338117e+01 0.000000000000000000e+00
1.590432343794612713e+01 1.032314615230421850e+01 0.000000000000000000e+00
-7.944058450615080424e+00 1.164297566282208507e+01 0.000000000000000000e+00
-1.083914250600095919e+01 1.256319418916641695e+01 0.000000000000000000e+00
2.912919497624288478e+00 -1.777719167949068790e+01 0.000000000000000000e+00
1.303488092448241176e+01 -4.632122858297914370e+00 0.000000000000000000e+00
-8.095008675185047409e+00 7.464362936176903496e+00 0.000000000000000000e+00
1.320568102714262437e+01 -7.247662532286435422e+00 0.000000000000000000e+00
-1.477701211343540244e+01 6.771224396458664252e+00 0.000000000000000000e+00
-8.558266086684968244e+00 1.618092813079826442e+01 0.000000000000000000e+00
-1.189247128913705875e+00 -1.758594381588432043e+01 0.000000000000000000e+00
-1.650673459826596856e+00 1.137209749126891900e+01 0.000000000000000000e+00
-6.083122779669126956e+00 5.126460991103219733e+00 0.000000000000000000e+00
1.015965476172274506e+01 -4.159922394983954774e+00 0.000000000000000000e+00
3.885448539544468893e+00 -5.061304786969313518e+00 0.000000000000000000e+00
9.395233280697473432e+00 6.802928025328003336e+00 0.000000000000000000e+00
-3.826029041813432841e+00 1.347894736259138426e+01 0.000000000000000000e+00
7.029502744890944399e+00 7.408439607416051897e-01 0.000000000000000000e+00
-6.522691708611294992e+00 -6.501436193526550333e+00 0.000000000000000000e+00
1.824282677202190328e+01 -7.106573151521224929e-01 0.000000000000000000e+00
-8.308526619318234552e+00 -9.110997818991890540e+00 0.000000000000000000e+00
-3.987795244008502049e+00 1.800841482034637409e+01 0.000000000000000000e+00
5.936971440779720943e+00 7.316819907349484176e+00 0.000000000000000000e+00
1.682043823451752740e+00 -1.274678219547902991e+01 0.000000000000000000e+00
1.606702052808277159e+01 -9.751515295039537179e+00 0.000000000000000000e+00
6.989972362684990781e-01 -6.191732613834066257e+00 0.000000000000000000e+00
-9.892851130855017772e+00 2.959374834119429920e+00 0.000000000000000000e+00
8.516977656050949363e+00 -4.084623373126484935e+00 0.000000000000000000e+00
1.609157360372120493e+01 -2.735121228644674662e-01 0.000000000000000000e+00
-1.370456529325942974e+01 -1.175975334118043314e+01 0.000000000000000000e+00
-1.324830676806073981e+01 1.010951267393068598e+01 0.000000000000000000e+00
-1.026242647988531864e+01 1.530645343690877525e+01 0.000000000000000000e+00
1.262032136509608105e+00 2.905980658080364432e+00 0.000000000000000000e+00
1.214128113313383395e+01 3.656878652469421453e+00 0.000000000000000000e+00
1.014296993153097759e+01 -1.173541396242809398e+01 0.000000000000000000e+00
-1.119936576792384741e+01 1.021626120343294097e+01 0.000000000000000000e+00
-2.951127243580650372e+00 -1.427432160936978889e+00 0.000000000000000000e+00
-1.102609400455404653e+01 -1.165014938429596647e+01 0.000000000000000000e+00
-1.525393836035144979e+01 1.291056837732838858e+00 0.000000000000000000e+00
2.305259113596644927e+00 -1.094393451949149032e+01 0.000000000000000000e+00
3.908967000862454189e+00 -1.416415624798904282e+01 0.000000000000000000e+00
-5.774160056168919475e+00 1.741849084851761731e+01 0.000000000000000000e+00
1.783635028010873924e+01 6.422090909472348841e+00 0.000000000000000000e+00
1.986162994430383244e-01 -5.395549830097065014e-01 0.000000000000000000e+00
-1.860827531147674740e+00 1.286540599095340198e+01 0.000000000000000000e+00
2.328015674674647428e+00 -6.477145593373968779e+00 0.000000000000000000e+00
-2.147256033411184095e+00 -7.556285111820616684e+00 0.000000000000000000e+00
-1.712723311162467610e+01 8.876186144161342106e-01 0.000000000000000000e+00
-1.086715023528344837e+01 -8.589951724352614448e+00 0.000000000000000000e+00
1.160104598565336431e+01 -1.103784334552082669e+01 0.000000000000000000e+00
8.109000599497813155e+00 -1.478229952889464727e+01 0.000000000000000000e+00
1.098801902162599298e+01 -5.547304904005566861e+00 0.000000000000000000e+00
1.111308763095066077e+01 -7.665561140505915638e+00 0.000000000000000000e+00
1.205493212759132327e+01 -1.246795702802575789e+00 0.000000000000000000e+00
-2.080457045130844840e+00 4.452732448983809377e+00 0.000000000000000000e+00
1.366489763417512604e+00 1.067278076830540101e+01 0.000000000000000000e+00
1.612727294143245160e+01 8.173330086827087726e+00 0.000000000000000000e+00
1.392466190866941389e+01 -1.242724250800393282e+00 0.000000000000000000e+00
-3.851029977377314673e+00 -6.491982946273470390e+00 0.000000000000000000e+00
7.613476692444965721e+00 -7.686113601765517167e+00 0.000000000000000000e+00
2.185792206611214095e+00 -1.452422642813916198e+01 0.000000000000000000e+00
-8.934395584779776911e+00 -1.226707576303506109e+01 0.000000000000000000e+00
-3.726997869205058045e+00 1.577528610655175534e+01 0.000000000000000000e+00
9.728272356899795525e+00 -6.915891119245626051e+00 0.000000000000000000e+00
1.514068823511196094e+01 3.022157477686108429e+00 0.000000000000000000e+00
4.546009973298994922e+00 -1.831581652981990160e+01 0.000000000000000000e+00
-8.087119823711374167e+00 -1.443478592981538178e+01 0.000000000000000000e+00
-1.194488020141419504e+01 -7.133566113719904678e+00 0.000000000000000000e+00
7.999360307364008493e-01 8.536265977942367300e+00 0.000000000000000000e+00
-1.500823422522218031e+01 -1.476004045023741273e+00 0.000000000000000000e+00
-1.748716971674431742e+00 -9.243773785181002012e+00 0.000000000000000000e+00
4.159760354913345282e+00 1.415351584135219731e+01 0.000000000000000000e+00
-2.514498744219134441e+00 6.259874333059755713e+00 0.000000000000000000e+00
-8.033013803054256385e+00 -5.852706318171728483e+00 0.000000000000000000e+00
2.926246588935422999e+00 -1.590363979086447088e+01 0.000000000000000000e+00
-1.719375030827780648e+01 -6.443149795906317756e+00 0.000000000000000000e+00
-6.570529635766487075e+00 -1.029316409834070356e+01 0.000000000000000000e+00
7.418446573989341708e+00 -1.077645919628628945e+01 0.000000000000000000e+00
-1.667768605974033846e+01 -2.334426564677039018e+00 0.000000000000000000e+00
1.255966674552237983e+01 5.278933586816820345e+00 0.000000000000000000e+00
9.692843367201316340e+00 1.504026682282237992e+01 0.000000000000000000e+00
6.043572478412180260e+00 1.744190738815285968e+01 0.000000000000000000e+00
1.423729370936169047e+01 4.501496483673832927e+00 0.000000000000000000e+00
-5.658702953526729473e+00 -1.926316571129198241e-01 0.000000000000000000e+00
9.342787392175088357e+00 1.094808398358423496e+01 0.000000000000000000e+00
1.737981366105836400e+01 4.659906073076440336e+00 0.000000000000000000e+00
4.480513865505560411e-01 1.411150056480752202e+00 0.000000000000000000e+00
1.228112394230808491e+01 1.153263864726390331e+01 0.000000000000000000e+00
-1.436163091264182690e+01 -8.904152446475718463e+00 0.000000000000000000e+00
9.821139971359853504e+00 -1.600122732855921015e+01 0.000000000000000000e+00
-7.647169349330244614e+00 -8.177534427155123131e-01 0.000000000000000000e+00
4.863677700817032878e+00 -9.018811315493220349e+00 0.000000000000000000e+00
-1.047798952066312239e+01 8.726071068212272408e+00 0.000000000000000000e+00
7.552699368701079052e+00 1.156017383560849154e+01 0.000000000000000000e+00
-1.768404817875394386e+01 5.790759491760776534e+00 0.000000000000000000e+00
1.446654978306140826e+01 1.196839247835933762e+01 0.000000000000000000e+00
1.046493552419923034e+01 -1.327900842888974431e+01 0.000000000000000000e+00
-3.750309460415543583e+00 1.567015509685744101e-01 0.000000000000000000e+00
1.562084058548125265e+00 -2.737291370956103531e+00 0.000000000000000000e+00
6.772230394215319471e-01 -1.425005273485498414e+01 0.000000000000000000e+00
-1.194696295289653598e+00 7.403511194937031803e+00 0.000000000000000000e+00
-5.582176768052805826e+00 -1.803850221628361084e+01 0.000000000000000000e+00
-1.304235515644462318e+01 7.600752324565434925e+00 0.000000000000000000e+00
5.693080902382306796e+00 -5.701610031615483187e+00 0.000000000000000000e+00
2.043263726661000146e-01 4.185389405007550856e+00 0.000000000000000000e+00
2.505123447446745200e+00 8.369244108054756381e+00 0.000000000000000000e+00
7.414767779596575181e+00 -1.709703149887827678e+01 0.000000000000000000e+00
1.392825337930735152e+00 6.703093693276797715e+00 0.000000000000000000e+00
3.215117608323022846e+00 -8.873126658045761062e+00 0.000000000000000000e+00
5.764653528353239409e+00 1.309138955876852251e+01 0.000000000000000000e+00
4.762291047612643879e+00 -1.125985348096960159e+01 0.000000000000000000e+00
2.950473363121074222e+00 2.117462339983017916e+00 0.000000000000000000e+00
2.401758102528592786e+00 5.542750242933556670e+00 0.000000000000000000e+00
6.881250975845278006e+00 -7.946510854316366501e-01 0.000000000000000000e+00
-1.464992731628902689e+01 -5.987456186867478714e+00 0.000000000000000000e+00
1.808102208006835099e+01 -5.741789879979181777e+00 0.000000000000000000e+00
-1.880613707890752906e+01 -1.248488807190289540e+00 0.000000000000000000e+00
8.318787206294576464e+00 -1.261319286283557162e+01 0.000000000000000000e+00
6.050468792247631455e+00 -1.384856938905146606e+01 0.000000000000000000e+00
-1.217490259591499324e+01 -4.434832649530732418e+00 0.000000000000000000e+00
-1.153469853671957779e+01 -1.453851396025113907e+01 0.000000000000000000e+00
4.500392800518344671e+00 -1.669189401498849179e+01 0.000000000000000000e+00
-7.297758790279967656e+00 1.379578166496529334e+01 0.000000000000000000e+00
2.712750357598178841e+00 1.255296666872635214e+01 0.000000000000000000e+00
-1.943346415273217442e-01 -2.994906049279911997e+00 0.000000000000000000e+00
1.160193511434763458e+01 -1.483459128197596044e+01 0.000000000000000000e+00
-1.136035481929652091e+00 -1.519353629530540495e+01 0.000000000000000000e+00
2.484771723030117785e-01 1.399648218081515516e+01 0.000000000000000000e+00
-1.607983967885323651e+01 4.447603865277406143e+00 0.000000000000000000e+00
1.386738529572735779e+01 -3.292364558675031638e+00 0.000000000000000000e+00
7.738687314576276677e+00 1.717437705046217289e+01 0.000000000000000000e+00
-4.939652154822820052e+00 1.110420184089513462e+01 0.000000000000000000e+00
-5.582193541074279786e+00 3.365266265028295845e+00 0.000000000000000000e+00
-1.165670045525825849e+01 3.455490907373107046e+00 0.000000000000000000e+00
-3.772140353296995041e+00 -1.843877309126235176e+01 0.000000000000000000e+00
1.824543735909654130e+00 -3.122635086498832258e-01 0.000000000000000000e+00
9.496447074488896689e+00 -2.021878521484371749e+00 0.000000000000000000e+00
2.953475679316003522e+00 -1.704950922050020967e+00 0.000000000000000000e+00
-1.356285231466515029e+00 -1.792897168869927338e+00 0.000000000000000000e+00
1.356625308835861610e+01 1.809430272976158882e+00 0.000000000000000000e+00
-4.624994234592280762e+00 -1.142938929167561746e+01 0.000000000000000000e+00
5.315693036904338697e+00 -7.349259936986720199e+00 0.000000000000000000e+00
-7.329508388046888534e+00 -1.605236070635980639e+01 0.000000000000000000e+00
6.441269661681912950e+00 -9.453357996378057848e+00 0.000000000000000000e+00
-3.555011822705319346e+00 -1.595597405761388288e+01 0.000000000000000000e+00
1.001249085495451663e+00 1.261389831763795577e+01 0.000000000000000000e+00
8.855718221004606150e+00 4.685189419718805759e+00 0.000000000000000000e+00
1.399644529068000054e+01 -1.037735575044479042e+01 0.000000000000000000e+00
-1.485119062921106980e+01 8.304930992729069317e+00 0.000000000000000000e+00
4.401191792603547093e+00 8.313807423107274275e+00 0.000000000000000000e+00
-5.674128372819145838e+00 -5.126687589629998598e+00 0.000000000000000000e+00
1.524113884982080336e+01 -6.527013739037698770e+00 0.000000000000000000e+00
-1.620239086469383594e+01 -9.667085323109253281e+00 0.000000000000000000e+00
-5.124103126129036845e+00 -1.670235515569003182e+00 0.000000000000000000e+00
-9.329504462666552200e+00 -2.409674272925285354e+00 0.000000000000000000e+00
-1.084321914307943580e+01 -1.498985450500462724e+00 0.000000000000000000e+00
-2.094495362769064783e+00 1.473774726482022324e+01 0.000000000000000000e+00
-1.636618406378243407e+01 9.621412269342059176e+00 0.000000000000000000e+00
4.440068322854715532e+00 1.605459403491319392e+01 0.000000000000000000e+00
-2.783488724828056426e+00 -1.102138287690608642e+01 0.000000000000000000e+00
-1.437909347150807093e+00 9.440807171390721564e+00 0.000000000000000000e+00
-4.872274477384558544e+00 9.170498111890333703e+00 0.000000000000000000e+00
1.649534565219763849e+01 -1.926954333811672138e+00 0.000000000000000000e+00
1.501580467037975630e+01 9.951338000995629818e-01 0.000000000000000000e+00
-6.506416283444083959e+00 2.050263416451531207e+00 0.000000000000000000e+00
-1.011595387169144900e+01 4.533081108273473880e+00 0.000000000000000000e+00
-4.686014102031564654e+00 1.535745281543987151e+00 0.000000000000000000e+00
-9.235553903097647677e+00 -1.616051828717093031e+01 0.000000000000000000e+00
-3.847986280216210364e+00 5.538636011476586241e+00 0.000000000000000000e+00
-1.686876581326751889e+01 7.507202401393443303e+00 0.000000000000000000e+00
1.161996038024055800e+01 -3.325487393410446302e+00 0.000000000000000000e+00
4.625103058039631954e+00 4.787092746427898504e+00 0.000000000000000000e+00
1.051711758189985169e+01 5.723460370309279455e+00 0.000000000000000000e+00
-1.322814177462825214e+01 4.680611494622445967e+00 0.000000000000000000e+00
-5.857358024885181980e-01 -7.033502021631842460e+00 0.000000000000000000e+00
-2.382329144063066728e+00 -2.955027171076713532e+00 0.000000000000000000e+00
1.850168937987496065e+01 -2.856585628660556431e+00 0.000000000000000000e+00
2.684863981766945518e+00 4.055191055757934038e+00 0.000000000000000000e+00
-8.654753171572837189e+00 3.882282022896910156e+00 0.000000000000000000e+00
-1.838461775973306178e+00 -1.289565638777307299e+01 0.000000000000000000e+00
-4.188165889932149000e+00 -3.261376984669253076e+00 0.000000000000000000e+00
-7.818616627109589601e+00 9.471311512301442193e+00 0.000000000000000000e+00
4.755278133775886928e+00 1.243015268233165910e-01 0.000000000000000000e+00
4.941179129704896256e-01 -9.919944177886785397e+00 0.000000000000000000e+00
