-6.520431262979092812e-01 -6.962690644567910425e+00 0.000000000000000000e+00
1.323635047694994604e+01 1.133032480551505827e+01 0.000000000000000000e+00
5.331272100430989980e+00 2.066281198883886727e+00 0.000000000000000000e+00
8.217892184715227089e+00 -9.640589747017337174e+00 0.000000000000000000e+00
1.694472092453644718e+00 -5.341741132984402896e+00 0.000000000000000000e+00
-4.948085175577818240e-02 -1.197995737023469509e+01 0.000000000000000000e+00
3.273663854727177025e+00 1.638971909885837519e+01 0.000000000000000000e+00
4.748668286869417443e+00 -3.328782459389736936e-01 0.000000000000000000e+00
-1.126660656343273281e+01 6.052946835986642071e+00 0.000000000000000000e+00
-6.841359824655653732e+00 8.426164695165729412e+00 0.000000000000000000e+00
8.617129868045791952e+00 -2.911385407051717333e+00 0.000000000000000000e+00
-4.354841816846650282e+00 9.721432484253062611e+00 0.000000000000000000e+00
5.317967509530197034e+00 -1.403412436045152667e+01 0.000000000000000000e+00
3.730960231792038950e+00 -1.513721612718650356e+00 0.000000000000000000e+00
-7.655020552166438286e+00 -1.432518125454534896e+01 0.000000000000000000e+00
4.332878725417943500e-01 5.283772816545608819e+00 0.000000000000000000e+00
-9.525381518152743254e+00 -4.421861962572542382e+00 0.000000000000000000e+00
8.487834567952679876e+00 1.002021133034555511e+01 0.000000000000000000e+00
8.839211568299852217e+00 -4.936877650101273218e+00 0.000000000000000000e+00
5.811521012479144765e+00 -8.189968101604614859e+00 0.000000000000000000e+00
1.272436706186138977e+01 -1.324554850269532125e+00 0.000000000000000000e+00
-8.138750995062403959e+00 -1.284879441078894580e+01 0.000000000000000000e+00
9.363008522321168314e+00 1.395895273601629327e+01 0.000000000000000000e+00
-1.235890685227042063e+01 -1.127377269114138869e+01 0.000000000000000000e+00
1.264586284356412271e+01 -5.996951785039247973e+00 0.000000000000000000e+00
-1.271709430166085042e+01 -7.103323403295621397e+00 0.000000000000000000e+00
6.082789306061571200e-01 1.378652934046732703e+01 0.000000000000000000e+00
-1.255349184483423919e+01 3.087212442877929064e+00 0.000000000000000000e+00
-1.661435032916960708e+01 2.411580874828258558e+00 0.000000000000000000e+00
-3.345383499422121432e+00 -1.210074423838189084e+01 0.000000000000000000e+00
5.884289198178147551e+00 -1.244231630727413673e+01 0.000000000000000000e+00
4.005729540432477975e+00 3.234113433452494135e+00 0.000000000000000000e+00
-5.335810946592922654e-01 1.771383395991082077e+00 0.000000000000000000e+00
-4.062639045909351765e+00 1.412294657554997279e+01 0.000000000000000000e+00
7.782431444451849423e+00 3.046998675166872506e+00 0.000000000000000000e+00
-4.116363939437098551e+00 -7.814896470025593622e+00 0.000000000000000000e+00
5.760453235531270089e+00 -5.894342067151029596e+00 0.000000000000000000e+00
-5.753893316128200652e+00 -6.294537197022727959e+00 0.000000000000000000e+00
-2.048807617247943913e+00 -1.158622945616692324e+00 0.000000000000000000e+00
7.923881238727056298e-01 -7.694566291539287839e+00 0.000000000000000000e+00
1.600313605380554449e+01 -6.128453455081804613e+00 0.000000000000000000e+00
-1.205860575667475620e+00 1.210630998128107016e+01 0.000000000000000000e+00
-5.977069690674775337e+00 -8.750556906299333804e+00 0.000000000000000000e+00
7.358678378858711788e+00 -1.583896021697769996e+01 0.000000000000000000e+00
-9.889183250079891963e+00 1.311233111484283498e+01 0.000000000000000000e+00
-1.028288102332792597e+01 1.183654996096797030e+00 0.000000000000000000e+00
-6.570808383742399172e+00 1.591664497582042870e+01 0.000000000000000000e+00
-1.502866143667627874e+01 8.776899873500971339e+00 0.000000000000000000e+00
-7.009276025153503120e+00 1.122731250594851282e+01 0.000000000000000000e+00
1.275135475916990480e+01 6.755733857730123582e+00 0.000000000000000000e+00
8.282323545639920237e-01 8.877616563678873973e+00 0.000000000000000000e+00
1.868772576375554495e+00 -1.690013976030466836e+01 0.000000000000000000e+00
3.822707965695820498e+00 -1.080552931070904243e+01 0.000000000000000000e+00
-6.423357839684161519e+00 -4.360984557879278967e+00 0.000000000000000000e+00
9.319034267044553843e+00 -4.902132127522813576e-01 0.000000000000000000e+00
3.041339423651343576e+00 5.372244891905924469e+00 0.000000000000000000e+00
-1.600772330008226163e+01 -4.536989468304837736e+00 0.000000000000000000e+00
1.035886865464880202e+01 3.616651646921108298e+00 0.000000000000000000e+00
-1.412375399386909436e+01 -1.033121214642137797e+00 0.000000000000000000e+00
-4.325535099624308266e+00 7.978476458474998978e+00 0.000000000000000000e+00
-3.834970791490226460e+00 4.712739584368938139e+00 0.000000000000000000e+00
-6.873503037193785303e+00 -1.615966863613653048e+00 0.000000000000000000e+00
-7.623002593648773306e+00 -1.002107631346542327e+01 0.000000000000000000e+00
-1.057521971411642348e+01 -4.837503456002752444e-01 0.000000000000000000e+00
-1.556361524147608932e+01 -1.628262997646766852e+00 0.000000000000000000e+00
6.122662371755363431e+00 1.469965587627166315e+01 0.000000000000000000e+00
-9.880921509444346995e+00 -6.988771992381821008e+00 0.000000000000000000e+00
-2.794191279051339016e+00 2.589254686361407432e-01 0.000000000000000000e+00
1.040705617064470090e+01 -1.231180298512943594e+01 0.000000000000000000e+00
-6.728230033636363849e+00 5.192199561185915080e+00 0.000000000000000000e+00
1.184064683420963071e+01 -1.170190538991827012e+01 0.000000000000000000e+00
1.867516664884516953e+00 -1.137211728515485198e+01 0.000000000000000000e+00
1.127710886127655776e+01 1.059365417867919845e+01 0.000000000000000000e+00
1.474974769960360632e+01 4.265454821860268808e+00 0.000000000000000000e+00
-3.930463947543704872e+00 1.661304280306387682e+01 0.000000000000000000e+00
1.551668863958578015e+01 -4.498699822917394009e+00 0.000000000000000000e+00
-5.147423561017166804e+00 1.214947110993646362e+01 0.000000000000000000e+00
-1.187434603807479938e+01 1.061123004264498881e+01 0.000000000000000000e+00
-3.449773260448852685e+00 -1.538671060167085791e+01 0.000000000000000000e+00
-4.562060109293012977e-01 -1.498823259105246919e+01 0.000000000000000000e+00
1.709737207852505492e+01 3.293362718519555976e+00 0.000000000000000000e+00
1.127265989792289425e+01 -9.291733411070829618e+00 0.000000000000000000e+00
9.727693826584012271e+00 -8.574439817851919443e+00 0.000000000000000000e+00
1.498220374604009031e+01 8.836351760601374394e+00 0.000000000000000000e+00
1.436540768602082885e+01 -8.439629736352543432e+00 0.000000000000000000e+00
-5.350192067492565151e+00 1.962421682203717488e+00 0.000000000000000000e+00
2.765824740491875655e+00 -8.131891329378079902e+00 0.000000000000000000e+00
6.774936043856857104e+00 -8.427299333285424021e-01 0.000000000000000000e+00
-1.365435243373212693e+01 1.042811195142553515e+01 0.000000000000000000e+00
6.995397076068639031e+00 -2.826586397529357253e+00 0.000000000000000000e+00
1.552176573574331364e+01 -1.996827268794134080e-01 0.000000000000000000e+00
-3.661108801622098952e+00 -5.246498144946666109e+00 0.000000000000000000e+00
1.198569090189992892e+01 -4.094044456129158682e+00 0.000000000000000000e+00
2.805327249661231814e+00 -6.448460803003038144e+00 0.000000000000000000e+00
1.705078471341409774e+00 7.240025424831260992e+00 0.000000000000000000e+00
3.214668153038040543e+00 6.934827269043934983e+00 0.000000000000000000e+00
-1.229353961080642765e+00 1.524912981379694266e+01 0.000000000000000000e+00
-1.933416375549530386e+00 -1.718080286313168514e+01 0.000000000000000000e+00
-1.514205938937088103e+00 -4.370229190164227617e+00 0.000000000000000000e+00
-8.867845357214410029e+00 3.246106206423073903e+00 0.000000000000000000e+00
6.196400312747237571e+00 -9.971213424020067606e+00 0.000000000000000000e+00
-9.489226977915636851e+00 7.559497796994701702e+00 0.000000000000000000e+00
-1.190964713939574082e+01 8.297560508714722616e+00 0.000000000000000000e+00
8.784286371371120339e+00 -6.742357927441435805e+00 0.000000000000000000e+00
2.894909970640034302e+00 8.711533332052789902e+00 0.000000000000000000e+00
1.897516087335793245e+00 -9.722973287183146240e+00 0.000000000000000000e+00
-1.182290982788905609e+01 4.012833333045058293e-01 0.000000000000000000e+00
9.360012679013189896e+00 -1.119647856440163736e+01 0.000000000000000000e+00
-8.995381103259392219e+00 -2.288324396248202941e+00 0.000000000000000000e+00
-1.845279415302859771e+00 -8.313374255056057649e+00 0.000000000000000000e+00
-9.539623854985059381e+00 -1.361437652159651179e+01 0.000000000000000000e+00
3.425119811622138410e+00 1.414653391783218694e+01 0.000000000000000000e+00
7.286426082137627880e+00 8.729436406291013029e+00 0.000000000000000000e+00
2.882829850141305439e+00 -1.570547040274359851e+01 0.000000000000000000e+00
-6.336023886240164771e+00 -1.100713023636670940e+01 0.000000000000000000e+00
3.649202586560632792e-03 -1.693351421868370821e+01 0.000000000000000000e+00
-1.206247565988295989e+01 -1.712639010573510756e+00 0.000000000000000000e+00
1.615743059320053021e+01 6.690287783907833408e+00 0.000000000000000000e+00
-1.783916250870739573e+00 2.661209478175156740e+00 0.000000000000000000e+00
1.156021335271157291e+01 8.091237606692990525e+00 0.000000000000000000e+00
-7.121197285680670674e+00 1.278798038606441700e+01 0.000000000000000000e+00
-4.426379256489170744e-01 -5.088542348681901473e-01 0.000000000000000000e+00
-1.738950413117175842e+01 -2.867525940127783057e-01 0.000000000000000000e+00
1.029157522750351816e+01 -1.720900055631703784e+00 0.000000000000000000e+00
4.467632040737536059e+00 -1.619516190669880729e+01 0.000000000000000000e+00
9.349179890190297826e+00 -1.403452569056287480e+01 0.000000000000000000e+00
-5.232013354643902048e+00 -2.583442725010469398e-02 0.000000000000000000e+00
-3.020992968690636715e+00 1.246748268684211780e+01 0.000000000000000000e+00
4.141226845861574191e+00 9.800320871257964583e+00 0.000000000000000000e+00
-1.594297825726421003e+01 6.019040452885323411e+00 0.000000000000000000e+00
-4.506100107721162235e-02 1.617246141839975238e+01 0.000000000000000000e+00
1.009751960944737093e+01 6.984432432021055348e+00 0.000000000000000000e+00
-1.813494500358790562e+00 -1.394691798506000779e+01 0.000000000000000000e+00
1.415467515410811217e+01 -5.825378634198834504e+00 0.000000000000000000e+00
3.823469500723608139e+00 -1.443537201129765535e+01 0.000000000000000000e+00
1.640900583001539559e+01 -2.756848938573281949e+00 0.000000000000000000e+00
1.117044929919737939e+01 5.013494598376675881e+00 0.000000000000000000e+00
5.344624966416859912e+00 1.164018344145341111e+01 0.000000000000000000e+00
1.451284197511578888e+00 1.593408758365464983e+01 0.000000000000000000e+00
1.043264290774001779e+01 -6.269752178352240968e+00 0.000000000000000000e+00
1.659845674714143238e+00 -1.520521490978973267e+00 0.000000000000000000e+00
-1.289413091700751246e-01 -1.004640386592435597e+01 0.000000000000000000e+00
-7.376606585050313192e-02 -5.505103664606496139e+00 0.000000000000000000e+00
1.143291222204979540e+01 -2.652946554648107913e-01 0.000000000000000000e+00
-7.055105446736009256e+00 2.136429392143314843e+00 0.000000000000000000e+00
-8.075394477751354216e+00 9.344954934499767774e+00 0.000000000000000000e+00
-1.359050432773189065e+01 4.672397746328355694e+00 0.000000000000000000e+00
1.307778222029258330e+01 4.442475724395029246e+00 0.000000000000000000e+00
-1.226947472369200121e+01 -4.002746996825182535e+00 0.000000000000000000e+00
5.502988441981391254e+00 8.919469771061464769e+00 0.000000000000000000e+00
-2.566799539687578680e-01 -2.329426876917818134e+00 0.000000000000000000e+00
1.051766471532098013e+00 -1.515702722384098600e+01 0.000000000000000000e+00
-1.134261148000277508e+01 -5.437113004386682213e+00 0.000000000000000000e+00
-1.357352950368539268e+01 6.016323214836873934e-01 0.000000000000000000e+00
-7.315494649743701672e+00 2.790017838962816632e-01 0.000000000000000000e+00
-2.713958270440840259e+00 8.748996770495784503e+00 0.000000000000000000e+00
-5.914685998763062003e+00 -1.515994122781553344e+01 0.000000000000000000e+00
1.180518334311839368e+01 2.500218620047044649e+00 0.000000000000000000e+00
2.138106476428081937e+00 4.116229016830410536e+00 0.000000000000000000e+00
4.738052344359028112e+00 6.560623852277209345e+00 0.000000000000000000e+00
1.296351275177052287e+00 2.549617929303999109e+00 0.000000000000000000e+00
1.340371338286565717e+01 -1.029913757578938238e+01 0.000000000000000000e+00
-9.636250746396488154e+00 -8.617913951698682240e+00 0.000000000000000000e+00
3.355778575952525156e+00 1.141343787129309639e+01 0.000000000000000000e+00
-1.101374945082537637e+00 8.605102471880707427e+00 0.000000000000000000e+00
-5.093583418101410132e+00 -1.784677473157346927e+00 0.000000000000000000e+00
7.150748108706993733e+00 1.421874956445851712e+00 0.000000000000000000e+00
-2.654714779271750924e+00 1.097250932254308786e+01 0.000000000000000000e+00
-1.469690649194749810e+01 6.889734692999586407e+00 0.000000000000000000e+00
-1.428073444602790865e+01 2.044656706981881733e+00 0.000000000000000000e+00
-7.661108421483501907e+00 -3.160698436700525082e+00 0.000000000000000000e+00
-1.355146605132248894e+01 -5.373545968241808524e+00 0.000000000000000000e+00
1.471024991447378127e+01 1.752075251433674596e+00 0.000000000000000000e+00
-5.693363229502405254e+00 -1.237588353566564514e+01 0.000000000000000000e+00
1.795971179890553771e+00 1.212794251030245185e+01 0.000000000000000000e+00
1.386193242635025413e+01 -2.793490981601021605e+00 0.000000000000000000e+00
-1.052656459761372254e+01 8.979658275441071424e+00 0.000000000000000000e+00
-1.642444307190557851e+01 4.476127332914771273e+00 0.000000000000000000e+00
8.228699624433851056e+00 -1.287273579011067071e+01 0.000000000000000000e+00
3.124415288616633202e+00 -3.333493027845302770e+00 0.000000000000000000e+00
1.726491325432753499e+01 9.676453646098828187e-01 0.000000000000000000e+00
-1.415312675050877189e+01 -2.796146976791072714e+00 0.000000000000000000e+00
8.043814517929043006e+00 6.265165275931323663e+00 0.000000000000000000e+00
2.271859393458318888e+00 -6.029699651383588904e-02 0.000000000000000000e+00
-3.079595837105649547e+00 -6.714326266562535395e+00 0.000000000000000000e+00
1.398504258019892810e-01 1.025789326674187407e+01 0.000000000000000000e+00
-1.090009000341074241e+01 -1.163236976338166961e+01 0.000000000000000000e+00
5.330479006291809263e+00 -3.743705320144246063e+00 0.000000000000000000e+00
9.606498533171546228e+00 4.980350732987421480e+00 0.000000000000000000e+00
1.023977838880549740e+01 -3.541653001386221966e+00 0.000000000000000000e+00
-4.509219344346280245e+00 -1.689801555036727265e+01 0.000000000000000000e+00
-8.142921181488368632e+00 1.524454244408525661e+01 0.000000000000000000e+00
1.227363400541746685e+01 -7.528860260243621205e+00 0.000000000000000000e+00
-2.779026562926904198e+00 6.058561554151451034e+00 0.000000000000000000e+00
-1.040958225451027097e+01 4.179644659112123684e+00 0.000000000000000000e+00
-6.908288474411529378e+00 -7.478841198874716767e+00 0.000000000000000000e+00
-1.336632033453667212e+01 -9.424324142172405772e+00 0.000000000000000000e+00
-5.646156707651647011e+00 1.050592539235199574e+01 0.000000000000000000e+00
-8.799311021495595853e+00 -3.118864360726011919e-01 0.000000000000000000e+00
-4.436832437405852758e+00 -3.791473634129685077e+00 0.000000000000000000e+00
1.400306913211482751e+01 -2.390504940753413188e-01 0.000000000000000000e+00
3.277187960472668138e+00 -1.296352306786508635e+01 0.000000000000000000e+00
1.317340230555453928e+01 8.611716235462067104e+00 0.000000000000000000e+00
-8.648512318585055425e+00 4.932915551401049647e+00 0.000000000000000000e+00
-5.636826121149143276e+00 7.175197013058660644e+00 0.000000000000000000e+00
4.116003164785218438e+00 1.273734786378237516e+01 0.000000000000000000e+00
-8.219316100089301358e+00 -5.174581175647793962e+00 0.000000000000000000e+00
-1.526390913799050253e+01 -6.267524574623633882e+00 0.000000000000000000e+00
-9.192157954776495998e+00 -1.135427136756291233e+01 0.000000000000000000e+00
-2.868914817808269735e+00 -3.327455192262320338e+00 0.000000000000000000e+00
5.915823961215172844e+00 4.569276672184903632e+00 0.000000000000000000e+00
8.449380109507609760e+00 1.243622609823581548e+01 0.000000000000000000e+00
-1.203195573333392110e+00 5.812778696592143746e+00 0.000000000000000000e+00
-5.891237132138516408e+00 3.681829747035645362e+00 0.000000000000000000e+00
7.151156855808578960e+00 1.118476012568209654e+01 0.000000000000000000e+00
7.617664981856854034e+00 1.515272542452118287e+01 0.000000000000000000e+00
-1.615404287126451521e+01 -3.011580834154347297e+00 0.000000000000000000e+00
1.049358648629857704e+01 1.244133610414146851e+01 0.000000000000000000e+00
-1.203916239571048541e+00 1.717606028270711249e+01 0.000000000000000000e+00
-1.947069182867411374e+00 -1.064770277124612186e+01 0.000000000000000000e+00
4.227399157932449469e+00 -5.643484157706725846e+00 0.000000000000000000e+00
-9.844521302408995922e+00 1.042592853074993364e+01 0.000000000000000000e+00
3.079908121392388454e-03 6.877524243085567868e+00 0.000000000000000000e+00
1.639500918098393711e+01 5.189511094224162235e+00 0.000000000000000000e+00
1.458641772652010005e+01 7.033110933273531984e+00 0.000000000000000000e+00
1.071434101168586395e+01 1.136735541300572194e+00 0.000000000000000000e+00
-4.509706711865537621e+00 -1.345304115962648162e+01 0.000000000000000000e+00
7.986773753063646231e-01 5.828990037464668594e-01 0.000000000000000000e+00
-1.518239941204970300e+01 3.360757088191468345e+00 0.000000000000000000e+00
3.294998850159910897e-01 -1.370596846306717786e+01 0.000000000000000000e+00
-1.506205214416008964e+01 -7.828237784505713392e+00 0.000000000000000000e+00
-1.021958298738147697e+00 4.112256010461266875e+00 0.000000000000000000e+00
9.733321491512676005e+00 8.841737764770314811e+00 0.000000000000000000e+00
-1.173178280753517200e+01 -9.790117748754356697e+00 0.000000000000000000e+00
3.442398407168808294e+00 1.538302175025626495e+00 0.000000000000000000e+00
-1.089304460216632009e+01 -3.168168377707062611e+00 0.000000000000000000e+00
-4.094373619065700964e+00 -1.042089196501150639e+01 0.000000000000000000e+00
7.184701705886312517e+00 -6.583192456499640244e+00 0.000000000000000000e+00
-1.165638823977274896e+01 1.295391848945478941e+01 0.000000000000000000e+00
5.250936640603874217e+00 -2.031304683056642801e+00 0.000000000000000000e+00
7.707383916100312149e+00 -8.054064839034378309e+00 0.000000000000000000e+00
-2.491620268093284185e+00 1.610686610218021997e+01 0.000000000000000000e+00
-1.567345709339334370e+01 7.530938749729539916e-01 0.000000000000000000e+00
-1.299661682132630425e+01 6.319407803468067186e+00 0.000000000000000000e+00
-5.549137739653343948e-02 -3.933196917535726200e+00 0.000000000000000000e+00
-5.683975269222407256e+00 1.432452041739100324e+01 0.000000000000000000e+00
4.948755950925853853e+00 1.635080281771612221e+01 0.000000000000000000e+00
4.261867654269374306e+00 -7.699880294749059217e+00 0.000000000000000000e+00
-3.839953621517986804e+00 2.856711930490503537e+00 0.000000000000000000e+00
1.297632633230252353e+01 1.060205347820570854e+00 0.000000000000000000e+00
1.933039535637264272e+00 9.982180476385922319e+00 0.000000000000000000e+00
-8.591328532409470142e+00 1.214500389261001700e+01 0.000000000000000000e+00
-7.914866697256170980e+00 6.371455558526863960e+00 0.000000000000000000e+00
9.016105890445555104e+00 2.104833873925694210e+00 0.000000000000000000e+00
7.052530386085831715e+00 -1.145118336991315111e+01 0.000000000000000000e+00
-2.519305558727246375e+00 1.426316769765505477e+01 0.000000000000000000e+00
