1.044602719147903436e+01 1.259589002615403963e+01 0.000000000000000000e+00
-8.477541221650303882e+00 -1.520786080887453551e+01 0.000000000000000000e+00
-9.006155574776693484e+00 1.373641216354021921e+01 0.000000000000000000e+00
6.470533562811514372e+00 8.701043298656069069e+00 0.000000000000000000e+00
-7.860739366657289118e+00 1.227184133801107713e+01 0.000000000000000000e+00
-1.496508879026947980e+01 -2.123895258870002856e+00 0.000000000000000000e+00
-1.036510135628629925e+00 1.200536616317313054e+01 0.000000000000000000e+00
-1.055833207887700453e+01 -4.275363844058029272e+00 0.000000000000000000e+00
1.208838119423716329e+00 -8.755288059553826940e+00 0.000000000000000000e+00
2.347417974948478481e+00 1.025978731516175735e+01 0.000000000000000000e+00
7.938987911596137037e-01 1.015819060367038418e+01 0.000000000000000000e+00
-7.082816877654332544e+00 4.826960837710455365e+00 0.000000000000000000e+00
-6.197274323761704728e+00 1.049060579751921374e+01 0.000000000000000000e+00
1.281719185170349284e+01 -9.389472381338849871e+00 0.000000000000000000e+00
1.359437952116974380e+00 5.197190885815309080e+00 0.000000000000000000e+00
-2.080253796499062613e+00 8.462413693514889701e+00 0.000000000000000000e+00
1.232569399146574263e+01 1.084104332614185573e+01 0.000000000000000000e+00
6.214674214653518547e+00 -8.187365064302344564e+00 0.000000000000000000e+00
3.765806799768821822e+00 1.659455012714741429e+01 0.000000000000000000e+00
5.355651422812814921e+00 -6.701700206783823610e+00 0.000000000000000000e+00
1.893948354171625326e+00 3.462311075206996325e+00 0.000000000000000000e+00
3.262441139921747002e+00 -1.469798666856220315e+01 0.000000000000000000e+00
6.228341840704223031e+00 -1.221350651665480491e+01 0.000000000000000000e+00
2.445051226852708481e+00 -3.636858469047803855e+00 0.000000000000000000e+00
-4.290515713227191164e+00 4.895302585422339092e+00 0.000000000000000000e+00
4.652238375123022074e+00 -1.219036156965973383e+01 0.000000000000000000e+00
1.484826931967646679e+01 5.633558416632403976e+00 0.000000000000000000e+00
-2.934738412719807510e+00 9.698952395161375861e+00 0.000000000000000000e+00
1.404888571892745830e+01 4.334537899166356900e-01 0.000000000000000000e+00
-1.204906128852769243e+01 1.782203508561601035e+00 0.000000000000000000e+00
-1.337821526811030637e+01 5.276793385117870550e-01 0.000000000000000000e+00
-4.787526213855551660e+00 1.424077958684189049e+01 0.000000000000000000e+00
-5.774066057551920927e+00 6.081663153267811595e+00 0.000000000000000000e+00
-5.420790057499874415e+00 -1.029000028458692739e+01 0.000000000000000000e+00
-5.563393218668487572e-01 -1.446729956617723012e+01 0.000000000000000000e+00
-8.541056848105535337e+00 9.006496954839020574e+00 0.000000000000000000e+00
-2.260355162610860003e+00 -6.727532568468260754e-01 0.000000000000000000e+00
-1.328729314405176609e+01 8.572826269938801147e+00 0.000000000000000000e+00
-6.637432536354340051e+00 -1.451526632992393262e+00 0.000000000000000000e+00
2.891955020663127041e+00 -1.091563731275132554e+01 0.000000000000000000e+00
9.446499819683021215e+00 -1.557806502346580135e+00 0.000000000000000000e+00
1.085783168547689082e+00 -1.539766121424071210e+00 0.000000000000000000e+00
1.036042274666317908e+01 8.914875192548992189e-01 0.000000000000000000e+00
-6.417309630532596065e-01 -1.186878222216513734e+01 0.000000000000000000e+00
-9.682304742540237541e+00 5.207000300802376636e+00 0.000000000000000000e+00
1.262407429834586914e+01 1.760575656404464562e+00 0.000000000000000000e+00
3.620539799511117707e+00 3.352470495754463542e+00 0.000000000000000000e+00
-1.183328535721965480e+01 1.032689885795990392e+01 0.000000000000000000e+00
-5.317145453491134433e+00 -4.442883543495885768e+00 0.000000000000000000e+00
-1.044460149182566910e+00 6.687123219171475341e+00 0.000000000000000000e+00
-9.644384292043879370e+00 -1.408129073291919298e+01 0.000000000000000000e+00
-8.034702831407017243e+00 6.259814547390974981e-01 0.000000000000000000e+00
-1.471628844458111196e+01 -9.146103502045493272e+00 0.000000000000000000e+00
4.997755298376687527e+00 1.017849156760494722e+01 0.000000000000000000e+00
5.469195961533262818e+00 -9.506405400973012121e+00 0.000000000000000000e+00
-1.394993603209706112e+00 9.762183327432146784e-01 0.000000000000000000e+00
-4.457757481147355705e+00 -1.374652980814680170e+01 0.000000000000000000e+00
-9.250981829054458316e+00 -1.139199831406852326e+01 0.000000000000000000e+00
-7.513495143564714596e+00 2.284579745886385016e+00 0.000000000000000000e+00
-1.905757817832299583e+00 -2.297480699603732024e+00 0.000000000000000000e+00
-2.768229684397716106e+00 -9.798464056813575240e+00 0.000000000000000000e+00
7.143999378785748533e+00 1.195481351960185279e+01 0.000000000000000000e+00
-1.519122174083439347e+01 5.833401025253847294e+00 0.000000000000000000e+00
-3.366600061643614250e+00 -7.952157171591939466e+00 0.000000000000000000e+00
1.631224602479888830e+01 1.657230802648130608e+00 0.000000000000000000e+00
2.776604287723259734e+00 8.193522704314988303e+00 0.000000000000000000e+00
-3.826064833774426077e+00 -1.145802321736602991e+01 0.000000000000000000e+00
4.053732700604287587e+00 5.434617702719273247e+00 0.000000000000000000e+00
-1.238320077872437075e+01 -8.566137632628145759e-01 0.000000000000000000e+00
1.132393986105843275e+01 -6.515811406522007410e+00 0.000000000000000000e+00
-6.978959577056231822e+00 -1.099649329687341748e+01 0.000000000000000000e+00
1.450582795858347573e+01 -8.262877565724416229e+00 0.000000000000000000e+00
-1.191387974223895796e+01 7.373082799932456410e+00 0.000000000000000000e+00
-3.815114792781269415e+00 8.212228020916310101e+00 0.000000000000000000e+00
-4.025741445145054165e+00 1.114898656802618682e+01 0.000000000000000000e+00
6.554277395494166214e+00 3.925441376206320943e+00 0.000000000000000000e+00
-1.733371507379623822e+01 3.883692900234610168e-02 0.000000000000000000e+00
1.371151798696952362e+01 7.473636450304651291e+00 0.000000000000000000e+00
6.982974099427690540e+00 -3.375897310470824753e+00 0.000000000000000000e+00
4.870989450706499468e+00 -1.171700036541886591e+00 0.000000000000000000e+00
-2.740187917837189957e+00 1.958247182883287474e+00 0.000000000000000000e+00
-1.329001966018122083e+01 5.110517742464041113e+00 0.000000000000000000e+00
7.251945402181427802e+00 -1.107249644441688652e+01 0.000000000000000000e+00
-6.763543787254917561e+00 -3.067358663685738840e+00 0.000000000000000000e+00
7.230645040588329131e+00 -1.401862240664864068e+01 0.000000000000000000e+00
-1.525722968721709982e+01 3.519706360562634195e+00 0.000000000000000000e+00
-1.645146223972656419e+00 -4.071386566775959004e+00 0.000000000000000000e+00
3.129993172529805356e+00 -9.367168116517223808e-01 0.000000000000000000e+00
-1.660233300849134253e+01 -3.175434102503694955e+00 0.000000000000000000e+00
-1.213879430115525260e+01 -6.568184729201538730e+00 0.000000000000000000e+00
-1.502052935529666122e+01 -6.916817888995803187e+00 0.000000000000000000e+00
1.643372251406024986e+01 3.795520781472274674e+00 0.000000000000000000e+00
1.134931825163863195e+01 6.651106998462871900e+00 0.000000000000000000e+00
-7.982721914023396814e-02 4.482622579733544832e+00 0.000000000000000000e+00
-6.885150512974717252e+00 -1.496679884355665635e+01 0.000000000000000000e+00
-1.636250277937543274e+01 -5.661024502972180628e+00 0.000000000000000000e+00
5.478654262428678479e+00 -1.520103975769023208e+01 0.000000000000000000e+00
-4.257442896080494421e+00 -5.663317696847448346e+00 0.000000000000000000e+00
1.095077553681757898e+01 -1.298630877334111844e+01 0.000000000000000000e+00
1.285715511451156701e+00 1.717384492892276882e+01 0.000000000000000000e+00
8.859837924256362740e+00 -3.405191860581138208e+00 0.000000000000000000e+00
1.462673711247115804e+01 9.359435867051995928e+00 0.000000000000000000e+00
-1.342143645232715699e+01 -7.968260198512682635e+00 0.000000000000000000e+00
9.547044883753676991e-01 1.426487481885006403e+01 0.000000000000000000e+00
-1.092611409295052916e+01 -4.660957753452463215e-01 0.000000000000000000e+00
-1.101601135177006441e+01 -1.256637399123160037e+01 0.000000000000000000e+00
1.572608269349408872e+01 -3.844767185616868588e+00 0.000000000000000000e+00
-1.022310302689480466e+01 3.288284356787401386e+00 0.000000000000000000e+00
1.594851790191004959e+01 -6.335059489416154044e+00 0.000000000000000000e+00
-1.349643128856790142e+01 1.054739265422822392e+01 0.000000000000000000e+00
-2.392666299225752802e+00 -1.225236632345974463e+01 0.000000000000000000e+00
-1.544945061393069707e+01 1.228450585716483356e+00 0.000000000000000000e+00
9.191354444353786235e+00 6.212008965477986422e+00 0.000000000000000000e+00
3.617790173961190181e+00 1.490420316052312089e+01 0.000000000000000000e+00
9.188959636938895059e+00 -1.420439247719761156e+01 0.000000000000000000e+00
3.809789173615539815e-01 -4.488920841222277858e+00 0.000000000000000000e+00
-1.409965224445135057e+01 -4.468913728012981146e+00 0.000000000000000000e+00
-4.250651540359186242e+00 -1.648973236328811964e+01 0.000000000000000000e+00
-1.809087150562866508e+00 -5.729515633468408531e+00 0.000000000000000000e+00
9.144098303918644532e+00 -9.551898277588767527e+00 0.000000000000000000e+00
1.274624066329130656e+01 -8.320852063101225049e-01 0.000000000000000000e+00
9.833371004654653191e+00 4.308406896885450088e+00 0.000000000000000000e+00
4.460668459004721420e+00 7.086668228167339656e+00 0.000000000000000000e+00
1.380699161198013769e+01 3.036295957937877432e+00 0.000000000000000000e+00
-6.786188702513118010e+00 -8.050180633298637645e+00 0.000000000000000000e+00
-1.133698519993787812e+01 1.321892481980500555e+01 0.000000000000000000e+00
-5.245801369584430773e+00 8.233313520575298305e-01 0.000000000000000000e+00
1.043255389669168842e+01 -1.156301218245853413e+01 0.000000000000000000e+00
-8.420373842737619796e+00 6.772272767404722060e+00 0.000000000000000000e+00
-1.451822499984731429e+01 7.408182801179121313e+00 0.000000000000000000e+00
6.784735068273250569e+00 1.400721667800333137e+01 0.000000000000000000e+00
1.672003744648781876e+00 1.542984489380751612e+00 0.000000000000000000e+00
2.889586498983759633e+00 1.229277215669006651e+01 0.000000000000000000e+00
-4.843055566145979540e+00 3.052091860350738983e+00 0.000000000000000000e+00
3.500693067354874621e+00 -7.524832591422006445e+00 0.000000000000000000e+00
-1.104088596256360910e+00 -9.994910718929654436e+00 0.000000000000000000e+00
-8.837431809498134783e+00 -1.607399497402029587e+00 0.000000000000000000e+00
-1.076068083286973653e+01 8.451575045080188531e+00 0.000000000000000000e+00
5.725476172494115445e+00 6.065690022178354290e+00 0.000000000000000000e+00
-3.858961873178965440e+00 1.278242165678287634e+01 0.000000000000000000e+00
5.704720528667465151e-01 1.180550345444143900e+01 0.000000000000000000e+00
-1.149193176813366435e+01 5.010979511186347324e+00 0.000000000000000000e+00
-8.578651487814502374e+00 -5.471525440534310114e+00 0.000000000000000000e+00
-5.342948693383547720e+00 -1.516821565608665523e+01 0.000000000000000000e+00
4.011038555383499293e+00 -5.957328423609201451e+00 0.000000000000000000e+00
7.448829220410092766e+00 2.325963236749550855e+00 0.000000000000000000e+00
5.741718017153850440e+00 1.638767418147514476e+01 0.000000000000000000e+00
-5.781514318988092427e+00 1.272407871069274421e+01 0.000000000000000000e+00
-9.764987280355995836e+00 1.089527610090996035e+01 0.000000000000000000e+00
1.257769429282728879e+01 -4.792843125543440053e+00 0.000000000000000000e+00
1.588149917234801833e+01 7.042766338477461474e+00 0.000000000000000000e+00
-1.955560388213335443e+00 -1.646939154394842575e+01 0.000000000000000000e+00
9.088762424787951488e+00 1.372639449161542480e+01 0.000000000000000000e+00
1.127289936330212683e+01 -9.815352257579073481e+00 0.000000000000000000e+00
2.392602457145207140e+00 -1.323862084592472854e+01 0.000000000000000000e+00
1.730368682775918643e+01 -1.558263958421103546e+00 0.000000000000000000e+00
1.794404193103202427e+00 -1.600518785161237645e+01 0.000000000000000000e+00
5.676848744176685280e+00 -4.741862869285673021e+00 0.000000000000000000e+00
9.006402333856758702e+00 2.933005323165006839e+00 0.000000000000000000e+00
-9.136619560114720429e+00 -3.328382118098648590e+00 0.000000000000000000e+00
1.466966534001114653e+01 -2.611673719761084644e+00 0.000000000000000000e+00
4.744526471868460993e-01 -1.333139068289266937e+01 0.000000000000000000e+00
-1.669710408512494748e+00 4.984010432365018950e+00 0.000000000000000000e+00
-1.280506265115595177e+01 -1.077303537865839544e+01 0.000000000000000000e+00
-1.367315223963828785e+01 2.745918650099957947e+00 0.000000000000000000e+00
-1.000835898194710616e+01 -9.111312740254842168e+00 0.000000000000000000e+00
-9.042822053164855101e-01 1.451027188014476010e+01 0.000000000000000000e+00
1.785251306045508191e+00 -1.995981133187945677e-01 0.000000000000000000e+00
-7.062383254206863192e+00 7.973182335372799301e+00 0.000000000000000000e+00
-5.505737071079009226e+00 -6.845751666920063094e+00 0.000000000000000000e+00
1.180796203047525195e+00 7.220807293399989391e+00 0.000000000000000000e+00
5.522789037410007928e+00 1.066314753066479160e+00 0.000000000000000000e+00
9.598082085990332857e+00 -7.729606344672656171e+00 0.000000000000000000e+00
5.153835572829819967e+00 1.331642486144490611e+01 0.000000000000000000e+00
1.014937255201679456e+01 1.030391800496347265e+01 0.000000000000000000e+00
1.313122337528109540e+01 5.745539934083998546e+00 0.000000000000000000e+00
-3.249489800593400091e+00 1.588796239685626865e+01 0.000000000000000000e+00
-1.672069277209442717e+01 3.089823410778829604e+00 0.000000000000000000e+00
-4.585606960414657429e+00 -2.244353128002560371e+00 0.000000000000000000e+00
-1.033802577185252503e+01 -7.030907501435240015e+00 0.000000000000000000e+00
7.925706618041677309e+00 -8.034120262166338122e+00 0.000000000000000000e+00
7.979856155372176296e+00 1.376117821509523775e-01 0.000000000000000000e+00
1.115209077567331697e+01 -3.960248832296559662e+00 0.000000000000000000e+00
8.423702699685280848e+00 9.043716880520312529e+00 0.000000000000000000e+00
8.004197168271776519e+00 1.542741968041530853e+01 0.000000000000000000e+00
-8.231531476959604632e+00 -7.507132811437328357e+00 0.000000000000000000e+00
9.432949600469232365e+00 -5.795952538490638517e+00 0.000000000000000000e+00
-1.106759282280943779e+00 2.987709669448851191e+00 0.000000000000000000e+00
7.289242835024409395e+00 -1.581354965581017602e+01 0.000000000000000000e+00
1.117203540170039489e+01 -7.674678813511081055e-01 0.000000000000000000e+00
4.618624424030057796e+00 -1.652724885617736916e+01 0.000000000000000000e+00
1.143054269103171450e+01 4.110169161662947879e+00 0.000000000000000000e+00
8.572013704354196406e+00 -1.244493242422616142e+01 0.000000000000000000e+00
3.115746616042808004e+00 5.802597696812197281e-01 0.000000000000000000e+00
-6.365451972991157170e+00 1.458325431026951158e+01 0.000000000000000000e+00
3.869931093794995558e+00 -9.067187422754342307e+00 0.000000000000000000e+00
1.986394728834398160e+00 -5.248852595442127011e+00 0.000000000000000000e+00
4.287236361536024276e+00 -3.695875673625759639e+00 0.000000000000000000e+00
8.020487670165495686e+00 -5.137155957754981017e+00 0.000000000000000000e+00
-6.447303912964522432e+00 -1.338462570867424617e+01 0.000000000000000000e+00
-1.199745202341375538e+01 -2.660714724684067001e+00 0.000000000000000000e+00
-6.106276539549281068e+00 1.639715370482391421e+01 0.000000000000000000e+00
-8.492729663502313286e+00 -9.029291758581802441e+00 0.000000000000000000e+00
5.468390888113422221e+00 -2.701831274569391095e+00 0.000000000000000000e+00
1.342194826259134821e+01 -1.078150089172793891e+01 0.000000000000000000e+00
1.188313599153492994e+01 8.065917989758373707e+00 0.000000000000000000e+00
-1.464858477686886040e+00 -7.864120362421494370e+00 0.000000000000000000e+00
9.883979859210466401e+00 8.100135748189861928e+00 0.000000000000000000e+00
-2.551135921394602768e+00 -1.502171155281548920e+01 0.000000000000000000e+00
-4.754577054216435172e+00 9.697854122936190535e+00 0.000000000000000000e+00
5.836871979191116111e-01 -1.733008668332120195e+01 0.000000000000000000e+00
-1.577730879284088561e-01 8.713218178752667242e+00 0.000000000000000000e+00
-1.044744464167153808e+01 1.457982022359294083e+00 0.000000000000000000e+00
1.705941114838400452e+01 -5.496551527098170187e-02 0.000000000000000000e+00
-1.132660432512306414e+01 -1.045951110687964558e+01 0.000000000000000000e+00
-2.740169026540554054e+00 6.946623763966741194e+00 0.000000000000000000e+00
7.433417676913840033e+00 -9.533763649863381318e+00 0.000000000000000000e+00
1.081786627231636011e+01 2.586535294362040549e+00 0.000000000000000000e+00
-1.400671465511929448e+00 1.722035401265273435e+01 0.000000000000000000e+00
1.237037768942457205e+01 -2.751313269219616053e+00 0.000000000000000000e+00
1.139339706763018079e+01 -8.105783228671979757e+00 0.000000000000000000e+00
1.104540927049620924e+00 -6.639163084438536089e+00 0.000000000000000000e+00
-3.485783346202142141e+00 -3.666934319348990723e+00 0.000000000000000000e+00
5.850243336390755999e+00 2.583929442139516475e+00 0.000000000000000000e+00
-1.121999426644680747e-01 1.601814227755744824e+01 0.000000000000000000e+00
-1.725592701999479894e+00 1.061739372897339528e+01 0.000000000000000000e+00
7.082968361308169314e+00 -1.372718058776572825e+00 0.000000000000000000e+00
-4.627404056884282246e-01 -8.111053519187635397e-01 0.000000000000000000e+00
7.549316687648654600e+00 5.718904532259577955e+00 0.000000000000000000e+00
-1.199155365446117472e+01 -9.034478838703199344e+00 0.000000000000000000e+00
1.604587694340540827e+00 -1.169827687153026652e+01 0.000000000000000000e+00
1.577571990714296568e+01 -1.197254081776100598e+00 0.000000000000000000e+00
-8.128172979859479952e+00 -1.300756713469327863e+01 0.000000000000000000e+00
1.660240584552362009e+01 5.342822268289820542e+00 0.000000000000000000e+00
1.382271991420121360e+01 -6.315820500324090148e+00 0.000000000000000000e+00
-4.920246929452453344e+00 -8.435179902966888577e+00 0.000000000000000000e+00
1.279489761377412371e+01 -7.430603011727663798e+00 0.000000000000000000e+00
-4.533286737815999112e-01 -3.025866167184021016e+00 0.000000000000000000e+00
7.431933466039581049e+00 1.041760178271111137e+01 0.000000000000000000e+00
4.223055684147092315e+00 8.854238417679249906e+00 0.000000000000000000e+00
-1.482554496872991834e+01 -5.880936464864618962e-01 0.000000000000000000e+00
-5.345488213498481578e+00 7.634730037333461006e+00 0.000000000000000000e+00
1.247202630474226481e+01 -1.196709407393891311e+01 0.000000000000000000e+00
-1.260844506024630007e+01 1.201858096163795686e+01 0.000000000000000000e+00
1.474896348467705920e+01 1.774085742968440016e+00 0.000000000000000000e+00
-1.664879541936687346e+01 5.166985982862454030e+00 0.000000000000000000e+00
-1.352537312495612554e+01 -2.593331878341793129e+00 0.000000000000000000e+00
7.858057757103112273e+00 7.189236598411008039e+00 0.000000000000000000e+00
-3.702641144194725342e+00 3.244887533331892310e-02 0.000000000000000000e+00
-1.700757600256739366e+01 1.610173943304680222e+00 0.000000000000000000e+00
6.991025740483178375e+00 -6.410707119352268890e+00 0.000000000000000000e+00
-1.642333587347448898e+01 -1.293392746738029508e+00 0.000000000000000000e+00
-8.190875557449817990e+00 1.073278671564392184e+01 0.000000000000000000e+00
-1.029023938952405359e+01 -2.332654670173996081e+00 0.000000000000000000e+00
-8.677700018900610601e+00 3.386499973989865797e+00 0.000000000000000000e+00
8.807882973489849832e+00 1.168076725626624501e+01 0.000000000000000000e+00
