1.747267126997040876e+01 1.692533065840339246e+00 0.000000000000000000e+00
-2.488923147974189565e+00 1.055283956362318065e+01 0.000000000000000000e+00
-7.522321249595509407e+00 2.608583966816289568e+00 0.000000000000000000e+00
-1.915792883247186440e+00 -1.484747402272477679e+01 0.000000000000000000e+00
6.884223843093997708e+00 1.398284416503958916e+01 0.000000000000000000e+00
-5.446849865678470515e+00 -4.973523747084165336e+00 0.000000000000000000e+00
2.212504761796590724e+00 1.777379774857715589e+00 0.000000000000000000e+00
4.930981055784854128e+00 -5.674111852439676085e+00 0.000000000000000000e+00
1.042450739840650442e+01 2.398410787799109212e+00 0.000000000000000000e+00
-1.512360485743214511e+01 1.022113261831050401e+01 0.000000000000000000e+00
4.878217998225008678e+00 -9.662708251897603517e+00 0.000000000000000000e+00
5.992564396274706162e+00 -1.382458390217015332e+00 0.000000000000000000e+00
-6.178863023585188685e+00 9.578265710855806248e+00 0.000000000000000000e+00
5.903371319391211181e+00 1.167377999440873282e+01 0.000000000000000000e+00
-1.334092671855568568e+01 -1.024051589749632818e+01 0.000000000000000000e+00
-1.440989331405310159e+00 2.838338884484617353e+00 0.000000000000000000e+00
1.434814329967751156e+01 -1.779044012797843743e+00 0.000000000000000000e+00
6.218510191968097622e+00 2.226182146520498506e+00 0.000000000000000000e+00
9.350212501501337314e+00 8.453938773119393346e+00 0.000000000000000000e+00
1.482149388037944426e+01 7.901387833490543855e+00 0.000000000000000000e+00
-5.993905458840247391e+00 1.237759183256811824e+01 0.000000000000000000e+00
4.306515639529825634e+00 -1.667619185387167136e+01 0.000000000000000000e+00
1.240480540542658439e+01 -1.122061750130546010e+01 0.000000000000000000e+00
-1.195008096330480996e+01 -1.465359457005942545e+01 0.000000000000000000e+00
8.909443314310097506e+00 5.702692195304411849e-01 0.000000000000000000e+00
3.932712580118849388e+00 2.444303737507134144e+00 0.000000000000000000e+00
5.437442656850400624e+00 1.008018946427040419e+01 0.000000000000000000e+00
4.415568386757431796e+00 1.472003633460221472e+01 0.000000000000000000e+00
-6.395782674500074094e+00 -1.673024607122500740e+01 0.000000000000000000e+00
-1.793009011479177772e+01 3.575210605542117115e+00 0.000000000000000000e+00
-1.560431361073090883e+00 5.183163531852112982e+00 0.000000000000000000e+00
1.447533171840430288e+00 4.444876755638670573e+00 0.000000000000000000e+00
-1.219970034142488124e+01 2.827473324234235363e+00 0.000000000000000000e+00
-2.120763274060117887e+00 2.017504522155129654e-01 0.000000000000000000e+00
-8.619792789241383701e+00 -7.487764716323392911e+00 0.000000000000000000e+00
1.580021192667881991e+00 -2.747819827467652409e+00 0.000000000000000000e+00
7.760901183437949769e+00 -1.277056795680162615e+01 0.000000000000000000e+00
8.919164521578988314e-01 -1.349331242094707228e+01 0.000000000000000000e+00
1.147892377155492838e+01 1.412896375234836199e+01 0.000000000000000000e+00
1.840559624332198041e+01 3.592165348287876814e+00 0.000000000000000000e+00
9.949850308193736836e+00 -8.340215435021455903e+00 0.000000000000000000e+00
-1.509905020387920160e+01 7.509161803541108959e+00 0.000000000000000000e+00
-6.214977925913488299e+00 -1.128860822812916709e+01 0.000000000000000000e+00
-1.056093865395201448e+01 -7.798227664797336089e+00 0.000000000000000000e+00
1.011192747139187098e+01 -1.188534325306184414e+01 0.000000000000000000e+00
-1.223546103392904039e+00 -1.860335407489951720e+01 0.000000000000000000e+00
-9.812715143120732009e+00 9.917953524052872893e+00 0.000000000000000000e+00
-1.632049018668671181e+01 -4.637620998369525793e+00 0.000000000000000000e+00
1.186534646595877263e+01 8.684858598393109475e+00 0.000000000000000000e+00
6.873608036782661301e+00 1.670291757812577771e+01 0.000000000000000000e+00
-8.031523500833504414e+00 -2.165618270335208262e+00 0.000000000000000000e+00
-1.726522821168235744e+00 -9.933620013483221101e+00 0.000000000000000000e+00
-9.546086775855279427e+00 1.164459093244093246e+01 0.000000000000000000e+00
-3.540728141436685572e+00 -1.838173632048213690e+01 0.000000000000000000e+00
1.503172594085859792e+00 -3.035863694964551773e-01 0.000000000000000000e+00
-4.379504250425733325e+00 1.656033337355209767e+01 0.000000000000000000e+00
-1.028695802185299435e+01 2.988383004276913280e+00 0.000000000000000000e+00
4.954953548235754290e+00 6.520453072160293795e-01 0.000000000000000000e+00
7.707564850137199386e+00 -8.105745028197244295e+00 0.000000000000000000e+00
4.125646450414293120e-01 -1.568700115547696328e+01 0.000000000000000000e+00
1.405884308580756148e+01 -3.340181324586648071e+00 0.000000000000000000e+00
-1.842209753403038164e+01 2.137385475664752121e+00 0.000000000000000000e+00
1.031318531110098213e+01 -1.993644822058406652e+00 0.000000000000000000e+00
1.190124784648534018e+01 -6.741087240230927868e+00 0.000000000000000000e+00
5.131257665042195271e+00 -1.194954982053445036e+01 0.000000000000000000e+00
-1.817090277747062999e+00 1.407205179347360868e+01 0.000000000000000000e+00
-1.018124471113976170e+01 -9.155368598221453880e-01 0.000000000000000000e+00
-7.832895811836542599e+00 -5.683300520525025767e+00 0.000000000000000000e+00
-8.246480388467750666e-01 -7.674266840096199971e+00 0.000000000000000000e+00
-6.116951414142438037e-02 5.218182472377806969e-01 0.000000000000000000e+00
3.505566844272025140e+00 8.450761490798225140e+00 0.000000000000000000e+00
-1.854658561014481677e+01 5.505276256452111827e-01 0.000000000000000000e+00
9.977741782408241278e+00 6.138966716832015003e+00 0.000000000000000000e+00
7.049228018186815881e+00 8.274508069158773793e+00 0.000000000000000000e+00
-3.167723465311477860e+00 -1.586111819193252970e+01 0.000000000000000000e+00
-7.050948380450443587e+00 -1.307452433502188249e+01 0.000000000000000000e+00
7.732171286468275895e+00 -1.779571861768531216e+00 0.000000000000000000e+00
-8.678365565339076326e+00 -1.358510197751898652e+01 0.000000000000000000e+00
-1.995006133954677185e+00 -1.275196770693686688e+01 0.000000000000000000e+00
1.330731042891741467e+01 2.947068656377810569e+00 0.000000000000000000e+00
1.745112186922552322e+00 1.289056543719346770e+01 0.000000000000000000e+00
-4.688299996274716275e-01 8.211817935933460433e+00 0.000000000000000000e+00
1.027311068641411396e+01 1.028503408700222188e+01 0.000000000000000000e+00
-1.000653007797406602e+01 4.469836609483115453e+00 0.000000000000000000e+00
-2.415400050861226777e+00 8.021545844505435952e+00 0.000000000000000000e+00
3.720995334165141166e+00 1.643716600850552823e+01 0.000000000000000000e+00
1.638878522573996221e+01 -1.989462020228068173e+00 0.000000000000000000e+00
-3.862577953976577660e+00 -9.050855596791087976e+00 0.000000000000000000e+00
-1.643650445644773228e+01 2.999157089187300951e+00 0.000000000000000000e+00
1.209456868829935772e+01 -3.864499777167558658e+00 0.000000000000000000e+00
8.948358330449247333e+00 1.370212944645284736e+01 0.000000000000000000e+00
4.208080537978139191e+00 -1.380267780066508898e+01 0.000000000000000000e+00
1.497068386943525553e+01 3.257280742668283047e+00 0.000000000000000000e+00
9.497190652580261627e+00 -1.596275936762123493e+01 0.000000000000000000e+00
-4.635304708519717209e+00 8.817472284983816522e+00 0.000000000000000000e+00
-1.039112514072876259e+01 6.057705003490686302e+00 0.000000000000000000e+00
-7.155503408104842755e+00 1.516128355376481096e+01 0.000000000000000000e+00
6.548095399529530347e+00 -1.607467692710565643e+01 0.000000000000000000e+00
6.338254863132611661e+00 -1.055633573444452900e+01 0.000000000000000000e+00
1.027306641578763902e+01 -6.754229701488696946e+00 0.000000000000000000e+00
-4.641309505411770786e+00 5.495375796221759757e+00 0.000000000000000000e+00
1.652738333983176844e+01 -4.858862640781037356e+00 0.000000000000000000e+00
1.281706675351228242e+01 -2.366983119568961680e+00 0.000000000000000000e+00
8.890003859464101765e+00 -1.059076187079044296e+01 0.000000000000000000e+00
-6.012884014422035683e+00 -6.857710629949193004e-01 0.000000000000000000e+00
1.463907195409797168e+01 -8.365041712443884947e+00 0.000000000000000000e+00
-4.207124940455496009e+00 1.327376638529641362e+01 0.000000000000000000e+00
-3.119232324206662188e+00 3.642922901006704350e+00 0.000000000000000000e+00
1.260220985062551158e+01 1.273917056893449740e+01 0.000000000000000000e+00
-9.300870829532355444e+00 -1.633868406994931988e+01 0.000000000000000000e+00
7.887600811044750415e+00 -4.386947819797392789e+00 0.000000000000000000e+00
1.058601789676972871e+01 -4.948982611965095479e+00 0.000000000000000000e+00
7.437006683019310671e+00 -1.473199196292990010e+01 0.000000000000000000e+00
1.961012663838762160e+00 1.840052650316984995e+01 0.000000000000000000e+00
2.889060113809707619e+00 -1.732572037716323177e+00 0.000000000000000000e+00
1.113708110756097724e+01 -6.699567943167774597e-01 0.000000000000000000e+00
1.891973328127141141e-01 -1.780962898641961800e+01 0.000000000000000000e+00
-9.718171338009408800e+00 -1.014808805562111793e+01 0.000000000000000000e+00
3.903013271564069964e+00 1.138720958110307357e+01 0.000000000000000000e+00
2.529051441743329409e+00 -8.524961277688328565e+00 0.000000000000000000e+00
-1.391746303001773555e+01 -4.830425359565669652e+00 0.000000000000000000e+00
-4.996015205120897917e+00 -1.512903884660472897e+01 0.000000000000000000e+00
-7.571352658986529427e+00 1.110471728876161279e+01 0.000000000000000000e+00
-1.092702345675538211e+01 -4.039918999116227205e+00 0.000000000000000000e+00
-1.785707634640132113e+01 -3.031589770361210689e+00 0.000000000000000000e+00
-1.039743312761144622e+01 8.364822967810944476e+00 0.000000000000000000e+00
-8.320949084306235477e+00 1.704194840391537014e+01 0.000000000000000000e+00
1.313094711849984364e+01 -8.896828568555823935e+00 0.000000000000000000e+00
-5.750094969144142532e+00 1.390897713068456021e+01 0.000000000000000000e+00
1.448438628646904647e+01 -5.942545493736975715e+00 0.000000000000000000e+00
1.486385524342849962e+01 -1.094356547443363858e+01 0.000000000000000000e+00
-7.547174390027144852e-02 1.538316214241727842e+01 0.000000000000000000e+00
1.298394861869910599e+01 4.522790947751381019e+00 0.000000000000000000e+00
6.310821592088630361e+00 -6.698423421157404967e+00 0.000000000000000000e+00
-1.297044078288867652e+01 8.386165459577936687e+00 0.000000000000000000e+00
-1.270295046999190447e+01 -8.364822033025440362e+00 0.000000000000000000e+00
-1.637100003310802876e+01 -7.578445486064490311e+00 0.000000000000000000e+00
3.362882191819888344e+00 8.036136769575346062e-01 0.000000000000000000e+00
1.763597787430611064e+01 -3.480646832276111269e+00 0.000000000000000000e+00
-1.666180289189687080e+00 1.253174271857049682e+01 0.000000000000000000e+00
-6.140834877214168763e+00 -9.068576142421290953e+00 0.000000000000000000e+00
1.480815740489032883e+01 9.564482996733351783e+00 0.000000000000000000e+00
-1.064793975462650977e+01 -1.171817646558567994e+01 0.000000000000000000e+00
-9.633726100116309254e+00 -2.428483781653003604e+00 0.000000000000000000e+00
2.047515082990458701e+00 7.914227379496192150e+00 0.000000000000000000e+00
-1.256229434137404510e+00 -5.441304568721220924e+00 0.000000000000000000e+00
-4.671736758957730551e+00 -1.206976157506564640e+01 0.000000000000000000e+00
7.908129382735695323e+00 2.131769237973216047e+00 0.000000000000000000e+00
-1.345151748187785934e+01 -1.207263372164625714e+01 0.000000000000000000e+00
-1.017387262735414311e+01 1.593550304272072715e+01 0.000000000000000000e+00
-8.900530436477975371e+00 -1.201871241550735903e+01 0.000000000000000000e+00
-1.744388452250265331e+01 5.218401041806066232e+00 0.000000000000000000e+00
-6.646640862001957473e+00 9.068523407763440236e-01 0.000000000000000000e+00
9.292449508188859397e+00 4.625572676747544243e+00 0.000000000000000000e+00
1.753596253774881708e+00 5.915116418984724511e+00 0.000000000000000000e+00
2.036970338257811708e+00 -7.020853531797232705e+00 0.000000000000000000e+00
3.227242358578865211e+00 -3.836332124988735437e+00 0.000000000000000000e+00
-1.173169303058820567e+01 7.135681218101126433e+00 0.000000000000000000e+00
1.593453203100425064e+01 -3.092384342653964335e-01 0.000000000000000000e+00
-4.174911253424182789e+00 1.078715931621978363e+01 0.000000000000000000e+00
1.238486493927462462e+00 1.122263346437701692e+01 0.000000000000000000e+00
1.019216261632722942e+00 2.751016922227724315e+00 0.000000000000000000e+00
-3.736904473226565493e-01 1.704944803470454673e+01 0.000000000000000000e+00
1.298607433214710305e+01 -5.505956206441102729e-01 0.000000000000000000e+00
-7.213499544885810799e+00 -1.532790574007903928e+01 0.000000000000000000e+00
-9.626017523698809697e+00 1.511540434189253768e+00 0.000000000000000000e+00
-7.311487287009166280e+00 4.918747125731616876e+00 0.000000000000000000e+00
1.187487233852973745e+01 6.713791985279596197e+00 0.000000000000000000e+00
-1.258134882116992515e+01 4.589923920824034442e-01 0.000000000000000000e+00
7.565502339973215307e+00 1.214406009539091258e+01 0.000000000000000000e+00
1.657228045260482929e+01 -9.225558247994927186e+00 0.000000000000000000e+00
-4.105654622079801364e+00 1.655583918062452531e+00 0.000000000000000000e+00
3.961889296667419735e+00 -7.200882085202352734e+00 0.000000000000000000e+00
6.285285936486520453e-02 -1.077749030992552193e+01 0.000000000000000000e+00
-1.529319032882331975e+01 5.659409001080510038e+00 0.000000000000000000e+00
-1.013253515364095492e+01 1.440234944251697691e+01 0.000000000000000000e+00
5.704234413277504245e+00 1.804646300021564187e+01 0.000000000000000000e+00
3.557441690207498119e+00 6.378258021987766035e+00 0.000000000000000000e+00
1.877710866358670216e+01 -8.651735034699243876e-01 0.000000000000000000e+00
-1.547701820650043025e+01 8.373122706888129485e-02 0.000000000000000000e+00
-1.391398464680617941e+01 1.969184922223526923e+00 0.000000000000000000e+00
9.374639046871644510e+00 1.158664971437050184e+01 0.000000000000000000e+00
-4.612418844183890698e+00 -2.108194466819243829e+00 0.000000000000000000e+00
-3.873475095615681152e+00 7.345204467006307247e+00 0.000000000000000000e+00
1.345895051396227515e+01 1.042434350379043018e+01 0.000000000000000000e+00
1.979563946284666753e-01 -5.963296982282509262e+00 0.000000000000000000e+00
-2.037824809927113012e+00 1.759936340662561349e+01 0.000000000000000000e+00
-1.077073211848622059e+01 -1.365919337342210405e+01 0.000000000000000000e+00
-1.193195073923584992e+01 5.573110052688993399e+00 0.000000000000000000e+00
7.983183725512104090e+00 5.461949677962018690e+00 0.000000000000000000e+00
-7.459390467664354318e+00 7.409356591188103636e+00 0.000000000000000000e+00
5.424000099649560980e+00 8.352641194164961647e+00 0.000000000000000000e+00
1.277409380761534052e+01 1.079699552902568804e+00 0.000000000000000000e+00
1.131878974341590194e+01 -1.459172738239243650e+01 0.000000000000000000e+00
-4.934181344635895639e-01 1.870013108488019782e+01 0.000000000000000000e+00
-1.149781577091821383e+01 -9.413557435663280515e+00 0.000000000000000000e+00
-1.434862019425657209e+01 -1.304170996363463342e+00 0.000000000000000000e+00
-4.564924692181697274e+00 -7.629249796943504691e+00 0.000000000000000000e+00
6.221009601940518330e+00 -1.330950237835555860e+01 0.000000000000000000e+00
-7.665737111833314188e+00 9.363963865692870314e+00 0.000000000000000000e+00
-1.504619304014701342e+01 -6.473795382452476765e+00 0.000000000000000000e+00
-6.572130861009004121e+00 -7.583294468586919024e+00 0.000000000000000000e+00
-6.024174575351044503e+00 3.047117429724312210e+00 0.000000000000000000e+00
4.872616310678038687e+00 4.207281020903377744e+00 0.000000000000000000e+00
2.104909974418908369e+00 1.505424270928934050e+01 0.000000000000000000e+00
6.804012564794171825e-01 -9.089053414892592997e+00 0.000000000000000000e+00
-1.175066965615907044e+01 1.263474909386145839e+01 0.000000000000000000e+00
9.672677206446520515e+00 1.595432583839620122e+01 0.000000000000000000e+00
-1.235275764773118468e+01 -5.505104476990483775e+00 0.000000000000000000e+00
-1.204785584586374192e+01 9.575742516983209995e+00 0.000000000000000000e+00
-1.336635519888302603e+01 -3.358249004023052819e+00 0.000000000000000000e+00
1.683531329200215509e+01 6.639456165337206173e+00 0.000000000000000000e+00
-3.648630840106853679e+00 -3.341892878825971636e+00 0.000000000000000000e+00
-1.709555305974010508e+01 1.380673720155787931e+00 0.000000000000000000e+00
2.490832995198566657e-01 9.735334572719617441e+00 0.000000000000000000e+00
1.816653985419537776e+01 -5.380811250681465374e+00 0.000000000000000000e+00
1.463797871096969239e+01 1.763814667728909269e+00 0.000000000000000000e+00
-9.675989474078744434e-01 -1.944048907424656969e+00 0.000000000000000000e+00
-3.427126054975341507e+00 -1.427461871025031037e+01 0.000000000000000000e+00
2.255873520549133371e+00 -1.217588455205725317e+01 0.000000000000000000e+00
4.478407946171351739e+00 1.277870508032236252e+01 0.000000000000000000e+00
-1.768330481244801966e+00 -3.426997107589978775e+00 0.000000000000000000e+00
-9.618487101289720231e-02 5.698693089055086425e+00 0.000000000000000000e+00
8.284118806805611968e+00 1.010818693656763756e+01 0.000000000000000000e+00
-6.177312143933938238e+00 1.794691337604290027e+01 0.000000000000000000e+00
-3.191470481509296242e+00 1.563268334141050353e+01 0.000000000000000000e+00
-8.434846383043952400e+00 -9.339468723914523096e+00 0.000000000000000000e+00
-1.497845748632810192e+01 -1.060320057613675537e+01 0.000000000000000000e+00
1.770927470635330625e+00 -1.472576199921772400e+01 0.000000000000000000e+00
-1.197388792078023201e+01 -2.648124130363601836e+00 0.000000000000000000e+00
-6.319759818578401855e+00 6.388266478122894831e+00 0.000000000000000000e+00
-2.710935881474260345e+00 -1.123928881713022321e+01 0.000000000000000000e+00
1.213276101452999711e+01 1.121218702590214633e+01 0.000000000000000000e+00
6.813703754732130413e+00 3.832447892129290934e-01 0.000000000000000000e+00
3.707522387426161803e+00 1.828475185405056891e+01 0.000000000000000000e+00
9.281920166500453817e+00 -1.388765760621635792e+01 0.000000000000000000e+00
-1.126840745946294575e+01 1.204844768311300163e+00 0.000000000000000000e+00
-1.764497111213966107e+01 -6.400012827165438623e+00 0.000000000000000000e+00
1.661655686235121010e+01 3.254375837698047835e+00 0.000000000000000000e+00
-1.436161287168930301e+01 1.169193097646252610e+01 0.000000000000000000e+00
-5.475018753034599506e-01 -1.405131712688983647e+01 0.000000000000000000e+00
2.567806877973825230e+00 -1.832997102513887810e+01 0.000000000000000000e+00
-2.577030503096441993e+00 -6.678876790325819712e+00 0.000000000000000000e+00
1.105975444227966165e+01 4.472568428007384078e+00 0.000000000000000000e+00
3.262231000777372714e+00 -1.526708831283824885e+01 0.000000000000000000e+00
-4.775666915039592730e+00 -1.695242356856510213e+01 0.000000000000000000e+00
7.971319384353473758e+00 -6.112089552987213459e+00 0.000000000000000000e+00
4.608255993623586733e+00 -2.130528088789533925e+00 0.000000000000000000e+00
-6.278039662429705459e+00 -2.217621316519809760e+00 0.000000000000000000e+00
-1.378914991661753042e+01 4.571591637404847752e+00 0.000000000000000000e+00
1.576346229656564724e+01 -6.881151333811511783e+00 0.000000000000000000e+00
-1.644318397653755426e+01 -1.866995656992095354e+00 0.000000000000000000e+00
-1.680779640396815111e+01 7.427314207124653400e+00 0.000000000000000000e+00
8.142485082606912172e+00 1.558883985432674102e+01 0.000000000000000000e+00
3.383287427837451844e+00 -5.621703552060367315e+00 0.000000000000000000e+00
-8.415256492085799067e+00 1.431046076010510504e+01 0.000000000000000000e+00
