7.590916358476881953e+00 1.029603902557450645e+01 0.000000000000000000e+00
-1.758550149850651945e+00 -1.295300234432230546e+01 0.000000000000000000e+00
-1.464198617198647767e+01 -2.023202797525436303e+00 0.000000000000000000e+00
-9.231345694975093830e-01 -4.127441260561969472e+00 0.000000000000000000e+00
3.670418464860218055e+00 2.020188513385740622e-03 0.000000000000000000e+00
-8.085150891428993347e+00 -7.566609772725951810e-01 0.000000000000000000e+00
1.474346142525157610e+01 -1.075015035783709294e+01 0.000000000000000000e+00
-1.266248344890817812e+01 -1.139279408104650138e+01 0.000000000000000000e+00
-9.307568833303470512e+00 3.151889364954933992e-01 0.000000000000000000e+00
1.760432257628150055e+01 4.313862527445304629e+00 0.000000000000000000e+00
1.150748047157022036e+01 -5.055312214504016355e-01 0.000000000000000000e+00
1.389662262934141346e+01 9.317289091829920267e+00 0.000000000000000000e+00
5.627929248108111793e+00 -4.452273797722543947e+00 0.000000000000000000e+00
1.128498838748439326e+01 -2.359715396049403058e+00 0.000000000000000000e+00
4.942745250436530458e-01 1.885500302181920773e+01 0.000000000000000000e+00
-9.603843827678231193e+00 9.280986343398476279e+00 0.000000000000000000e+00
7.063535814247233091e+00 1.263054889139577774e+01 0.000000000000000000e+00
-6.390421488094591318e+00 8.255809926718573166e+00 0.000000000000000000e+00
-5.366740525400489403e+00 -1.255163097928746829e+01 0.000000000000000000e+00
4.030544401517946795e+00 -5.005859335746123406e+00 0.000000000000000000e+00
1.029827842184559472e+01 5.586857186764954797e+00 0.000000000000000000e+00
9.512146576965022859e+00 -1.940608119837591961e+00 0.000000000000000000e+00
6.135040043886739625e+00 -1.613100374047017382e+01 0.000000000000000000e+00
2.592072849630333575e+00 5.070509270226368770e+00 0.000000000000000000e+00
-1.608152134666130095e+01 9.959622794990547590e+00 0.000000000000000000e+00
-7.826219303677711459e+00 -8.732197713688893970e+00 0.000000000000000000e+00
2.288183667778236341e+00 -1.380146782032333164e+01 0.000000000000000000e+00
2.098074249038752725e+00 1.428362795097469196e+01 0.000000000000000000e+00
4.150777669851430041e+00 1.240301038840564019e+01 0.000000000000000000e+00
1.038988609251422890e+00 4.330046808332517649e+00 0.000000000000000000e+00
1.403709128813873441e+01 6.769328120023320849e+00 0.000000000000000000e+00
4.787283896452546039e-01 -2.036179900551525979e+00 0.000000000000000000e+00
-7.018992432213164712e+00 1.236998558336517995e+01 0.000000000000000000e+00
4.912473764528715314e+00 1.247858061287070219e+00 0.000000000000000000e+00
-1.364212226176147702e+01 -9.244291119649178157e+00 0.000000000000000000e+00
-2.845860427243648516e+00 -1.872670649775906426e+01 0.000000000000000000e+00
4.213905058920194513e+00 -8.929653666969841197e+00 0.000000000000000000e+00
-7.021950702311708703e+00 -1.209665670957748063e+01 0.000000000000000000e+00
-1.002788322304317958e+01 -6.528419134018884407e+00 0.000000000000000000e+00
-1.404154810484506122e+01 7.596774097240817980e+00 0.000000000000000000e+00
5.535193569797436375e+00 2.647619557134048396e+00 0.000000000000000000e+00
-5.228691464642748699e+00 -7.912075900402848916e+00 0.000000000000000000e+00
1.329029304818328328e+01 -9.429549397482098527e+00 0.000000000000000000e+00
-2.652823243768016592e+00 -1.040422408192593018e+01 0.000000000000000000e+00
1.812724615586788213e+00 -1.730726503968974939e+01 0.000000000000000000e+00
-1.931101620917359707e+00 1.511467316426234575e+01 0.000000000000000000e+00
1.079191846156779100e+01 9.186837083537481519e+00 0.000000000000000000e+00
-3.305564544938101257e+00 -3.317819418993628755e+00 0.000000000000000000e+00
-9.426477570749971946e+00 -1.124893189136063398e+01 0.000000000000000000e+00
-1.295200733941689286e+01 -7.808360475960501645e+00 0.000000000000000000e+00
-9.030011958804527339e+00 6.485716545078679118e+00 0.000000000000000000e+00
1.821118231206289906e+01 -1.198421875940585357e+00 0.000000000000000000e+00
8.810192731154289802e+00 -1.521425396468171698e+01 0.000000000000000000e+00
6.159045291556198842e-01 -6.514246753996962624e+00 0.000000000000000000e+00
-5.324365085426015831e+00 2.645910496641594278e+00 0.000000000000000000e+00
9.216091315675344064e-02 -9.262453955553473506e+00 0.000000000000000000e+00
-1.144586738020342231e+01 4.605814800778605722e+00 0.000000000000000000e+00
-9.987977523944083780e-01 1.262049627810495878e+01 0.000000000000000000e+00
1.448730635499535957e+01 -1.092842777095084095e-01 0.000000000000000000e+00
8.925409219467580257e+00 1.242230222137407658e+01 0.000000000000000000e+00
1.144046527641901179e+00 -7.926727994604713778e+00 0.000000000000000000e+00
-3.827587636467246313e+00 5.930471520475075309e+00 0.000000000000000000e+00
-5.087314285650749390e+00 1.268827914539595980e+01 0.000000000000000000e+00
-6.793479948676267810e+00 4.434265849647038849e+00 0.000000000000000000e+00
-8.981014240184707731e+00 1.535550564715537192e+01 0.000000000000000000e+00
-3.380628721540557713e+00 1.427298557020864855e+01 0.000000000000000000e+00
-2.359316293239089202e+00 9.445600701218904049e+00 0.000000000000000000e+00
-1.168169952454192817e+01 -6.244974791496257893e+00 0.000000000000000000e+00
4.041016507128987634e+00 9.759901324747458418e+00 0.000000000000000000e+00
-5.967574166069973707e+00 6.343298012834851285e+00 0.000000000000000000e+00
5.902869525569033549e+00 8.766302070608642083e+00 0.000000000000000000e+00
-2.500779794676033507e+00 -1.469375484180713798e+01 0.000000000000000000e+00
-1.588836126341278820e+01 -7.859182261417531734e+00 0.000000000000000000e+00
1.351768867075987224e+01 -5.070143367991920336e+00 0.000000000000000000e+00
1.938529137570513594e+00 3.210801978869454731e-01 0.000000000000000000e+00
4.249625136446669948e+00 6.552778198270154952e+00 0.000000000000000000e+00
-3.102876305038611893e+00 1.729627570992514407e+01 0.000000000000000000e+00
-6.382531573329651708e-01 5.528249389986571671e+00 0.000000000000000000e+00
4.963704034407406596e+00 -7.173424175606007758e+00 0.000000000000000000e+00
-5.291712950409237948e+00 1.556510169527202336e+01 0.000000000000000000e+00
-1.730385350164178826e+00 -2.483467371517062983e+00 0.000000000000000000e+00
-1.353182627511676017e+01 1.061572001314428171e+01 0.000000000000000000e+00
-1.690961115669057335e+01 5.043045632281976332e+00 0.000000000000000000e+00
-4.557819749349875771e+00 -1.610798334887867611e+01 0.000000000000000000e+00
-7.208008372111028628e+00 -5.704310196048196779e+00 0.000000000000000000e+00
2.586302781535390949e+00 7.070039717114241284e+00 0.000000000000000000e+00
8.121708914566562854e+00 1.591397042332964240e+01 0.000000000000000000e+00
-2.445021229985079536e+00 -9.712041236781602249e-01 0.000000000000000000e+00
-2.706840651638596995e+00 4.460113784228487255e+00 0.000000000000000000e+00
1.333730310668104835e+01 4.239885206714008703e+00 0.000000000000000000e+00
6.977632354648101831e+00 -1.143914872713246567e+01 0.000000000000000000e+00
-1.307675385967388593e+01 2.711889132942062908e+00 0.000000000000000000e+00
-1.359183853908751516e+01 1.305324919107969706e+01 0.000000000000000000e+00
1.658712389033507817e+00 1.080516947032540820e+01 0.000000000000000000e+00
-1.058137639369648220e+01 2.030983408817479852e+00 0.000000000000000000e+00
3.917228209914468628e+00 -1.658479777443480074e+01 0.000000000000000000e+00
-9.831730794835548792e+00 -1.264997926853116628e+00 0.000000000000000000e+00
1.129798370577425715e+01 -9.741542188215312592e+00 0.000000000000000000e+00
-2.273058601524459377e+00 2.434580371098643781e+00 0.000000000000000000e+00
1.430466143478571039e+00 -3.604142484255129286e+00 0.000000000000000000e+00
8.025176450778781501e+00 -1.678259183522549236e+01 0.000000000000000000e+00
-1.217676866643848221e+01 1.138033670807305775e+01 0.000000000000000000e+00
1.756465357290138529e+00 1.772096704328563277e+01 0.000000000000000000e+00
-1.301823230672604836e+01 -1.349579487147953571e+01 0.000000000000000000e+00
-3.439096491151540924e+00 -8.665846261515058657e+00 0.000000000000000000e+00
5.272519903499563121e+00 -1.794205413266094951e+01 0.000000000000000000e+00
1.822329128337154103e+01 2.677136368906077646e+00 0.000000000000000000e+00
7.662138497477353205e+00 1.248371786364983249e+00 0.000000000000000000e+00
-9.928241005218190196e+00 -3.420766813770804493e+00 0.000000000000000000e+00
-2.758540425419399256e+00 -1.706389496883690171e+01 0.000000000000000000e+00
-2.746523887811499254e+00 1.202058066052149243e+01 0.000000000000000000e+00
1.147845782546247762e+01 -1.320258309732423285e+01 0.000000000000000000e+00
-1.022360178537913100e+01 -1.589688311047761538e+01 0.000000000000000000e+00
-8.776332700810232978e+00 3.625517009949371428e+00 0.000000000000000000e+00
6.278697496339083806e+00 1.574236165064763426e+01 0.000000000000000000e+00
-1.594318080484684508e+01 6.954698514558750322e-01 0.000000000000000000e+00
-7.452085226085996439e+00 1.694024509400203371e+01 0.000000000000000000e+00
6.513543275921229281e+00 -1.437330345651938579e+01 0.000000000000000000e+00
-2.086232752607492635e+00 8.783192049132986234e-01 0.000000000000000000e+00
1.328987836248422383e+01 1.663057613542187507e+00 0.000000000000000000e+00
1.391163546308040111e+01 1.089321142463732706e+01 0.000000000000000000e+00
7.378015377342851622e+00 -4.823213123110925871e+00 0.000000000000000000e+00
-5.135700119820032938e+00 -3.924619113976545837e+00 0.000000000000000000e+00
-8.603071878285916796e+00 1.231943782795850595e+01 0.000000000000000000e+00
-7.271847368126671540e+00 1.894245871669792969e+00 0.000000000000000000e+00
6.156764064678240445e+00 6.794190185783707925e+00 0.000000000000000000e+00
1.281506044134722444e+01 -3.357322423248332743e+00 0.000000000000000000e+00
-9.985437014322302574e+00 1.416286049972718608e+01 0.000000000000000000e+00
-7.454348768765186151e+00 -1.526452878624542997e+01 0.000000000000000000e+00
7.605139818937791674e+00 -6.495779272241552604e+00 0.000000000000000000e+00
1.219231811822534617e+01 5.473460798767244562e+00 0.000000000000000000e+00
6.614690934022852353e+00 -1.087227579959234136e+00 0.000000000000000000e+00
3.621805101685219519e+00 1.828681974055480453e+01 0.000000000000000000e+00
6.616989533463268458e+00 -2.963580532136609769e+00 0.000000000000000000e+00
6.612851370528566086e+00 -9.470113796854544574e+00 0.000000000000000000e+00
-1.155692639656678899e+01 4.850703251169952157e-01 0.000000000000000000e+00
1.508605102248396790e+01 3.726883163969600066e+00 0.000000000000000000e+00
-1.641881089940335769e+00 1.870918788734743288e+01 0.000000000000000000e+00
-6.146137749871368072e+00 -1.675914439198602057e+00 0.000000000000000000e+00
-9.403129212294367711e-01 -1.855915590920782776e+01 0.000000000000000000e+00
-6.337720738863814596e+00 9.843419914645014757e+00 0.000000000000000000e+00
3.172238213972563337e+00 -1.807606821923757678e+01 0.000000000000000000e+00
7.727453918282062517e+00 5.582484914489624472e+00 0.000000000000000000e+00
-7.259953978651807915e+00 1.500757568186418389e+01 0.000000000000000000e+00
-1.577402170392513270e+01 4.055861128554450801e+00 0.000000000000000000e+00
8.537812257876550959e+00 8.549445558865771844e+00 0.000000000000000000e+00
-3.979815430271460563e+00 -1.357921584780888580e+01 0.000000000000000000e+00
8.894743202087298073e+00 -4.195057060080767286e+00 0.000000000000000000e+00
1.682086625680045699e+01 -8.358631625259919318e+00 0.000000000000000000e+00
2.365889396522653065e+00 -2.256372304324098188e+00 0.000000000000000000e+00
1.700855122312847101e+01 6.544070900486577358e+00 0.000000000000000000e+00
1.118030752868360844e-01 -1.633406867731916634e+01 0.000000000000000000e+00
4.509157998656002420e+00 -1.395837290629867944e+01 0.000000000000000000e+00
1.730289692004170732e+01 -4.065440276994470636e+00 0.000000000000000000e+00
-1.414098003503326773e+01 9.309970463671958241e-01 0.000000000000000000e+00
5.180534527115677079e+00 1.419537394820438259e+01 0.000000000000000000e+00
-9.573219501899794537e-01 -6.272937205519057535e+00 0.000000000000000000e+00
3.877351643232409106e+00 1.534457014695961874e+01 0.000000000000000000e+00
1.748173138837578833e+01 -6.659332797141926719e+00 0.000000000000000000e+00
9.674685796739321830e+00 9.363131909127829777e-01 0.000000000000000000e+00
-1.788147997419243396e+01 8.857526622745522937e-01 0.000000000000000000e+00
-1.646894310904127323e+01 -3.690731156915421973e+00 0.000000000000000000e+00
-1.724269929995835327e+01 3.505489027211742492e+00 0.000000000000000000e+00
-5.368354407314803289e+00 -1.030404911566586357e+01 0.000000000000000000e+00
-1.672781087365087416e+01 7.855975142522952481e+00 0.000000000000000000e+00
4.162330459562526563e+00 -1.139824615535767194e+01 0.000000000000000000e+00
-4.045343961715206937e+00 -1.176956230657343028e+01 0.000000000000000000e+00
-1.588392539766105216e+01 -5.755800185089588794e+00 0.000000000000000000e+00
-1.263264734777150444e+01 6.339320382999082071e+00 0.000000000000000000e+00
-1.401482096693737667e+01 -5.180258318166922393e+00 0.000000000000000000e+00
-1.818704043012757054e+01 -2.777605347777758915e+00 0.000000000000000000e+00
2.686937133112304199e+00 3.269329658025861285e+00 0.000000000000000000e+00
1.091934103085963237e+01 -5.012695727713972538e+00 0.000000000000000000e+00
8.551837820437265592e+00 -1.154572535609343831e+01 0.000000000000000000e+00
2.660447060215538964e-02 1.481515142330515644e+01 0.000000000000000000e+00
-1.094884820352035959e+01 -1.015091795540242714e+01 0.000000000000000000e+00
8.848436688480182610e+00 -9.958966471220355388e+00 0.000000000000000000e+00
1.236800283149185198e+01 1.303003105102860815e+01 0.000000000000000000e+00
-1.216335450433647480e+01 -1.448347958613657616e+00 0.000000000000000000e+00
1.234861877718144640e+01 9.413439548328931039e+00 0.000000000000000000e+00
1.086189367996711752e+01 1.523274444269947026e+01 0.000000000000000000e+00
1.558787258854258440e+01 7.722496252011535667e+00 0.000000000000000000e+00
-4.465999044332277790e-01 8.009170921472070770e-01 0.000000000000000000e+00
-7.362247190847404532e+00 -2.678634907442951629e+00 0.000000000000000000e+00
1.611255015432375259e+01 1.765315434542981787e+00 0.000000000000000000e+00
-1.535912328770356794e+01 6.092813508501561337e+00 0.000000000000000000e+00
-1.514563573911502203e+00 -9.086535246130527099e+00 0.000000000000000000e+00
7.426862640386643122e+00 3.311792803610395630e+00 0.000000000000000000e+00
-1.099277440963833818e+01 1.013987567211092689e+01 0.000000000000000000e+00
8.696246832879516830e+00 -8.288644230510003652e+00 0.000000000000000000e+00
-5.697137324291072780e+00 -1.712700618284341303e+01 0.000000000000000000e+00
-4.677097452434120228e+00 9.802902527851378167e+00 0.000000000000000000e+00
-1.730450312479343467e+01 -1.368410806988020312e+00 0.000000000000000000e+00
1.899754474217693723e+00 -1.888808705438846403e+01 0.000000000000000000e+00
1.481751183843151409e+01 -7.200479407076891825e+00 0.000000000000000000e+00
9.631675268886796815e-01 6.010568998530193774e+00 0.000000000000000000e+00
2.500400542309108243e+00 -1.218311716160160962e+01 0.000000000000000000e+00
7.521026231329178025e+00 1.448899949690030020e+01 0.000000000000000000e+00
-7.817618011434742442e+00 -1.361835225619896583e+01 0.000000000000000000e+00
-1.221764878454484560e+01 8.693346276327600819e+00 0.000000000000000000e+00
-1.376515869222191490e+01 -7.422740885111224207e-01 0.000000000000000000e+00
1.150919981965672356e+01 2.069182801626705093e+00 0.000000000000000000e+00
-3.827577394332285721e+00 2.025958703674214934e-01 0.000000000000000000e+00
-7.937635337295532167e+00 -1.024417614737310522e+01 0.000000000000000000e+00
1.527480941823489680e+01 5.776253058143828056e+00 0.000000000000000000e+00
7.126031468499580690e+00 1.708870669332213055e+01 0.000000000000000000e+00
4.154230995549204941e+00 8.126846749542112391e+00 0.000000000000000000e+00
8.225342927636716261e-01 1.240611581839376498e+01 0.000000000000000000e+00
1.092636409897704830e+01 1.089309856579118829e+01 0.000000000000000000e+00
1.093540721497972967e+01 -7.415229406532989564e+00 0.000000000000000000e+00
8.089553472648571386e+00 -1.381734166870877800e+00 0.000000000000000000e+00
1.401346136824795474e+00 9.067676920438966448e+00 0.000000000000000000e+00
-3.987758864554222793e+00 -5.859816088763466269e+00 0.000000000000000000e+00
1.512147323837228052e+00 -1.537891519104326576e+01 0.000000000000000000e+00
-9.658166179864304368e+00 1.083971933799016973e+01 0.000000000000000000e+00
1.584538042476945918e+01 -5.438701949441312244e+00 0.000000000000000000e+00
-1.154979777359002924e+01 -3.744004841508682180e+00 0.000000000000000000e+00
-1.512287528805659065e+01 -1.041256209506480879e+01 0.000000000000000000e+00
-1.225383041224098513e+01 1.382161636861648191e+01 0.000000000000000000e+00
1.519949846184447928e+01 -3.708816119130009525e+00 0.000000000000000000e+00
-1.911902195085446010e+00 7.700429592967821257e+00 0.000000000000000000e+00
-1.742552054442176868e+01 -6.552906351812467278e+00 0.000000000000000000e+00
-2.662422786335504554e+00 -6.717882152630754611e+00 0.000000000000000000e+00
5.420568712140271472e+00 4.160792882931042769e+00 0.000000000000000000e+00
1.312883671343557346e+01 -1.269733648539023640e+01 0.000000000000000000e+00
-9.946731478788562342e+00 -1.290998198785173123e+01 0.000000000000000000e+00
-9.861671429860765059e+00 5.215756897581337981e+00 0.000000000000000000e+00
5.835621750891635706e+00 1.806117098222462047e+01 0.000000000000000000e+00
-1.078643415163852204e+01 8.097502485547440898e+00 0.000000000000000000e+00
9.218652430662690023e+00 3.422595387294461222e+00 0.000000000000000000e+00
9.499616001220493544e+00 -5.628906489776898781e+00 0.000000000000000000e+00
1.306459062324623055e+01 -1.360177584892668268e+00 0.000000000000000000e+00
4.657824907724394059e+00 -2.168430201944317570e+00 0.000000000000000000e+00
5.338530085021664373e-01 2.142438394926994949e+00 0.000000000000000000e+00
-7.830254916240937391e+00 -1.722851568339738648e+01 0.000000000000000000e+00
1.892926738738703207e+01 6.886327185050379329e-01 0.000000000000000000e+00
-7.922380827987954177e+00 1.000992516041374714e+01 0.000000000000000000e+00
-5.495853072348827695e+00 1.115283724708388391e+01 0.000000000000000000e+00
3.808649848747798772e-01 7.957874463682660604e+00 0.000000000000000000e+00
2.418953088306318833e+00 -6.560262242816060407e+00 0.000000000000000000e+00
1.098857878384892039e+01 3.564814866711770058e+00 0.000000000000000000e+00
1.614573111352638435e+01 9.220101269237790831e+00 0.000000000000000000e+00
-4.029956766153177106e-01 -1.099915294330052085e+01 0.000000000000000000e+00
1.671783891667059763e+01 -2.313827165027547483e+00 0.000000000000000000e+00
9.242957987756968308e+00 1.431594085523951065e+01 0.000000000000000000e+00
2.320052179605199161e+00 1.593213899697610714e+01 0.000000000000000000e+00
-1.439174646175151828e+01 -3.542886947196395742e+00 0.000000000000000000e+00
-1.793469347331313202e+01 -4.799787384630691989e+00 0.000000000000000000e+00
-3.747768139538172338e+00 8.358228666530010287e+00 0.000000000000000000e+00
1.528132991580288813e+00 -9.745761017742205823e+00 0.000000000000000000e+00
1.256688941317903208e+01 -1.125617515302115201e+01 0.000000000000000000e+00
-1.303972688315778861e+01 4.809421036562869567e+00 0.000000000000000000e+00
-9.064813072123822479e+00 -1.455454316231506162e+01 0.000000000000000000e+00
-5.720349971795246624e-01 1.088161905603034718e+01 0.000000000000000000e+00
1.097313532301624583e+01 7.301862695668294378e+00 0.000000000000000000e+00
1.583695863274441251e+01 -9.528144621778293910e-01 0.000000000000000000e+00
