-5.648272197220878255e+00 -1.593772946520871514e+01 0.000000000000000000e+00
1.318059772018028752e+01 7.749529227428551437e+00 0.000000000000000000e+00
-1.400576671495250913e+01 -1.177838920546482626e+01 0.000000000000000000e+00
1.338250374892423444e+01 -8.208433025934008143e+00 0.000000000000000000e+00
-1.150037974155842768e+01 -6.244813217605111433e+00 0.000000000000000000e+00
6.499813960845717276e+00 1.636791645704525777e+01 0.000000000000000000e+00
3.686896954490182843e+00 -1.675462375308477192e+01 0.000000000000000000e+00
6.340046129067482106e+00 -1.070466141095628387e+01 0.000000000000000000e+00
-1.579801184721046603e+01 -3.725561614053888526e+00 0.000000000000000000e+00
-1.649620761176815620e+01 -7.339552268514938582e+00 0.000000000000000000e+00
-1.037658323556299145e+01 -1.390863070137932755e+00 0.000000000000000000e+00
1.132615586928475970e+01 -9.427131827083327309e+00 0.000000000000000000e+00
-5.408450084123137991e+00 3.940146979916806291e+00 0.000000000000000000e+00
4.810200585544656349e+00 -9.522752615605972082e+00 0.000000000000000000e+00
1.767814640599861375e+00 2.544438413454011894e+00 0.000000000000000000e+00
1.138376877951493249e+01 -1.148732375133245753e+01 0.000000000000000000e+00
4.594707768953426807e+00 3.665389604267163204e+00 0.000000000000000000e+00
7.111465518621937321e+00 1.193129874376790411e+01 0.000000000000000000e+00
-1.086174164235255901e+01 1.064691948632433594e+01 0.000000000000000000e+00
4.304470979133808051e+00 1.520528239641044266e+01 0.000000000000000000e+00
7.631838740819630651e+00 -9.453373709942766823e+00 0.000000000000000000e+00
-1.574113661268697228e+00 -1.397750650673968487e+01 0.000000000000000000e+00
1.149329410176392408e+01 -4.265648619389297735e+00 0.000000000000000000e+00
-9.307598854132562494e+00 -1.122676521141223738e+01 0.000000000000000000e+00
-1.372009281073994913e+01 1.235295743943232338e+01 0.000000000000000000e+00
1.215318024981087319e+01 1.312217192608225602e+01 0.000000000000000000e+00
-1.011869937529635877e+01 -5.564731976849886408e+00 0.000000000000000000e+00
-6.814676074193837252e-01 -5.838746802252320123e+00 0.000000000000000000e+00
-5.517613520989547382e+00 8.107207956702959351e+00 0.000000000000000000e+00
1.322684586201914492e+01 9.712228275496596064e-01 0.000000000000000000e+00
1.433251706681192417e+01 6.281167297797323634e+00 0.000000000000000000e+00
-1.458465938871409939e+01 1.692099307443388323e+00 0.000000000000000000e+00
-5.982277548099084186e+00 1.654579538380875192e+01 0.000000000000000000e+00
1.388640715938130121e+01 -9.709609320696335644e+00 0.000000000000000000e+00
-4.089290344540419397e+00 1.545330748763225337e+01 0.000000000000000000e+00
-6.092206175625380915e+00 -4.478572287206014302e+00 0.000000000000000000e+00
2.258270033505864749e+00 7.729298105058907353e+00 0.000000000000000000e+00
-6.644918201929190360e+00 5.767621075610593451e+00 0.000000000000000000e+00
-1.612050115910009396e+01 3.534324736936332201e+00 0.000000000000000000e+00
-1.425252046384740545e+01 -9.415641822750908219e+00 0.000000000000000000e+00
-1.331059040496625556e+01 9.378557978395450689e+00 0.000000000000000000e+00
-9.454369521716976976e+00 -9.685800400347263306e+00 0.000000000000000000e+00
-2.907697347633148688e+00 -1.584071075066757217e+01 0.000000000000000000e+00
-9.186362165925672230e+00 2.959330947477988527e+00 0.000000000000000000e+00
5.955828499125922271e+00 6.653480867623477124e+00 0.000000000000000000e+00
1.298415204418884095e+01 -6.010549470105286396e+00 0.000000000000000000e+00
-1.807519964274465352e+01 -5.314053531971221211e+00 0.000000000000000000e+00
-3.817431033172709043e+00 7.304424462352464786e+00 0.000000000000000000e+00
1.822615784579416953e+01 -3.665391651400017103e+00 0.000000000000000000e+00
-1.537977733342174425e+01 8.690194779972379990e+00 0.000000000000000000e+00
-1.142892190684353798e-01 -8.500456601486321873e+00 0.000000000000000000e+00
-8.062198170631347693e+00 -4.931081753828702396e+00 0.000000000000000000e+00
4.763659111313264027e+00 -3.601144672247040823e+00 0.000000000000000000e+00
-4.631536738787517926e+00 1.086306921298946548e+01 0.000000000000000000e+00
1.380459807592497157e+01 -1.232102817187834098e+01 0.000000000000000000e+00
-1.083039659916719799e+01 -1.218750643687454627e+01 0.000000000000000000e+00
1.507407884537873954e+01 -8.770554030687250702e+00 0.000000000000000000e+00
-1.157791228852257071e+01 1.339686728019589212e+00 0.000000000000000000e+00
-1.000336395124798727e+01 1.381688245912509139e+01 0.000000000000000000e+00
-1.004925509958071217e+01 7.019847610999983445e+00 0.000000000000000000e+00
6.243165890162378773e+00 -8.672839559778672935e+00 0.000000000000000000e+00
7.628552178635213954e-01 -5.190610947619313187e+00 0.000000000000000000e+00
-1.409989159197220054e+01 -4.487278448039701217e+00 0.000000000000000000e+00
-1.615925439763705640e+01 -2.145512768009327775e+00 0.000000000000000000e+00
1.631841315671586656e+01 9.627762631247600567e+00 0.000000000000000000e+00
-3.082201801988009304e+00 -2.712477288817048748e+00 0.000000000000000000e+00
9.653690701610756264e+00 8.060109540614758927e+00 0.000000000000000000e+00
4.296919043856677334e-01 7.429639987173949578e+00 0.000000000000000000e+00
1.034504676412567115e+01 9.332659979548102447e-01 0.000000000000000000e+00
1.204641139765583802e+01 5.937987476323308478e+00 0.000000000000000000e+00
7.453129934445221316e+00 6.259769729332943733e+00 0.000000000000000000e+00
2.707879639193881083e+00 -9.006293736561024943e+00 0.000000000000000000e+00
-1.822485223066035687e+01 5.003083696334343244e+00 0.000000000000000000e+00
-9.148119154722708757e+00 9.922514471643395950e+00 0.000000000000000000e+00
-8.437025132700661345e+00 6.465181606019984706e+00 0.000000000000000000e+00
-1.807731913844406435e+01 2.627337273540051754e+00 0.000000000000000000e+00
9.242010707017442428e+00 -5.172823666454362979e+00 0.000000000000000000e+00
-7.403681009031862992e+00 -9.843180714520393337e+00 0.000000000000000000e+00
1.606507342064052768e+00 -1.203105329007355628e+01 0.000000000000000000e+00
2.151438398591850376e+00 -2.756310725506160519e+00 0.000000000000000000e+00
-2.740873407388297434e+00 -1.061208282287328997e+00 0.000000000000000000e+00
1.512624503030652601e-01 1.120801828988639848e+01 0.000000000000000000e+00
4.293306362880152882e+00 -1.387676938571146934e+00 0.000000000000000000e+00
-1.465323440284712753e+01 -2.196154018476513148e+00 0.000000000000000000e+00
8.004784189818263229e+00 1.710140485377377217e+01 0.000000000000000000e+00
2.573204495406871128e+00 1.840044897449714867e+01 0.000000000000000000e+00
-4.560544459874148693e+00 -4.753204905994094176e+00 0.000000000000000000e+00
1.550442471442179837e+01 5.164653015138230607e+00 0.000000000000000000e+00
8.193110389241782698e+00 -2.458382526673697388e+00 0.000000000000000000e+00
-1.117750555935483625e+01 3.288843432889359875e+00 0.000000000000000000e+00
9.503910556813794486e+00 1.285935182606977278e+01 0.000000000000000000e+00
1.418874661992688324e+01 -2.967380423182865989e+00 0.000000000000000000e+00
1.714968402528912961e+01 3.457283700649226521e+00 0.000000000000000000e+00
-1.358583295649703926e+00 5.472844951054415930e+00 0.000000000000000000e+00
-1.269321659561043347e+01 5.509316756176887431e+00 0.000000000000000000e+00
1.528157267812243525e+01 -3.593763854860525520e-01 0.000000000000000000e+00
-1.175169533074693540e+01 -4.463855405946673294e+00 0.000000000000000000e+00
-6.907408726930862608e-01 3.634054408099782751e+00 0.000000000000000000e+00
-2.983447326809771205e+00 1.157547006540503887e+01 0.000000000000000000e+00
7.866450962887299170e+00 -4.219822253792451683e+00 0.000000000000000000e+00
-3.314923458935623124e+00 -1.285552283224215131e+01 0.000000000000000000e+00
2.999436343427254847e+00 1.224735117724497613e+01 0.000000000000000000e+00
-1.604923126050944449e+00 2.217083090674532020e+00 0.000000000000000000e+00
-2.431450969459681422e-01 -2.786276511170039605e+00 0.000000000000000000e+00
2.015208204043971996e-01 -1.375872746152144011e+01 0.000000000000000000e+00
-1.186198223321111378e+01 -1.010134356499777475e+01 0.000000000000000000e+00
1.873133122923721672e+01 3.288663213198986801e-01 0.000000000000000000e+00
-2.207497266672396208e+00 1.009517377050374343e+01 0.000000000000000000e+00
-1.227089989418553095e+01 1.277276403141043737e+01 0.000000000000000000e+00
-6.614925056193055930e+00 -7.802018820320531844e+00 0.000000000000000000e+00
1.264243140623720940e+01 -9.636300789384342202e-01 0.000000000000000000e+00
-1.445286934322475680e+01 -6.391838258981818122e+00 0.000000000000000000e+00
-9.476776728409239681e+00 5.317818581992552751e+00 0.000000000000000000e+00
4.203972742408459418e+00 -6.861940313519764523e+00 0.000000000000000000e+00
5.398428761383685881e+00 1.358676069687410859e+01 0.000000000000000000e+00
-9.696586906087292235e+00 -2.891664938149150377e+00 0.000000000000000000e+00
8.938022625348670758e+00 1.536778374103941402e+01 0.000000000000000000e+00
6.924679480315762525e+00 4.269176079480683783e-01 0.000000000000000000e+00
1.009817997977962811e+01 -8.492211505915523873e+00 0.000000000000000000e+00
-5.420735580806749887e+00 1.270665904851462358e+01 0.000000000000000000e+00
5.415644106456465323e+00 -3.682035061025150102e-01 0.000000000000000000e+00
-1.689070543265897584e+01 -2.768075645059628331e-01 0.000000000000000000e+00
8.650208292094887952e+00 8.993839250760793380e-02 0.000000000000000000e+00
2.160685047608069009e+00 4.265860527720698236e+00 0.000000000000000000e+00
1.423604878161937037e+01 9.663688834929359928e+00 0.000000000000000000e+00
-1.178037721330974996e+01 -1.377592696275619844e+01 0.000000000000000000e+00
-1.782080494950905036e+00 1.255007230545130348e+01 0.000000000000000000e+00
4.024530103251207080e+00 6.991597988995482682e-01 0.000000000000000000e+00
-8.185009744887338456e+00 1.147213263952586004e+01 0.000000000000000000e+00
7.516100597976659969e+00 -1.444911528576828808e+01 0.000000000000000000e+00
8.515316933437077296e+00 2.369724985244458182e+00 0.000000000000000000e+00
5.014166823553865449e+00 5.367733323205506224e+00 0.000000000000000000e+00
5.363728946619658267e+00 -1.220612569480074683e+01 0.000000000000000000e+00
1.465055616752035306e+01 -5.357063493651271990e+00 0.000000000000000000e+00
-1.216149849332768085e+01 -8.905797693905141976e-01 0.000000000000000000e+00
-7.083506827633843983e+00 -1.445707568984235358e+01 0.000000000000000000e+00
-7.957174888234002985e+00 1.139521802969129388e-01 0.000000000000000000e+00
-4.834954587304573614e+00 1.015248140239893404e+00 0.000000000000000000e+00
1.642992977701992885e+01 6.689517302220828299e+00 0.000000000000000000e+00
8.275887765079849245e+00 1.091064762960934331e+01 0.000000000000000000e+00
-5.832510216529168012e+00 -1.782621718672431044e+01 0.000000000000000000e+00
-2.398150837378019151e+00 -6.834534695881425037e+00 0.000000000000000000e+00
-1.123767138408399191e+01 1.477228765738462180e+01 0.000000000000000000e+00
-1.316014192150060325e+01 -8.088723814300564641e+00 0.000000000000000000e+00
7.618452641883201260e+00 -1.737282464491875444e+01 0.000000000000000000e+00
-7.302993972674525658e+00 -3.046181267021787598e+00 0.000000000000000000e+00
-3.211968354516975488e+00 4.766557430676505724e+00 0.000000000000000000e+00
1.886988340056091173e+00 -1.510556731837449362e+01 0.000000000000000000e+00
-8.556040844734415174e+00 -1.377471898562674824e+01 0.000000000000000000e+00
1.862134481483144199e+01 -1.282279966339264110e+00 0.000000000000000000e+00
-1.004657657607701182e+01 -1.398854881815304374e+01 0.000000000000000000e+00
-3.121261712133296840e+00 2.221038951906852077e+00 0.000000000000000000e+00
-5.259588378878705228e+00 -2.773521797830488911e+00 0.000000000000000000e+00
1.209974397628127862e+00 -1.031709533258398537e+01 0.000000000000000000e+00
-1.515481315115655470e+01 6.014541139728359020e+00 0.000000000000000000e+00
-1.083837986422349298e+00 -1.713331999709040687e+01 0.000000000000000000e+00
9.848915677616229658e+00 -3.313303361026377125e+00 0.000000000000000000e+00
7.305936999278671351e+00 -5.896353171456762965e+00 0.000000000000000000e+00
1.783327222307616822e+01 -6.314333473886693859e+00 0.000000000000000000e+00
6.168370948829121403e+00 9.151137740180278257e+00 0.000000000000000000e+00
-4.414709569148235424e+00 -1.424643622764800455e+01 0.000000000000000000e+00
-1.363142209080806921e+01 3.051661099289089130e+00 0.000000000000000000e+00
-2.890637482456794416e+00 -4.604911623422045963e+00 0.000000000000000000e+00
-1.616662696903312124e+01 -9.471623621112076563e+00 0.000000000000000000e+00
1.077086383778035339e+00 1.263287772042929014e+01 0.000000000000000000e+00
-6.423040809374936266e+00 1.095578168940007480e+01 0.000000000000000000e+00
9.100046135460315710e+00 -1.339838720818670836e+01 0.000000000000000000e+00
1.232767008903304529e+01 9.882410565856146079e+00 0.000000000000000000e+00
-1.571096554979588866e+01 1.036923794967742118e+01 0.000000000000000000e+00
-3.334324343476613439e+00 4.620874879847398642e-01 0.000000000000000000e+00
7.787623669314303498e+00 -1.260154728707096261e+01 0.000000000000000000e+00
-3.860730361427320290e+00 1.717360664938063763e+01 0.000000000000000000e+00
1.214511198366236400e+01 -2.733408495250778003e+00 0.000000000000000000e+00
-4.530882669696827847e+00 -6.364442886402050803e+00 0.000000000000000000e+00
-1.821755879352339846e+01 -3.697794844685905247e+00 0.000000000000000000e+00
1.165375338176815667e+01 2.860224589563233888e+00 0.000000000000000000e+00
-1.662295046923782849e+01 7.017149883857488391e+00 0.000000000000000000e+00
5.673902164381793511e+00 -1.459346296968192824e+01 0.000000000000000000e+00
-7.373807991519068850e+00 8.556121014578772943e+00 0.000000000000000000e+00
1.012255270814097230e+01 -1.572918512984015216e+01 0.000000000000000000e+00
1.842929309566016371e+01 2.263586643727451442e+00 0.000000000000000000e+00
-3.672205750760719756e+00 -1.746254971779276843e+01 0.000000000000000000e+00
-8.438159843167435115e-02 1.638933695609601671e+01 0.000000000000000000e+00
1.553506345922224163e+01 2.564659746320576250e+00 0.000000000000000000e+00
2.014195631449320345e+00 -4.765719060173647104e-01 0.000000000000000000e+00
6.052600948229303057e+00 2.286327626779397271e+00 0.000000000000000000e+00
9.298112863348965362e+00 5.867070060568069678e+00 0.000000000000000000e+00
9.406305647618017574e+00 3.954844863077243033e+00 0.000000000000000000e+00
5.830893078217831871e+00 -1.718678291713362327e+01 0.000000000000000000e+00
-1.497960487166685439e+01 -4.574995058405580406e-01 0.000000000000000000e+00
6.381684481693851829e+00 4.328048284384464317e+00 0.000000000000000000e+00
-4.950027233056923492e+00 -9.562558071664449599e+00 0.000000000000000000e+00
1.084641375387496964e+01 1.388475608373776460e+01 0.000000000000000000e+00
-6.889387676688236262e+00 1.326382710655274266e+01 0.000000000000000000e+00
1.642623167364256531e+01 -1.394041468444735088e+00 0.000000000000000000e+00
-1.484265195775363644e+00 1.847142796728305214e+01 0.000000000000000000e+00
3.425368385812571415e+00 -1.446325977157327891e+01 0.000000000000000000e+00
1.340158152804970548e+01 1.179088007010916606e+01 0.000000000000000000e+00
3.160597510570868796e+00 6.078241352911994966e+00 0.000000000000000000e+00
-2.164109119957527749e+00 7.303671994446787608e+00 0.000000000000000000e+00
4.192569692040827967e+00 9.256917963147531125e+00 0.000000000000000000e+00
1.772228688925256757e+00 -1.683604999235735278e+01 0.000000000000000000e+00
-8.601223931422047997e+00 -1.612977555967982468e+01 0.000000000000000000e+00
-2.393332657141728159e+00 -1.855015522351376234e+01 0.000000000000000000e+00
-1.403156131120329553e+00 -3.891991638804507936e+00 0.000000000000000000e+00
-9.238270057877776553e-01 -1.146737110131506654e+01 0.000000000000000000e+00
9.051837159117677167e-01 1.517730786639732621e+01 0.000000000000000000e+00
-1.193933500877010800e+01 -2.806978416052962277e+00 0.000000000000000000e+00
9.988598561799856057e+00 -6.750728830659877389e+00 0.000000000000000000e+00
-8.568570246565640147e+00 1.604133380693204458e+01 0.000000000000000000e+00
-1.800882032430076762e+01 8.964045807275180522e-01 0.000000000000000000e+00
-5.900509351467512431e+00 -1.239975603214575983e+01 0.000000000000000000e+00
1.497617758358621032e+01 1.155137806937261225e+01 0.000000000000000000e+00
9.763613334873623373e+00 -1.354713954281664634e+00 0.000000000000000000e+00
-1.990415048185449010e+00 -8.458866637866849558e+00 0.000000000000000000e+00
3.162038157453017639e+00 -1.832347269098241682e+01 0.000000000000000000e+00
1.683890267374805916e+01 -3.056961228992659318e+00 0.000000000000000000e+00
1.285465424017307123e+00 -6.739810080105018031e+00 0.000000000000000000e+00
3.468243836851665485e+00 1.067721807485971652e+01 0.000000000000000000e+00
1.655199565229845149e+01 -7.940196153532997236e+00 0.000000000000000000e+00
-1.387370844636394907e+01 7.975409677254777563e+00 0.000000000000000000e+00
3.571167843393280972e+00 1.721192407070507358e+01 0.000000000000000000e+00
-3.817449162996939371e+00 1.301484572141703389e+01 0.000000000000000000e+00
1.156137888637178968e+01 -7.292510200006915078e+00 0.000000000000000000e+00
-1.632025285215300059e+01 -5.137463111043469866e+00 0.000000000000000000e+00
-9.599646308623531965e+00 1.197408736291557929e+01 0.000000000000000000e+00
2.070822333795443893e+00 9.879340375324829893e+00 0.000000000000000000e+00
4.250707729900183307e-01 -1.833758121870789992e+01 0.000000000000000000e+00
6.670188334181763601e+00 -1.572883286271334491e+01 0.000000000000000000e+00
-6.812954857496538175e+00 1.528572366230342894e+01 0.000000000000000000e+00
-7.127125480734757268e+00 -1.705428431867462535e+01 0.000000000000000000e+00
9.993422060682227936e+00 9.831640467888787427e+00 0.000000000000000000e+00
1.508881778937268825e+00 1.664058419810614353e+01 0.000000000000000000e+00
1.523385597654890233e+01 8.123686951611089668e+00 0.000000000000000000e+00
7.201554873698764681e+00 1.467248983927448513e+01 0.000000000000000000e+00
-8.841331994055035892e+00 -1.164788590698227377e+00 0.000000000000000000e+00
-6.067960152390162953e+00 -1.212027192770301243e+00 0.000000000000000000e+00
1.240775181876925926e+00 8.807450519161353908e-01 0.000000000000000000e+00
-3.682630015515842015e-01 7.942478545846205495e-01 0.000000000000000000e+00
-8.672823080521805394e+00 -8.402394722460128307e+00 0.000000000000000000e+00
-1.085658548500220100e+01 -8.203184540132363978e+00 0.000000000000000000e+00
3.192510604571286992e-01 -6.999594769516527260e-01 0.000000000000000000e+00
-4.056937211613557359e+00 8.903691777441601118e+00 0.000000000000000000e+00
-1.841687644947435842e+01 -1.610141436201190990e+00 0.000000000000000000e+00
-1.141761268808917329e+01 8.856437719670664066e+00 0.000000000000000000e+00
1.292458175897387740e+01 3.921255582724690214e+00 0.000000000000000000e+00
6.184252618804185531e+00 -6.903546290018541143e+00 0.000000000000000000e+00
-7.023025182085095075e+00 1.552711460792568499e+00 0.000000000000000000e+00
2.659134363420902591e+00 -5.165074912723998324e+00 0.000000000000000000e+00
3.816550963123539475e+00 -1.134677771659326417e+01 0.000000000000000000e+00
9.285417733703997811e+00 -1.082100509676525668e+01 0.000000000000000000e+00
-2.320606400588156149e+00 1.458716982783148275e+01 0.000000000000000000e+00
1.630844975776764727e+01 1.048985055753106632e+00 0.000000000000000000e+00
1.674100644432506613e+01 -4.635124643683764312e+00 0.000000000000000000e+00
5.316807161906924151e+00 1.059705814428993342e+01 0.000000000000000000e+00
2.769291162195178568e+00 1.410134142652745837e+01 0.000000000000000000e+00
