1.359429741838589401e+01 -3.073806667950233162e+00 0.000000000000000000e+00
-1.498508293947639913e+01 9.155884691507134576e+00 0.000000000000000000e+00
-1.379341904700543076e+01 3.932978995420532975e+00 0.000000000000000000e+00
-6.802315132379895601e+00 -5.342504874320897379e+00 0.000000000000000000e+00
1.220762089828720676e+01 9.982673359916951483e-01 0.000000000000000000e+00
-4.887147967722610176e+00 1.176583497666503320e+01 0.000000000000000000e+00
-4.400737280356755932e+00 -1.532382214255790309e+01 0.000000000000000000e+00
-6.272256218674344908e+00 3.128806972140111498e+00 0.000000000000000000e+00
1.584854522365275287e+01 -6.666506477231801675e+00 0.000000000000000000e+00
-2.374371305023152079e+00 -1.822435199691037511e+01 0.000000000000000000e+00
-1.689093508622270079e+01 -2.315691062150148305e+00 0.000000000000000000e+00
1.517193447673796491e+01 -1.003886456411944961e+00 0.000000000000000000e+00
3.333418239517015991e+00 -3.172763156705804999e+00 0.000000000000000000e+00
3.563142658467287838e+00 -1.260348029564448424e+01 0.000000000000000000e+00
-1.752386716674441303e+01 -5.919678783844620762e-01 0.000000000000000000e+00
4.091114643282527830e+00 6.169350245510926145e-01 0.000000000000000000e+00
1.588655633060612971e+01 6.877001687282892073e-01 0.000000000000000000e+00
5.139833485934198753e-01 1.153594557653781649e+01 0.000000000000000000e+00
1.219548265078791083e+01 1.389690537594422537e+01 0.000000000000000000e+00
1.118750307616122797e+01 -1.794284464460622175e+00 0.000000000000000000e+00
-2.413483694199986651e+00 3.815068039301053648e+00 0.000000000000000000e+00
1.710814750729286260e+01 -5.231173540307852754e+00 0.000000000000000000e+00
-1.046950551257599216e+01 -1.807378821644852196e-01 0.000000000000000000e+00
-1.349188235822599680e+01 -6.251576545630901371e+00 0.000000000000000000e+00
-6.234661291466637500e+00 -1.429088455922407874e+01 0.000000000000000000e+00
-1.040107746612958017e+01 9.334059983627552626e+00 0.000000000000000000e+00
-1.296452854058951942e+01 -1.227254363916789792e+01 0.000000000000000000e+00
-1.646981243548846052e+01 -5.547885586223899601e+00 0.000000000000000000e+00
-1.256329858396705212e+01 7.706110606206530100e+00 0.000000000000000000e+00
-6.486091607938710979e+00 -9.822744854141362225e+00 0.000000000000000000e+00
1.547748227214565908e+01 2.862410861109558002e+00 0.000000000000000000e+00
2.952538717961140868e+00 9.122054317810796675e+00 0.000000000000000000e+00
-7.764625207818991459e-01 -6.842372023003854942e+00 0.000000000000000000e+00
1.154885713109612944e+01 -6.078289574606831280e+00 0.000000000000000000e+00
1.309464961363972169e+00 -1.771088046884924383e+00 0.000000000000000000e+00
-1.898124723638735745e+01 5.760306458592379109e-01 0.000000000000000000e+00
4.607968685741223425e+00 1.349892618090523122e+01 0.000000000000000000e+00
-9.387229849019650629e+00 -1.387344482773353604e+01 0.000000000000000000e+00
-1.461503522669453581e+01 -2.521771958328044683e+00 0.000000000000000000e+00
-5.831832889127801955e+00 -3.163077474341907447e+00 0.000000000000000000e+00
1.307906041159262500e+01 -1.294341698564257293e+01 0.000000000000000000e+00
7.226154411899725183e+00 -5.909752029259613515e+00 0.000000000000000000e+00
-8.620871219082607340e+00 1.581670708313097862e+01 0.000000000000000000e+00
5.051358776808999584e-01 -1.814835370762460087e+01 0.000000000000000000e+00
2.311117603496195994e+00 1.441688844554055038e+01 0.000000000000000000e+00
-8.904805220081708939e+00 5.537099458706747690e+00 0.000000000000000000e+00
9.228926459241435509e+00 1.571945752240729099e+01 0.000000000000000000e+00
-8.997562891756818004e+00 3.043787389396646503e+00 0.000000000000000000e+00
1.113270830519489252e+01 8.576380965929905287e+00 0.000000000000000000e+00
-1.861935449099707984e+00 9.945912697359814203e+00 0.000000000000000000e+00
1.754369023002400052e+00 -1.665809467202022631e+01 0.000000000000000000e+00
-8.870004280534528718e+00 1.319882601388816390e+01 0.000000000000000000e+00
-5.404210524378468605e+00 -5.393980899988403133e-01 0.000000000000000000e+00
1.088024180971141286e+00 1.712360940555981159e+01 0.000000000000000000e+00
9.015314788191336248e+00 -4.687394743487882209e+00 0.000000000000000000e+00
-1.181186084383954693e+01 1.364407098808311147e+01 0.000000000000000000e+00
-7.994324330429797953e+00 -9.889154296961304880e+00 0.000000000000000000e+00
1.481843992045131841e+01 7.343335022163846482e+00 0.000000000000000000e+00
-1.462741435667328105e+01 -7.152843553072962823e-01 0.000000000000000000e+00
8.571417857626601133e+00 4.048216941330235130e+00 0.000000000000000000e+00
7.040826620044136064e+00 1.066277106900730942e+01 0.000000000000000000e+00
1.157868109682034463e+00 -1.316985400496822045e+01 0.000000000000000000e+00
-2.549212115137553525e+00 -8.197029528376855723e+00 0.000000000000000000e+00
1.146784277421654608e+01 4.725524517662538670e+00 0.000000000000000000e+00
1.045497094301545538e+01 -9.228172331720760013e+00 0.000000000000000000e+00
-1.828905612809062831e+01 4.552108972029357936e+00 0.000000000000000000e+00
1.295919782700720724e+01 8.615009684660503098e+00 0.000000000000000000e+00
-1.063512477113853016e+01 -2.337205658433582744e+00 0.000000000000000000e+00
-7.079541311033817230e+00 -1.670778699571976134e+01 0.000000000000000000e+00
8.944826459942555985e+00 -1.496813197474988932e+01 0.000000000000000000e+00
-1.314592423940122767e+00 1.173337334533361442e+01 0.000000000000000000e+00
9.347920616423740725e+00 1.256381199530229864e+01 0.000000000000000000e+00
-1.350379782228498193e+01 6.444182588026265979e-01 0.000000000000000000e+00
-4.630049156876195227e+00 1.005580214445792642e+01 0.000000000000000000e+00
1.114494518530615963e+01 -1.528912915009680162e+01 0.000000000000000000e+00
9.456424151380855569e-01 1.176499539063693422e+00 0.000000000000000000e+00
1.400787163408668512e+01 -8.591366027065957311e+00 0.000000000000000000e+00
1.287974966393668197e+01 1.148077355844834102e+01 0.000000000000000000e+00
1.729931901032603392e+01 -2.428490795254096835e-01 0.000000000000000000e+00
4.545375694176162717e+00 -1.083458353406357233e+01 0.000000000000000000e+00
-1.253841737476597729e+01 1.850632843223856794e+00 0.000000000000000000e+00
1.106238311867013380e+01 1.070545321868661226e+01 0.000000000000000000e+00
3.288149808637357285e+00 -5.055207661838318600e+00 0.000000000000000000e+00
8.496359894491886777e+00 -1.319443329810202492e+01 0.000000000000000000e+00
6.206155116840484709e+00 1.298616234544310899e+01 0.000000000000000000e+00
9.662430172185187516e+00 -8.123821384851850347e-01 0.000000000000000000e+00
1.638249746867566969e+01 5.975796295539607783e+00 0.000000000000000000e+00
6.634235677854547042e+00 4.675227757543338747e+00 0.000000000000000000e+00
-7.737409979526331805e-01 6.038824325626388045e+00 0.000000000000000000e+00
-4.698449743704232517e+00 7.295580865803684922e+00 0.000000000000000000e+00
6.119159828951551638e+00 -6.977355746561922700e+00 0.000000000000000000e+00
-7.609809328228996250e+00 -2.761897770304091448e+00 0.000000000000000000e+00
-1.450782127555259216e+01 -1.208244987349384658e+01 0.000000000000000000e+00
8.011309886075650866e+00 1.954843551701926030e+00 0.000000000000000000e+00
8.644074106927391199e+00 8.362957817272635097e+00 0.000000000000000000e+00
2.541229588199818590e+00 5.123885810084582104e+00 0.000000000000000000e+00
6.011012941173658142e+00 -4.628820367536505387e+00 0.000000000000000000e+00
1.531047115356545518e+01 -9.893402041414528725e+00 0.000000000000000000e+00
-1.110780329043450010e+01 -1.015078476000228314e+01 0.000000000000000000e+00
4.538238695802180867e-01 1.516461791236743473e+01 0.000000000000000000e+00
-3.806045259186033401e-03 2.986193311267509642e+00 0.000000000000000000e+00
-3.588439187851002909e+00 -1.080538072982472109e+01 0.000000000000000000e+00
6.386998856654888534e+00 -1.659287399863341150e+01 0.000000000000000000e+00
1.573723843889631624e+01 9.599174198277513170e+00 0.000000000000000000e+00
1.240751983049110763e+01 -1.156398057217576891e+01 0.000000000000000000e+00
4.220375696822928013e+00 3.808660826385658726e+00 0.000000000000000000e+00
-7.290522805267816153e+00 1.479130897528455613e+01 0.000000000000000000e+00
1.736632224753219589e+01 -2.475609817846010419e+00 0.000000000000000000e+00
-1.076974287863064994e+01 1.189040913440953240e+01 0.000000000000000000e+00
-6.251043820811462703e-01 -8.669487769276964073e+00 0.000000000000000000e+00
-1.004478655073703841e+01 4.512053793946940061e+00 0.000000000000000000e+00
-6.217896898730228550e+00 9.456181296645388201e+00 0.000000000000000000e+00
-9.259922563046030675e+00 -7.153395617453033317e+00 0.000000000000000000e+00
5.375819448355246166e+00 7.502759806455114422e+00 0.000000000000000000e+00
1.455129120106333396e+01 -1.160950474956675471e+01 0.000000000000000000e+00
5.135160714506493917e+00 -1.289010252897294251e+01 0.000000000000000000e+00
1.747521895769954625e+01 1.981443622237146096e+00 0.000000000000000000e+00
-1.226117817975632285e+01 -1.381390576587107510e+01 0.000000000000000000e+00
3.736104428722105464e+00 -1.721968413619400806e+01 0.000000000000000000e+00
3.176159860001320112e+00 -1.500294506373726477e+01 0.000000000000000000e+00
-8.447496562025881062e+00 -5.353254921035647484e+00 0.000000000000000000e+00
-9.392469059273201637e+00 -1.587220583858035639e+01 0.000000000000000000e+00
-1.430208646134439832e+01 -1.056216663482686080e+01 0.000000000000000000e+00
-6.038058076334242408e+00 6.292075437996201615e+00 0.000000000000000000e+00
-2.354507898294345425e-01 -3.117578711604005015e+00 0.000000000000000000e+00
1.706693846863530373e-01 -1.452049151293407725e+01 0.000000000000000000e+00
-1.656327265802789439e+00 -4.864261534600945680e+00 0.000000000000000000e+00
8.844893518390376741e+00 -1.073996987272898807e+01 0.000000000000000000e+00
1.051456152066881522e+01 1.658222742390103477e+00 0.000000000000000000e+00
6.903538921984991639e+00 1.541448472531332925e+01 0.000000000000000000e+00
-1.161100839817002139e+01 1.054375320333013732e+01 0.000000000000000000e+00
-4.938500351894936635e+00 1.508884803430104427e+01 0.000000000000000000e+00
1.366272028447148834e+01 -6.611789957426120523e+00 0.000000000000000000e+00
4.658523843662296215e+00 -5.739748424258050541e+00 0.000000000000000000e+00
-4.474646269479144678e+00 2.179667338910713958e+00 0.000000000000000000e+00
-2.795736552995923940e+00 5.555595543778081513e+00 0.000000000000000000e+00
-1.158860180807888884e+00 1.774048724687627399e+01 0.000000000000000000e+00
9.584032516025603465e-01 6.733132095631323644e+00 0.000000000000000000e+00
-7.939085082684846917e+00 7.744171446723822960e+00 0.000000000000000000e+00
6.344596457176349125e-01 8.974050688718856250e+00 0.000000000000000000e+00
-5.606342372367327798e+00 -1.239908644265612736e+01 0.000000000000000000e+00
1.341638155504332630e+01 4.798650719830525269e+00 0.000000000000000000e+00
4.775420065256096080e+00 1.635787772181944177e+01 0.000000000000000000e+00
-5.571594051209736165e+00 1.317424028403253189e+01 0.000000000000000000e+00
-1.029124821016107916e+00 -1.576846112880710216e+01 0.000000000000000000e+00
1.029476423584013389e+01 -1.353050081172511909e+01 0.000000000000000000e+00
4.973224714119978684e-01 -1.150523096009383117e+01 0.000000000000000000e+00
1.947904495226721933e+00 3.171682494828856225e+00 0.000000000000000000e+00
-1.822459690321078796e+01 -4.272664478232708340e+00 0.000000000000000000e+00
-6.686309711779726328e+00 -7.473172419091641316e+00 0.000000000000000000e+00
-3.550860336804758433e+00 -6.985284498388630858e+00 0.000000000000000000e+00
2.178361153184367183e+00 -1.080911472947723340e+01 0.000000000000000000e+00
-1.710222731889376746e+01 7.904298890879369210e+00 0.000000000000000000e+00
-1.463945975396951660e+01 1.130212744195654651e+01 0.000000000000000000e+00
1.630360930714228118e+01 7.673651228487266884e+00 0.000000000000000000e+00
-1.532549584818091404e+01 -7.122694527613443682e+00 0.000000000000000000e+00
-1.373365905631646733e+00 -1.345573896993899154e+01 0.000000000000000000e+00
-1.459658271581541911e+01 -8.621500764109658377e+00 0.000000000000000000e+00
-7.401384520776435494e+00 1.152772770767180965e+01 0.000000000000000000e+00
6.483475833686009437e+00 -8.776475512818478819e+00 0.000000000000000000e+00
-4.948208618543477044e+00 4.668071116290028577e+00 0.000000000000000000e+00
2.982900588744584525e+00 1.157905473805797136e+01 0.000000000000000000e+00
-2.915044613124770922e+00 -1.669558780807023624e+01 0.000000000000000000e+00
-7.617161183877025898e+00 -1.283567068175592496e+01 0.000000000000000000e+00
-2.482417192332810441e+00 -1.465346732645219197e+00 0.000000000000000000e+00
-8.957472487234205971e+00 1.040261600772027073e+01 0.000000000000000000e+00
5.746894206638887503e+00 2.841082076794139155e+00 0.000000000000000000e+00
-1.146420295150362456e+01 5.019562164819202366e+00 0.000000000000000000e+00
-1.241380403973322011e+01 -2.756102242984156625e+00 0.000000000000000000e+00
-7.431407319045126414e+00 -1.234612062140642896e+00 0.000000000000000000e+00
-1.549527565803610152e+01 6.605900515113818372e-01 0.000000000000000000e+00
5.115411050236914114e+00 -1.566729243645734471e+01 0.000000000000000000e+00
7.019315426384594048e+00 -1.363763328635919514e+01 0.000000000000000000e+00
-2.113878564382831282e+00 1.389290100041977283e+00 0.000000000000000000e+00
5.577904300284735939e+00 9.000827706538611750e+00 0.000000000000000000e+00
6.556232619878013423e+00 3.141141186826151843e-01 0.000000000000000000e+00
-9.856309162847523453e+00 -1.166235804801799780e+01 0.000000000000000000e+00
9.306615703706947462e-01 1.330478750401517374e+01 0.000000000000000000e+00
6.687274768347850618e+00 -1.442647302426281142e+00 0.000000000000000000e+00
-1.185682098153987774e+01 3.405717285685451401e+00 0.000000000000000000e+00
-3.238196820159818134e+00 1.472334467178075812e+01 0.000000000000000000e+00
3.191781648307781882e+00 1.836528880869375868e+01 0.000000000000000000e+00
-1.110122158045493990e+01 -6.873183882479480644e+00 0.000000000000000000e+00
6.015684684066002319e+00 1.796779634991063190e+01 0.000000000000000000e+00
-7.234086480051716173e+00 1.074897120113700977e+00 0.000000000000000000e+00
1.469893237216419202e+01 -4.441149739818763820e+00 0.000000000000000000e+00
1.228166536787872332e+01 6.733666945144051397e+00 0.000000000000000000e+00
-1.057093704721901162e+01 2.156596968965860839e+00 0.000000000000000000e+00
-5.276245158786700529e+00 1.686320171324758022e+01 0.000000000000000000e+00
-7.335287262941300845e+00 4.656273970650737226e+00 0.000000000000000000e+00
-1.018734417025097905e+01 7.238899357171467486e+00 0.000000000000000000e+00
8.574595514105803895e-01 -7.788610106077745066e+00 0.000000000000000000e+00
1.179785792935122224e+01 3.187171461527105176e+00 0.000000000000000000e+00
5.347477304611554239e-01 -6.063618344313298714e+00 0.000000000000000000e+00
-3.529393455947217095e+00 4.778244505853366242e-01 0.000000000000000000e+00
-3.947889717789694775e+00 -2.326360098213494876e+00 0.000000000000000000e+00
1.296656063969276573e+01 -4.462536611429570144e+00 0.000000000000000000e+00
-1.234378814372127842e+01 -8.187022332063956798e-01 0.000000000000000000e+00
-1.633361716600136049e+01 2.520095881511487779e+00 0.000000000000000000e+00
-1.486099878650716688e+00 7.898100968958104318e+00 0.000000000000000000e+00
1.489299377138858382e+01 1.135048984215825740e+01 0.000000000000000000e+00
4.782198358658667381e+00 -8.249567320541936866e+00 0.000000000000000000e+00
-9.655831953652191046e+00 -9.017974392450243570e+00 0.000000000000000000e+00
9.356063505717521211e-01 -4.364312015464431482e+00 0.000000000000000000e+00
9.287753015449940364e+00 6.919174790628798810e+00 0.000000000000000000e+00
-1.457212136759614296e+01 7.269004578186751608e+00 0.000000000000000000e+00
2.560903289364865554e+00 -1.829380295577686155e+01 0.000000000000000000e+00
7.819750181457443716e+00 -3.355406850132028662e+00 0.000000000000000000e+00
-2.849076974664804585e+00 -1.386064967281233962e+01 0.000000000000000000e+00
2.962318516641243793e+00 -8.299352999626593785e+00 0.000000000000000000e+00
5.040076581722392923e+00 1.199216890920386547e+01 0.000000000000000000e+00
-1.491053598643754308e+00 1.497553660881593629e+01 0.000000000000000000e+00
-1.169098125810055144e+01 -8.421027035828625884e+00 0.000000000000000000e+00
9.049071865755347943e+00 -8.305783359916555142e+00 0.000000000000000000e+00
1.134959706585591022e+01 -7.675548787247318927e+00 0.000000000000000000e+00
5.968455738713700498e+00 -1.146351446206035085e+01 0.000000000000000000e+00
-2.565782350742690898e+00 1.872588162193153494e+01 0.000000000000000000e+00
4.066602884302831455e+00 1.023798549925444945e+01 0.000000000000000000e+00
-1.637596791462450696e+01 6.405640498895826873e+00 0.000000000000000000e+00
1.824905405513949574e+01 3.475183039033752141e+00 0.000000000000000000e+00
5.335925007477333892e+00 -3.243357741377962178e+00 0.000000000000000000e+00
-1.131031440739032994e-02 -6.529430233902577818e-01 0.000000000000000000e+00
3.547630139826753126e+00 2.410067511438171550e+00 0.000000000000000000e+00
-5.533154981446156917e+00 -8.515209002857801579e+00 0.000000000000000000e+00
-1.309904308449698540e+01 1.227939120757166513e+01 0.000000000000000000e+00
9.449565095963212258e+00 -2.710066759215234988e+00 0.000000000000000000e+00
4.946932252933068597e+00 -1.823530669227538681e+01 0.000000000000000000e+00
1.355188685578816354e+01 2.248083181067127789e+00 0.000000000000000000e+00
-3.820975539014868527e+00 8.659498030331892693e+00 0.000000000000000000e+00
-7.160314301636082845e+00 1.748503027927165832e+01 0.000000000000000000e+00
1.879320078812662942e+01 1.198935708527348432e+00 0.000000000000000000e+00
-4.207485854213306453e+00 -3.985651772181814767e+00 0.000000000000000000e+00
1.266269725469794238e+01 -9.472233134070842553e+00 0.000000000000000000e+00
3.116134719470696091e+00 1.671734379702293793e+01 0.000000000000000000e+00
-7.755551531542247190e+00 -1.502457090213509083e+01 0.000000000000000000e+00
6.175547136916043733e+00 6.211104286448152934e+00 0.000000000000000000e+00
-1.366687839031872898e+01 9.973724467534726301e+00 0.000000000000000000e+00
-2.560513066818877803e+00 -1.213470569233159324e+01 0.000000000000000000e+00
1.168536623181803069e+00 -9.513610130866879899e+00 0.000000000000000000e+00
2.241962721418627513e+00 -1.871088423054293459e-01 0.000000000000000000e+00
-3.606256037651256019e+00 1.312200347157424751e+01 0.000000000000000000e+00
-2.101825183964217914e+00 1.337433618867045482e+01 0.000000000000000000e+00
8.540360978591003516e+00 9.974347622370798305e+00 0.000000000000000000e+00
-1.642889158172639696e+01 -8.490384659303876091e+00 0.000000000000000000e+00
1.058382714237294486e+01 6.153508630220041020e+00 0.000000000000000000e+00
-1.846456700152827679e+01 2.685470720956804946e+00 0.000000000000000000e+00
7.998323733916024025e+00 1.359531996765244521e+01 0.000000000000000000e+00
-8.118934679459378856e+00 -8.332798281476522462e+00 0.000000000000000000e+00
3.996493451320755064e+00 1.494044205803719372e+01 0.000000000000000000e+00
-2.894375899557612541e+00 1.706328324769357607e+01 0.000000000000000000e+00
7.479452461526069129e+00 -1.548737601291778532e+01 0.000000000000000000e+00
3.652572565265183258e+00 7.514019021762805117e+00 0.000000000000000000e+00
-4.498904566346159761e+00 -1.827163941564647232e+01 0.000000000000000000e+00
-1.580448089147929380e+01 -3.863917996002613986e+00 0.000000000000000000e+00
-5.376704331220761190e+00 -1.665057250594907501e+01 0.000000000000000000e+00
-1.138624221012421422e+01 1.516657648724424945e+01 0.000000000000000000e+00
