-8.455821744730547707e+00 -5.003892240055803242e+00 0.000000000000000000e+00
4.847129486635986417e+00 -2.611726742307987514e+00 0.000000000000000000e+00
9.269870854559499662e+00 1.029414572101171599e+00 0.000000000000000000e+00
-1.680044991727012160e+00 7.843735534174789414e+00 0.000000000000000000e+00
1.481057789559872973e+01 6.701408869264510848e+00 0.000000000000000000e+00
5.438986066375018247e+00 -4.256484027327476660e+00 0.000000000000000000e+00
9.285218995394714625e+00 4.144397642680760718e+00 0.000000000000000000e+00
-5.333809475906550190e+00 4.878017904485961509e+00 0.000000000000000000e+00
2.176811485503886076e-02 -8.321509071757960285e+00 0.000000000000000000e+00
-9.011372316071998512e+00 4.091043936397999126e+00 0.000000000000000000e+00
-7.936605649074032875e+00 1.255504964156024172e+01 0.000000000000000000e+00
1.171341844375811725e+01 4.322251992088462558e+00 0.000000000000000000e+00
-9.510372631126760012e+00 1.004810096765931027e+00 0.000000000000000000e+00
1.332597453412650168e+01 -3.113091315548000004e+00 0.000000000000000000e+00
-6.988963284813888954e+00 1.088239318178816717e+01 0.000000000000000000e+00
-1.626916923590409780e+01 -9.794699912947275877e-02 0.000000000000000000e+00
1.339270285544225914e+01 8.392553718498099613e+00 0.000000000000000000e+00
1.558533635253493799e+01 -4.740549739626598758e+00 0.000000000000000000e+00
1.712152374080019612e+01 3.364668366107304909e+00 0.000000000000000000e+00
-2.690550288966116366e+00 -9.134460864121349388e+00 0.000000000000000000e+00
-1.033140101693311941e+01 -4.079374925085250680e+00 0.000000000000000000e+00
-4.070616985882271166e+00 -1.604778690376258865e+01 0.000000000000000000e+00
-2.113435835047888123e+00 2.731274476246943750e-01 0.000000000000000000e+00
-1.494759942623080740e+01 -7.974935010542464120e+00 0.000000000000000000e+00
4.108988928839285570e+00 1.391179961125548203e+01 0.000000000000000000e+00
1.391322736707090968e+01 -6.717072223296037592e+00 0.000000000000000000e+00
-1.512829034587934096e+01 -6.231904371862096781e+00 0.000000000000000000e+00
4.669193353220292941e+00 6.257068720495769121e+00 0.000000000000000000e+00
-2.336611145774883269e+00 1.497632046649185433e+01 0.000000000000000000e+00
8.262413475862159018e+00 1.500257247004458705e+01 0.000000000000000000e+00
6.606011959444590076e+00 6.398452828475280185e+00 0.000000000000000000e+00
-8.281229353809672844e+00 -2.410169589111793353e+00 0.000000000000000000e+00
6.499380621744380804e+00 4.719316818326630525e+00 0.000000000000000000e+00
-1.222945645980663087e+01 4.228901688502833878e+00 0.000000000000000000e+00
-1.242165936260461123e+01 -2.764447121721476108e+00 0.000000000000000000e+00
7.633366863390935286e+00 -7.025157272173285783e+00 0.000000000000000000e+00
-7.487505654949576872e+00 4.569564719099084016e+00 0.000000000000000000e+00
-8.560007749716634251e+00 6.449816981957352979e+00 0.000000000000000000e+00
5.023346865249487259e+00 -1.255023956371622695e+01 0.000000000000000000e+00
1.121065554045742874e-01 -1.176766617696812744e+01 0.000000000000000000e+00
-1.500065069801792816e+01 -4.335871330951248659e+00 0.000000000000000000e+00
-1.272972846425110305e+01 1.885085706955758500e+00 0.000000000000000000e+00
3.637538163395626079e+00 -6.084250611079038418e-01 0.000000000000000000e+00
8.766931001916976385e+00 1.211941691620875794e+01 0.000000000000000000e+00
1.020772287852412674e+01 1.315276736260594248e+01 0.000000000000000000e+00
1.199350404854000907e+00 9.501968603414367109e+00 0.000000000000000000e+00
-1.555057987435767508e+01 2.756946386797527015e+00 0.000000000000000000e+00
3.915965409009058984e+00 2.320816068721317738e+00 0.000000000000000000e+00
9.009731023196383859e+00 -1.288658696433811990e+01 0.000000000000000000e+00
-1.404283086755575383e+01 6.596786390552297874e+00 0.000000000000000000e+00
-7.419683255878598338e+00 -1.418134529398262167e+01 0.000000000000000000e+00
9.538842026088236281e+00 8.174350421379427800e+00 0.000000000000000000e+00
1.124739491413508041e+01 6.753767321141732616e+00 0.000000000000000000e+00
3.698104893823937811e+00 -1.471518503630473695e+01 0.000000000000000000e+00
-2.568916042844278103e+00 -1.662411260731347085e+01 0.000000000000000000e+00
5.834514733551043886e-01 -1.371285124235555308e+01 0.000000000000000000e+00
1.346549335084363896e+01 -9.676516831991683887e+00 0.000000000000000000e+00
-1.446711639284279372e+01 1.084003185732734797e+00 0.000000000000000000e+00
-4.647544121991334376e-01 1.334899816872165701e+01 0.000000000000000000e+00
1.206599943089902105e+01 8.314802911860553758e-01 0.000000000000000000e+00
-1.051103274482191452e+01 -7.258716541935370969e+00 0.000000000000000000e+00
-4.401726376288495501e+00 1.393745379882332713e+01 0.000000000000000000e+00
-1.350484831418791032e+01 -6.884555776314348563e+00 0.000000000000000000e+00
-3.970497527704139440e+00 -6.466674555456864759e+00 0.000000000000000000e+00
2.109553520818848171e-01 1.594508593446560596e+01 0.000000000000000000e+00
-2.403152385458982909e+00 1.010473119068747394e+01 0.000000000000000000e+00
5.743585032510742039e+00 -8.074610990767222773e+00 0.000000000000000000e+00
4.442904456504126465e+00 9.901575501471851837e+00 0.000000000000000000e+00
-1.327780149271924515e+01 9.674577119633006816e+00 0.000000000000000000e+00
-6.621317421143392501e+00 1.082785577653126330e+00 0.000000000000000000e+00
9.976872840525951247e+00 -2.237937317591790265e+00 0.000000000000000000e+00
1.451869369533517329e+01 -1.900044307285833511e+00 0.000000000000000000e+00
-3.283543845952726858e+00 -2.421894065673915186e+00 0.000000000000000000e+00
-1.684876533580488811e+01 -3.544574550572425320e+00 0.000000000000000000e+00
-3.896340651852197912e+00 -6.140773810898494389e-01 0.000000000000000000e+00
-4.616910116134109288e+00 1.136904387634529812e+01 0.000000000000000000e+00
-6.153256533842215159e-01 -1.655976054977410428e+01 0.000000000000000000e+00
1.793488592770321688e+00 7.057909921783120488e+00 0.000000000000000000e+00
-5.895616363730679765e+00 1.578218176918925408e+01 0.000000000000000000e+00
7.647981648980820557e-01 3.216229635936858067e+00 0.000000000000000000e+00
-1.738786420452890502e-01 1.047810384956251362e+01 0.000000000000000000e+00
6.603261789084519329e+00 1.483301854319958579e+01 0.000000000000000000e+00
-4.172575734186918517e+00 -1.074266142824210846e+01 0.000000000000000000e+00
5.191624919019948159e+00 -1.501686339761189437e+01 0.000000000000000000e+00
5.873482286260624186e+00 -6.135536730357818769e+00 0.000000000000000000e+00
-1.306659753195139650e+01 6.670824008669808125e-02 0.000000000000000000e+00
-1.025820392947196602e+01 1.264085329824721526e+01 0.000000000000000000e+00
1.289070062652571025e+01 1.032718713676546862e+01 0.000000000000000000e+00
3.773735647229784274e+00 -1.645453282820926333e+01 0.000000000000000000e+00
5.768183989563528513e+00 -9.722227529573727267e+00 0.000000000000000000e+00
-5.749014486183302353e+00 2.978262532908247717e+00 0.000000000000000000e+00
-1.661576760065328529e+01 5.395390732531028632e+00 0.000000000000000000e+00
1.647725451223283244e+01 1.837806608781750173e+00 0.000000000000000000e+00
3.942939016910764760e+00 1.676465631536242995e+01 0.000000000000000000e+00
-1.935173422627895379e+00 3.306880974823529939e+00 0.000000000000000000e+00
8.377928082240261531e+00 -1.146014408689392816e+01 0.000000000000000000e+00
1.032896747085970190e+01 1.106165044405249809e+01 0.000000000000000000e+00
-7.860842960558515280e+00 -8.398280717915884708e+00 0.000000000000000000e+00
-4.429371392961763299e+00 6.324704267787857326e+00 0.000000000000000000e+00
1.110024611096257219e-01 -3.359551327433575540e+00 0.000000000000000000e+00
-7.346191310409248665e+00 -1.079777107944465264e+01 0.000000000000000000e+00
-1.047242597754072335e+01 1.102251293910990526e+01 0.000000000000000000e+00
3.588716927546212077e+00 1.129173685193365273e+01 0.000000000000000000e+00
-5.824018663809551910e+00 -7.230546735820793103e+00 0.000000000000000000e+00
1.449599679086221338e+00 5.156679610984534534e+00 0.000000000000000000e+00
-5.492295497860255615e+00 -1.289982947848778316e+01 0.000000000000000000e+00
-1.144030066298662973e+01 -1.078637480861804754e+01 0.000000000000000000e+00
1.201233788061865049e+01 -8.669192658457264278e-01 0.000000000000000000e+00
-1.484763104103771170e+01 7.966333083090449740e+00 0.000000000000000000e+00
-6.566060073099922789e+00 1.329599790385170444e+01 0.000000000000000000e+00
-8.912510036285889448e-02 1.886875819558511136e+00 0.000000000000000000e+00
-7.348232027948147227e+00 1.469591752311978894e+01 0.000000000000000000e+00
7.573275343338707444e+00 -8.867013474040023269e+00 0.000000000000000000e+00
2.267645365206961472e+00 -1.135651537079203521e+01 0.000000000000000000e+00
1.166771724474564742e+01 -1.188506345817461174e+01 0.000000000000000000e+00
-2.614898687391341348e+00 5.566609435063480937e+00 0.000000000000000000e+00
-6.645970706029768138e+00 7.628000442638476208e+00 0.000000000000000000e+00
6.163643197771626170e+00 8.056335167307581147e-01 0.000000000000000000e+00
2.075160593938765174e+00 -5.553553382826622808e+00 0.000000000000000000e+00
-1.312537728502234913e+01 7.867653759223926180e+00 0.000000000000000000e+00
7.263379145251772862e+00 -5.996073462459747816e-01 0.000000000000000000e+00
-1.471475085295815610e+00 1.692377136869894727e+01 0.000000000000000000e+00
6.590008450494401870e+00 -1.159353183604606663e+01 0.000000000000000000e+00
-1.055974430062912894e+01 6.291500174339626383e+00 0.000000000000000000e+00
1.724058412551616826e+01 5.368110772114103035e-01 0.000000000000000000e+00
-8.448256465278694449e+00 -1.209563380818707756e+01 0.000000000000000000e+00
3.792872835624472749e+00 -9.957705393073824851e+00 0.000000000000000000e+00
2.423662381126376886e+00 3.440553983797022486e+00 0.000000000000000000e+00
7.039970394504658557e+00 -1.331226661866711503e+01 0.000000000000000000e+00
7.251718605703396214e+00 1.974264799138309767e+00 0.000000000000000000e+00
-1.477312221521260405e+01 4.511238834429275535e+00 0.000000000000000000e+00
9.866791696342115614e+00 -7.670588463820573466e+00 0.000000000000000000e+00
1.074969871293483514e+01 -9.180552993205877144e+00 0.000000000000000000e+00
1.806615792138146270e+00 8.652536060289260922e-01 0.000000000000000000e+00
-6.564941692753356151e+00 -9.251399173072154980e+00 0.000000000000000000e+00
-1.612348145403387445e+00 -1.473029579687159973e+01 0.000000000000000000e+00
-3.660245968224572266e+00 1.639834737062399794e+00 0.000000000000000000e+00
-5.265749663538131509e-02 8.415100321937318384e+00 0.000000000000000000e+00
-1.208031182275530035e+01 -9.289828908531552187e+00 0.000000000000000000e+00
1.039881613625586354e+01 -4.843760718600690574e+00 0.000000000000000000e+00
-1.528943816476175943e+00 -1.022817168679687683e+01 0.000000000000000000e+00
-1.365136462070192280e+01 3.296175501676233743e+00 0.000000000000000000e+00
1.414232918608837508e+01 1.749738147312877468e+00 0.000000000000000000e+00
6.186985550597595029e+00 1.168349576791002242e+01 0.000000000000000000e+00
8.820846775074601354e+00 1.018222675854986292e+01 0.000000000000000000e+00
1.939401732778765153e+00 -7.978468635191044989e+00 0.000000000000000000e+00
9.819262802536247392e+00 6.041567588520922349e+00 0.000000000000000000e+00
-1.070552966269093176e+01 -2.166774521058397074e+00 0.000000000000000000e+00
6.450237468636892402e+00 9.125872928658234073e+00 0.000000000000000000e+00
7.611572658688631421e+00 -1.484424318474585469e+01 0.000000000000000000e+00
-1.009282433715820826e+00 -1.320165873506463505e+01 0.000000000000000000e+00
-1.536951604634276825e+00 1.193273059720074514e+01 0.000000000000000000e+00
-2.020612981254886753e-01 -5.762513580158632465e+00 0.000000000000000000e+00
-1.251430588016961032e+01 1.180225155737306686e+01 0.000000000000000000e+00
-4.855681327267967085e+00 8.699112918779135839e+00 0.000000000000000000e+00
-1.111572121787447642e+01 7.924246795706872959e+00 0.000000000000000000e+00
1.292653523820026074e+01 -5.271266126677216945e+00 0.000000000000000000e+00
1.800833983232156488e+00 1.508004313930450735e+01 0.000000000000000000e+00
2.725812583299054292e+00 -4.175983631910655802e+00 0.000000000000000000e+00
1.049463296813632240e+01 3.248551333968609178e+00 0.000000000000000000e+00
-6.195822887244331945e+00 -2.879488307013104986e+00 0.000000000000000000e+00
1.979535262977875743e+00 -1.499783463701427344e+00 0.000000000000000000e+00
-5.386582340089664633e+00 -4.860240414827481814e+00 0.000000000000000000e+00
-1.164335010535768866e+01 -5.383139935467170289e+00 0.000000000000000000e+00
-6.163871425355284650e+00 -1.526412907818386877e+01 0.000000000000000000e+00
-9.219678372629660501e+00 -9.073216726814498756e+00 0.000000000000000000e+00
-9.576670494020513402e+00 9.435046957564711789e+00 0.000000000000000000e+00
-1.043860859239655348e+01 -1.352353417105981137e+01 0.000000000000000000e+00
8.354511111218879904e+00 -2.014905900931009963e+00 0.000000000000000000e+00
-4.571664151109517404e-01 5.305238672207260642e+00 0.000000000000000000e+00
-2.728971397740403315e+00 1.330220014618290314e+01 0.000000000000000000e+00
-3.686820070039287245e+00 1.696009318973370128e+01 0.000000000000000000e+00
-1.075561407568214722e+00 -1.684223220224206452e+00 0.000000000000000000e+00
1.489371049263636593e+01 -8.205296499318562198e+00 0.000000000000000000e+00
1.557696079860681238e+01 4.067870057325306377e+00 0.000000000000000000e+00
-1.098993417512665260e+01 2.715518761969070827e+00 0.000000000000000000e+00
3.862909137951383798e+00 3.968755806666064867e+00 0.000000000000000000e+00
1.234618352214940273e+01 -6.852379936736279653e+00 0.000000000000000000e+00
-2.139447883329782460e-02 1.745788918344495855e+01 0.000000000000000000e+00
2.189011641521707574e+00 1.244836051841155466e+01 0.000000000000000000e+00
-2.436626018631432355e+00 -1.207586038933472139e+01 0.000000000000000000e+00
-4.658101732245858884e+00 -1.420634943359135249e+01 0.000000000000000000e+00
1.000935421774901002e+01 -1.138293027883179676e+01 0.000000000000000000e+00
-1.450292776252838856e+01 -2.675311495474474999e+00 0.000000000000000000e+00
-4.954515279314699150e+00 -9.446212948788589969e+00 0.000000000000000000e+00
-7.872451739760823131e+00 2.681621282054515554e+00 0.000000000000000000e+00
1.296016359826195519e+01 5.478619570332798894e+00 0.000000000000000000e+00
2.975052691412650940e+00 8.759898185763704603e+00 0.000000000000000000e+00
-1.115511353929730198e+01 8.517229494283961033e-01 0.000000000000000000e+00
1.695292978084104973e+01 -3.433955881308154545e+00 0.000000000000000000e+00
1.486239295944719707e+01 9.164945544046721793e+00 0.000000000000000000e+00
1.551877163884242705e+01 -6.426418283316689184e+00 0.000000000000000000e+00
5.061376347612869253e+00 7.852854203842490222e+00 0.000000000000000000e+00
-3.039797277642589446e+00 1.175461067348153854e+01 0.000000000000000000e+00
1.754814268776312858e+00 -1.571719138865348064e+01 0.000000000000000000e+00
6.002798164482715748e+00 3.262418053255834227e+00 0.000000000000000000e+00
1.113395321724170550e+01 9.302776948369331222e+00 0.000000000000000000e+00
7.642680162325706128e+00 -4.847224940266448456e+00 0.000000000000000000e+00
-8.785985694667646229e+00 1.419363069458031568e+01 0.000000000000000000e+00
-1.643847600392918107e+00 -7.041327080273097394e+00 0.000000000000000000e+00
-1.152166831555556570e+01 -6.899170490523798271e-01 0.000000000000000000e+00
-3.579667070160533981e+00 -4.192646358576649135e+00 0.000000000000000000e+00
1.669726266380779833e+01 -9.862521626474565206e-01 0.000000000000000000e+00
1.457305207394494762e+00 -1.722540170201596865e+01 0.000000000000000000e+00
-4.180013795278292754e+00 3.202437225049339808e+00 0.000000000000000000e+00
1.175214007572735930e+01 1.224436526842125339e+01 0.000000000000000000e+00
-3.175134302771807970e+00 -1.377078175945265492e+01 0.000000000000000000e+00
2.124550656373410895e+00 1.091585611038787995e+01 0.000000000000000000e+00
3.886664566503259088e+00 -7.533708202828264255e+00 0.000000000000000000e+00
-5.685229905007248341e+00 -4.047558615972900453e-01 0.000000000000000000e+00
5.493767365885762644e+00 1.660321682173522717e+01 0.000000000000000000e+00
1.569448770841277252e+01 3.203153719839501590e-01 0.000000000000000000e+00
1.602543293967532989e+01 5.534147891029812527e+00 0.000000000000000000e+00
-9.371051108062424362e+00 -5.623697553833520990e-01 0.000000000000000000e+00
-1.356270135118423603e+01 -1.024980456918398808e+01 0.000000000000000000e+00
6.951683109698792329e+00 -3.422045697419495713e+00 0.000000000000000000e+00
-1.107833203415401435e+01 9.491489490610845792e+00 0.000000000000000000e+00
-1.476707173756424751e+01 -7.611893190827965228e-01 0.000000000000000000e+00
6.288795966917410496e+00 -1.790668474693085876e+00 0.000000000000000000e+00
3.384128556057260262e+00 5.415569361890049116e+00 0.000000000000000000e+00
-7.790906206606830864e+00 8.667009720372222503e+00 0.000000000000000000e+00
8.945530611384661768e+00 -5.737038682477432872e+00 0.000000000000000000e+00
-1.621417425114778599e+00 -4.797820170421836394e+00 0.000000000000000000e+00
-7.260643535490695299e+00 -1.281903899305253836e+00 0.000000000000000000e+00
-4.280013373833667423e+00 -7.955340032045673304e+00 0.000000000000000000e+00
5.489769276804181253e+00 1.330954862522191462e+01 0.000000000000000000e+00
1.907145753823318080e+00 1.703192294422641595e+01 0.000000000000000000e+00
8.760502207530267427e+00 -3.460636817665560194e+00 0.000000000000000000e+00
2.938404619219274760e+00 -1.324847710805308942e+01 0.000000000000000000e+00
-7.329201855534242860e+00 -6.162288721216182097e+00 0.000000000000000000e+00
-5.811915270194392136e+00 -1.094318330308736087e+01 0.000000000000000000e+00
1.048956521551526677e+01 -7.003070558285936498e-01 0.000000000000000000e+00
-9.106514896791399138e+00 -1.471065907109505311e+01 0.000000000000000000e+00
1.034197057339218517e+01 -1.362295739745628076e+01 0.000000000000000000e+00
1.125569500742468954e+01 -3.136007079610301229e+00 0.000000000000000000e+00
-3.231484312395300318e+00 7.268813614278178292e+00 0.000000000000000000e+00
-1.304301668173424567e+01 -4.275670417480715635e+00 0.000000000000000000e+00
-1.248982868282243608e+01 6.201258941590233498e+00 0.000000000000000000e+00
4.440744242243473971e-01 1.205009111008217459e+01 0.000000000000000000e+00
1.196880122331067753e+01 -1.033747828823194226e+01 0.000000000000000000e+00
1.086276343492417951e+01 -6.465451172236948096e+00 0.000000000000000000e+00
8.167882480789057098e+00 5.973287634024063486e+00 0.000000000000000000e+00
-1.691892748158341675e+01 3.502241253945893362e+00 0.000000000000000000e+00
1.231208070147491362e+01 -8.420287454218575718e+00 0.000000000000000000e+00
-1.710325265425309382e+01 1.712475868809261614e+00 0.000000000000000000e+00
9.305556648323234370e+00 -1.001404491186703183e+01 0.000000000000000000e+00
1.032376586833921195e+00 -9.886730436117028731e+00 0.000000000000000000e+00
1.350441258816800882e+01 4.060322457920892525e+00 0.000000000000000000e+00
1.472760856941198182e-01 -7.750279215817046374e-01 0.000000000000000000e+00
1.279351410249069154e+01 2.666603363338478250e+00 0.000000000000000000e+00
-1.236639611519545490e+01 -1.221913600758671592e+01 0.000000000000000000e+00
5.027113372052313345e+00 1.515930279748764953e+01 0.000000000000000000e+00
-4.143808920066547330e+00 1.544601374401683636e+01 0.000000000000000000e+00
3.306514441318614939e+00 7.225091040286627297e+00 0.000000000000000000e+00
1.380142312873816124e+01 -1.069308994065330531e-01 0.000000000000000000e+00
-1.203141651272174073e+01 -7.780413426932613064e+00 0.000000000000000000e+00
