5.522513317835188396e+00 5.885809661560167605e+00 0.000000000000000000e+00
3.835686504448581946e+00 -1.045520295287176538e+01 0.000000000000000000e+00
8.218771956117057798e+00 3.003570708291782854e+00 0.000000000000000000e+00
1.680720376091917601e+01 -6.169677073052814542e+00 0.000000000000000000e+00
-1.249766099347174908e+01 -7.471086202818759681e+00 0.000000000000000000e+00
1.162702816377546000e+01 8.710805941819215192e-01 0.000000000000000000e+00
1.119815573578402024e+01 9.215842267108852681e+00 0.000000000000000000e+00
1.729680857967232299e+01 5.296228033598533003e+00 0.000000000000000000e+00
9.809543257324341070e+00 -3.238286594558752451e+00 0.000000000000000000e+00
5.647372276344842845e+00 -5.091060997953312572e+00 0.000000000000000000e+00
-1.286031127141357366e+00 -1.190714889768475260e+01 0.000000000000000000e+00
-1.005440860846683115e+01 -9.237279811335408652e+00 0.000000000000000000e+00
-7.809153806651012886e+00 -3.574318576384507562e+00 0.000000000000000000e+00
8.783121275190344690e+00 1.109318501000020163e+01 0.000000000000000000e+00
9.921011526279404080e+00 -6.540582426752231449e+00 0.000000000000000000e+00
4.311722789966130343e+00 -4.148507214840614132e+00 0.000000000000000000e+00
-2.927960784970763619e+00 -6.333947339940176668e+00 0.000000000000000000e+00
-6.764679124712044356e+00 1.759547062826499797e+01 0.000000000000000000e+00
1.183264025771203976e+01 -1.480379896478949497e+01 0.000000000000000000e+00
1.162330094564564709e+00 9.128402672313361776e+00 0.000000000000000000e+00
-5.871863874475863554e+00 4.321248383367672474e+00 0.000000000000000000e+00
-1.503338416825612534e+01 -8.717764987689392342e+00 0.000000000000000000e+00
1.330740791840509196e+01 7.305425190929599744e+00 0.000000000000000000e+00
1.679202271006623803e+01 2.059660203521781252e+00 0.000000000000000000e+00
3.190882501131896642e+00 9.556528664811922980e+00 0.000000000000000000e+00
-3.948032137129868779e+00 5.133397757071104905e+00 0.000000000000000000e+00
1.417898635745888036e+01 1.005292117279498321e+01 0.000000000000000000e+00
-9.256234557770786964e+00 -7.139280782863487163e-02 0.000000000000000000e+00
-1.674428290799425456e+00 1.666360644611336284e+01 0.000000000000000000e+00
4.483097846097713557e+00 6.214895211024819011e-01 0.000000000000000000e+00
-4.290325604892182731e+00 -1.550811585033583384e+01 0.000000000000000000e+00
-1.133704231797095652e+01 -1.248700557049999560e+01 0.000000000000000000e+00
6.850038813309274888e-01 5.358721265831693614e+00 0.000000000000000000e+00
8.807857042206615361e+00 -1.573139920046263462e+01 0.000000000000000000e+00
-9.388010777019060171e+00 1.413914160404153897e+01 0.000000000000000000e+00
3.850448786014749825e+00 -1.435749218203426603e+00 0.000000000000000000e+00
5.643261528502361735e+00 9.565464017118733508e+00 0.000000000000000000e+00
-1.518173660075018461e+01 8.104063207146589676e+00 0.000000000000000000e+00
6.982981180759598061e+00 -1.291261036417492125e+00 0.000000000000000000e+00
-8.603773682064381756e-01 1.819825894006139677e+01 0.000000000000000000e+00
-1.359757500728049573e+00 -8.215275632087045921e+00 0.000000000000000000e+00
-8.969128705780372579e-01 2.148193270348181194e+00 0.000000000000000000e+00
-1.260004323298362294e+01 5.434401832615957106e-01 0.000000000000000000e+00
9.420784342576941084e-01 -1.785608874735145069e+00 0.000000000000000000e+00
2.839073086552434955e+00 -1.530667165455256651e+01 0.000000000000000000e+00
-1.665094242156499504e+01 -2.738233036229245965e+00 0.000000000000000000e+00
-9.639561148863684537e+00 -1.180015525984524771e+01 0.000000000000000000e+00
1.709771659402730748e+01 -7.911602447262715998e+00 0.000000000000000000e+00
4.210041181102419650e+00 1.317330516924606876e+01 0.000000000000000000e+00
-1.087710174329338564e+01 -1.153183817869063849e-01 0.000000000000000000e+00
-1.212065599220688128e+01 -4.758808869243062567e+00 0.000000000000000000e+00
-2.163250163744691701e+00 -2.265716553785184495e-01 0.000000000000000000e+00
-9.045915773543608651e+00 1.193022402435848583e+01 0.000000000000000000e+00
-1.095715544269209119e+01 -7.839122477612726847e+00 0.000000000000000000e+00
-1.740906918843334239e+01 6.570908708007218380e+00 0.000000000000000000e+00
9.136364095264227103e+00 -8.875277469044462464e+00 0.000000000000000000e+00
1.002531858750487892e+01 -1.257773338779571404e+01 0.000000000000000000e+00
2.632176120077871495e+00 1.551349170844185643e+01 0.000000000000000000e+00
1.798909094655493845e+01 -1.659236612005429823e+00 0.000000000000000000e+00
1.280208375504942353e+01 2.077301956990968534e+00 0.000000000000000000e+00
-1.879795343820512343e+01 -4.595937529514948494e-01 0.000000000000000000e+00
-8.521655014372312209e+00 7.167837839118609722e+00 0.000000000000000000e+00
-1.521855645613078778e+01 -4.288426864025558061e+00 0.000000000000000000e+00
8.555636534944520477e+00 7.955478033449028707e+00 0.000000000000000000e+00
5.859646781589410658e+00 1.192483400054165621e+01 0.000000000000000000e+00
6.210581077692544305e+00 1.456527685086561696e+01 0.000000000000000000e+00
-7.473121398037058327e+00 -1.333302218943091688e+01 0.000000000000000000e+00
-2.794025169065060599e+00 -1.395778361532937595e+01 0.000000000000000000e+00
-1.184678518265110192e+01 -1.099547574464507527e+01 0.000000000000000000e+00
1.428652250541415292e+01 -1.553478731289189341e+00 0.000000000000000000e+00
-4.205200665120603531e+00 1.720743672777506816e+01 0.000000000000000000e+00
-1.316921910774747406e+00 1.311659899172166810e+01 0.000000000000000000e+00
-2.586286894257389335e+00 1.208360424840056346e+01 0.000000000000000000e+00
-4.498205016498051378e+00 -9.050845352657713505e+00 0.000000000000000000e+00
1.560374970805928285e+01 1.100181168318369318e+00 0.000000000000000000e+00
1.562314279759406688e+01 7.489338519315342779e+00 0.000000000000000000e+00
-4.457626368631265379e+00 -1.322986677811012335e+01 0.000000000000000000e+00
-3.645862885510037010e+00 -3.913613661502727048e+00 0.000000000000000000e+00
-6.137584177305790867e+00 -1.193831127735934139e+01 0.000000000000000000e+00
-1.030150125124936267e+01 6.830034156908000753e+00 0.000000000000000000e+00
7.874389928841082131e+00 -1.698744860930846556e+01 0.000000000000000000e+00
1.328216295425306370e+01 -1.220548983094538187e+01 0.000000000000000000e+00
-1.174114733122134702e+01 -1.489972117802284046e+01 0.000000000000000000e+00
1.100984235276922441e+01 6.867690781065957317e+00 0.000000000000000000e+00
4.317965564155699099e+00 3.804103004592117365e+00 0.000000000000000000e+00
-6.942721011069520998e+00 -8.054596261228693876e+00 0.000000000000000000e+00
-9.340325087326625253e-01 9.057481649888197595e+00 0.000000000000000000e+00
1.413025182542741476e+01 3.494931838081833053e+00 0.000000000000000000e+00
1.176722603027672420e+01 -1.180356195223309612e+01 0.000000000000000000e+00
-6.812726842201622723e+00 -8.678412365640013615e-01 0.000000000000000000e+00
-6.388664574997410917e+00 -1.607368438681888279e+01 0.000000000000000000e+00
-3.054305983551678150e+00 -1.227415086515274645e+01 0.000000000000000000e+00
1.002524483199113270e+01 4.178092003472871241e+00 0.000000000000000000e+00
1.249154741531747703e+01 4.295690307274865560e+00 0.000000000000000000e+00
-6.578673243874933796e+00 -5.114550074886779818e+00 0.000000000000000000e+00
-1.264563152371786714e+01 3.863152708468517993e+00 0.000000000000000000e+00
1.012382455543342097e+01 -4.607770845848451619e-02 0.000000000000000000e+00
9.626036472479865935e+00 1.300894182220471507e+01 0.000000000000000000e+00
-6.531676906370038616e+00 -9.809258397175341315e+00 0.000000000000000000e+00
-2.100360528120386039e-01 1.420789464476642650e+01 0.000000000000000000e+00
-1.468425720852421179e+01 -1.720876824511952563e+00 0.000000000000000000e+00
-2.022519136057927991e+00 7.815359704836575716e+00 0.000000000000000000e+00
4.031078191568039593e+00 1.638172658270161364e+01 0.000000000000000000e+00
-2.849482707648740565e+00 -9.342187963801452000e+00 0.000000000000000000e+00
-5.647790417529196638e+00 8.448151464169367131e+00 0.000000000000000000e+00
1.374208985237965841e+01 -6.904405134112653109e+00 0.000000000000000000e+00
8.616137699381093640e+00 1.578945836498267496e+01 0.000000000000000000e+00
-3.537926990811119943e+00 3.654344897243661183e+00 0.000000000000000000e+00
1.753335533975636906e+01 3.589468833820822713e+00 0.000000000000000000e+00
-4.640282126040607968e-01 -1.836071491154864788e+01 0.000000000000000000e+00
-1.012970149782957385e+01 -4.571391407933226958e+00 0.000000000000000000e+00
1.205156643736395061e+01 -9.250530426653464033e+00 0.000000000000000000e+00
-7.882190334787653185e+00 4.309965472460711489e+00 0.000000000000000000e+00
1.315088674726401941e+01 -5.247242210147917696e+00 0.000000000000000000e+00
-4.766948486915437933e+00 -2.059533538895053528e+00 0.000000000000000000e+00
1.839783496967254628e+00 2.047892441124257612e+00 0.000000000000000000e+00
-1.380343263264254539e+01 -6.568146840165285383e+00 0.000000000000000000e+00
3.718923803675389550e+00 6.583706155279232419e+00 0.000000000000000000e+00
-1.079533801224464540e+01 2.213477893627489035e+00 0.000000000000000000e+00
4.528872642647439051e-01 7.091647533622118083e+00 0.000000000000000000e+00
1.398314429224838618e+00 -1.254853558733427832e+01 0.000000000000000000e+00
2.068604403461612673e+00 -3.910238294567584538e-01 0.000000000000000000e+00
1.044054902422367626e+01 1.566677938847481144e+01 0.000000000000000000e+00
-1.368970107330179964e+01 1.075767304320784135e+01 0.000000000000000000e+00
1.896555316964631643e+00 -4.186060373147299174e+00 0.000000000000000000e+00
-4.940944023758507164e+00 1.472653653624558778e+01 0.000000000000000000e+00
-1.268166195202790192e+01 1.410250946541392558e+01 0.000000000000000000e+00
6.850100054979709974e+00 -1.536768225549360878e+01 0.000000000000000000e+00
-6.655104819876989097e+00 6.180143295678742987e+00 0.000000000000000000e+00
1.606869719799200569e+00 -1.429588329082836395e+01 0.000000000000000000e+00
7.572930396336253089e+00 -4.835802168110107324e+00 0.000000000000000000e+00
1.351903619704237514e+01 1.311549881685126806e+01 0.000000000000000000e+00
-2.100049372906035217e+00 -1.821745153990121224e+01 0.000000000000000000e+00
-2.747184924785203375e+00 9.688560890723080021e+00 0.000000000000000000e+00
8.789290750507030126e+00 -1.379832817791085731e+01 0.000000000000000000e+00
-5.413797270149145469e+00 7.648529053858944549e-01 0.000000000000000000e+00
4.041270053125248229e-01 -5.431910236907669720e+00 0.000000000000000000e+00
-1.105756222732525806e+01 4.723374369017433239e+00 0.000000000000000000e+00
-8.598487702998561133e+00 8.960480963587031056e+00 0.000000000000000000e+00
-1.500765417263111168e+01 1.156025642101774586e+01 0.000000000000000000e+00
1.616279220645844816e+01 9.965286043123269266e+00 0.000000000000000000e+00
7.730920012523989193e+00 1.730809436727172113e+01 0.000000000000000000e+00
-1.853903952268112931e+01 -4.038454836036036610e+00 0.000000000000000000e+00
7.116450398987094417e+00 5.603924179813924988e-01 0.000000000000000000e+00
7.070504251120693695e+00 -6.876252826781127148e+00 0.000000000000000000e+00
-1.412249474022304341e+01 6.145163586235094400e+00 0.000000000000000000e+00
1.863776199222617169e+00 1.793019985948999206e+01 0.000000000000000000e+00
-1.706005382765620837e+01 6.938734763674686556e-01 0.000000000000000000e+00
-7.014736652352884683e+00 7.791003783849011377e+00 0.000000000000000000e+00
-1.046622958981026363e-01 2.987323422551643737e-01 0.000000000000000000e+00
-5.267148099392380267e+00 -6.346418181047200235e+00 0.000000000000000000e+00
3.083802203245553208e+00 -7.050973302364035966e+00 0.000000000000000000e+00
6.215432478563117868e+00 1.669493638505075239e+01 0.000000000000000000e+00
-1.076675330129290487e+01 8.699390012216369428e+00 0.000000000000000000e+00
4.030080027129591791e+00 -1.374117771125481724e+01 0.000000000000000000e+00
1.486851866486512463e+00 1.309316975335159761e+01 0.000000000000000000e+00
-1.666821494738086429e+01 4.103027300456494331e+00 0.000000000000000000e+00
-3.189505505335126223e+00 -1.754774613312977127e+00 0.000000000000000000e+00
6.780063652779384498e+00 -1.176036861460079130e+01 0.000000000000000000e+00
2.738452888094092597e+00 1.218386205811512291e+01 0.000000000000000000e+00
-1.342754822168553908e+01 1.276870594491517785e+01 0.000000000000000000e+00
-1.563886348367930523e+01 -1.011343895094574918e+01 0.000000000000000000e+00
7.324320068994726540e+00 8.841119046082686950e+00 0.000000000000000000e+00
-8.982498752465644998e+00 -1.654841020037783750e+01 0.000000000000000000e+00
-1.447607745558024028e+01 -1.138943540960267065e+01 0.000000000000000000e+00
1.259721543753047790e+01 1.129090584555406274e+01 0.000000000000000000e+00
1.299835594976698161e+01 5.796182459590659697e+00 0.000000000000000000e+00
-7.858920628569487477e+00 1.338122439116108353e+01 0.000000000000000000e+00
-1.447376093116659490e+00 6.134859226311733416e+00 0.000000000000000000e+00
3.142742836806584172e+00 -2.839897519433967510e+00 0.000000000000000000e+00
1.362191100439710567e+01 3.108764030251700006e-01 0.000000000000000000e+00
4.185397220441497979e+00 -1.608478373084058433e+01 0.000000000000000000e+00
-5.954571079604066286e-01 -1.348418972078501987e+01 0.000000000000000000e+00
3.210426982276897157e+00 -8.576781850196889323e+00 0.000000000000000000e+00
8.332762562435599207e+00 -1.185950344517461197e+01 0.000000000000000000e+00
-6.267142996757081974e+00 -2.771295653536678394e+00 0.000000000000000000e+00
-8.174555937183940912e+00 2.395283433637991788e+00 0.000000000000000000e+00
1.568426252452721670e+01 -4.113414795497817522e+00 0.000000000000000000e+00
4.647779779975325098e+00 -1.207565101966233101e+01 0.000000000000000000e+00
-1.766195534934465883e+01 -5.493546970542594110e+00 0.000000000000000000e+00
4.695109238956263198e+00 7.763505472720674483e+00 0.000000000000000000e+00
-1.813063359209076575e+00 -5.027348089742551984e+00 0.000000000000000000e+00
9.139081127967518370e+00 -1.207363759459211039e+00 0.000000000000000000e+00
1.642298509225409475e+01 -2.279178176551161172e+00 0.000000000000000000e+00
-1.299164654909601069e+01 8.749351043760608349e+00 0.000000000000000000e+00
-9.407091299030103215e+00 5.466905147368562368e+00 0.000000000000000000e+00
-5.171157976866613382e+00 1.003828514617256573e+01 0.000000000000000000e+00
9.622173320975425881e+00 2.220007999849815672e+00 0.000000000000000000e+00
5.369264537005312699e-01 1.558439618747493860e+01 0.000000000000000000e+00
1.193194378820447099e+01 -7.199083011033501123e+00 0.000000000000000000e+00
1.200755587669092073e+01 -3.259156765070938100e+00 0.000000000000000000e+00
-1.207929639744368622e+00 -2.365240488741274127e+00 0.000000000000000000e+00
1.646877368626723737e+00 -7.657811508763329833e+00 0.000000000000000000e+00
-6.536651909698549368e+00 2.793338881563076637e+00 0.000000000000000000e+00
5.742047514480731252e+00 -1.733624591336613818e+01 0.000000000000000000e+00
-2.400188458005414915e+00 -1.578636607162061090e+01 0.000000000000000000e+00
1.420677742436286728e+01 -8.607310293344182739e+00 0.000000000000000000e+00
-1.185702716010154845e+01 6.153584725323683280e+00 0.000000000000000000e+00
-6.728197134899435383e+00 1.577261444618642550e+01 0.000000000000000000e+00
-3.415343814116203358e+00 1.561344175787764632e+00 0.000000000000000000e+00
1.038238005484306292e+01 -1.407498068482820486e+01 0.000000000000000000e+00
-1.211754725268476918e+01 -2.373887409273041982e+00 0.000000000000000000e+00
1.638178197680744930e+01 -9.368994319396032111e+00 0.000000000000000000e+00
1.224761808549438591e+01 -6.093802232755112236e-01 0.000000000000000000e+00
-8.613730348491090538e+00 -8.408616837985965375e+00 0.000000000000000000e+00
-9.752964452630514813e-01 1.065938947664474057e+01 0.000000000000000000e+00
5.812939632497276854e+00 -9.101029357644435436e+00 0.000000000000000000e+00
5.424755161806257275e-01 3.066218712811322522e+00 0.000000000000000000e+00
4.762624443848791245e+00 -7.914848982850246628e+00 0.000000000000000000e+00
-8.241775048897535427e+00 -5.745524706485129585e+00 0.000000000000000000e+00
-7.551116535622578674e+00 1.062865710231844218e+01 0.000000000000000000e+00
-1.020998980573497050e+01 -1.405108030696049681e+01 0.000000000000000000e+00
-9.417446431996081557e-01 -1.014177762711170949e+01 0.000000000000000000e+00
1.832496803161885568e+00 -1.796287545570677935e+01 0.000000000000000000e+00
7.054969147526453099e+00 5.379189545499705183e+00 0.000000000000000000e+00
-2.917884289293745326e+00 1.390108225943693832e+01 0.000000000000000000e+00
1.116694558686570105e+01 1.184617978720323350e+01 0.000000000000000000e+00
-1.349864777165212182e+01 -9.111402699320787946e+00 0.000000000000000000e+00
6.433827669633624069e+00 2.801241162116662853e+00 0.000000000000000000e+00
1.264543261793043705e+01 8.785859466842021348e+00 0.000000000000000000e+00
2.710882714011868089e+00 5.029635499105703289e+00 0.000000000000000000e+00
-3.921298179384256954e+00 -1.089594488682571338e+01 0.000000000000000000e+00
-1.859982555346815047e+01 2.329535658908233220e+00 0.000000000000000000e+00
-9.523272769596307086e-01 -6.288851379470985492e+00 0.000000000000000000e+00
8.899104023416631648e+00 5.613197291073972472e+00 0.000000000000000000e+00
-1.382861815175543363e+01 2.295943742832115220e+00 0.000000000000000000e+00
2.007571967784463673e+00 6.795938142067431187e+00 0.000000000000000000e+00
-9.752322238512954655e+00 -1.569145108330704419e+00 0.000000000000000000e+00
6.298281888263205452e+00 -3.702711983307786614e+00 0.000000000000000000e+00
1.263324595655263005e+00 -1.033152492210999185e+01 0.000000000000000000e+00
3.016652498434259019e-02 -1.631446001588006567e+01 0.000000000000000000e+00
8.174487201731043484e+00 1.347712550492633632e+01 0.000000000000000000e+00
-1.706789322801994047e+01 -7.471106693010629130e+00 0.000000000000000000e+00
3.622799675208409731e+00 2.012970447563662280e+00 0.000000000000000000e+00
1.783208602644504026e+01 1.106965686450711445e-01 0.000000000000000000e+00
-1.835479678443098228e+00 4.431944696153227170e+00 0.000000000000000000e+00
1.466231874071055818e+00 1.100669440325178350e+01 0.000000000000000000e+00
-1.508573055844018995e+01 3.593322065635152551e+00 0.000000000000000000e+00
-1.678164305433521619e+01 8.208635568370034719e+00 0.000000000000000000e+00
1.082042941083970433e+01 -1.445675264159030249e+00 0.000000000000000000e+00
-7.684911220103236573e+00 -1.108322678236691949e+01 0.000000000000000000e+00
1.214187244773962071e+01 1.411109054204096225e+01 0.000000000000000000e+00
-2.467760187890769785e+00 1.802488350481141310e+01 0.000000000000000000e+00
-5.077002794379741779e+00 6.503375988859777301e+00 0.000000000000000000e+00
1.529174113960969628e+01 -1.050291136287386884e+01 0.000000000000000000e+00
5.565752905431397224e+00 -2.233209704087526060e+00 0.000000000000000000e+00
-1.163545633890812603e+01 1.272636307548907375e+01 0.000000000000000000e+00
1.736359998861656706e+01 -4.549989009422559683e+00 0.000000000000000000e+00
-1.456922268359296524e+01 -1.245751767600994653e-01 0.000000000000000000e+00
-1.079486405419001294e+01 1.104280828426209204e+01 0.000000000000000000e+00
1.857644107642860831e+01 -3.101844782396292022e+00 0.000000000000000000e+00
-6.112714223704361238e+00 -1.795142433952877425e+01 0.000000000000000000e+00
-1.559625511489215732e+01 2.151968567475598615e+00 0.000000000000000000e+00
-9.311200278738091640e+00 3.634234249743355072e+00 0.000000000000000000e+00
3.785035116302241320e+00 1.799334425120888525e+01 0.000000000000000000e+00
-3.706436051664360409e+00 7.270821439552355159e+00 0.000000000000000000e+00
