-8.241024635654580877e+00 2.523043033808166857e+00 0.000000000000000000e+00
-1.591857608538189339e+01 8.554756818757162762e+00 0.000000000000000000e+00
-9.537617760832175051e+00 -1.379385144499760152e+01 0.000000000000000000e+00
-2.275335626819946278e+00 3.936248489576756882e+00 0.000000000000000000e+00
-1.049794575747821490e+01 7.536063992632388242e+00 0.000000000000000000e+00
1.750703788977278919e+01 -4.982074934204963057e-01 0.000000000000000000e+00
1.054354610331048470e+01 8.196170296855203929e+00 0.000000000000000000e+00
1.748593406661760774e+00 6.253517925044635106e+00 0.000000000000000000e+00
3.297354315185895501e+00 1.103375547552704994e+01 0.000000000000000000e+00
-1.090915994453954596e+00 -1.056028183331319070e+01 0.000000000000000000e+00
-1.541325655440442155e+01 -1.984100878104911203e+00 0.000000000000000000e+00
-2.459146714784918419e+00 1.092599025570688376e+01 0.000000000000000000e+00
2.302581925228519122e+00 -1.096919545995496392e+01 0.000000000000000000e+00
-1.010474555782471384e+01 -5.595956255900532916e+00 0.000000000000000000e+00
-1.572010123767409162e+01 -3.464229104721879171e+00 0.000000000000000000e+00
4.260053168399656087e+00 9.877609142772929118e+00 0.000000000000000000e+00
6.335619951905874458e+00 5.381945280857800995e+00 0.000000000000000000e+00
-1.455121855080943938e+01 -5.985460280853829751e+00 0.000000000000000000e+00
-1.261488924225153951e+01 1.084904902750943556e+01 0.000000000000000000e+00
-9.888290536241133299e-01 1.819965184657711177e+01 0.000000000000000000e+00
-5.886130107171675618e+00 8.329415089918168036e+00 0.000000000000000000e+00
1.777151688649282946e+01 5.016151957703667286e+00 0.000000000000000000e+00
4.034583607718337461e+00 6.298187239616908073e+00 0.000000000000000000e+00
7.266638205481782187e+00 3.808795295499925793e+00 0.000000000000000000e+00
4.666336814125236820e+00 8.066393861824389111e-01 0.000000000000000000e+00
5.122867985235409982e+00 1.733781424361971091e+01 0.000000000000000000e+00
2.810701706740849737e+00 1.321874497892663314e+00 0.000000000000000000e+00
-1.485383666361702160e+00 -1.346824691703333521e+01 0.000000000000000000e+00
-1.432664179513424507e+01 -1.225856035915405329e+01 0.000000000000000000e+00
1.211416504921112924e+01 -4.270232926032801579e+00 0.000000000000000000e+00
1.575865548623145251e+01 -8.296183290478348349e-01 0.000000000000000000e+00
1.116338816079326079e+01 2.423090269442844225e+00 0.000000000000000000e+00
-8.906133007287349912e+00 1.023789381136469601e+01 0.000000000000000000e+00
-3.090914513317437162e+00 -1.459123942112990768e+01 0.000000000000000000e+00
-7.335854347964250621e+00 1.124725941279615782e+01 0.000000000000000000e+00
-1.401603171785407476e+01 -8.146405575095727158e+00 0.000000000000000000e+00
9.591485732031204137e+00 -6.883248967270036545e+00 0.000000000000000000e+00
5.772093327672162211e+00 9.527596389708223867e+00 0.000000000000000000e+00
1.315005355372805340e+01 3.630916577559068159e+00 0.000000000000000000e+00
8.301636202727731728e+00 -2.508411806853075299e-01 0.000000000000000000e+00
-7.025139527576335752e+00 -2.589421394221544936e+00 0.000000000000000000e+00
-4.228264796537571257e+00 -1.319869136206565985e+00 0.000000000000000000e+00
-9.195902138587530583e-01 -3.942815919731341268e+00 0.000000000000000000e+00
1.268498060404290761e+01 7.642549222206910464e+00 0.000000000000000000e+00
5.117491626199239363e+00 1.579313984297102991e+01 0.000000000000000000e+00
1.232224661805970456e+00 3.549634282954168274e+00 0.000000000000000000e+00
1.220097357710928243e+01 2.288729490550135970e-01 0.000000000000000000e+00
1.101388709343503969e+01 -9.294417490087991673e-01 0.000000000000000000e+00
1.090675669716330010e+00 1.492278404394548197e+01 0.000000000000000000e+00
-1.630016302086820801e+01 8.824169536533169600e-01 0.000000000000000000e+00
7.106701546776847955e+00 1.273836617025227902e+01 0.000000000000000000e+00
-7.988371045481379440e+00 5.425731514489688934e+00 0.000000000000000000e+00
-1.473609003508114412e+00 1.572110393427142405e+01 0.000000000000000000e+00
-1.895655331520769149e+00 -1.676986225485764592e+01 0.000000000000000000e+00
-1.942669213110946203e+00 6.250422247877660098e+00 0.000000000000000000e+00
3.314701590399449227e+00 -9.874372992968474261e-01 0.000000000000000000e+00
4.535800595079400921e+00 -1.691207918183286552e+01 0.000000000000000000e+00
-9.596829581523152797e+00 -1.178598065720377264e+01 0.000000000000000000e+00
5.703303630792212253e+00 -1.227813098958962179e+00 0.000000000000000000e+00
-5.550303674905060269e+00 5.543545029599105334e+00 0.000000000000000000e+00
-5.532399791865715066e+00 -1.623100771359077044e+01 0.000000000000000000e+00
7.934777451389580349e+00 -1.023206621610087907e+01 0.000000000000000000e+00
9.336947820510872020e+00 -1.534034879364439341e+01 0.000000000000000000e+00
-2.218997051208540405e+00 1.394353412893371313e+01 0.000000000000000000e+00
-1.142392631742737841e+01 3.760237506076060665e+00 0.000000000000000000e+00
1.770804217686905702e+01 -5.066406339510153956e+00 0.000000000000000000e+00
9.916490838769936644e+00 5.767336619526762576e+00 0.000000000000000000e+00
2.314872923022599949e+00 9.766305997818962581e+00 0.000000000000000000e+00
-1.088422448005775145e+01 -8.156454934807962687e+00 0.000000000000000000e+00
3.263257864388733775e+00 -2.834280019375664317e+00 0.000000000000000000e+00
1.441004935189236491e+01 6.372423502607157175e+00 0.000000000000000000e+00
4.683345384844170844e+00 -4.158151530964338427e+00 0.000000000000000000e+00
4.364521571348570994e+00 -7.142186596378550689e+00 0.000000000000000000e+00
-9.809754916889747989e-01 -8.756230850798035092e+00 0.000000000000000000e+00
-1.335526872954286937e+01 -4.537555836298680312e+00 0.000000000000000000e+00
-1.317275337742915475e+01 7.527412476562538757e+00 0.000000000000000000e+00
9.396517194184413668e+00 1.214779860337838180e+01 0.000000000000000000e+00
1.295460670986855689e+01 1.130844965599659524e+01 0.000000000000000000e+00
1.039450024380012216e+01 -8.700295552796415421e+00 0.000000000000000000e+00
-8.213035335910005230e+00 -3.680549035763797772e+00 0.000000000000000000e+00
1.506203469142036067e+00 1.227860734370101881e+01 0.000000000000000000e+00
-1.391737052589490631e+01 9.091095631078939476e+00 0.000000000000000000e+00
-6.524284159583194409e+00 -1.074308150514446858e+01 0.000000000000000000e+00
1.887108674442341538e+01 2.093305310669931529e+00 0.000000000000000000e+00
-1.290983820298882989e+01 -6.318849148163361740e+00 0.000000000000000000e+00
-1.479556685538937799e+01 3.577182670142902587e+00 0.000000000000000000e+00
5.745274722247478039e+00 -1.497001675043916791e+01 0.000000000000000000e+00
3.669792910443486988e+00 4.727914219780442018e+00 0.000000000000000000e+00
1.563888358977381365e+01 2.208790530712747557e+00 0.000000000000000000e+00
2.964334737070986936e+00 -1.281507056115743737e+01 0.000000000000000000e+00
1.536430749239080207e+01 6.250281943820532593e-01 0.000000000000000000e+00
1.589454027967300043e+01 5.274599107375125939e+00 0.000000000000000000e+00
1.353508304377635874e+01 -2.571332702623841726e+00 0.000000000000000000e+00
-4.889840415026426967e+00 1.005276423441307188e+01 0.000000000000000000e+00
1.429289092123330995e+01 -1.113465417551998371e+01 0.000000000000000000e+00
1.568345050553763720e+01 -4.799795306688618091e+00 0.000000000000000000e+00
-6.982485288411166557e+00 -6.885245960019517497e+00 0.000000000000000000e+00
-1.294418666212594538e+01 3.377847749141549283e+00 0.000000000000000000e+00
1.188493690183001483e+01 5.884290137824793376e+00 0.000000000000000000e+00
-9.424415416846414928e+00 1.381990766900584156e+01 0.000000000000000000e+00
-1.752879716361224638e+01 2.372355482840303065e+00 0.000000000000000000e+00
1.256714292254686960e+01 -1.333154952226662893e+01 0.000000000000000000e+00
7.278122255846947830e+00 -2.368022184067104519e+00 0.000000000000000000e+00
1.404420371267750767e+01 -5.018104284582078911e+00 0.000000000000000000e+00
1.450108565139845140e+01 1.068192467329076578e+01 0.000000000000000000e+00
3.593766941781909030e-01 4.915930650035340577e+00 0.000000000000000000e+00
-1.693346274019102893e+01 4.753219663888873292e+00 0.000000000000000000e+00
5.586944894537643869e+00 7.506398494129469690e+00 0.000000000000000000e+00
1.826615209738498891e+01 -2.287235989532458547e+00 0.000000000000000000e+00
-4.376080346693506762e+00 9.864855341683202994e-01 0.000000000000000000e+00
-1.477423945165049801e+01 -9.613586300611272506e+00 0.000000000000000000e+00
-1.543120429139731975e+01 6.573623188326222611e+00 0.000000000000000000e+00
3.087233466027338835e+00 1.487803405791608036e+01 0.000000000000000000e+00
1.374584898737180438e+01 9.379868170096827384e+00 0.000000000000000000e+00
-1.285650861605082262e+01 5.132205171640171759e-01 0.000000000000000000e+00
5.914903042971977332e-01 -1.330048003483308960e+01 0.000000000000000000e+00
1.469126084898011442e+00 -2.506260550631459694e+00 0.000000000000000000e+00
7.731880563106650506e+00 -4.875221207799688372e+00 0.000000000000000000e+00
-1.482505316631436809e+00 -6.065514421125888234e+00 0.000000000000000000e+00
-3.736282288039737498e+00 5.967067280427214904e+00 0.000000000000000000e+00
-2.890592916182871619e+00 -4.475017453488672636e+00 0.000000000000000000e+00
7.200525766269522343e+00 1.111834300796432018e+01 0.000000000000000000e+00
9.380161452614022011e+00 2.978102444861426612e+00 0.000000000000000000e+00
5.410715870540117045e+00 -1.329725894715268275e+01 0.000000000000000000e+00
6.438400297214041501e+00 9.037371864471991367e-01 0.000000000000000000e+00
-7.549641025806607786e+00 -8.833854623475607681e+00 0.000000000000000000e+00
-1.700382139934588466e+01 -6.896925789734249079e+00 0.000000000000000000e+00
-6.489839146661154912e-01 7.029003731500274021e+00 0.000000000000000000e+00
3.295069265987589979e+00 -5.343319834299350646e+00 0.000000000000000000e+00
-1.077456048363284324e+01 1.255376054353896098e+00 0.000000000000000000e+00
5.310928301023810860e+00 1.226292582903939810e+01 0.000000000000000000e+00
1.081338745403675139e+00 7.829317789432375996e+00 0.000000000000000000e+00
-4.375246398221346311e+00 -7.223354550749562897e+00 0.000000000000000000e+00
-1.172041725284327818e+00 9.113290936163819467e+00 0.000000000000000000e+00
-8.052628665832234356e-01 -1.786183809922818355e+01 0.000000000000000000e+00
1.212916764688399374e+00 -7.353357613383857405e-01 0.000000000000000000e+00
-5.807995038315349134e+00 -4.689179967368436230e+00 0.000000000000000000e+00
-5.237589099270218540e+00 -2.805466825868739633e+00 0.000000000000000000e+00
1.616711195444436555e+01 -2.929719022966089437e+00 0.000000000000000000e+00
-5.811888590854153769e+00 3.783416225460412008e-01 0.000000000000000000e+00
-9.722228061815949118e+00 -1.594344759175607074e+01 0.000000000000000000e+00
-5.108656211914611944e+00 -1.436020970380268125e+01 0.000000000000000000e+00
-1.751609268873087544e+01 -5.025876441692764374e+00 0.000000000000000000e+00
1.614839568725465213e+01 -7.930618595499125512e+00 0.000000000000000000e+00
6.249448564001428563e-01 -8.083626593482028611e+00 0.000000000000000000e+00
-4.409192845418746565e+00 1.175222730731823262e+01 0.000000000000000000e+00
-2.684003232650690851e+00 8.735900298793543683e+00 0.000000000000000000e+00
-1.286520815333160073e+01 5.288463990024355965e+00 0.000000000000000000e+00
-4.893693698201541764e+00 1.769800197349097104e+01 0.000000000000000000e+00
6.905872521923310359e+00 -8.985927156450628672e+00 0.000000000000000000e+00
3.411324978564607147e+00 -8.432208187920394948e+00 0.000000000000000000e+00
-1.104082796940257261e+01 1.425268425490309632e+01 0.000000000000000000e+00
-1.185306074628770823e+01 9.159190028112000448e+00 0.000000000000000000e+00
-6.534869903765714305e+00 1.737826098293172450e+01 0.000000000000000000e+00
-3.169316604914576008e+00 -5.986739361363130563e+00 0.000000000000000000e+00
1.099503478263148182e+01 1.373442238596787490e+01 0.000000000000000000e+00
-1.592129925358086950e+01 1.009128631492375128e+01 0.000000000000000000e+00
-8.505898880151466557e+00 8.488305936885010894e+00 0.000000000000000000e+00
1.002381194132315834e+01 -2.665422245256670930e+00 0.000000000000000000e+00
8.798471270812665779e+00 1.550533030947665480e+01 0.000000000000000000e+00
-1.295787145804824192e+01 -1.816447503094809068e+00 0.000000000000000000e+00
3.573595476574324969e+00 -1.806849816916217577e+01 0.000000000000000000e+00
-5.015975706615229512e+00 -1.823260420186787201e+01 0.000000000000000000e+00
-3.098699704404129784e-01 -7.618980957162456713e-01 0.000000000000000000e+00
6.270838115266051283e+00 -6.130258217742260207e+00 0.000000000000000000e+00
-1.347484570192502140e+01 1.271129668715812322e+01 0.000000000000000000e+00
-5.558628275085266246e+00 -9.018042619658116266e+00 0.000000000000000000e+00
4.955755177501356634e+00 -8.564210969781356653e+00 0.000000000000000000e+00
-6.966120270539002846e+00 -1.319487062639028885e+01 0.000000000000000000e+00
1.514159727475052009e+00 -1.839510332128346803e+01 0.000000000000000000e+00
-2.920675615796564539e+00 -8.265223839783118365e+00 0.000000000000000000e+00
7.376095326302011479e+00 7.519447801810628995e+00 0.000000000000000000e+00
-1.175922305873812235e+01 -1.436299615823107700e+01 0.000000000000000000e+00
7.905526900432857218e+00 -1.395294582928798732e+01 0.000000000000000000e+00
-1.892460886383579322e+01 -8.040748249330261777e-01 0.000000000000000000e+00
-1.727684368817408256e+01 7.441832407365491342e+00 0.000000000000000000e+00
1.016985016941295150e+01 -4.756786832843498125e+00 0.000000000000000000e+00
9.861869362103210079e+00 -1.308950447271129391e+01 0.000000000000000000e+00
1.615966940612060654e+01 7.639440080512842179e+00 0.000000000000000000e+00
-9.507297741084650866e+00 1.213598116378128289e+01 0.000000000000000000e+00
1.500898733162880694e+00 1.751927491977827245e+01 0.000000000000000000e+00
-5.137819577788976133e+00 1.353148243778796811e+01 0.000000000000000000e+00
-1.030722315907279629e+01 9.504573160981719226e+00 0.000000000000000000e+00
1.304154620769924300e+01 -6.418200759474981254e+00 0.000000000000000000e+00
1.130671479402301571e+01 -6.537031800946089710e+00 0.000000000000000000e+00
-9.276710563011780764e+00 -1.022317863620803458e+01 0.000000000000000000e+00
-1.714028285060162693e+00 -1.522670157349629960e+01 0.000000000000000000e+00
-8.763128416465914228e+00 -7.270141290393371314e+00 0.000000000000000000e+00
-1.014414953424620514e+01 1.578185424976331852e+01 0.000000000000000000e+00
-1.509739035192003342e+01 -1.215247436680644694e-01 0.000000000000000000e+00
6.310345282236172082e+00 -1.662280542345683898e+01 0.000000000000000000e+00
1.192648891217998575e+01 -8.016583189324359537e+00 0.000000000000000000e+00
-9.763622805655021608e+00 -2.032415488116909863e+00 0.000000000000000000e+00
-1.249381223081132752e+00 -2.220122293531703317e+00 0.000000000000000000e+00
-7.614617300212412232e+00 -1.617108842387403556e+01 0.000000000000000000e+00
-7.050556019599900637e+00 1.293607805294366209e+01 0.000000000000000000e+00
4.175762308286735447e+00 2.937519543993977855e+00 0.000000000000000000e+00
5.691581412577492394e+00 -1.159168428924660788e+01 0.000000000000000000e+00
-3.166119809970318943e+00 -1.153182494365519872e+01 0.000000000000000000e+00
-3.755246564195042769e+00 -3.220070506318715164e+00 0.000000000000000000e+00
1.600730864568059530e+01 9.490446392484921390e+00 0.000000000000000000e+00
-6.395260338329681105e+00 3.875548283816899087e+00 0.000000000000000000e+00
1.270230701584901034e+01 -1.052637505232677917e+01 0.000000000000000000e+00
2.253279659211708363e+00 -6.991140655646780999e+00 0.000000000000000000e+00
5.692155752025711279e-02 1.692895530046373409e+01 0.000000000000000000e+00
8.079450279785502786e+00 1.290106477569040067e+00 0.000000000000000000e+00
-7.886048031643837497e+00 -1.182484994739540218e-01 0.000000000000000000e+00
3.972634607682465013e+00 -1.538512928937413804e+01 0.000000000000000000e+00
-7.522041954971586009e+00 1.596667104738509479e+01 0.000000000000000000e+00
1.048836210922724632e+01 5.155569395858594639e-01 0.000000000000000000e+00
1.047594646157474685e+01 4.326094336464938905e+00 0.000000000000000000e+00
1.238767809359301753e+00 -5.797085086120935316e+00 0.000000000000000000e+00
-3.520284121570350866e+00 -9.893959230445139141e+00 0.000000000000000000e+00
-3.841674123981417832e+00 1.630233589745526857e+01 0.000000000000000000e+00
-6.969464660659557609e+00 1.583521556576319433e+00 0.000000000000000000e+00
5.386594213620998772e-01 -1.487480345179589669e+01 0.000000000000000000e+00
-2.562009691678898360e+00 1.844511454236925374e+01 0.000000000000000000e+00
-2.640800552883216135e+00 2.416272925377910941e+00 0.000000000000000000e+00
6.079596598946319930e-02 9.989082230154560094e+00 0.000000000000000000e+00
-1.747878598442538234e+00 9.067746020248705630e-02 0.000000000000000000e+00
1.412929295371489147e+01 -9.633586976439419303e+00 0.000000000000000000e+00
1.370337914786830646e+00 8.428507960089397510e-01 0.000000000000000000e+00
-8.696929991801260584e+00 4.031330381535004115e+00 0.000000000000000000e+00
2.133301334682195627e+00 -1.551380917921699343e+01 0.000000000000000000e+00
1.180930611742352632e+01 -2.340681438887828314e+00 0.000000000000000000e+00
-4.102087314495185266e-01 1.680809232175199064e+00 0.000000000000000000e+00
-5.006775276878266290e+00 2.823515109898571129e+00 0.000000000000000000e+00
-1.228690357380802212e+01 -1.283360121859682401e+01 0.000000000000000000e+00
1.128732570323117912e+01 -1.526869976910813342e+01 0.000000000000000000e+00
8.841406542135864299e+00 1.012246665039763549e+01 0.000000000000000000e+00
-4.135434356128732780e+00 4.395117981545981323e+00 0.000000000000000000e+00
1.365319405308221334e+01 -7.454458236576231300e-01 0.000000000000000000e+00
1.577287680188721097e+01 -9.560604698948154123e+00 0.000000000000000000e+00
-3.638556389920165390e+00 -1.718143861288262286e+01 0.000000000000000000e+00
-1.844694947382990335e+01 4.321276770746721674e+00 0.000000000000000000e+00
-1.100634221894678788e+01 -4.130851610016514353e-01 0.000000000000000000e+00
6.249317038988511097e-01 -1.108705832178294948e+01 0.000000000000000000e+00
-7.554619956155877780e+00 7.139659161239808149e+00 0.000000000000000000e+00
1.753187007258237884e+01 3.148382968083389244e+00 0.000000000000000000e+00
-8.220237212388793679e+00 -5.243799321713826345e+00 0.000000000000000000e+00
7.072660622169676614e+00 1.496054779882824270e+01 0.000000000000000000e+00
1.190255937279528986e+01 1.017181055292441272e+01 0.000000000000000000e+00
1.422901886239622016e+01 -8.133112575182460446e+00 0.000000000000000000e+00
-1.169413700120610322e+01 -1.046955408453770886e+01 0.000000000000000000e+00
1.326487292664554296e+01 1.300797545061501026e+01 0.000000000000000000e+00
-1.125755494556604930e+01 1.202063522972679088e+01 0.000000000000000000e+00
-1.655881043937860753e+01 -8.952213425920932721e+00 0.000000000000000000e+00
-7.813624097501935317e+00 -1.164630844337232141e+01 0.000000000000000000e+00
3.798656786337149871e+00 1.275718793174567978e+01 0.000000000000000000e+00
-4.392578579237431669e+00 7.640844727508086187e+00 0.000000000000000000e+00
8.194348340818931931e+00 -1.221379643931787129e+01 0.000000000000000000e+00
-2.418066364542531321e+00 -1.871199119229483188e+01 0.000000000000000000e+00
6.684417972666094165e+00 1.734243121196413284e+01 0.000000000000000000e+00
1.098178313093981551e+01 1.149477666417575961e+01 0.000000000000000000e+00
1.369402643974520650e+01 1.145974199235821445e+00 0.000000000000000000e+00
1.602149248445333019e+00 -4.305368755832774674e+00 0.000000000000000000e+00
