1.306660156608064405e+01 -1.309775983105893538e+01 0.000000000000000000e+00
1.518266305894473867e+01 4.362103824359270909e+00 0.000000000000000000e+00
4.643063127367084597e+00 -9.116658262839081317e+00 0.000000000000000000e+00
3.016251409884358026e+00 -1.791732654691863758e+01 0.000000000000000000e+00
4.820851783639413135e+00 -1.068575738005901998e+00 0.000000000000000000e+00
-1.520974982931202746e+01 4.942626596436869413e+00 0.000000000000000000e+00
4.548557383861922432e+00 -1.661656158822883356e+01 0.000000000000000000e+00
1.361787635773560190e+01 -5.736446638171254442e+00 0.000000000000000000e+00
-2.359458539683221279e+00 9.604898907482604997e+00 0.000000000000000000e+00
-5.208770182228608547e+00 4.332563075574826783e+00 0.000000000000000000e+00
1.450205207233564941e+01 -3.491604756338651860e+00 0.000000000000000000e+00
7.930924736362380045e+00 5.760163771760086426e+00 0.000000000000000000e+00
1.194399602117660741e+01 1.079230168745947083e+01 0.000000000000000000e+00
1.350708776248168519e+01 5.261764372286338309e-01 0.000000000000000000e+00
1.757198324891810870e+01 -5.149503143720168818e-01 0.000000000000000000e+00
1.587380123451469771e+01 5.999827105821029072e+00 0.000000000000000000e+00
-9.936872600053360927e+00 1.122284756943889050e+01 0.000000000000000000e+00
5.901961523227117645e+00 8.263705055843519887e+00 0.000000000000000000e+00
8.168716582299285989e+00 1.059895637523768697e+00 0.000000000000000000e+00
4.826081437671838614e+00 -1.370287354831000748e+01 0.000000000000000000e+00
1.308531329453715131e+01 9.013850335248692502e+00 0.000000000000000000e+00
-3.367717481093430720e+00 1.609193858067744998e+01 0.000000000000000000e+00
2.249943269072951502e+00 -1.010391511660799857e+01 0.000000000000000000e+00
-5.884134013313240708e+00 -1.793317116839111947e+01 0.000000000000000000e+00
1.042774566657672430e+01 6.455721824328990444e+00 0.000000000000000000e+00
-1.533862200106523765e+01 7.312286644934774316e+00 0.000000000000000000e+00
-6.185898606398889221e+00 1.486276785977371517e+01 0.000000000000000000e+00
-1.055621520886296061e+01 9.873538265929152624e-01 0.000000000000000000e+00
7.479182802146500109e+00 -4.863056389948130054e+00 0.000000000000000000e+00
-9.268476766771634345e+00 1.298206607143864666e+01 0.000000000000000000e+00
-1.773017379151479611e+00 6.964233842138416897e+00 0.000000000000000000e+00
1.429389054785570146e+01 2.240371916227446469e+00 0.000000000000000000e+00
4.271376654574085663e+00 1.674250806247273360e+01 0.000000000000000000e+00
1.477652357159210972e+01 -1.037107229713930323e+01 0.000000000000000000e+00
-9.290594915267872622e+00 5.779592814554970204e+00 0.000000000000000000e+00
3.472834163409875607e+00 -1.439196426555296249e+01 0.000000000000000000e+00
1.167729173590807301e+00 1.380719401375006328e+01 0.000000000000000000e+00
1.250684775533731363e+00 -1.836596736066114133e+01 0.000000000000000000e+00
-1.544227715459673966e+01 -3.708084007656564207e+00 0.000000000000000000e+00
4.732709204814367965e+00 3.388008280476437761e+00 0.000000000000000000e+00
-7.121646575756268582e+00 -5.486531359912119044e+00 0.000000000000000000e+00
-7.290815807114470637e+00 -1.923176908986427236e+00 0.000000000000000000e+00
1.027834256243660604e+01 -8.256016446020579380e+00 0.000000000000000000e+00
-8.839630606294798909e+00 -5.725179977124306596e+00 0.000000000000000000e+00
1.775379622458527962e+01 -3.395862100269708694e+00 0.000000000000000000e+00
6.121533876695028020e+00 -1.075008532197893629e+01 0.000000000000000000e+00
-1.411419403374268278e+01 -2.758602826103100814e+00 0.000000000000000000e+00
1.116908321179843000e+01 -9.652142722562963684e+00 0.000000000000000000e+00
8.164626131232646244e+00 -9.800620778314823589e-01 0.000000000000000000e+00
-1.811798137926197594e+00 -1.890356842602751541e+01 0.000000000000000000e+00
-1.908772098772249404e+00 -1.663648815467080411e+01 0.000000000000000000e+00
-9.236059403786002486e-02 1.684481692426100707e+01 0.000000000000000000e+00
8.387191604099450970e+00 1.229710550227656007e+01 0.000000000000000000e+00
-8.808554546203966495e+00 1.743909326184295949e+00 0.000000000000000000e+00
-9.643202562518881749e+00 9.067396201585715687e+00 0.000000000000000000e+00
-8.199537346139615934e+00 1.001837750463190702e+01 0.000000000000000000e+00
1.160440394993125857e+01 -4.470745041572185663e+00 0.000000000000000000e+00
1.251205344582516510e+01 -1.135277615651714989e+01 0.000000000000000000e+00
-3.534254933488651940e+00 1.259320552122028092e+00 0.000000000000000000e+00
-1.501656982231112103e+01 4.982453485637857171e-01 0.000000000000000000e+00
2.281215238869138684e+00 9.844267496183313426e+00 0.000000000000000000e+00
-5.654995961247708536e+00 2.413721043539360345e+00 0.000000000000000000e+00
6.584834869851360351e-01 -1.625517647927787124e+01 0.000000000000000000e+00
6.186157279333341030e+00 1.592225824214655461e+01 0.000000000000000000e+00
-1.148462704010678692e+01 -1.184532983158037034e+01 0.000000000000000000e+00
7.632711405077286848e+00 9.808356428834086316e+00 0.000000000000000000e+00
2.102878785190486433e+00 -5.935043142119040382e+00 0.000000000000000000e+00
-1.163979184269322342e+00 -2.789275712428160858e+00 0.000000000000000000e+00
-2.501734697005671415e-01 -1.041775637365332408e+01 0.000000000000000000e+00
-7.197828732592340018e+00 -1.421065805497867984e+01 0.000000000000000000e+00
2.629942472991984914e+00 -2.487851973095022373e+00 0.000000000000000000e+00
7.317498044091104603e+00 3.979093754116481474e+00 0.000000000000000000e+00
-3.711082982943436637e+00 -4.648598315667554104e+00 0.000000000000000000e+00
-9.162663486477759633e+00 1.548234286260572823e+01 0.000000000000000000e+00
3.580695987581072437e+00 4.557672448111903307e+00 0.000000000000000000e+00
-6.024316214213647491e+00 -9.760444042121132924e+00 0.000000000000000000e+00
-6.647575698430410185e+00 9.849132341470841823e+00 0.000000000000000000e+00
1.003587598208428133e+01 -5.861546330101617963e-01 0.000000000000000000e+00
-9.951200967703888622e+00 -1.383533316163661020e+01 0.000000000000000000e+00
9.621033368036611577e+00 1.535291031977998699e+01 0.000000000000000000e+00
9.751801590633178307e+00 1.374819998592159820e+01 0.000000000000000000e+00
-1.264876852722232314e+01 1.037853181492213750e+01 0.000000000000000000e+00
-7.369002171269348089e+00 7.365042796039633188e+00 0.000000000000000000e+00
-4.477636838064639746e-01 2.314518275948610260e+00 0.000000000000000000e+00
-1.344354823012912981e+01 7.915549450615148253e+00 0.000000000000000000e+00
-1.472777760844626194e+01 -6.341987236925880289e+00 0.000000000000000000e+00
-2.990131910267419091e+00 -5.303006847354446718e-01 0.000000000000000000e+00
8.155272069968125592e+00 -1.268762878662731630e+01 0.000000000000000000e+00
-8.844494204930240855e+00 4.141508892306846157e+00 0.000000000000000000e+00
1.335434421261479976e+01 -9.836170322589471438e-01 0.000000000000000000e+00
-4.781486143149781931e+00 -1.340026314030082766e+01 0.000000000000000000e+00
3.841069971491108070e+00 -4.788271636553689703e+00 0.000000000000000000e+00
-1.211685821916260686e+01 -5.610667751324175612e+00 0.000000000000000000e+00
1.517500871643943050e+01 1.082100515164259136e+01 0.000000000000000000e+00
-1.021992281789036916e+01 -1.002673385327777833e+00 0.000000000000000000e+00
1.811482906258637371e+01 4.008597593967898831e+00 0.000000000000000000e+00
1.240639520270327756e+00 5.507680236218233993e+00 0.000000000000000000e+00
1.041484509448522111e+01 -2.324525300571527620e+00 0.000000000000000000e+00
9.986936674230552313e+00 4.777272305338526870e+00 0.000000000000000000e+00
-2.243479051818058512e+00 -1.473379381328644122e+01 0.000000000000000000e+00
-1.221976915897226057e+01 -1.164464334779551802e+00 0.000000000000000000e+00
-7.079793914611293815e+00 -1.697136931735878562e+01 0.000000000000000000e+00
1.384273026116741789e+01 1.231198607987209570e+01 0.000000000000000000e+00
1.283477508907018461e+01 -9.752984787109665987e+00 0.000000000000000000e+00
-1.157270039625552727e+01 -9.479878734477876989e+00 0.000000000000000000e+00
-3.506607125771700417e+00 4.672068824955774247e+00 0.000000000000000000e+00
4.428867491277585167e+00 -6.596765201160502912e+00 0.000000000000000000e+00
1.641232117487604825e+01 -6.874560946554123753e+00 0.000000000000000000e+00
9.233157633233975758e+00 -1.651377425875995186e+01 0.000000000000000000e+00
-5.393361237046472301e-01 -7.249233930758585132e+00 0.000000000000000000e+00
-6.857859892606201768e-01 1.422760395104061182e+01 0.000000000000000000e+00
6.164397394457095558e+00 -7.900719621693292893e+00 0.000000000000000000e+00
-1.672825773173845931e+01 -2.767361937197209354e+00 0.000000000000000000e+00
6.011748689017730740e+00 6.289932272661554968e+00 0.000000000000000000e+00
-1.293039460768061311e+01 4.480798244731398761e+00 0.000000000000000000e+00
-9.830862839375653195e+00 -1.144710201806152305e+01 0.000000000000000000e+00
-1.111382197415060524e+01 8.565738509122935440e+00 0.000000000000000000e+00
2.852265795244367741e+00 -1.254362769275311074e+01 0.000000000000000000e+00
-1.678489802273661402e+00 3.271858194848358270e+00 0.000000000000000000e+00
-1.153072867048044081e+01 1.485139767177154013e+01 0.000000000000000000e+00
-1.650175067090933112e+01 -8.654450327252479980e+00 0.000000000000000000e+00
4.732778236416848472e+00 1.399051546152176861e+01 0.000000000000000000e+00
-1.654713205389116837e+01 2.258087566054431061e+00 0.000000000000000000e+00
8.108055335079718873e+00 -3.388254836351689114e+00 0.000000000000000000e+00
-7.492896409301034844e+00 5.372311237102404213e+00 0.000000000000000000e+00
1.043002223183943400e+01 1.077175347781595072e+01 0.000000000000000000e+00
-3.964831307690821482e+00 3.022861693871496946e+00 0.000000000000000000e+00
-1.042243985601547251e+01 -5.028258048834244320e+00 0.000000000000000000e+00
1.210413071209304370e+01 -7.064929289774372734e+00 0.000000000000000000e+00
8.108299727946999269e+00 -1.455237833670848424e+01 0.000000000000000000e+00
1.723827181170938161e+01 6.634874206766379068e+00 0.000000000000000000e+00
-6.089969151177418993e+00 -3.494080221522141816e+00 0.000000000000000000e+00
-2.259756782584464663e+00 1.811448082564213280e+01 0.000000000000000000e+00
4.829009651685209015e+00 1.389700955312521247e+00 0.000000000000000000e+00
-7.618990671605366138e+00 1.148813786165222695e+01 0.000000000000000000e+00
2.566229245854332763e+00 8.269726436978206863e+00 0.000000000000000000e+00
1.172613461585305039e+01 5.578371579197023422e+00 0.000000000000000000e+00
-4.074812200124463324e+00 -1.733716477115377685e+01 0.000000000000000000e+00
-4.355614281735907589e+00 -1.887988166362002396e+00 0.000000000000000000e+00
-2.659880549987652998e+00 -1.313675787338172896e+01 0.000000000000000000e+00
-9.381806369302143622e+00 -1.606785615214051077e+01 0.000000000000000000e+00
1.140427892642369123e+01 -1.394896952994565531e+01 0.000000000000000000e+00
1.132104008672265749e+01 1.359447574035921136e+01 0.000000000000000000e+00
-1.379205685814174132e+01 -1.228718284026736463e+01 0.000000000000000000e+00
9.332482185504924033e+00 8.147470830216846593e+00 0.000000000000000000e+00
3.486361416822912673e+00 -8.020378881450058728e+00 0.000000000000000000e+00
-1.917602923109073654e+00 -5.922611083471524651e+00 0.000000000000000000e+00
1.629929224578569347e+01 8.937960679662067420e+00 0.000000000000000000e+00
-1.091689606801209145e+01 5.155912292871859037e+00 0.000000000000000000e+00
-1.365468866554709315e+01 -1.012110556128359207e+01 0.000000000000000000e+00
-6.932403023575082202e+00 1.651022804057079085e+01 0.000000000000000000e+00
-1.149620121185857657e+00 -1.129408964470351301e-01 0.000000000000000000e+00
6.205291538760952186e+00 1.328882228935386145e+01 0.000000000000000000e+00
-1.731280549027966487e+01 -6.368563012968209591e+00 0.000000000000000000e+00
7.542780774587139803e+00 -9.494074581275027569e+00 0.000000000000000000e+00
-1.421593946538125586e+01 3.332103780638904222e+00 0.000000000000000000e+00
5.107955283285265935e+00 1.810525468498254398e+01 0.000000000000000000e+00
-1.401745310727071925e-01 7.177086882216289432e+00 0.000000000000000000e+00
-6.267861919931797310e+00 -1.227219365699599685e+01 0.000000000000000000e+00
9.765841077897354339e+00 -1.203481932590857184e+01 0.000000000000000000e+00
6.483015958566923587e+00 -2.576020324852328791e+00 0.000000000000000000e+00
-1.087807430587059621e+01 1.248629902687298809e+01 0.000000000000000000e+00
-8.415175587393498802e+00 -3.911151598325694478e-01 0.000000000000000000e+00
-1.575340099515999093e+01 8.784851476273889404e+00 0.000000000000000000e+00
1.604919766045362550e+01 -2.419383928819552221e+00 0.000000000000000000e+00
7.963220095079248217e+00 -6.950535860284453804e+00 0.000000000000000000e+00
-1.085205229536117644e+00 5.461750657268750864e+00 0.000000000000000000e+00
-1.435293778083137539e+01 1.106419841856335573e+01 0.000000000000000000e+00
1.015624892842009785e+01 -1.497111274950593973e+01 0.000000000000000000e+00
-2.001595174531365373e+00 1.332938550338524308e+01 0.000000000000000000e+00
-1.863586458347905861e+01 -3.406505297993235981e+00 0.000000000000000000e+00
-1.145094783315088183e+00 -9.159444316084437432e+00 0.000000000000000000e+00
9.030759284406680854e-01 -4.028723363583330830e+00 0.000000000000000000e+00
1.333366334903075945e+01 6.784429927701404850e+00 0.000000000000000000e+00
-3.775171838634281851e+00 -8.749075425145978357e+00 0.000000000000000000e+00
-4.461555775270328872e-01 1.014927707369225729e+01 0.000000000000000000e+00
-1.736760751730000152e+01 4.057832141456642283e+00 0.000000000000000000e+00
1.115926547267409363e+00 -1.267405453196596277e+01 0.000000000000000000e+00
-1.036140315822756008e+01 -7.834588158881167885e+00 0.000000000000000000e+00
1.559823700166029425e+01 -8.914614992261338244e-01 0.000000000000000000e+00
9.609929510564744204e-01 -2.063321866678327898e-01 0.000000000000000000e+00
1.688034187277017040e+01 -5.139315766187845469e+00 0.000000000000000000e+00
-1.048918275717195492e+01 2.577357893377424158e+00 0.000000000000000000e+00
2.419759059145726976e+00 1.249917649947339982e+01 0.000000000000000000e+00
-2.783686877439520480e+00 -1.047927511861059635e+01 0.000000000000000000e+00
-4.516121478101694287e+00 1.248120478801051547e+01 0.000000000000000000e+00
1.866032891734040788e+01 -2.103553220863366491e+00 0.000000000000000000e+00
-1.712423173230331841e+01 -3.918499226853516815e-01 0.000000000000000000e+00
-1.888114742812937763e+01 -1.526568381848266709e+00 0.000000000000000000e+00
-3.441068630202881895e+00 6.572796585161253091e+00 0.000000000000000000e+00
-6.781146458178505476e+00 -7.211119770925044747e+00 0.000000000000000000e+00
6.012592061364251173e+00 -1.580036637265118138e+01 0.000000000000000000e+00
-1.265095927218530925e+01 -8.285010349955989284e+00 0.000000000000000000e+00
9.968586543955988422e-01 -9.076038330132625731e+00 0.000000000000000000e+00
2.678023177768541263e+00 1.515711888600140611e+01 0.000000000000000000e+00
2.760153029627552712e+00 3.108666718583859012e+00 0.000000000000000000e+00
1.702822721120174521e+01 1.838661417193624859e+00 0.000000000000000000e+00
3.728628156881603317e+00 1.106615223786859303e+01 0.000000000000000000e+00
-7.652260350992280635e+00 -9.269100741650028397e+00 0.000000000000000000e+00
6.230692785154687385e+00 1.103827238762419150e+01 0.000000000000000000e+00
4.330816397488535863e+00 9.100043395153761594e+00 0.000000000000000000e+00
-6.640151970369347012e+00 -1.348859429093051399e-01 0.000000000000000000e+00
-1.217198113604024634e+01 1.516937990088251365e+00 0.000000000000000000e+00
1.885609704930640618e+01 1.618345148360122998e+00 0.000000000000000000e+00
3.289764648126519697e-01 3.923401165220360198e+00 0.000000000000000000e+00
1.718059379229197825e+00 1.845117207009419147e+01 0.000000000000000000e+00
-6.242681807649907100e+00 1.289506117677317576e+01 0.000000000000000000e+00
-4.920700144995916681e+00 -7.307056200749534547e+00 0.000000000000000000e+00
-1.711280668078199563e+00 1.581274168305854744e+01 0.000000000000000000e+00
9.022112442124834431e+00 -5.446797527000787120e+00 0.000000000000000000e+00
1.181115998411836543e+01 1.093425234471389063e+00 0.000000000000000000e+00
-5.096120701452653279e+00 1.816069669286589772e+01 0.000000000000000000e+00
1.538589014158566570e+01 -5.549073194190677683e+00 0.000000000000000000e+00
-4.957161163325937814e+00 7.914516003339807426e+00 0.000000000000000000e+00
-3.077298819796416396e+00 1.453279489056974683e+01 0.000000000000000000e+00
-1.380617899843245588e+01 6.335534144688343972e+00 0.000000000000000000e+00
-1.596335511360222092e+01 -1.010422191723758978e+01 0.000000000000000000e+00
7.377311626528379129e+00 7.457639556865058417e+00 0.000000000000000000e+00
-4.198693447136012225e+00 -1.503528066338529001e+01 0.000000000000000000e+00
-9.093606567000542817e-01 -1.293735536227150007e+01 0.000000000000000000e+00
1.892080151317591108e+00 1.660411909897715077e+01 0.000000000000000000e+00
7.474991654146189823e+00 1.683605426560437124e+01 0.000000000000000000e+00
-1.140128493219263994e+01 -2.565553865711409198e+00 0.000000000000000000e+00
-7.045486934074729923e+00 1.358923069705235243e+00 0.000000000000000000e+00
-2.931734183080870526e+00 -7.311836635295656528e+00 0.000000000000000000e+00
-1.966033198692234696e-01 1.181073263095661829e+01 0.000000000000000000e+00
-1.764757248034884540e+01 -4.610537373206889278e+00 0.000000000000000000e+00
-1.159479393432472705e+01 -1.364570853846163878e+01 0.000000000000000000e+00
4.600690900880977985e+00 -3.018003107890558923e+00 0.000000000000000000e+00
1.132564537313724173e+01 1.514495989427286737e+01 0.000000000000000000e+00
-5.412087529024208976e+00 -5.720285571553199944e+00 0.000000000000000000e+00
2.817172904058527827e+00 -4.957399635556852813e-01 0.000000000000000000e+00
-1.000031749324097996e+00 8.562068911691136819e+00 0.000000000000000000e+00
-1.698485746877629765e+01 6.579036076667192035e+00 0.000000000000000000e+00
-7.108373763384268074e+00 3.273594167755767170e+00 0.000000000000000000e+00
-1.825188837580345691e+01 2.439738066260872973e+00 0.000000000000000000e+00
6.543988387607802437e+00 -1.364784589302874984e+01 0.000000000000000000e+00
-8.600000881330341684e+00 -7.473349506564061606e+00 0.000000000000000000e+00
7.210570898934244966e+00 -1.727596978839281761e+01 0.000000000000000000e+00
1.541364003902248747e+01 1.171842337830670822e+00 0.000000000000000000e+00
-1.978034897234836276e+00 -4.342906662718544197e+00 0.000000000000000000e+00
1.196169415515595347e+01 3.790589610021543265e+00 0.000000000000000000e+00
8.822254798349407068e+00 2.786946123626179439e+00 0.000000000000000000e+00
9.082630707198397602e+00 -9.997962837341487941e+00 0.000000000000000000e+00
-1.312721136388320531e+01 1.364605999083029531e+01 0.000000000000000000e+00
-5.687481864035694556e+00 6.544824750471234687e+00 0.000000000000000000e+00
-5.127057974759902770e+00 3.543659332076887769e-01 0.000000000000000000e+00
1.197611077657763090e-01 -5.605289114750561907e+00 0.000000000000000000e+00
1.398110325865641634e+01 -1.189329580400306163e+01 0.000000000000000000e+00
1.989019050481208195e+00 -7.835036573151834993e+00 0.000000000000000000e+00
-8.443128517138628553e+00 -3.934142073973522447e+00 0.000000000000000000e+00
1.270159696211627853e+01 -2.527759579142576651e+00 0.000000000000000000e+00
3.688398514226897795e+00 7.014613163914483529e+00 0.000000000000000000e+00
-9.408670872440664468e+00 -2.689085357731106463e+00 0.000000000000000000e+00
5.764374386195128430e+00 -5.882301209703512335e+00 0.000000000000000000e+00
-1.842364687424750613e+01 4.397308608567242483e-01 0.000000000000000000e+00
