1.521151446085266912e+01 6.124092510803176737e+00 0.000000000000000000e+00
-1.060071437138430461e+01 1.151497164333725642e+01 0.000000000000000000e+00
-9.853771051246884127e+00 -1.326430047985486205e+01 0.000000000000000000e+00
9.908535999852388088e+00 -8.867884938024612751e-01 0.000000000000000000e+00
-8.329445854012202943e+00 -2.392620515031873563e-01 0.000000000000000000e+00
5.932193878813846188e-01 -1.164243221069592238e+01 0.000000000000000000e+00
1.135628733683872404e+01 1.225870567285872248e+01 0.000000000000000000e+00
4.959511721850038413e+00 -1.018895343281882937e+01 0.000000000000000000e+00
-1.682109856755095834e+01 3.613887884688000707e+00 0.000000000000000000e+00
-7.829611143309954890e+00 -9.526284893933059550e+00 0.000000000000000000e+00
-1.831786000807987946e+01 -3.412987478236385375e+00 0.000000000000000000e+00
-1.338409200146055156e+01 -9.222095988992924376e+00 0.000000000000000000e+00
-1.879510269712255932e-01 -6.322550231918731001e+00 0.000000000000000000e+00
2.147291333073278796e+00 1.703973276180101593e+01 0.000000000000000000e+00
1.422647300623223821e+01 -1.109308875644523695e+01 0.000000000000000000e+00
1.375055650777998073e+00 -5.295699125140317598e+00 0.000000000000000000e+00
-1.077352500043770078e+01 5.859616973348156677e+00 0.000000000000000000e+00
1.205808328573517230e+01 8.893943310926722745e+00 0.000000000000000000e+00
-5.197422825559498527e+00 -1.554608469967629958e+01 0.000000000000000000e+00
5.756949959448204979e+00 5.700142215322349770e+00 0.000000000000000000e+00
1.054889010453613096e+01 1.494896584007087270e+01 0.000000000000000000e+00
3.367787597958177948e+00 -1.299940515136193575e+01 0.000000000000000000e+00
-1.209505664755769949e+01 -7.321484365588913690e+00 0.000000000000000000e+00
1.331780152211703161e+01 -7.089406845985266159e+00 0.000000000000000000e+00
-9.786697801816496067e+00 2.728739404864417128e+00 0.000000000000000000e+00
1.486440121809904014e+01 1.325833074618550711e+00 0.000000000000000000e+00
1.242235355672049835e+01 -9.746503835922982750e-01 0.000000000000000000e+00
-7.459825299839280888e+00 1.698960895765241119e+01 0.000000000000000000e+00
4.009973113068806327e+00 6.213309934710795623e+00 0.000000000000000000e+00
-4.393984038776933332e+00 1.200147651159221063e+01 0.000000000000000000e+00
7.276453728146679900e+00 -1.204763942531580589e+01 0.000000000000000000e+00
1.719869116008521814e+01 4.851222521131523524e-01 0.000000000000000000e+00
-2.132517636066952438e+00 1.447575327838525183e+01 0.000000000000000000e+00
-2.154683701735421231e+00 -1.398154600779074563e+01 0.000000000000000000e+00
5.704619567083799581e+00 1.569077057410824594e+01 0.000000000000000000e+00
-2.942051045588865321e+00 -7.477532560440868892e+00 0.000000000000000000e+00
-8.810574215486973060e+00 -5.495707916178356633e+00 0.000000000000000000e+00
7.439958273457649263e+00 9.255322380128875537e+00 0.000000000000000000e+00
-6.877271315235645055e+00 -1.223814970859300821e+01 0.000000000000000000e+00
7.503770703515529661e+00 4.277018013517765560e+00 0.000000000000000000e+00
9.176710216604170300e-01 -1.451749778820206771e+01 0.000000000000000000e+00
2.411809761806005259e+00 -1.445045973632663960e+00 0.000000000000000000e+00
3.958050531680304296e+00 9.736802289718541559e+00 0.000000000000000000e+00
4.078863649158534166e+00 4.688393390494840496e+00 0.000000000000000000e+00
-1.044557057697198843e+01 -4.482914030993020660e+00 0.000000000000000000e+00
-1.506858820945812916e+01 -4.689225693288286756e+00 0.000000000000000000e+00
3.861404651871839899e+00 -3.863918262903464296e+00 0.000000000000000000e+00
5.527383714805745640e+00 -1.630957593270081674e+01 0.000000000000000000e+00
2.009847068443093576e+00 1.403938238912597747e+01 0.000000000000000000e+00
1.418833205947451148e+01 9.665780291866552076e+00 0.000000000000000000e+00
-2.525422789149763592e+00 -4.724086017333907428e+00 0.000000000000000000e+00
1.218314833179178791e+01 -1.024256219467416962e+01 0.000000000000000000e+00
-9.852693366349214443e+00 -1.495601979852004781e+01 0.000000000000000000e+00
1.475206474480717311e+01 -6.557223038558591455e+00 0.000000000000000000e+00
4.562439480159313554e+00 1.373764454219990272e+00 0.000000000000000000e+00
-1.777894442719357926e+01 6.252347793637930806e+00 0.000000000000000000e+00
7.547412638519593209e+00 -1.596103743939235464e+01 0.000000000000000000e+00
4.036871096307285356e+00 -1.673089395924492706e+01 0.000000000000000000e+00
-1.410274299851644564e+01 7.325217899352405304e+00 0.000000000000000000e+00
-6.487652213192731665e+00 1.432097097406820119e+01 0.000000000000000000e+00
1.635790071460753126e+01 -5.900168877311217308e+00 0.000000000000000000e+00
1.045287245486326988e+01 8.854543788608513211e+00 0.000000000000000000e+00
-8.591712273063881189e-02 1.745205577604820846e+01 0.000000000000000000e+00
4.719069602940579422e+00 8.119031487550621762e+00 0.000000000000000000e+00
-1.332379384141217038e+01 8.951954232347354434e+00 0.000000000000000000e+00
1.529326080991462788e+01 -3.280806931798374571e+00 0.000000000000000000e+00
-8.321901928973236551e+00 -3.414615796952877425e+00 0.000000000000000000e+00
-1.058834508578630640e+01 -2.127089494291587890e+00 0.000000000000000000e+00
-9.944700570904078774e+00 7.719398060201880796e+00 0.000000000000000000e+00
-8.668123115931691824e-01 1.083513403277853726e+01 0.000000000000000000e+00
3.699079038144632570e+00 -6.367430468726103854e+00 0.000000000000000000e+00
5.653345982365878264e+00 -6.325381564822530223e+00 0.000000000000000000e+00
-5.737801479700996410e+00 3.965575416477375104e+00 0.000000000000000000e+00
-1.626555244748608686e+01 -8.144325902914093973e+00 0.000000000000000000e+00
9.116419448257726543e+00 -1.299281374260431932e+01 0.000000000000000000e+00
7.579296251717082988e+00 6.735773300578211220e+00 0.000000000000000000e+00
-8.191742091608130494e+00 1.423049217236414599e+01 0.000000000000000000e+00
-3.435618316812816708e+00 -9.997253671705227163e+00 0.000000000000000000e+00
-4.491795666341655391e+00 8.518908222763123206e+00 0.000000000000000000e+00
1.501484268553784918e-01 -8.117122695333859994e+00 0.000000000000000000e+00
-1.263645484359911464e+01 -1.334380607783355366e+01 0.000000000000000000e+00
-4.577837781908716153e+00 5.670601375103802688e+00 0.000000000000000000e+00
9.475022762265492560e+00 1.894710531547948662e+00 0.000000000000000000e+00
8.769357119734367600e+00 -1.114888750312726806e+01 0.000000000000000000e+00
1.369548533987299521e+01 6.073554711728809785e+00 0.000000000000000000e+00
-4.822149792634209398e+00 -6.707166529496987550e+00 0.000000000000000000e+00
-6.536919438957322637e-01 -1.018791314496943556e+01 0.000000000000000000e+00
-1.253372395245029836e+01 4.106477954599078828e+00 0.000000000000000000e+00
8.732696176336460780e+00 8.368697776812142664e+00 0.000000000000000000e+00
-7.752782754954454347e+00 2.931455574155235499e+00 0.000000000000000000e+00
-2.397866099970433762e+00 -1.845296394105234583e+01 0.000000000000000000e+00
-8.559330370669979260e+00 4.337320083933817294e+00 0.000000000000000000e+00
1.014812715446552893e+01 7.246498202593647520e+00 0.000000000000000000e+00
1.232778201793630402e+01 5.118233143141094565e+00 0.000000000000000000e+00
6.046690577477326078e-01 -1.656261460796153884e+01 0.000000000000000000e+00
-6.214345025340099582e+00 -1.413920129105338575e+01 0.000000000000000000e+00
-1.040611120294238923e+01 -9.382442787421684471e+00 0.000000000000000000e+00
2.492202474677067681e+00 -9.335228420439459995e+00 0.000000000000000000e+00
2.272082904325949393e+00 5.406956780780342697e+00 0.000000000000000000e+00
-1.152766599277137516e+01 1.272152866087894685e+00 0.000000000000000000e+00
-1.311988085857315411e+01 5.756796888461722439e+00 0.000000000000000000e+00
4.242776777134168675e+00 -1.471673501968763986e+01 0.000000000000000000e+00
-1.432488841221497111e+01 1.293371092366958075e-01 0.000000000000000000e+00
-3.897330436853941649e+00 3.733679983691871040e-01 0.000000000000000000e+00
1.438249325860423156e+01 -8.960189662716512515e+00 0.000000000000000000e+00
1.766763088014722882e+01 -4.291171384375709330e+00 0.000000000000000000e+00
1.513306873903126792e+00 1.050832993260937442e+01 0.000000000000000000e+00
7.383845566023512497e+00 -7.020627905686512626e+00 0.000000000000000000e+00
5.443338015089739912e+00 1.333135999968132346e+01 0.000000000000000000e+00
-4.989950492936277016e+00 -1.117118304575121712e+01 0.000000000000000000e+00
5.744424278264022021e-01 -1.023181448912183988e+00 0.000000000000000000e+00
-2.005913901630787866e+00 -8.940379112902602898e+00 0.000000000000000000e+00
4.786980586375277902e+00 -7.592026580523868473e-01 0.000000000000000000e+00
1.061451131397822678e+01 1.076984951139352020e+01 0.000000000000000000e+00
-4.056139834052387982e+00 4.044638044591791548e+00 0.000000000000000000e+00
-7.417787149640105326e+00 1.223363289555512523e+01 0.000000000000000000e+00
-6.266822040096131197e+00 -1.889020645102467588e+00 0.000000000000000000e+00
6.597516891262044325e+00 1.092583201284419436e+00 0.000000000000000000e+00
-3.367280121485491051e+00 -1.698972972182924579e+01 0.000000000000000000e+00
7.943514791692801502e+00 -1.130394711826418153e+00 0.000000000000000000e+00
5.813305287927886589e+00 1.020803281183730604e+01 0.000000000000000000e+00
-2.339624938385960640e+00 4.946225853303515052e+00 0.000000000000000000e+00
-1.733988841536147740e+00 -2.694685342583835741e+00 0.000000000000000000e+00
-7.837906924111274876e+00 7.024914040560250150e+00 0.000000000000000000e+00
2.653492872973674643e+00 -1.780278203272342097e+01 0.000000000000000000e+00
2.911954867806702651e+00 -7.868694572755842387e+00 0.000000000000000000e+00
-2.607091562588464750e+00 1.169855668145771510e+01 0.000000000000000000e+00
-1.746650671554763079e+01 -1.014062940900636534e+00 0.000000000000000000e+00
-9.179278019331182037e+00 -1.106564169331348602e+01 0.000000000000000000e+00
7.131968376051567304e+00 1.333572414436886611e+01 0.000000000000000000e+00
-1.722981098944897838e+01 1.166930116028366049e+00 0.000000000000000000e+00
-1.439073534411278921e+01 2.890520202623516166e+00 0.000000000000000000e+00
1.570401144194799592e+01 -5.604153723131301001e-01 0.000000000000000000e+00
1.892408626474578526e+01 8.775641806941238965e-01 0.000000000000000000e+00
-1.397817622948961391e+00 -7.449743091728607602e+00 0.000000000000000000e+00
3.992807246584429759e+00 1.513094700245051882e+01 0.000000000000000000e+00
-1.707143056525042946e+00 -1.547957327219194390e+01 0.000000000000000000e+00
-1.507728276322268002e+01 -1.018174944868211185e+01 0.000000000000000000e+00
7.119867675733257961e+00 -1.049306056644766549e+01 0.000000000000000000e+00
-1.886745855736783994e+01 2.147763301621662180e+00 0.000000000000000000e+00
-1.280827243922416370e-01 1.246532300829107420e+01 0.000000000000000000e+00
1.749314944652430981e+01 4.571749058721549019e+00 0.000000000000000000e+00
4.958217703602684878e+00 1.815491059324961043e+01 0.000000000000000000e+00
9.460429886492070395e+00 -7.420809428903779370e+00 0.000000000000000000e+00
1.255206766130087992e+01 -1.346531806881357873e+01 0.000000000000000000e+00
7.828237694308944228e+00 -3.731733578194499135e+00 0.000000000000000000e+00
9.806775349310962397e+00 -3.867757899511743425e+00 0.000000000000000000e+00
-1.385520384934962479e+01 1.104564073760582232e+01 0.000000000000000000e+00
-9.098226739884285319e-01 9.040936990777373339e+00 0.000000000000000000e+00
-2.709423209033342328e+00 7.744372152469268578e+00 0.000000000000000000e+00
-2.820143401816544437e-01 -3.893510461436301640e+00 0.000000000000000000e+00
-8.411418104936933204e+00 1.104087569218467380e+01 0.000000000000000000e+00
-1.875044010547567552e+01 4.085394863984975200e-01 0.000000000000000000e+00
8.990060488642283687e+00 6.178434440505011338e+00 0.000000000000000000e+00
-9.349313008207685627e+00 9.755759054199613090e+00 0.000000000000000000e+00
-1.112881308717941486e+01 1.410323488352198318e+01 0.000000000000000000e+00
-1.541960436067594564e+01 6.531617756975991007e+00 0.000000000000000000e+00
-8.070657750884443260e+00 -1.580998294312261265e+01 0.000000000000000000e+00
-4.226319278924032474e+00 -8.465723789396410126e+00 0.000000000000000000e+00
1.800275010803283138e+01 -1.702069955350943076e+00 0.000000000000000000e+00
1.188402709965056836e+01 -4.725113536652164825e+00 0.000000000000000000e+00
-4.311764783849763916e+00 -4.249503058553552926e+00 0.000000000000000000e+00
1.365027835558854008e+01 -2.355338175831688918e+00 0.000000000000000000e+00
-1.383092433237773200e+01 1.293069850215327321e+01 0.000000000000000000e+00
-6.664321663672422069e+00 1.038040229108977996e+01 0.000000000000000000e+00
5.471703936016441894e+00 -1.224716051587290977e+01 0.000000000000000000e+00
1.526057395764705760e+01 3.167161468790772982e+00 0.000000000000000000e+00
-5.716684730657985547e+00 -1.724716008950083435e+01 0.000000000000000000e+00
1.698742109911666631e+01 2.141673174272502589e+00 0.000000000000000000e+00
-3.977348276982855424e+00 1.043145097708563718e+01 0.000000000000000000e+00
8.446825664936730149e+00 -9.635240254412680727e+00 0.000000000000000000e+00
-8.963432276457764303e+00 -7.896692218930175144e+00 0.000000000000000000e+00
1.561215852375511126e+01 1.043030370649662508e+01 0.000000000000000000e+00
1.699905830730773815e+01 -7.472066408781596003e+00 0.000000000000000000e+00
8.662361501372426886e+00 1.019549627906972589e+01 0.000000000000000000e+00
-7.723566211878876153e+00 -1.395144541911549751e+01 0.000000000000000000e+00
1.242136752547069101e+01 5.781761264152236457e-01 0.000000000000000000e+00
-6.906562134582401313e+00 3.881032602879882498e-01 0.000000000000000000e+00
5.656132327971167051e+00 3.945738366734112379e+00 0.000000000000000000e+00
-5.106470131600467255e+00 1.548269707314418930e+01 0.000000000000000000e+00
2.223813304068612773e+00 -1.183872436839171272e+01 0.000000000000000000e+00
-5.936406672590965883e+00 1.776719250076236278e+01 0.000000000000000000e+00
8.058557155933721461e+00 -1.453519021973398750e+01 0.000000000000000000e+00
6.063094686705133851e-01 1.569978882358314642e+01 0.000000000000000000e+00
-1.299805121994587198e+00 3.618949073397970118e-01 0.000000000000000000e+00
-8.827480710339260517e-01 1.531305553831806954e+01 0.000000000000000000e+00
4.113431911673028019e+00 -1.848619443314210287e+01 0.000000000000000000e+00
-6.568743894166799713e+00 -6.160318862578664678e+00 0.000000000000000000e+00
2.138322578897332349e+00 -3.137621312437274934e+00 0.000000000000000000e+00
1.450311735236617849e+01 -4.566243056818692914e+00 0.000000000000000000e+00
-7.457940000102037281e+00 8.643435142206419286e+00 0.000000000000000000e+00
-1.514917067727567535e+01 9.490592581942747685e+00 0.000000000000000000e+00
-6.977649789896310573e+00 -4.281711257273647320e+00 0.000000000000000000e+00
4.050000040270216317e-01 4.625462643830248410e+00 0.000000000000000000e+00
-9.560091661174386912e-01 -1.295087518404665516e+01 0.000000000000000000e+00
1.351008696366286799e+01 2.636060878748734293e+00 0.000000000000000000e+00
5.945310485561533298e+00 -1.458252861968979630e+01 0.000000000000000000e+00
-1.591592502713787205e+01 2.140319888503011470e+00 0.000000000000000000e+00
-1.666186299237491397e+01 -3.689739095496378685e+00 0.000000000000000000e+00
-4.335646529602730226e+00 1.403030963093195638e+01 0.000000000000000000e+00
-1.147878990731232784e+00 7.487661069595164420e+00 0.000000000000000000e+00
2.822593038509043417e+00 7.300240895775875316e+00 0.000000000000000000e+00
-2.632028526135983260e+00 -1.456995116076807983e+00 0.000000000000000000e+00
-1.497582849766619972e+01 4.272405193986928751e+00 0.000000000000000000e+00
-2.558370630045581962e+00 1.793260356665477318e+01 0.000000000000000000e+00
6.136327299981868322e+00 -3.047401480097217785e+00 0.000000000000000000e+00
7.112686709657967121e+00 -8.738437788426177022e+00 0.000000000000000000e+00
9.174177228657018901e+00 3.691767580552845818e+00 0.000000000000000000e+00
1.111449708106550816e+01 -6.614536584013349874e+00 0.000000000000000000e+00
-1.809608053420300067e+01 -5.324738357370562447e+00 0.000000000000000000e+00
3.888580691536434486e+00 1.293591828845930181e+01 0.000000000000000000e+00
-1.388851697692902398e+01 -6.868514271742850674e+00 0.000000000000000000e+00
3.181062291439796130e+00 1.124477211405135435e+01 0.000000000000000000e+00
-1.683510920988966220e+01 8.583921844432907733e+00 0.000000000000000000e+00
2.034165874437433352e+00 1.806162615974810315e+00 0.000000000000000000e+00
1.116134283907411451e+01 -1.159952188691286068e+01 0.000000000000000000e+00
-1.397610896287262783e+01 -1.234267993799700314e+01 0.000000000000000000e+00
6.990121846981188769e-01 -1.867299288178595518e+01 0.000000000000000000e+00
-1.544654353885916365e+01 -2.345255551841725516e+00 0.000000000000000000e+00
-1.062895394006812388e+01 -6.939599698845582587e+00 0.000000000000000000e+00
-1.176556756244698754e+01 -5.695901999282105166e+00 0.000000000000000000e+00
-9.740970705488106063e+00 1.140651439997284244e+00 0.000000000000000000e+00
1.524700475369574981e+00 1.257497989008614780e+01 0.000000000000000000e+00
1.174841845286462494e+01 3.494210324305492055e+00 0.000000000000000000e+00
-1.354146979876123247e+01 -4.514792526268345263e+00 0.000000000000000000e+00
1.600658717199647896e+01 -1.005841693954672600e+01 0.000000000000000000e+00
-1.300251511636830237e+01 8.702490547649692765e-01 0.000000000000000000e+00
1.356361031665598016e-01 1.028023842854280501e+00 0.000000000000000000e+00
-6.160420778263515196e+00 -1.016435729287539402e+01 0.000000000000000000e+00
-1.245005783058317883e+00 3.506404424475793924e+00 0.000000000000000000e+00
2.172777618372538022e+00 -1.621844269656225279e+01 0.000000000000000000e+00
1.194168137199614321e+01 6.667276080487618550e+00 0.000000000000000000e+00
1.027226465611606443e+01 5.229519564626838424e+00 0.000000000000000000e+00
5.557598065053544367e+00 -7.868747696772669720e+00 0.000000000000000000e+00
1.612047948146788556e+01 8.692290134144331049e+00 0.000000000000000000e+00
-5.592483624930939534e+00 2.175857897202893021e+00 0.000000000000000000e+00
-6.889191880269958546e+00 5.820609381342413791e+00 0.000000000000000000e+00
1.107079005145189754e+01 -2.171610965483406819e+00 0.000000000000000000e+00
1.393627735139993540e+01 4.378797720347138878e+00 0.000000000000000000e+00
-1.149007714459111007e+01 -1.081967920225122981e+01 0.000000000000000000e+00
1.263388495201525608e+01 -8.551180882909326542e+00 0.000000000000000000e+00
-4.189346882151237850e+00 -1.257744982092523678e+01 0.000000000000000000e+00
4.398039962076771836e+00 1.670653982484564892e+01 0.000000000000000000e+00
3.741422333361977159e+00 -2.283351823306794426e+00 0.000000000000000000e+00
7.448901358963422759e+00 1.710979563769211964e+01 0.000000000000000000e+00
4.671936006333578639e+00 1.150161279084293042e+01 0.000000000000000000e+00
1.592432241313620089e+01 4.513575535149717766e+00 0.000000000000000000e+00
1.422737332108026465e+01 1.197605083801684245e+01 0.000000000000000000e+00
-1.035934339549265637e+01 -5.972485838522578749e-01 0.000000000000000000e+00
7.415267033570167143e+00 1.485171102468050641e+01 0.000000000000000000e+00
2.628936519376479541e+00 8.799232734559586433e+00 0.000000000000000000e+00
-1.369530791094360822e+01 -1.279836298289260599e+00 0.000000000000000000e+00
-1.590173207241129028e+01 1.207314530075797449e-01 0.000000000000000000e+00
9.749563652000816205e+00 1.342979012991145638e+01 0.000000000000000000e+00
-8.223816321981406441e-01 -1.822408072507896648e+01 0.000000000000000000e+00
-3.810974316973784415e+00 -2.644805325015883835e+00 0.000000000000000000e+00
