4.228916891913073961e+00 2.680336697864543538e+00 0.000000000000000000e+00
-3.078902966264378094e+00 -8.386125830672947146e+00 0.000000000000000000e+00
1.358967359551931331e+01 9.686061852229258307e+00 0.000000000000000000e+00
6.414333795374070668e+00 -1.419846039773451096e+01 0.000000000000000000e+00
-2.200369663961118327e+00 -1.399128547185762272e+01 0.000000000000000000e+00
5.906933748917035487e+00 1.578376977366825074e+01 0.000000000000000000e+00
7.836524826106846753e+00 1.695716069145004168e+00 0.000000000000000000e+00
-7.502584183291630460e+00 -1.050151335590341084e+01 0.000000000000000000e+00
1.454335836830670692e+00 9.897225484550110863e+00 0.000000000000000000e+00
7.746896949947323918e+00 -1.177506828363768321e+01 0.000000000000000000e+00
-1.437623653640336663e+01 8.429360392233627763e+00 0.000000000000000000e+00
-5.298498792020189363e+00 1.161574194812640748e+01 0.000000000000000000e+00
-9.360317678759059845e+00 1.501978304647543894e+01 0.000000000000000000e+00
7.419353783896509569e+00 1.191307812273538502e+01 0.000000000000000000e+00
1.274956196544163944e+01 1.175525042307930867e+01 0.000000000000000000e+00
-1.544028456620701562e+01 -9.138686223356542015e+00 0.000000000000000000e+00
-1.135492066393407384e+01 -1.394611790521233985e+01 0.000000000000000000e+00
-4.847682925707974988e+00 -5.800429348989973199e+00 0.000000000000000000e+00
-4.165138293453651386e+00 -1.717117179678295580e+00 0.000000000000000000e+00
1.317202469828113065e+00 -1.431072954544099929e+01 0.000000000000000000e+00
9.403315940055652078e+00 1.361649667285616161e+01 0.000000000000000000e+00
-5.696885085527811476e+00 1.394702063122296032e+01 0.000000000000000000e+00
1.971185787323946892e+00 -6.027946506319979969e-01 0.000000000000000000e+00
-9.907008625607343077e+00 6.830582910981848777e+00 0.000000000000000000e+00
-8.311036596123228648e+00 -3.557844814152704149e+00 0.000000000000000000e+00
5.682776270337027036e+00 3.287627980971524533e+00 0.000000000000000000e+00
1.788441453370909073e+01 -4.498573952241519680e-01 0.000000000000000000e+00
-5.028814007958953169e+00 5.447325655560824487e+00 0.000000000000000000e+00
-1.565130230406217038e+01 -7.135018112978670501e+00 0.000000000000000000e+00
1.747841541185306369e+01 2.540507037103357124e+00 0.000000000000000000e+00
-3.122649787636754937e+00 -1.853080733351916010e+01 0.000000000000000000e+00
3.423457139392490856e+00 -1.634031755661700913e+01 0.000000000000000000e+00
1.057638602685075746e+01 7.406966233789752607e+00 0.000000000000000000e+00
-5.466684700497074223e-01 -1.255625569804817587e+01 0.000000000000000000e+00
1.609977732676485473e+01 5.689219960252829722e+00 0.000000000000000000e+00
-1.557419678306433930e+01 6.475683826135429477e+00 0.000000000000000000e+00
1.299417357632602688e+01 -9.082261749626336922e+00 0.000000000000000000e+00
-1.303740577141070922e+01 -2.971083736258220753e+00 0.000000000000000000e+00
5.327173347934554215e+00 2.562679549273179716e-02 0.000000000000000000e+00
1.157361971634485265e+01 -4.716157628581756356e+00 0.000000000000000000e+00
-1.404209516394785862e+00 1.755963910363911751e+01 0.000000000000000000e+00
3.749858287966126635e+00 -1.553922362937216084e+00 0.000000000000000000e+00
-1.845472370079848901e+01 -2.815582456629932118e+00 0.000000000000000000e+00
1.500930209977864749e+01 7.911757618811281034e+00 0.000000000000000000e+00
-1.029126283316482038e+01 -1.612094956497955867e+00 0.000000000000000000e+00
-1.710508143723245311e+01 -6.054801135761023190e+00 0.000000000000000000e+00
-7.162797656042032557e+00 -6.136345012616644112e+00 0.000000000000000000e+00
5.689934017914835884e+00 1.786978662203699164e+00 0.000000000000000000e+00
1.705753433823812060e+00 1.313524641176151420e+01 0.000000000000000000e+00
1.926022057551553646e+00 -1.763054733503895477e+01 0.000000000000000000e+00
9.395901524556958151e+00 2.719348513137108458e+00 0.000000000000000000e+00
5.634122971082555775e-01 5.609381694984997502e+00 0.000000000000000000e+00
-3.760993771225856097e+00 3.832819687502222461e+00 0.000000000000000000e+00
-3.848992762426878489e+00 1.740664658130091524e+01 0.000000000000000000e+00
1.055570376077882777e+01 5.268724725115031760e+00 0.000000000000000000e+00
3.491795483364076969e+00 7.064108756831610769e+00 0.000000000000000000e+00
-1.107062959078215236e+01 -9.527290858879750246e+00 0.000000000000000000e+00
-5.041999474717615115e+00 8.873045247152102633e+00 0.000000000000000000e+00
-1.196483033998948642e+01 2.194402968800677201e+00 0.000000000000000000e+00
-4.944163053835269217e+00 1.551351484303357608e+01 0.000000000000000000e+00
-5.363685888233552745e+00 1.576036646831609822e+00 0.000000000000000000e+00
5.073561682688309205e+00 -1.150907941375758270e+01 0.000000000000000000e+00
1.145823971734899693e+01 -8.050891048148631768e+00 0.000000000000000000e+00
7.838521875822126006e+00 -5.119671873698112829e-01 0.000000000000000000e+00
2.074197973130762040e+00 1.863201090290987594e+01 0.000000000000000000e+00
-1.654917935609333313e+01 -8.446993255183801175e-01 0.000000000000000000e+00
7.839909816458465741e+00 -4.282410713573695737e+00 0.000000000000000000e+00
-1.258764480535040597e+01 -1.161680647942271882e+01 0.000000000000000000e+00
3.363047305487684824e+00 1.297893733697122798e+01 0.000000000000000000e+00
-1.226611424951034834e+01 -1.618286846621496688e-01 0.000000000000000000e+00
-3.636959582406273372e-01 1.556826146898756669e+01 0.000000000000000000e+00
1.305568155879371517e+01 1.573387812064374724e+00 0.000000000000000000e+00
7.799787508249907297e+00 -1.022893215062151917e+01 0.000000000000000000e+00
8.562922466197337101e+00 7.523858321698035034e+00 0.000000000000000000e+00
-7.134442303833835597e-01 4.134383468704739606e+00 0.000000000000000000e+00
1.364646290292032660e+01 -5.195624811902366247e+00 0.000000000000000000e+00
-5.224161675574027441e+00 -1.807241759191497721e+01 0.000000000000000000e+00
1.929962375700232657e+00 -9.834983539071330938e+00 0.000000000000000000e+00
1.584628846329393781e+01 -9.397185018250240773e+00 0.000000000000000000e+00
-5.592824559798426520e+00 1.769175749439443024e+01 0.000000000000000000e+00
1.047604793709951210e+01 -9.287045244915461240e+00 0.000000000000000000e+00
-2.305372744640208360e+00 5.664366632079826935e-01 0.000000000000000000e+00
6.657095931615276463e+00 -7.885783453023100797e+00 0.000000000000000000e+00
-1.594643190417427192e+00 -5.507717687425746078e+00 0.000000000000000000e+00
1.019663582222509213e+01 -1.201903223631193285e+01 0.000000000000000000e+00
-8.096929468262347385e+00 -1.227900078212041812e+01 0.000000000000000000e+00
6.444513736754143629e+00 -5.377288248617793975e+00 0.000000000000000000e+00
-1.765844678390779166e+01 4.476557253600066844e+00 0.000000000000000000e+00
3.324561913635196042e+00 -1.254087665087529224e+01 0.000000000000000000e+00
-1.717392452641745848e+01 -3.644454448947649805e+00 0.000000000000000000e+00
-1.125145310958960998e+01 -3.096999385077740197e+00 0.000000000000000000e+00
-1.158342129640163876e+01 1.420988498222177476e+01 0.000000000000000000e+00
1.691085614312112995e+01 -7.214512410299570355e+00 0.000000000000000000e+00
-8.801431094672899746e+00 3.492418225369465362e-02 0.000000000000000000e+00
1.422980180060516275e+01 -7.400017922111935542e-01 0.000000000000000000e+00
-3.738114347980060259e+00 1.015956463951375710e+01 0.000000000000000000e+00
1.230592460432297841e+01 1.384048669947643262e+01 0.000000000000000000e+00
5.942536915760133986e+00 -9.355704506401073317e+00 0.000000000000000000e+00
8.350911041595454165e+00 4.863519481151152846e+00 0.000000000000000000e+00
-9.655927783478389870e+00 -8.869658534545509454e+00 0.000000000000000000e+00
3.145495237348186368e+00 -3.395248635150410532e+00 0.000000000000000000e+00
-1.407705415547822625e+01 1.005505536519274834e+01 0.000000000000000000e+00
5.242011816033801175e+00 -4.026263258416210356e+00 0.000000000000000000e+00
-1.480737592502942945e+01 2.883396955330614464e+00 0.000000000000000000e+00
4.218689363890286703e-01 -3.652707916459497994e+00 0.000000000000000000e+00
-9.143477392615780630e+00 1.120928507363962723e+01 0.000000000000000000e+00
1.048689649857962181e+01 9.307118656227022058e+00 0.000000000000000000e+00
-6.023194169610960103e+00 -1.012617279008583004e+01 0.000000000000000000e+00
-1.133678549365108701e+00 1.245078117182984379e+01 0.000000000000000000e+00
-1.566954279105789771e+00 1.032773152107425396e+01 0.000000000000000000e+00
-6.851454247510085693e+00 -1.794042550808550907e+00 0.000000000000000000e+00
-4.107348539787712305e+00 -1.361499116809145882e+01 0.000000000000000000e+00
3.376824991675551502e+00 8.907590172630630576e+00 0.000000000000000000e+00
-8.408061932985685161e+00 1.311697933698363805e+01 0.000000000000000000e+00
3.324822654483345907e+00 -1.453088101888130446e+01 0.000000000000000000e+00
-4.679258168752210345e+00 -4.052222544106693469e+00 0.000000000000000000e+00
-1.501485001476454606e+01 -4.721925486111476999e+00 0.000000000000000000e+00
4.700969660941015427e+00 -5.928087984357594209e+00 0.000000000000000000e+00
-1.636155812497853290e+01 9.304970755107884628e+00 0.000000000000000000e+00
1.840864421996272782e+01 1.002705972558050052e+00 0.000000000000000000e+00
-1.427182021826581826e+00 -1.884203528898048319e+01 0.000000000000000000e+00
1.512961321376321777e+00 8.074109242729234026e+00 0.000000000000000000e+00
1.071775835538254462e+01 -1.441523796760184162e+00 0.000000000000000000e+00
-5.373327550105922334e+00 -2.651443365997717128e-01 0.000000000000000000e+00
-8.616646074366936858e+00 5.798923063487320562e+00 0.000000000000000000e+00
1.548419325921460121e+01 3.682349228832337396e+00 0.000000000000000000e+00
1.466166440625331369e+01 -6.333943630112537804e+00 0.000000000000000000e+00
7.731788735352795872e-01 1.663076309366547534e+01 0.000000000000000000e+00
1.721808300126404490e+01 7.297921447655879135e+00 0.000000000000000000e+00
1.265964525084388193e+01 -1.369688333958408677e+01 0.000000000000000000e+00
7.428290423274013676e+00 1.734946010135854166e+01 0.000000000000000000e+00
-1.238940115709073098e+01 5.144115574843846517e+00 0.000000000000000000e+00
4.059069626465870329e+00 1.756379848006763567e+01 0.000000000000000000e+00
-7.865390400672705340e+00 8.085800771429189737e+00 0.000000000000000000e+00
-2.962146653930358919e+00 8.280646016635186513e+00 0.000000000000000000e+00
-2.005745890978838375e+00 -1.048970657210174018e+01 0.000000000000000000e+00
-3.769764746322565863e+00 6.758840488374022293e+00 0.000000000000000000e+00
7.989211338620017422e+00 -1.596765607249999341e+01 0.000000000000000000e+00
3.461591566167573908e-01 1.399302161955977475e+01 0.000000000000000000e+00
-3.587178913967031590e+00 -1.063683330105559577e+01 0.000000000000000000e+00
4.358729090612498247e+00 1.141054012931769712e+01 0.000000000000000000e+00
-1.101760547740802565e+01 1.056518659378613023e+01 0.000000000000000000e+00
-1.401866431457390227e+01 -7.097385489269491643e+00 0.000000000000000000e+00
-1.478310082028263750e+01 -1.072512614538607600e+01 0.000000000000000000e+00
-9.707703551488872762e+00 2.338659806642338079e+00 0.000000000000000000e+00
4.283990625253911055e+00 -1.795372318622457186e+01 0.000000000000000000e+00
1.827356030899762729e+01 4.355624093140689546e+00 0.000000000000000000e+00
6.414056452499121708e-01 -1.650899656755771261e+01 0.000000000000000000e+00
1.315953421577009230e+00 -1.195576491571958755e+01 0.000000000000000000e+00
5.484044687035317445e+00 7.593206343815677606e+00 0.000000000000000000e+00
-1.156483844923624105e+01 1.228539639048906906e+01 0.000000000000000000e+00
2.555390187281230574e+00 1.098446291452481516e+00 0.000000000000000000e+00
-1.022665193952451190e+01 -6.933492048677435626e+00 0.000000000000000000e+00
1.146860387882930077e+01 -3.210046970120813192e+00 0.000000000000000000e+00
-5.786791836441734560e+00 -1.221612813320309598e+01 0.000000000000000000e+00
-7.395035700927238054e+00 2.395374289815224156e+00 0.000000000000000000e+00
1.387282589008238176e+01 3.286982989256326260e+00 0.000000000000000000e+00
-7.338450521569292562e+00 -8.262097752279897733e+00 0.000000000000000000e+00
-3.404927727685412575e-02 2.038045234915353277e+00 0.000000000000000000e+00
-2.110495053019939338e+00 1.572434961443908641e+01 0.000000000000000000e+00
-7.821870720496356455e+00 -1.548889016362100968e+01 0.000000000000000000e+00
4.935380851633761168e+00 -8.232744546856801904e+00 0.000000000000000000e+00
1.746860099408294076e+01 -3.009176207751198540e+00 0.000000000000000000e+00
2.895391940779041828e+00 -5.902925382749253380e+00 0.000000000000000000e+00
-1.035739496466657350e+01 1.319789455157594915e+01 0.000000000000000000e+00
-5.680472369126360555e+00 -7.970810413294926455e+00 0.000000000000000000e+00
6.285607404696479605e+00 -1.709486487090189399e+01 0.000000000000000000e+00
1.530336949726686946e+01 1.397055194585564264e+00 0.000000000000000000e+00
-1.043411704613321689e+01 -4.473143699100108783e+00 0.000000000000000000e+00
8.982106239650756052e+00 -1.461891834880142227e+01 0.000000000000000000e+00
-3.780795467569831203e+00 -1.701886870322538670e+01 0.000000000000000000e+00
1.104037639018007155e+01 1.475952521944511808e+01 0.000000000000000000e+00
-1.321776951668350719e+01 -9.859257416924133821e+00 0.000000000000000000e+00
-5.579514545116021296e+00 3.113432092240981053e+00 0.000000000000000000e+00
-1.086151599562731107e+01 4.759425134344802188e+00 0.000000000000000000e+00
-1.251842098946930193e+01 -4.812311782964165729e+00 0.000000000000000000e+00
1.220216624560786656e+01 2.400370710637169946e-01 0.000000000000000000e+00
-5.091125817921193786e+00 -1.582215872093450137e+01 0.000000000000000000e+00
-7.786622912948284458e+00 1.670533227939516507e+01 0.000000000000000000e+00
8.216115005895209933e+00 9.380710732946791808e+00 0.000000000000000000e+00
-3.452621136084017994e+00 1.593798075253647806e+00 0.000000000000000000e+00
5.711770487141437869e+00 -1.571641991647218850e+00 0.000000000000000000e+00
-1.479067111973843218e+01 -1.292017234657053093e+00 0.000000000000000000e+00
-8.678710827019407992e-01 6.529018019179611443e+00 0.000000000000000000e+00
2.717679107531616900e+00 1.476687635210446459e+01 0.000000000000000000e+00
1.507125102944014827e+01 -1.110008769836693077e+01 0.000000000000000000e+00
-9.686186236530433646e+00 -1.467281814612585933e+01 0.000000000000000000e+00
-2.294157353029287805e+00 -1.554025219494182153e+01 0.000000000000000000e+00
6.082479038407834215e-01 -6.821728162398684070e+00 0.000000000000000000e+00
1.157640532115772913e+01 2.306694611946683793e+00 0.000000000000000000e+00
-6.399643749473531429e+00 -1.706957110205868844e+01 0.000000000000000000e+00
1.550223264833125292e+01 -2.482722657719664383e+00 0.000000000000000000e+00
-1.634806725769257341e+01 2.230681085650993101e+00 0.000000000000000000e+00
-1.517246740266990557e+01 1.048913946140693554e+00 0.000000000000000000e+00
-3.223757636659408288e+00 1.248944549723325714e+01 0.000000000000000000e+00
-2.996249157016187770e+00 -6.773234926115248911e+00 0.000000000000000000e+00
7.735605524391656829e+00 -2.350910714818760017e+00 0.000000000000000000e+00
1.127723603453330803e+01 1.077557439185829402e+01 0.000000000000000000e+00
1.288977060074432579e+01 5.984662483286911971e+00 0.000000000000000000e+00
1.137500441769477000e+01 -1.090833591854384288e+01 0.000000000000000000e+00
8.009774539523256465e+00 1.432968245023190335e+01 0.000000000000000000e+00
-9.749661641891433916e+00 -1.090159248374747136e+01 0.000000000000000000e+00
4.661997932129910982e-01 -1.782001783472467515e+00 0.000000000000000000e+00
7.768647984983932275e+00 3.386569621211921177e+00 0.000000000000000000e+00
9.517003651157850186e+00 -3.425887686269552534e-01 0.000000000000000000e+00
6.503553064468911238e+00 1.381176538615347482e+01 0.000000000000000000e+00
1.714833228047781688e+01 -4.668150974344138504e+00 0.000000000000000000e+00
-3.465582837501937519e+00 1.446869056812796295e+01 0.000000000000000000e+00
1.557343038744906139e+01 1.016322655458013458e+01 0.000000000000000000e+00
-8.611450103871151285e+00 3.639646620195654769e+00 0.000000000000000000e+00
-1.177093599757762021e+01 9.128552359318126364e+00 0.000000000000000000e+00
-1.284328829792734794e+01 -1.310177297814137454e+01 0.000000000000000000e+00
9.128538268736031469e+00 -7.089203458765655164e+00 0.000000000000000000e+00
-1.834690010827532092e+01 2.889384845558362613e+00 0.000000000000000000e+00
-1.519030034035147203e+01 -3.115228065948981495e+00 0.000000000000000000e+00
-1.309287599259298318e+01 1.177910454771310533e+01 0.000000000000000000e+00
-2.634757860388428519e+00 -2.706139225111941826e+00 0.000000000000000000e+00
-8.456142626426810693e+00 9.796107070390572602e+00 0.000000000000000000e+00
9.474891860340301619e+00 1.058085715982183395e+01 0.000000000000000000e+00
-1.734377454587686884e+01 6.220534661355192618e+00 0.000000000000000000e+00
9.659255648018490348e+00 -3.413196580228439636e+00 0.000000000000000000e+00
-6.660187957996018149e+00 -1.361820165270161631e+01 0.000000000000000000e+00
-7.376765751264453108e+00 1.092008527028432852e+01 0.000000000000000000e+00
2.688295721792657744e+00 2.685057022026975382e+00 0.000000000000000000e+00
-9.754664977366882539e+00 -1.294791510886834196e+01 0.000000000000000000e+00
1.511708234640226145e+01 -7.943126956177686715e+00 0.000000000000000000e+00
-1.219166697741863636e+01 -6.621593611237347687e+00 0.000000000000000000e+00
1.298286594849548869e+01 7.716133465345868636e+00 0.000000000000000000e+00
9.365356350221277992e+00 1.542980283280317799e+01 0.000000000000000000e+00
1.599964133685092804e+01 -2.820454875723917842e-01 0.000000000000000000e+00
-1.820501332327030752e+01 1.046181537243070503e-01 0.000000000000000000e+00
-1.349178811827329305e+01 6.744181407241956805e+00 0.000000000000000000e+00
-9.946656057823773267e+00 9.286991889798285271e+00 0.000000000000000000e+00
6.056554195249781891e+00 1.010201504627045743e+01 0.000000000000000000e+00
1.448685528544852907e+01 5.302772479743251388e+00 0.000000000000000000e+00
2.307215471275147145e+00 5.982816052076478819e+00 0.000000000000000000e+00
-1.718652085122831075e+00 -1.072956080900969944e+00 0.000000000000000000e+00
2.700281727712296465e-01 1.101432037549552412e+01 0.000000000000000000e+00
-9.373765425167376319e-01 -6.967133116555563888e+00 0.000000000000000000e+00
7.297321489230608194e+00 6.553292272525853335e+00 0.000000000000000000e+00
4.385546406924674123e+00 1.421688819609369148e+01 0.000000000000000000e+00
1.297111283196776910e+01 -7.581544034895936868e+00 0.000000000000000000e+00
-4.534048394804435667e+00 -8.995696799998670556e+00 0.000000000000000000e+00
3.034567706624079264e+00 -8.409753297259372928e+00 0.000000000000000000e+00
1.114858481094883125e+01 1.259288997402726018e+01 0.000000000000000000e+00
5.879687094641212752e-01 5.280929972127353933e-01 0.000000000000000000e+00
-9.288038624333720961e+00 -1.631984108362297548e+01 0.000000000000000000e+00
-1.470021546341603802e+01 5.024780322624595286e+00 0.000000000000000000e+00
1.412096043630514863e+01 -3.263222418020862658e+00 0.000000000000000000e+00
-1.297064768675724800e+01 3.583212102056545056e+00 0.000000000000000000e+00
-2.895517059415712247e+00 -4.555979006359122785e+00 0.000000000000000000e+00
1.696125936439436765e+00 -4.727445307201480595e+00 0.000000000000000000e+00
1.303209047953491506e+01 -2.085106176897143282e+00 0.000000000000000000e+00
4.550432037414489095e+00 9.876727489491521794e+00 0.000000000000000000e+00
-1.853979747512662035e+00 -1.727852903740016899e+01 0.000000000000000000e+00
3.439925315803126882e+00 4.935812706051995846e+00 0.000000000000000000e+00
