-4.720209181261679099e+00 -2.632260800136631662e+00 0.000000000000000000e+00
-2.553515310780808178e+00 1.018861957098488524e+01 0.000000000000000000e+00
1.635013599059830725e+01 -2.650917180569508869e+00 0.000000000000000000e+00
-1.708527962476325612e+01 -3.422896176654842915e+00 0.000000000000000000e+00
-5.272505132338920042e+00 8.603433749499929561e+00 0.000000000000000000e+00
-1.725436236593675732e+00 -1.232777047354245958e+01 0.000000000000000000e+00
2.201740776016262724e-01 -1.512808074642672373e+01 0.000000000000000000e+00
4.973304127823585219e+00 -2.224397676592304585e+00 0.000000000000000000e+00
-4.564838241311623079e+00 6.163332933961638282e+00 0.000000000000000000e+00
2.655907583012656392e+00 -1.429712095967945018e+01 0.000000000000000000e+00
3.711433268074864067e+00 1.537641683779258450e+01 0.000000000000000000e+00
-7.997114801010775098e-01 -5.204904486005617059e+00 0.000000000000000000e+00
-1.561658106303226035e+01 3.229570554936993521e-01 0.000000000000000000e+00
8.331461731890211553e+00 3.552932724543643506e+00 0.000000000000000000e+00
1.180957813645762755e+01 1.161350878857769509e+01 0.000000000000000000e+00
-3.767754329808494784e+00 -1.488761955940555382e+01 0.000000000000000000e+00
-7.858117939319023471e+00 -4.024835488636433034e+00 0.000000000000000000e+00
5.968264824150047332e+00 2.164610286708393616e+00 0.000000000000000000e+00
1.554840079598838543e+01 -6.771225905439280268e+00 0.000000000000000000e+00
3.311400303605393503e-01 -1.107702320961462839e+01 0.000000000000000000e+00
-3.051952516777205027e+00 1.655873140370054486e+01 0.000000000000000000e+00
1.370544022356133596e+01 -9.765952374750115794e+00 0.000000000000000000e+00
-5.842903329043580563e+00 1.165106320829603170e+01 0.000000000000000000e+00
3.937120989578268393e+00 -1.216566203841926885e+01 0.000000000000000000e+00
-6.859860411045087147e+00 9.905490745369720518e-01 0.000000000000000000e+00
-7.938674921512134830e+00 1.056156543083635491e+01 0.000000000000000000e+00
-1.275766312770623934e+01 -2.332604843550685203e+00 0.000000000000000000e+00
5.509296780094087964e+00 -9.929872993688748650e+00 0.000000000000000000e+00
-1.636002042496802478e-01 -8.931516806649872464e+00 0.000000000000000000e+00
6.302674809689377433e+00 -6.813050820769621652e+00 0.000000000000000000e+00
-1.024867448468526199e+01 1.847097227310404488e+00 0.000000000000000000e+00
-1.234493983416164831e+01 -5.205307672192870605e+00 0.000000000000000000e+00
7.773389472399043321e+00 -9.967302537308802002e+00 0.000000000000000000e+00
5.822917077232543370e+00 1.295862641012683802e+01 0.000000000000000000e+00
-5.099374451604338887e+00 -5.021213698162052097e+00 0.000000000000000000e+00
-1.113096860035254032e+01 -1.277556830343380767e+01 0.000000000000000000e+00
-8.237115011105317075e-01 -7.456224323517100849e+00 0.000000000000000000e+00
-4.974320805079228067e-03 -3.510499457312758587e+00 0.000000000000000000e+00
4.578554485267958718e+00 -1.364468724721002602e+01 0.000000000000000000e+00
-1.809658539410795131e+00 1.215988407845200125e+00 0.000000000000000000e+00
5.296904058390672354e+00 -1.523995547129031891e+01 0.000000000000000000e+00
1.194415385381054229e+01 -1.199110485056628228e+01 0.000000000000000000e+00
6.513976817126654772e+00 -1.137800955611536713e+00 0.000000000000000000e+00
8.307704244396113324e+00 -5.078230006055467705e+00 0.000000000000000000e+00
1.435438569586203883e+01 -1.733558138500235879e+00 0.000000000000000000e+00
1.592402179062070466e+01 -1.198812176117463268e+00 0.000000000000000000e+00
3.108624503414644025e+00 1.073954867871165497e+01 0.000000000000000000e+00
9.553868789275668405e+00 -2.144172815855077463e+00 0.000000000000000000e+00
7.743664637851426669e+00 2.139924810345245287e+00 0.000000000000000000e+00
3.844605937175941790e+00 -4.295584957535442117e-01 0.000000000000000000e+00
7.991192385806158427e-01 -5.623005693201203137e+00 0.000000000000000000e+00
-4.328726498779947640e+00 1.273838684406392829e+01 0.000000000000000000e+00
-8.095334788342201549e+00 -8.038661267357234408e+00 0.000000000000000000e+00
-1.437955248056467794e-01 1.090205662143666920e+01 0.000000000000000000e+00
-1.602312510050532879e+01 4.761134793126471365e+00 0.000000000000000000e+00
8.387486470931381888e+00 -1.379874357869342738e+01 0.000000000000000000e+00
1.647016918183270207e+01 6.830133347125620924e-01 0.000000000000000000e+00
1.434758530035672308e+01 6.928802032933892185e+00 0.000000000000000000e+00
1.420102203647263295e+01 3.829426683251912600e+00 0.000000000000000000e+00
1.337045850003542391e+01 -4.698023111635579951e+00 0.000000000000000000e+00
-8.222727099494981928e+00 6.161927757127190652e+00 0.000000000000000000e+00
2.014736860487760683e+00 9.241773951302763024e+00 0.000000000000000000e+00
-1.095845209404764597e+00 1.406257065637063874e+01 0.000000000000000000e+00
-1.298845952917350388e+01 1.059905088954086771e+01 0.000000000000000000e+00
-1.057646401319264839e+01 -6.200568561766258036e+00 0.000000000000000000e+00
-6.225543489539568043e+00 2.724826179416323768e+00 0.000000000000000000e+00
1.494125384981380300e+01 4.492541556456861596e-01 0.000000000000000000e+00
1.179659651121467334e+01 9.697658683557026649e+00 0.000000000000000000e+00
3.355475357076283860e+00 5.888006701042786339e+00 0.000000000000000000e+00
9.467304401782305590e+00 1.427044925487620119e+01 0.000000000000000000e+00
-1.276011146036241994e+00 1.639247058575783811e+01 0.000000000000000000e+00
-1.909084987048784043e+00 1.254536597018842237e+01 0.000000000000000000e+00
4.859887966414897953e+00 -4.624019301336435461e+00 0.000000000000000000e+00
9.569478473076562963e+00 -8.857852258006612800e+00 0.000000000000000000e+00
-9.602166087807846750e+00 -3.688413670165218594e+00 0.000000000000000000e+00
-1.381568769100497640e+01 1.018615434173465673e+00 0.000000000000000000e+00
-1.503853876916805277e+01 -2.395224179196479231e+00 0.000000000000000000e+00
-8.967259402916811339e+00 -1.111626597756523971e+01 0.000000000000000000e+00
-6.526003618623769320e+00 -9.385042480789426378e+00 0.000000000000000000e+00
-1.199217967691017783e+01 7.368506475426482183e+00 0.000000000000000000e+00
-8.760529985526963159e+00 1.505982303207721351e+01 0.000000000000000000e+00
3.604526233979878036e+00 1.385537765169651614e+01 0.000000000000000000e+00
7.994344576722075324e+00 1.395771701646100382e+01 0.000000000000000000e+00
1.069921470022415555e+01 6.101602450933908628e+00 0.000000000000000000e+00
-1.390059908048456094e+01 -9.952990233733562064e+00 0.000000000000000000e+00
-7.505050173914761480e+00 -1.145468906033148038e+01 0.000000000000000000e+00
-1.556083079389482648e+01 7.611304158434768929e+00 0.000000000000000000e+00
-9.351974644542272230e+00 -1.450207633481707603e+01 0.000000000000000000e+00
1.034954185747422528e+01 3.199281454863298624e+00 0.000000000000000000e+00
8.341337387977066697e+00 8.172229978279231588e+00 0.000000000000000000e+00
2.222898584812898815e+00 -2.349537143529698113e+00 0.000000000000000000e+00
1.955547255048669220e+00 7.339049055740624716e+00 0.000000000000000000e+00
-1.192657409261678403e+01 2.313867484265773822e+00 0.000000000000000000e+00
-1.511324117213868234e+01 -4.656818509685333396e+00 0.000000000000000000e+00
-4.137746107269576479e-01 2.195493047209359894e+00 0.000000000000000000e+00
1.487677245566075390e+00 2.769347955228692371e+00 0.000000000000000000e+00
-4.616841907168477199e+00 1.583609165944558761e+01 0.000000000000000000e+00
1.265722715055740966e-01 1.275169912116243687e+01 0.000000000000000000e+00
1.591906638176047117e+01 4.878022004506750164e+00 0.000000000000000000e+00
1.355514412912468103e+01 -3.461901772420758472e-01 0.000000000000000000e+00
-3.652772128419850883e+00 -6.067459629936338139e+00 0.000000000000000000e+00
-1.605799939005854782e+01 2.307862291734263049e+00 0.000000000000000000e+00
-3.689918999098302788e+00 1.459596093353357205e+01 0.000000000000000000e+00
-1.053253246447319036e+01 5.220163204425809056e+00 0.000000000000000000e+00
1.608155055574755465e+01 6.377718230493808704e+00 0.000000000000000000e+00
1.176291887669384018e+01 -2.846662841806924860e+00 0.000000000000000000e+00
-9.502354494831029896e+00 4.056929257024325608e+00 0.000000000000000000e+00
-5.954721185685968976e+00 -1.163636894323396653e+01 0.000000000000000000e+00
5.911834110466696934e+00 5.531407624751527585e+00 0.000000000000000000e+00
7.220202957112579867e+00 -1.246485104549818956e+01 0.000000000000000000e+00
-1.283198014385491081e+00 6.044376054984533120e+00 0.000000000000000000e+00
-9.570051957750486338e+00 7.579273688271112697e+00 0.000000000000000000e+00
2.923478766509346904e+00 3.761251275677622186e+00 0.000000000000000000e+00
-3.386371152701177500e+00 1.178055764956611684e+00 0.000000000000000000e+00
9.009984321546829378e+00 6.469233571759955836e+00 0.000000000000000000e+00
-4.911959059119911153e+00 -1.613869398314911052e+01 0.000000000000000000e+00
1.404121573020817593e+01 -7.732825877132039061e+00 0.000000000000000000e+00
-1.064775947408591428e+01 1.077985555036677212e+01 0.000000000000000000e+00
1.231394876269959227e+01 7.562640879725986309e+00 0.000000000000000000e+00
-9.733104516058522782e-01 4.252269481011842878e+00 0.000000000000000000e+00
1.649492868943225332e+01 3.116908197495058097e+00 0.000000000000000000e+00
4.536168596429941857e+00 1.538432184878427700e+00 0.000000000000000000e+00
-1.387162319707052838e+01 -7.197334127585340191e+00 0.000000000000000000e+00
1.189226658485838861e+01 -8.341705399724572700e+00 0.000000000000000000e+00
8.658098655689647316e+00 8.851080790641968621e-01 0.000000000000000000e+00
1.147558105072057799e+01 -5.680017805754526528e+00 0.000000000000000000e+00
7.392674020935084300e+00 -8.116333593720458595e+00 0.000000000000000000e+00
-1.034520267737677912e+01 1.270423992840234817e+01 0.000000000000000000e+00
-9.001779136733137676e+00 9.294309141696986742e+00 0.000000000000000000e+00
-3.433494205487216178e+00 -4.458953148354787288e+00 0.000000000000000000e+00
1.161327882832411973e+01 3.513192355011100498e-01 0.000000000000000000e+00
-7.473917499401572684e+00 8.702640625713137013e+00 0.000000000000000000e+00
9.238721711949835935e+00 1.077116002290566499e+01 0.000000000000000000e+00
-6.382657631893267514e+00 -2.879042439471535264e+00 0.000000000000000000e+00
1.872762652662564475e+00 4.407972107974011400e-01 0.000000000000000000e+00
7.110292246661597204e+00 -1.501210276931485232e+01 0.000000000000000000e+00
-1.215225094865666478e+01 -7.238610516127976346e+00 0.000000000000000000e+00
5.743486404265430778e+00 -1.217087399929766356e+01 0.000000000000000000e+00
6.614198701905621647e+00 -4.463003886415029875e+00 0.000000000000000000e+00
1.394295114171383965e+00 1.194508460707757003e+01 0.000000000000000000e+00
-2.616455219542233479e+00 -1.374027818522713495e+00 0.000000000000000000e+00
1.082701259086136503e+01 -1.261676796450428961e+00 0.000000000000000000e+00
5.953645336671709920e+00 5.707340007825264516e-01 0.000000000000000000e+00
7.648266497874343095e-01 -1.571368213944864589e+00 0.000000000000000000e+00
6.539166897167720816e-01 1.725002972443419225e+01 0.000000000000000000e+00
-1.128418048128750506e+01 -9.811660292741096967e+00 0.000000000000000000e+00
-8.266195159570406403e+00 3.039981760701300662e+00 0.000000000000000000e+00
-1.391590231088422946e+01 8.771915210813716612e+00 0.000000000000000000e+00
5.360293447477668671e+00 1.132724664878716858e+01 0.000000000000000000e+00
-5.634969607521204793e+00 -1.135805083310025415e-01 0.000000000000000000e+00
9.134384390700556189e-01 -1.700844907085737390e+01 0.000000000000000000e+00
6.937465339442534962e+00 6.864581063414818551e+00 0.000000000000000000e+00
-1.364730194446113209e+01 6.980354030113615771e+00 0.000000000000000000e+00
-6.294737668245055318e+00 -1.358611509382734361e+01 0.000000000000000000e+00
-8.146750482649588676e+00 -1.335304727281653392e+01 0.000000000000000000e+00
5.661008170890739599e+00 1.613572064653269322e+01 0.000000000000000000e+00
3.201110817271136000e+00 -7.632850177322401564e+00 0.000000000000000000e+00
2.981882746378693216e+00 -6.037612638232913831e+00 0.000000000000000000e+00
-1.339862303082736439e+01 3.489185905834514934e+00 0.000000000000000000e+00
1.523913474471661900e+01 8.329933306939411253e+00 0.000000000000000000e+00
-2.761176195593484817e+00 4.826961107098950876e+00 0.000000000000000000e+00
1.389404215273271959e+01 2.123377282482640904e+00 0.000000000000000000e+00
-2.474463804857570448e+00 7.496481719586116199e+00 0.000000000000000000e+00
1.828041045219593874e-01 -1.389735015464156065e-01 0.000000000000000000e+00
1.012891359564269322e+01 9.165679291682586438e+00 0.000000000000000000e+00
-3.776101929686321856e+00 1.119152312404545135e+01 0.000000000000000000e+00
-7.242367039174646415e+00 -6.483585164021220315e+00 0.000000000000000000e+00
-1.146867622650979968e+01 -5.299143533293160235e-01 0.000000000000000000e+00
-6.127542340617396555e+00 5.233335280981994408e+00 0.000000000000000000e+00
5.893801644623532177e+00 9.659734838160035864e+00 0.000000000000000000e+00
2.433000922372281494e+00 -1.703645533335578222e+01 0.000000000000000000e+00
1.538151821094660754e+01 1.892147272816712134e+00 0.000000000000000000e+00
-6.105733504457468541e+00 1.433428932884002549e+01 0.000000000000000000e+00
8.936502405109008507e+00 -6.568015173493236603e+00 0.000000000000000000e+00
-3.063030934746507672e+00 -1.718449972816870286e+01 0.000000000000000000e+00
-4.473400017469457701e+00 -1.131275822943690379e+01 0.000000000000000000e+00
1.461182237981232568e+01 -3.227134867776500382e+00 0.000000000000000000e+00
1.895338051165247117e+00 1.504195303644084092e+01 0.000000000000000000e+00
-2.785894128181722884e+00 -1.048802450631161598e+01 0.000000000000000000e+00
7.419136480279794554e+00 1.138146763407884343e+01 0.000000000000000000e+00
6.806153811310766244e+00 1.504353650502270057e+01 0.000000000000000000e+00
-1.053099996575219066e+01 8.813061295413495699e+00 0.000000000000000000e+00
7.158769726246007714e+00 4.514302707970095696e+00 0.000000000000000000e+00
1.644499844097272942e-02 -1.361112406009835674e+01 0.000000000000000000e+00
-4.961844860224077891e+00 4.233246210100404916e+00 0.000000000000000000e+00
5.334791483953622571e-01 1.425782247791429391e+01 0.000000000000000000e+00
2.829312916763532471e+00 1.675076049817356605e+01 0.000000000000000000e+00
8.796188991386612699e+00 -1.151629571204506597e+01 0.000000000000000000e+00
1.036489069956906839e+01 1.219022932931425629e+01 0.000000000000000000e+00
4.556300618250113565e+00 3.451475993539691256e+00 0.000000000000000000e+00
2.031820618746307816e-02 8.766802100405019615e+00 0.000000000000000000e+00
1.720425135510458281e+00 -9.608748333661896623e+00 0.000000000000000000e+00
3.245668426536402418e+00 -1.032421851011547886e+01 0.000000000000000000e+00
-1.642022468649955869e+01 -5.668586077816114788e+00 0.000000000000000000e+00
-7.803742590519068045e+00 -1.919112821766182364e+00 0.000000000000000000e+00
-1.288359856131086900e+01 -1.183973215418794034e+01 0.000000000000000000e+00
1.210652849486085536e+01 -1.035008293643879185e+01 0.000000000000000000e+00
1.029160027274244094e+01 1.672213707500334046e+00 0.000000000000000000e+00
1.049896728552567993e+01 -7.561223851907167948e+00 0.000000000000000000e+00
-1.013223548423287035e+01 -8.031616019626031999e+00 0.000000000000000000e+00
1.382167867835289110e+00 -1.292984125608484547e+01 0.000000000000000000e+00
-1.425576323421598568e+00 -1.618034546678614660e+01 0.000000000000000000e+00
2.838059204085062071e+00 -4.154791714209702391e+00 0.000000000000000000e+00
-1.128942163867551329e+01 3.787106201000105976e+00 0.000000000000000000e+00
3.583809060300389593e+00 9.160993424150342790e+00 0.000000000000000000e+00
7.538586616495710047e+00 9.658337031004922579e+00 0.000000000000000000e+00
1.363990247335264527e+01 9.092230726241384176e+00 0.000000000000000000e+00
-1.202373980816670240e+00 -1.083460697323500987e+01 0.000000000000000000e+00
-5.412990348314228761e+00 -6.936029453638728803e+00 0.000000000000000000e+00
1.075200290908523293e+01 -1.312151867822722018e+01 0.000000000000000000e+00
1.351042597663415279e+01 5.388073149838835896e+00 0.000000000000000000e+00
1.490139513480784217e+01 -5.246831373132570420e+00 0.000000000000000000e+00
1.056140279135216176e+01 -1.130009584435567760e+01 0.000000000000000000e+00
-3.587668334949334792e+00 8.916426285825197695e+00 0.000000000000000000e+00
-1.661133896037108570e+01 -1.087114424420480452e+00 0.000000000000000000e+00
5.910680911423720651e+00 8.035110786950907524e+00 0.000000000000000000e+00
-1.517547886793687795e+01 -8.393196520825533469e+00 0.000000000000000000e+00
-7.134991800960474251e+00 1.555340271330962842e+01 0.000000000000000000e+00
9.631392659151811753e-01 -7.466758902603448433e+00 0.000000000000000000e+00
-9.528650210922934960e+00 9.213120003709211747e-02 0.000000000000000000e+00
-2.076603574549013231e+00 -6.208819106449165126e+00 0.000000000000000000e+00
1.244572523796159125e+01 4.268033361299743866e+00 0.000000000000000000e+00
2.861893835965266586e+00 1.235143660003217292e+01 0.000000000000000000e+00
-2.343943349106049290e+00 -8.983925854157604363e+00 0.000000000000000000e+00
4.055576852863439719e+00 -1.690567228884884088e+01 0.000000000000000000e+00
4.253813245188853287e+00 7.614751711619544672e+00 0.000000000000000000e+00
-7.097299139173650850e+00 1.250264711728872413e+01 0.000000000000000000e+00
4.713736112170484382e+00 -6.254577106740194736e+00 0.000000000000000000e+00
-9.038935140243791189e-01 -1.961647734351772421e+00 0.000000000000000000e+00
1.384243067919208370e+00 4.636129388587480804e+00 0.000000000000000000e+00
-7.133628754812370687e+00 -1.588632272234934639e+01 0.000000000000000000e+00
-4.527830615116302582e+00 -1.344081617453260513e+01 0.000000000000000000e+00
-3.789100700407031397e+00 -8.557825283847083853e+00 0.000000000000000000e+00
1.627373648912919890e+01 -4.169889835990143290e+00 0.000000000000000000e+00
-8.608528312590379983e+00 1.317367146210808038e+01 0.000000000000000000e+00
-8.246425105852058124e+00 -9.552443524774821171e+00 0.000000000000000000e+00
-7.566162020811024291e+00 4.593015857038909466e+00 0.000000000000000000e+00
-1.408111803439686760e+01 4.962882871709989985e+00 0.000000000000000000e+00
-1.140568464441610885e+01 -4.024353012438939281e+00 0.000000000000000000e+00
-6.852953772290666379e+00 6.888947607193794731e+00 0.000000000000000000e+00
-4.513151127452852407e+00 2.414248620420007985e+00 0.000000000000000000e+00
7.193265524949601364e+00 -2.518595940934541755e+00 0.000000000000000000e+00
1.275834483952577614e+01 -1.719642090506665832e+00 0.000000000000000000e+00
-5.968552539223140663e+00 1.014717982371938021e+01 0.000000000000000000e+00
-1.387445299705185242e+01 -1.115063313436906789e+00 0.000000000000000000e+00
9.841819563012965233e+00 -3.627419689574207684e+00 0.000000000000000000e+00
-1.083291630839757858e+01 -1.901845577119282371e+00 0.000000000000000000e+00
-7.883118133586733300e+00 -3.365345817161681241e-01 0.000000000000000000e+00
4.858873868671023111e+00 -8.578186167385322136e+00 0.000000000000000000e+00
1.082120148284810290e-01 5.474537777161416763e+00 0.000000000000000000e+00
-2.771866701600048888e+00 2.816265791513254069e+00 0.000000000000000000e+00
-2.099345920177623892e+00 -2.892379090724285451e+00 0.000000000000000000e+00
1.300655003560172318e+01 1.062936293849166880e+01 0.000000000000000000e+00
-1.235349082510474084e+01 4.986083225465647750e+00 0.000000000000000000e+00
-4.082084512452304637e+00 -5.473510690736175244e-01 0.000000000000000000e+00
-2.034566801133145031e+00 -1.478428995464467022e+01 0.000000000000000000e+00
