2.873455816675962282e+00 1.454049056843375531e+01 0.000000000000000000e+00
-6.448578192533434006e+00 1.120076543486865184e+01 0.000000000000000000e+00
8.318640778291603866e+00 8.051412745899870771e+00 0.000000000000000000e+00
1.506014141326130407e+01 9.362090669041066349e+00 0.000000000000000000e+00
5.795673363559416202e+00 -9.953049583770878783e+00 0.000000000000000000e+00
-1.304802004399448156e+00 -1.277485812049247116e+01 0.000000000000000000e+00
3.418648130195276025e+00 -8.004793043123555663e+00 0.000000000000000000e+00
1.865885973107494422e+01 -2.278948198572119832e+00 0.000000000000000000e+00
7.317755377342709089e+00 -8.192284075011201594e+00 0.000000000000000000e+00
-1.588298460430724290e+01 8.616834551626059380e+00 0.000000000000000000e+00
-8.859135474564879820e-01 -1.197959336354927684e+00 0.000000000000000000e+00
9.001000660577078705e-01 6.568687287509265893e+00 0.000000000000000000e+00
1.998177199992241748e+00 1.206491132320752158e+01 0.000000000000000000e+00
-1.011646777369241867e+01 -6.381341866015149300e+00 0.000000000000000000e+00
-1.720766055975603948e+01 7.037936506848719631e+00 0.000000000000000000e+00
-1.216316085267536629e+01 -9.401756805638390446e+00 0.000000000000000000e+00
1.045760711025814338e+01 1.693569054979992439e+00 0.000000000000000000e+00
1.268265524381455300e+01 6.542746753941843796e-01 0.000000000000000000e+00
-1.007340162560225494e+01 -9.159157609356277874e+00 0.000000000000000000e+00
-9.296618284836759560e-01 6.140380739984096614e+00 0.000000000000000000e+00
-1.743211253304074759e+01 -3.009332131270824995e+00 0.000000000000000000e+00
-1.275195681307316242e+01 3.889857679504415966e+00 0.000000000000000000e+00
1.337255067021393629e+01 -6.677970240182594885e+00 0.000000000000000000e+00
-5.773458217346711052e+00 3.786565661100973923e+00 0.000000000000000000e+00
-3.100060942212324644e+00 -4.211069858243011055e+00 0.000000000000000000e+00
1.783782919055293403e+00 1.754970240829998751e+00 0.000000000000000000e+00
-4.565245332219015850e+00 9.181179005944764882e+00 0.000000000000000000e+00
8.155671524192152633e-02 -1.453271026747826866e+01 0.000000000000000000e+00
9.621143116365042047e+00 1.051106496192776873e+01 0.000000000000000000e+00
1.132178798023504918e+01 -1.113142574406002261e+01 0.000000000000000000e+00
1.165516319271300461e+01 -8.413146042653748324e+00 0.000000000000000000e+00
2.987686124692878753e+00 -6.188970146297736008e+00 0.000000000000000000e+00
-7.133515149417248402e+00 -1.561402124391467972e+01 0.000000000000000000e+00
-9.605175527102488786e+00 1.649640241112241501e+00 0.000000000000000000e+00
-7.798806213802190967e+00 -6.677164270983733385e-02 0.000000000000000000e+00
-8.466505007448942521e+00 -1.227559506072137196e+01 0.000000000000000000e+00
-1.313436388684255363e+01 -7.331458047382912291e+00 0.000000000000000000e+00
1.018881359020261668e+00 -1.292305645606093378e+01 0.000000000000000000e+00
3.744388849187529900e+00 -2.914696923110033921e+00 0.000000000000000000e+00
9.445568069050960247e+00 -1.476059016990839723e+01 0.000000000000000000e+00
2.537038126664454829e+00 -1.790743421670742208e+01 0.000000000000000000e+00
3.336937127044539708e-01 -4.487315086501766359e+00 0.000000000000000000e+00
4.103761494914172303e+00 9.014843985976778384e+00 0.000000000000000000e+00
-8.405750180771978108e+00 -4.231405419464044471e+00 0.000000000000000000e+00
-1.236118260542830782e+01 9.916094777504243396e+00 0.000000000000000000e+00
9.202563041848588199e+00 5.472270466902744879e+00 0.000000000000000000e+00
1.200980266649685113e+01 -2.740573274009785454e+00 0.000000000000000000e+00
1.572740169154372580e+01 -6.675354050806268091e+00 0.000000000000000000e+00
-7.494355802808907008e+00 -9.577853399431159431e+00 0.000000000000000000e+00
1.864873508897263221e+01 3.132281233895301664e+00 0.000000000000000000e+00
-2.664496991159890804e+00 1.558153293378075155e+01 0.000000000000000000e+00
-1.035767074924144815e+01 1.502915715024444765e+01 0.000000000000000000e+00
-2.986037565259952453e-01 1.302905730245270988e+01 0.000000000000000000e+00
-7.059952775304693340e+00 9.722119220679791951e+00 0.000000000000000000e+00
1.282770010057314636e+01 4.944167717520436156e+00 0.000000000000000000e+00
1.132343006019758924e+01 -7.703544180434123145e-01 0.000000000000000000e+00
-1.898365302068664562e+01 -4.302440947480275224e-02 0.000000000000000000e+00
1.508755868735910965e+01 -8.329334209259805277e+00 0.000000000000000000e+00
-2.000761495335614537e+00 1.606315896675061916e+00 0.000000000000000000e+00
1.026636860863352751e+01 8.419148919256523200e+00 0.000000000000000000e+00
-5.532460700740339021e+00 -1.563885139665616109e+01 0.000000000000000000e+00
-1.520626242789228044e+01 4.628387927247040956e+00 0.000000000000000000e+00
6.221456112558270135e+00 -1.400718127289830228e+01 0.000000000000000000e+00
9.829313582727468912e+00 -6.028339562629045911e-01 0.000000000000000000e+00
1.061309287601506846e+01 1.419615682724687034e+01 0.000000000000000000e+00
-1.414046817581355420e+01 1.085278576053986832e+01 0.000000000000000000e+00
-3.897806433885699473e+00 -1.384463230720418814e+01 0.000000000000000000e+00
1.159720349985318677e+01 -4.547410160800771983e+00 0.000000000000000000e+00
8.737013184167068403e+00 1.394693073987083309e+01 0.000000000000000000e+00
-7.697583938252322788e+00 7.710229504610509821e+00 0.000000000000000000e+00
1.113033868606696863e+01 4.761452260062132957e+00 0.000000000000000000e+00
8.694826942684165116e-01 -2.633387031017967228e+00 0.000000000000000000e+00
1.826757661613682515e+01 5.196958798052648376e+00 0.000000000000000000e+00
-1.425884296587520872e+01 8.568394055563736122e-01 0.000000000000000000e+00
-1.581072736477160490e+01 -3.470182283737273110e+00 0.000000000000000000e+00
-1.713639340974447123e+01 -4.710511789626768753e+00 0.000000000000000000e+00
1.529235609854840305e+01 4.455833083637986469e+00 0.000000000000000000e+00
-7.932822045182413184e+00 6.221301422369496237e+00 0.000000000000000000e+00
-5.554659446987343152e+00 1.390946834031049306e+01 0.000000000000000000e+00
-1.584972261107137115e+01 -1.813845461617189514e+00 0.000000000000000000e+00
-5.621905008379352253e+00 8.082367639776036228e+00 0.000000000000000000e+00
-2.878791569387912030e+00 5.581356807274967302e+00 0.000000000000000000e+00
-3.476677444656737670e+00 1.038114699777737648e+01 0.000000000000000000e+00
-1.060905221871598947e+01 2.846241576448214960e+00 0.000000000000000000e+00
-2.415163962402588904e-01 1.553710037351729589e+01 0.000000000000000000e+00
1.554885746462088392e+01 2.091564405203037325e+00 0.000000000000000000e+00
6.389048825840011325e+00 -1.231965251853931598e+01 0.000000000000000000e+00
4.523428645314668373e+00 -1.269910916565748416e+01 0.000000000000000000e+00
-4.320039800323501877e-01 1.005800876970831936e+01 0.000000000000000000e+00
-6.811967493430599596e+00 1.631476053095845913e+01 0.000000000000000000e+00
7.819281705768236890e+00 -1.387688915206783413e+01 0.000000000000000000e+00
-1.018625192569515114e+01 -1.482343483235814219e+01 0.000000000000000000e+00
7.731184852002538577e+00 1.594878131133332033e+01 0.000000000000000000e+00
-2.782468688686462688e+00 -1.787766713066386970e+01 0.000000000000000000e+00
-1.705802453823998377e+01 3.994850345848094952e-01 0.000000000000000000e+00
1.478672685565148726e+01 7.331902146614001303e+00 0.000000000000000000e+00
2.815193608704601225e+00 4.360839680220363057e+00 0.000000000000000000e+00
-1.076153941319844343e+01 -2.350575372798062279e+00 0.000000000000000000e+00
-1.213937891030040817e+01 -4.084398982550891510e+00 0.000000000000000000e+00
8.754117455053064489e+00 -6.665436556645828681e+00 0.000000000000000000e+00
1.833316771727483641e+01 -2.244914869579698879e-01 0.000000000000000000e+00
1.246346622647637581e+01 -1.268190449012758414e+01 0.000000000000000000e+00
-3.592744459024617143e+00 1.836317477643097362e+01 0.000000000000000000e+00
1.514257669786764993e+01 -7.723767424773323453e-01 0.000000000000000000e+00
-1.081400371652321946e+00 -1.634875345007744940e+01 0.000000000000000000e+00
3.777188481129587050e+00 1.246880051259527278e+01 0.000000000000000000e+00
-1.386206959755355683e+01 -1.025540514340824849e+01 0.000000000000000000e+00
-1.516130161278592858e+01 2.978858330998951143e+00 0.000000000000000000e+00
-1.514401437561309738e+00 4.193594103802819717e+00 0.000000000000000000e+00
5.784469420440338183e+00 -2.849472004992199103e+00 0.000000000000000000e+00
8.980483101495790876e+00 -3.133396467646866412e+00 0.000000000000000000e+00
-1.932284050912693507e+00 -9.433274938800263243e+00 0.000000000000000000e+00
9.822347672686392528e+00 1.596399129481874724e+01 0.000000000000000000e+00
2.394414375232534198e+00 -4.176047646565623772e+00 0.000000000000000000e+00
-1.056734136613973263e+01 7.754344084546358040e+00 0.000000000000000000e+00
-1.858679412132129372e+01 2.274546034664854943e+00 0.000000000000000000e+00
-1.128441992146889028e+01 1.096300761188710737e+01 0.000000000000000000e+00
-1.559661432692677785e+01 6.765196167621737366e+00 0.000000000000000000e+00
-4.026889099695100782e+00 -8.350200737575784515e+00 0.000000000000000000e+00
1.429983110950659109e+00 -1.606576382868186670e+01 0.000000000000000000e+00
9.898880496372958859e+00 -5.376541384865872075e+00 0.000000000000000000e+00
-4.461738863247891373e+00 1.729826263951575793e+00 0.000000000000000000e+00
1.375945917939889540e+01 -5.130376929986603329e+00 0.000000000000000000e+00
-1.291951567666842493e+01 -1.503925344150564225e+00 0.000000000000000000e+00
-5.809133744240364550e+00 -1.117361305763692236e+01 0.000000000000000000e+00
5.641987343066503513e+00 -8.363691793595783963e+00 0.000000000000000000e+00
5.926158248089063996e+00 8.590435687567206102e+00 0.000000000000000000e+00
1.351245416867459603e+01 -2.656620537478797672e+00 0.000000000000000000e+00
4.169054361078418092e-01 4.408954568761890513e+00 0.000000000000000000e+00
1.182124667057901668e+01 2.843900480463848801e+00 0.000000000000000000e+00
-7.515210594372205399e+00 1.226728926174120637e+01 0.000000000000000000e+00
6.482234873043101864e+00 1.484589756288338513e+01 0.000000000000000000e+00
7.496348397540523401e+00 -9.974952183523547733e-01 0.000000000000000000e+00
-1.526085433244347911e+01 -7.529133995507962140e+00 0.000000000000000000e+00
3.510914133082064570e+00 1.866861793444075701e+01 0.000000000000000000e+00
1.267104752157611003e+01 7.009653195019001082e+00 0.000000000000000000e+00
5.280466752917043038e+00 -6.658190772041714389e+00 0.000000000000000000e+00
1.165942295520735250e+00 -6.266603147934066698e+00 0.000000000000000000e+00
-6.208762170375253575e+00 -9.675755880451317736e-01 0.000000000000000000e+00
4.534349661345752125e+00 -1.688107939852798012e+01 0.000000000000000000e+00
-5.101688135252921974e+00 -6.438261233673358674e+00 0.000000000000000000e+00
-7.377402255647867335e+00 2.565061561122454759e+00 0.000000000000000000e+00
-8.579752681345270915e+00 1.003517342852497407e+01 0.000000000000000000e+00
5.294118860405106375e+00 4.366385767131841789e+00 0.000000000000000000e+00
-1.311184996072644715e+00 -4.339019210717335540e+00 0.000000000000000000e+00
5.267048703232926066e+00 1.606693435245447787e+01 0.000000000000000000e+00
-8.314979926971018287e+00 -2.424432309726692658e+00 0.000000000000000000e+00
7.639001793656831296e+00 3.380960232002758303e+00 0.000000000000000000e+00
1.254802891186706226e+01 1.222959994639662717e+01 0.000000000000000000e+00
-1.243641007841004953e+00 -7.397050338168726924e+00 0.000000000000000000e+00
-1.295580671127406625e+01 -1.203712163302740912e+01 0.000000000000000000e+00
1.473353960276987529e+01 7.038548156167178105e-01 0.000000000000000000e+00
1.090456070070247474e+00 1.399060618943391709e+01 0.000000000000000000e+00
-3.299931919985518380e+00 -1.960078455112372442e+00 0.000000000000000000e+00
-4.583443965469252035e+00 1.163605108772680197e+01 0.000000000000000000e+00
1.779718545295217424e+01 1.660168952791073016e+00 0.000000000000000000e+00
4.290698749520373667e+00 -5.298437325098719342e+00 0.000000000000000000e+00
7.678708351413434663e+00 -1.064364813841716284e+01 0.000000000000000000e+00
5.916234824942346870e-01 6.755908181097411980e-01 0.000000000000000000e+00
-1.113906401950966440e+01 -1.117681593726002909e+01 0.000000000000000000e+00
-1.173807468549180477e+01 -1.406244711271573777e+01 0.000000000000000000e+00
1.725602064612528252e+01 -5.555215894182138570e+00 0.000000000000000000e+00
1.676772546693280574e+01 -8.254068072466165251e-01 0.000000000000000000e+00
4.977604989836244442e+00 -5.789786962490097721e-01 0.000000000000000000e+00
1.230520407256920912e+01 9.184876319282055945e+00 0.000000000000000000e+00
9.819902008021106354e+00 6.950377289564851679e+00 0.000000000000000000e+00
-1.197789148517393620e+01 1.303050219417692013e+01 0.000000000000000000e+00
6.478676382101459907e+00 2.100699522603107106e+00 0.000000000000000000e+00
-1.167626902287093094e+00 1.151349026984176405e+01 0.000000000000000000e+00
-1.055946679309333014e+01 -4.903388660097085960e+00 0.000000000000000000e+00
7.443560161823219445e-01 -1.116497504210312686e+00 0.000000000000000000e+00
-1.557980520737245378e+01 -5.337751580013935460e+00 0.000000000000000000e+00
2.482319991700652484e-01 -8.064254183079345495e+00 0.000000000000000000e+00
-1.042545079649904238e+01 4.665670450242904721e+00 0.000000000000000000e+00
2.131096340019497326e+00 7.652949218687012944e+00 0.000000000000000000e+00
4.414074770664523584e+00 1.143096167469354274e+00 0.000000000000000000e+00
8.590275390246894460e+00 5.043927131691670063e-01 0.000000000000000000e+00
1.631005921867977548e+01 6.458451787770463248e+00 0.000000000000000000e+00
-3.215643307819211927e+00 1.297601795653529422e+01 0.000000000000000000e+00
-8.702137640079875780e+00 -1.608292365632920351e+01 0.000000000000000000e+00
1.478130043631381563e+00 1.841110210901479149e+01 0.000000000000000000e+00
-2.769841699600178231e+00 -6.592659113009280425e+00 0.000000000000000000e+00
-1.308900902988855464e+01 6.080303770824966314e+00 0.000000000000000000e+00
-8.785425815753104217e+00 -1.068006949175574505e+01 0.000000000000000000e+00
6.425874947245968194e+00 1.128932752252276117e+01 0.000000000000000000e+00
5.465766223418417447e+00 1.817285472351060349e+01 0.000000000000000000e+00
1.338037082160789559e+01 -9.217552155261765634e+00 0.000000000000000000e+00
2.530606209729094225e+00 -1.675852881825358853e+00 0.000000000000000000e+00
-3.790598708602117561e+00 -1.140698002078017304e+01 0.000000000000000000e+00
7.584996136030728309e+00 -1.550318881270428584e+01 0.000000000000000000e+00
8.841315109258989224e+00 -1.164376560838660701e+01 0.000000000000000000e+00
2.183469467105137340e+00 9.641621159240319372e+00 0.000000000000000000e+00
-7.243871449769232029e+00 -5.262467138125968447e+00 0.000000000000000000e+00
-1.411240320800741799e+01 -8.575349592398328724e+00 0.000000000000000000e+00
-5.888571877320586623e+00 -9.385527213620004972e+00 0.000000000000000000e+00
1.123945126130823802e+01 -6.173373056881441556e+00 0.000000000000000000e+00
-5.556798422110855284e+00 -3.459112281048549953e+00 0.000000000000000000e+00
9.818841565461795540e+00 -9.322021306303163612e+00 0.000000000000000000e+00
1.741365023667607703e+00 -9.311306975598593993e+00 0.000000000000000000e+00
2.667906032498104985e+00 1.605064270158381490e+01 0.000000000000000000e+00
3.974632529141449044e+00 -1.086131812720401690e+01 0.000000000000000000e+00
1.648623671962526060e+01 3.313956521821948886e+00 0.000000000000000000e+00
7.294920258899701970e+00 -1.726584115912357120e+01 0.000000000000000000e+00
8.804299705164329026e-01 1.688279976986595443e+01 0.000000000000000000e+00
-1.440286644775611080e+01 -4.072525722609245946e+00 0.000000000000000000e+00
-1.392931781837306993e+01 7.646652077416181470e+00 0.000000000000000000e+00
4.231144773103811652e+00 7.363461825031627939e+00 0.000000000000000000e+00
-4.941948867586080318e+00 -8.237709774154612641e-02 0.000000000000000000e+00
-1.871403241313142951e+00 -1.118845767713221662e+01 0.000000000000000000e+00
2.224430336599173774e+00 -1.197671239927202969e+01 0.000000000000000000e+00
-5.257157928248052059e+00 5.936895952059258796e+00 0.000000000000000000e+00
1.532464828926000422e+01 -1.020188992927288396e+01 0.000000000000000000e+00
1.097636726101785065e+01 -1.417356933431506683e+01 0.000000000000000000e+00
-4.666708361507452274e+00 1.557417083133079494e+01 0.000000000000000000e+00
-8.537679225205263123e+00 1.582949106550917762e+01 0.000000000000000000e+00
5.072262946922090343e+00 1.381575208730798110e+01 0.000000000000000000e+00
1.020400108514780335e+01 -1.252680736820872198e+01 0.000000000000000000e+00
-7.652364216492329341e+00 -6.819267286520304339e+00 0.000000000000000000e+00
-1.121648300604136317e+01 6.077831741389042364e+00 0.000000000000000000e+00
-1.686640065741939409e+01 -7.038668436378648252e+00 0.000000000000000000e+00
7.528839603543718617e+00 -2.623546444304091008e+00 0.000000000000000000e+00
3.090174991677343552e-01 7.949296746016702109e+00 0.000000000000000000e+00
-4.356556007855068025e+00 4.486001999130553308e+00 0.000000000000000000e+00
2.795417677052050465e+00 -1.448005904076535266e+01 0.000000000000000000e+00
-1.334674773775784251e+00 1.829987729148942321e+01 0.000000000000000000e+00
1.300366102956280656e+01 -1.081524750604857310e+00 0.000000000000000000e+00
1.506677333169567135e+01 -4.331334632993543821e+00 0.000000000000000000e+00
-5.439736119555430571e-01 -5.836784201885465428e+00 0.000000000000000000e+00
-1.562628385618565474e+01 -9.548538521320800498e+00 0.000000000000000000e+00
5.888121386486921092e-04 -1.179964929972987697e+01 0.000000000000000000e+00
-1.126138773033641804e+01 4.067401475145663858e-01 0.000000000000000000e+00
-3.011185017345086479e+00 -1.601333626650544417e+01 0.000000000000000000e+00
-4.454196606043808515e+00 -5.032062560205586621e+00 0.000000000000000000e+00
-1.730037020718729934e+01 5.335934258103236516e+00 0.000000000000000000e+00
-1.205470384902908165e+01 1.721424057805658547e+00 0.000000000000000000e+00
-1.324092815459065875e+01 -5.581743923754913794e+00 0.000000000000000000e+00
1.462589025895865014e+01 1.164614943953623971e+01 0.000000000000000000e+00
-2.052809464589369970e+00 -2.808413909643410644e+00 0.000000000000000000e+00
1.683602039250115112e+01 -2.587576424673906583e+00 0.000000000000000000e+00
-9.837665917578836128e-01 -1.813685930365564047e+01 0.000000000000000000e+00
-8.893040548361986097e+00 -1.402656352603997725e+01 0.000000000000000000e+00
-1.769759586891475678e+01 3.827859404973152024e+00 0.000000000000000000e+00
-1.375202770701569044e+00 8.757821383592730768e+00 0.000000000000000000e+00
-9.983218065613982617e+00 1.323779088724409725e+01 0.000000000000000000e+00
-4.012747967853402820e+00 -9.876829608134313432e+00 0.000000000000000000e+00
1.126973366025134382e+01 1.070715705676667540e+01 0.000000000000000000e+00
9.120282089875493270e+00 2.449896614985814569e+00 0.000000000000000000e+00
6.610044134609919020e+00 6.170764432721479231e+00 0.000000000000000000e+00
1.666888875500869105e+01 -8.494268926854537938e+00 0.000000000000000000e+00
-3.852031822830678243e-01 -9.982360584466995590e+00 0.000000000000000000e+00
1.047783264493340738e+01 1.264728209220256439e+01 0.000000000000000000e+00
-5.388584844612832603e-01 2.678349574368083630e+00 0.000000000000000000e+00
1.326694147553103775e+01 -1.091182172346221435e+01 0.000000000000000000e+00
-3.444998377892763308e+00 7.476511699393721955e+00 0.000000000000000000e+00
5.176839402130831713e-01 -1.764021777398960467e+01 0.000000000000000000e+00
5.570327557793119944e+00 -1.814256159494570397e+01 0.000000000000000000e+00
