-8.476145181180811505e+00 4.076109090109957478e+00 0.000000000000000000e+00
9.144991168169859463e+00 1.052105394236916958e+00 0.000000000000000000e+00
1.279239137549246230e+01 -2.145422439486144750e+00 0.000000000000000000e+00
-1.017293028975534952e+01 9.649132723251227617e+00 0.000000000000000000e+00
1.005070587452697062e+01 -1.652691379079993972e+00 0.000000000000000000e+00
8.324885345425149907e+00 1.154161334450439824e+01 0.000000000000000000e+00
1.457290097589189237e+01 -2.950042431025943213e+00 0.000000000000000000e+00
-3.628767290490643393e+00 1.353729195496125115e+01 0.000000000000000000e+00
6.391773332801198748e+00 1.513356149080602231e+00 0.000000000000000000e+00
-1.875461927535986950e+00 3.406269589942341636e+00 0.000000000000000000e+00
-1.510708054168543413e+01 2.376884137832427246e+00 0.000000000000000000e+00
2.522295091377440457e+00 -5.007946555007214862e+00 0.000000000000000000e+00
6.620412896466294939e+00 -1.333371540317340198e+01 0.000000000000000000e+00
5.212963545486068107e+00 3.579793812631463901e+00 0.000000000000000000e+00
-1.062433575030470090e+00 8.687965467849938506e+00 0.000000000000000000e+00
1.380856481196646435e+01 -4.833954795049134057e-01 0.000000000000000000e+00
-1.664907883173609271e+00 5.724519182551143892e+00 0.000000000000000000e+00
8.721009589417123564e+00 -4.758797481637810023e+00 0.000000000000000000e+00
2.686832638619264468e+00 -1.578015950109001331e+01 0.000000000000000000e+00
5.908666657771842523e+00 -4.752866131438241659e+00 0.000000000000000000e+00
1.571301262832268897e+00 2.826678850585644387e+00 0.000000000000000000e+00
-1.957930260082850094e+00 8.469305151190977821e-01 0.000000000000000000e+00
1.327566434773144977e+01 -4.878041677011373700e+00 0.000000000000000000e+00
5.135027162333963169e+00 1.595194326462007517e+01 0.000000000000000000e+00
-8.321716013467026940e+00 1.045354411249426718e+01 0.000000000000000000e+00
-3.775007589073268721e-01 -9.497067840757180690e+00 0.000000000000000000e+00
-9.357914994484444193e+00 -3.054490178726924743e+00 0.000000000000000000e+00
5.369194900010548110e+00 -1.038070128496523559e+01 0.000000000000000000e+00
1.062908985331094414e+01 7.351030527840755724e+00 0.000000000000000000e+00
1.273736482326184749e+01 7.181088264010283773e+00 0.000000000000000000e+00
1.309894392312532752e+01 2.321997216440613521e+00 0.000000000000000000e+00
9.563586955056574412e-01 1.125783671826064847e+01 0.000000000000000000e+00
9.211176797810210815e+00 1.341237688879266798e+01 0.000000000000000000e+00
-4.367086843819732778e+00 -6.232564424879110554e+00 0.000000000000000000e+00
4.062599644752426187e+00 1.115044495043605721e+01 0.000000000000000000e+00
9.833169421200743443e+00 -7.866329357561069102e+00 0.000000000000000000e+00
1.200817665563240233e+01 -1.218279482186630069e+01 0.000000000000000000e+00
1.121732476385586885e+01 1.110801697679021771e+01 0.000000000000000000e+00
-1.301338330387208231e+01 -4.918765513668104994e+00 0.000000000000000000e+00
1.348572063133937426e+01 -1.016598370625863623e+01 0.000000000000000000e+00
-6.003252732981859907e+00 1.492527867339866088e+00 0.000000000000000000e+00
8.334030803035193946e-01 -5.994147838129569195e+00 0.000000000000000000e+00
-8.653818050370157167e+00 2.316960003772044363e+00 0.000000000000000000e+00
-1.130549411838863527e+01 1.320316932500546869e+01 0.000000000000000000e+00
9.118839195982777923e+00 7.281486552667796097e+00 0.000000000000000000e+00
-4.686429802570919456e+00 -1.034515304576975581e+01 0.000000000000000000e+00
8.571279915020904028e-01 5.245224653948350024e+00 0.000000000000000000e+00
-8.358037733421886273e+00 8.556504476041821405e+00 0.000000000000000000e+00
-8.568280203629510261e-01 -7.403276929214564817e+00 0.000000000000000000e+00
-1.710891844052082078e+01 3.617403324982257473e+00 0.000000000000000000e+00
7.719609673243622794e+00 8.672251515626671292e+00 0.000000000000000000e+00
1.454896266245101621e+01 7.588001770798161516e+00 0.000000000000000000e+00
-6.181727764645875922e+00 -8.456146312570815837e+00 0.000000000000000000e+00
1.981629495851211065e+00 -1.369896349320566920e+01 0.000000000000000000e+00
1.556298046841305904e+01 -2.076034525586947233e-01 0.000000000000000000e+00
-8.222921796164529340e+00 6.760840502293822496e+00 0.000000000000000000e+00
-5.894524398622295713e+00 -1.608079713922959542e+01 0.000000000000000000e+00
5.374065090049878535e+00 -1.566778038136963325e+01 0.000000000000000000e+00
8.013940614640414850e+00 -1.705494338695335621e+00 0.000000000000000000e+00
-1.338842936346173573e+01 4.924092664268710173e+00 0.000000000000000000e+00
-1.299689486137637751e+01 -2.623410257099368703e+00 0.000000000000000000e+00
-2.170045660277465149e+00 -1.266305702309335679e+01 0.000000000000000000e+00
-1.679728279811038760e+01 -3.205531255551809622e+00 0.000000000000000000e+00
1.352846897368309875e+01 5.710187787423150141e+00 0.000000000000000000e+00
3.679685539678527295e+00 -3.675381899188159718e+00 0.000000000000000000e+00
-1.065392516679672319e+01 -6.716067269654345750e+00 0.000000000000000000e+00
3.924403824743234015e+00 9.387247323729706494e+00 0.000000000000000000e+00
1.936136983196227179e-01 -1.378534867871855418e+01 0.000000000000000000e+00
2.408302389988374870e+00 -1.199850903492867182e+01 0.000000000000000000e+00
-8.201447809226905861e+00 1.303173550370193823e+01 0.000000000000000000e+00
1.476796295843601392e+01 3.351566448914663710e+00 0.000000000000000000e+00
-1.041875792684439084e+00 1.089123338455574519e+01 0.000000000000000000e+00
-8.753488339850623134e+00 -6.524500123003014629e+00 0.000000000000000000e+00
3.173358391631884601e+00 -2.723204828469373839e-01 0.000000000000000000e+00
-5.668351428852909102e-01 -1.630877408387239669e+01 0.000000000000000000e+00
-2.961401302741408337e+00 -2.156835845951690089e+00 0.000000000000000000e+00
4.303718855661577414e-01 -2.013851236510693088e-01 0.000000000000000000e+00
1.112321283118924065e+01 -4.297827353936852113e+00 0.000000000000000000e+00
2.023124676323438120e-01 1.396295578585645014e+00 0.000000000000000000e+00
4.230646199593039114e+00 -6.137539251308810506e+00 0.000000000000000000e+00
-7.824577258397968471e+00 -1.495282452541831475e+01 0.000000000000000000e+00
8.904846007386648665e+00 -1.430245825291034834e+01 0.000000000000000000e+00
-1.094514486771181794e+01 7.969020803908412276e+00 0.000000000000000000e+00
1.277875666648375708e+00 1.615484339828276106e+01 0.000000000000000000e+00
-1.133240773898714870e+01 -1.151044589949532515e+01 0.000000000000000000e+00
1.417632011148080018e+00 7.668043209154807194e+00 0.000000000000000000e+00
-9.923797286005864748e+00 1.253242980637728721e+01 0.000000000000000000e+00
-9.858592302476299807e+00 -5.199151516990474953e+00 0.000000000000000000e+00
-8.206020152495950626e+00 -1.305787515165205903e+01 0.000000000000000000e+00
-1.415473561495907440e+01 8.303559815654988796e+00 0.000000000000000000e+00
1.076308557279995348e+01 -1.118484759798850625e+01 0.000000000000000000e+00
1.076106382014841856e+01 7.053180786321718854e-01 0.000000000000000000e+00
7.343953958140606808e+00 -3.812459204401178692e+00 0.000000000000000000e+00
-1.162913237422953472e+01 -8.386139939886124495e+00 0.000000000000000000e+00
-1.804544664562451439e+00 1.386888053935210685e+01 0.000000000000000000e+00
4.381044095630232782e+00 -8.696679923661514877e+00 0.000000000000000000e+00
-9.492423827334658393e-01 -4.334629437525745033e+00 0.000000000000000000e+00
1.717038544217130180e+01 -8.402174619134070710e-01 0.000000000000000000e+00
-7.449634453040251181e+00 -2.004058119699406060e+00 0.000000000000000000e+00
-1.347796250865905243e+01 -7.672247307977332120e+00 0.000000000000000000e+00
-7.216125359758956748e+00 -6.439825821858978117e+00 0.000000000000000000e+00
-1.578736148592974686e+01 9.004120727903520693e-01 0.000000000000000000e+00
1.230419809250760643e+01 -7.953060138398226009e+00 0.000000000000000000e+00
4.768836308353552766e+00 -7.346701220258446963e-01 0.000000000000000000e+00
2.467263024467933441e+00 -7.119688312210183057e+00 0.000000000000000000e+00
-1.275477662216681729e+01 9.345353631108924475e+00 0.000000000000000000e+00
6.886451727872080042e+00 1.021299681082865973e+01 0.000000000000000000e+00
1.480272919209227922e+01 -9.246416826192714211e+00 0.000000000000000000e+00
-9.124391907828455217e+00 -8.013470885230956853e+00 0.000000000000000000e+00
-1.140231564942699194e+01 4.716304163452281095e+00 0.000000000000000000e+00
-9.936759907011765591e+00 -1.429742591992047895e+00 0.000000000000000000e+00
-4.151677635640867337e+00 8.200372988694470067e+00 0.000000000000000000e+00
1.170421900087917244e+01 5.885796381844571101e+00 0.000000000000000000e+00
1.128590730948921461e+01 -6.141064166653103840e+00 0.000000000000000000e+00
-4.225757823519217027e+00 -3.831423943721699588e-01 0.000000000000000000e+00
6.284495733843190379e+00 5.053875616809485827e+00 0.000000000000000000e+00
1.222644326616159915e+01 -1.846207984798262647e-01 0.000000000000000000e+00
1.323107528486705142e+01 4.141048819679843618e+00 0.000000000000000000e+00
-1.069899361940982807e+01 2.620657523950447931e+00 0.000000000000000000e+00
7.976992695276130085e+00 -8.873367206962928577e+00 0.000000000000000000e+00
1.117768480658817509e+01 4.366062060006835388e+00 0.000000000000000000e+00
-4.680917014212983673e+00 1.202581929751289280e+01 0.000000000000000000e+00
-1.160899214432570226e+01 1.134543536269060127e+01 0.000000000000000000e+00
6.896894592454827944e+00 1.488198426209719472e+01 0.000000000000000000e+00
-3.748710021877823984e+00 -1.345150476464196743e+01 0.000000000000000000e+00
-1.312437206838191317e+00 -1.479050851195550109e+01 0.000000000000000000e+00
7.907145138211492785e+00 -7.216367310818759151e+00 0.000000000000000000e+00
-5.223949794052115791e+00 -1.428735690227977884e+01 0.000000000000000000e+00
-3.484609339143326157e+00 1.673459964497951447e+01 0.000000000000000000e+00
9.770534346740982201e+00 3.083540941515010569e+00 0.000000000000000000e+00
-5.376913825556845161e+00 2.905090559306789277e+00 0.000000000000000000e+00
-1.222377712589493903e+01 6.340436999190281142e+00 0.000000000000000000e+00
1.544307298710494081e+01 -7.606966204304821844e+00 0.000000000000000000e+00
-1.482062925489583449e+01 -3.022597304313133559e+00 0.000000000000000000e+00
1.378950539249870744e+01 9.498311107169662648e+00 0.000000000000000000e+00
2.138136229483453832e-01 -1.145577450177578704e+01 0.000000000000000000e+00
4.740188370059646772e+00 9.163348234198586129e-01 0.000000000000000000e+00
-1.184133571187687917e+00 -2.755804048839821441e+00 0.000000000000000000e+00
-1.186988701049885364e+01 8.893530957536632808e-01 0.000000000000000000e+00
-1.500041982402399654e+01 -5.924206617158411348e+00 0.000000000000000000e+00
1.055603346566142342e+01 -1.299401149111947440e+01 0.000000000000000000e+00
1.083022865577210858e+01 9.454740778495896336e+00 0.000000000000000000e+00
-3.804019136995220318e-01 1.662739397065366376e+01 0.000000000000000000e+00
2.795435476301145528e+00 1.334082045041821374e+01 0.000000000000000000e+00
1.561262185792454282e+01 5.967476232385704016e+00 0.000000000000000000e+00
-1.578746542996770152e+01 -1.014820573790341740e+00 0.000000000000000000e+00
8.037682271036057813e+00 2.531873126290649090e+00 0.000000000000000000e+00
6.319396923376383590e+00 -3.492054268991778287e-01 0.000000000000000000e+00
-1.038781702336065038e+01 -1.395094294428908910e+01 0.000000000000000000e+00
-8.317608451650668755e+00 -9.364078337433388910e+00 0.000000000000000000e+00
-1.078640811632976160e+01 -3.844327320577946683e+00 0.000000000000000000e+00
2.027131140028436196e+00 9.440740871252392807e+00 0.000000000000000000e+00
-6.426483348759219894e+00 1.024657600656068901e+01 0.000000000000000000e+00
-8.708079442722580055e+00 1.484489706228823103e+01 0.000000000000000000e+00
2.055788285119764858e+00 -9.799961797960989429e+00 0.000000000000000000e+00
-1.375126096399599440e+01 -9.025404913154972952e-01 0.000000000000000000e+00
3.682324048604239675e+00 7.276052523249364690e+00 0.000000000000000000e+00
-3.385609443581567568e+00 4.342120934484622552e+00 0.000000000000000000e+00
5.545833000631492204e+00 1.386252529877278228e+01 0.000000000000000000e+00
3.809330888236306834e+00 -1.699587794212569491e+01 0.000000000000000000e+00
-1.538022090187096858e+01 4.115305588976286622e+00 0.000000000000000000e+00
-8.803393021427277532e+00 -9.599670446795106893e-02 0.000000000000000000e+00
-8.318054661366162117e-01 -5.836499124784205073e+00 0.000000000000000000e+00
-5.103384987620849245e+00 5.627357271487452905e+00 0.000000000000000000e+00
5.932939255618132179e+00 -8.206192303812683164e+00 0.000000000000000000e+00
5.077282699564391599e+00 -1.290163440005789219e+01 0.000000000000000000e+00
-2.420456207372526869e+00 -7.072824257950470539e+00 0.000000000000000000e+00
8.896437975088364425e+00 -3.158224579419532052e+00 0.000000000000000000e+00
-5.083132293532708346e+00 1.428545775941861251e+01 0.000000000000000000e+00
8.905829295986974259e+00 5.427598833708997539e+00 0.000000000000000000e+00
-1.591932059953995893e+00 -1.067045230317502558e+01 0.000000000000000000e+00
1.133371213974173841e+01 2.644536720438789512e+00 0.000000000000000000e+00
9.206167347187067307e+00 -1.127451203707025407e+01 0.000000000000000000e+00
2.567948208624525400e-02 1.390643601940172047e+01 0.000000000000000000e+00
-3.249178860958705783e+00 -1.580685407390974362e+01 0.000000000000000000e+00
-6.393132998668534128e+00 -9.275635590357530491e-01 0.000000000000000000e+00
1.002818479116470041e+00 -1.767247704443662970e+00 0.000000000000000000e+00
1.614921416990909364e+01 -2.074690129449069165e+00 0.000000000000000000e+00
-1.263929907118377827e+01 -9.514388384668359677e+00 0.000000000000000000e+00
-9.855833467889121735e+00 6.805757980265342511e+00 0.000000000000000000e+00
6.761572695813270251e+00 1.236627018213470208e+01 0.000000000000000000e+00
2.859575242539734052e+00 4.436412571767283097e+00 0.000000000000000000e+00
-1.394338371191695991e+01 -1.056242891431096531e+01 0.000000000000000000e+00
-3.669764903684302748e+00 1.980636752955667879e+00 0.000000000000000000e+00
-2.956537565343385410e+00 1.212227856523246494e+01 0.000000000000000000e+00
-1.267902609969872074e+01 2.718659582169999478e+00 0.000000000000000000e+00
9.367606562203096843e+00 -9.487557980202618424e+00 0.000000000000000000e+00
3.824478652192445427e+00 -1.425909159158245743e+01 0.000000000000000000e+00
3.872200408141524441e+00 1.475626287431388484e+01 0.000000000000000000e+00
-2.836537242573034856e+00 1.518311769860751959e+01 0.000000000000000000e+00
5.440740756631990749e+00 7.583589204854114030e+00 0.000000000000000000e+00
2.939242824178954105e+00 1.593359586362016245e+01 0.000000000000000000e+00
1.616418353584744505e+00 7.980923093793064194e-01 0.000000000000000000e+00
-6.871100215501357411e+00 1.425248680856374150e+01 0.000000000000000000e+00
-6.105901316055097894e+00 -1.109011895075692600e+01 0.000000000000000000e+00
-4.521283222666389712e+00 -4.615934453777092550e+00 0.000000000000000000e+00
-1.378630442400266887e+00 -8.078023259772677545e-01 0.000000000000000000e+00
-6.147154048534896553e+00 -5.129933559533289333e+00 0.000000000000000000e+00
-9.414007179587295937e+00 -1.054922688303047273e+01 0.000000000000000000e+00
1.344301254269392665e+01 -6.369684377324103863e+00 0.000000000000000000e+00
-4.706752544738137090e+00 -1.982758585580294719e+00 0.000000000000000000e+00
-3.444894761296966479e+00 1.013693266194325915e+01 0.000000000000000000e+00
1.645174088120941391e+01 -5.274183700039474232e+00 0.000000000000000000e+00
-2.723123960004892652e+00 7.355749784110733103e+00 0.000000000000000000e+00
-6.394806007627462208e+00 8.179160420679151500e+00 0.000000000000000000e+00
-1.646663965055927648e+01 5.478425334523326917e+00 0.000000000000000000e+00
1.156622807740085790e+01 1.256825609549275846e+01 0.000000000000000000e+00
-1.408092359692216711e+01 1.177273734845758701e+00 0.000000000000000000e+00
-5.114316418006039200e+00 1.625281869901876064e+01 0.000000000000000000e+00
-1.539907391942414527e+01 -7.956748692623505370e+00 0.000000000000000000e+00
-2.948559035215133850e+00 -1.002114974855400042e+01 0.000000000000000000e+00
-6.674092650470841548e+00 1.603170110428271400e+01 0.000000000000000000e+00
1.695244028682945725e+01 2.271262563997227701e+00 0.000000000000000000e+00
-1.175547243318687679e-01 4.081300048768591537e+00 0.000000000000000000e+00
-7.836263428020464161e+00 -4.492826899631777948e+00 0.000000000000000000e+00
6.444363523644905278e+00 -1.166527910021460279e+01 0.000000000000000000e+00
3.960368579163009994e-01 -3.240706635974850425e+00 0.000000000000000000e+00
2.022943871656551984e+00 -3.197372125398371789e+00 0.000000000000000000e+00
-7.008346693694798013e+00 2.957211688199668842e+00 0.000000000000000000e+00
-4.544921341943712889e+00 -1.680351422489907876e+01 0.000000000000000000e+00
4.196289521523048016e+00 5.732524309391623163e+00 0.000000000000000000e+00
9.442012050636115816e+00 1.049589977592076728e+01 0.000000000000000000e+00
-6.505974387246804547e+00 1.279178397713154247e+01 0.000000000000000000e+00
-1.129963090006111770e+01 -2.081516591229591651e+00 0.000000000000000000e+00
7.591203836578851671e+00 6.750570869758897530e+00 0.000000000000000000e+00
1.080876605640253896e+00 -8.147344404810219487e+00 0.000000000000000000e+00
-1.420522677595460337e+01 9.989731837658412772e+00 0.000000000000000000e+00
-5.668549778981155640e+00 -3.265816108406159213e+00 0.000000000000000000e+00
1.522377029229827450e+01 -4.385997681392705516e+00 0.000000000000000000e+00
-6.867993410257880349e+00 4.998420597398669507e+00 0.000000000000000000e+00
2.512543085662817699e+00 1.176561211352193936e+01 0.000000000000000000e+00
3.648411932324797213e+00 2.405638094051161247e+00 0.000000000000000000e+00
1.633929911677201474e+01 4.313348607622514486e+00 0.000000000000000000e+00
-4.243506581976847158e+00 -8.845175849112859368e+00 0.000000000000000000e+00
1.240980732166621614e+01 1.011618123604192121e+01 0.000000000000000000e+00
5.416482103977937612e+00 9.877456494113902252e+00 0.000000000000000000e+00
7.750206651646433187e+00 2.785310821267564796e-01 0.000000000000000000e+00
-1.745170200998143883e+01 -6.116048307753502167e-01 0.000000000000000000e+00
4.714903134782546523e+00 -2.434297336064273232e+00 0.000000000000000000e+00
7.016865209071541543e+00 -1.017822298145535598e+01 0.000000000000000000e+00
-1.083521251521384521e+01 -9.693533414127365688e+00 0.000000000000000000e+00
-2.565331096687784918e+00 -5.083551929253586898e+00 0.000000000000000000e+00
3.697585627684323750e+00 -1.040001009134148013e+01 0.000000000000000000e+00
1.554179082538958134e+01 1.293618246897105806e+00 0.000000000000000000e+00
-9.438408026264372808e+00 -1.217874038001589376e+01 0.000000000000000000e+00
-4.125411459956586646e-01 1.234131320771129658e+01 0.000000000000000000e+00
-1.577855394040478387e+01 7.072857322732633456e+00 0.000000000000000000e+00
-1.214958728819236988e+01 -6.534051540720035689e+00 0.000000000000000000e+00
-6.821871840852643309e+00 -1.367775837134924899e+01 0.000000000000000000e+00
-1.237569320411467721e+00 1.536432293812687355e+01 0.000000000000000000e+00
-1.165812997489522296e+01 -1.301429575391028415e+01 0.000000000000000000e+00
6.536112057383075324e+00 -6.256516627137103548e+00 0.000000000000000000e+00
-4.922580423963271556e+00 1.054165408448762342e+01 0.000000000000000000e+00
-3.699787279897282843e+00 -1.183026689474216120e+01 0.000000000000000000e+00
7.882530423576594281e+00 -1.231017616747286958e+01 0.000000000000000000e+00
7.591479189444327424e+00 -1.558914881783282702e+01 0.000000000000000000e+00
