-1.475660784875191744e+01 7.085462831678898787e+00 0.000000000000000000e+00
1.621166064756885561e+01 6.646983424021030373e+00 0.000000000000000000e+00
-1.547025415938203707e+01 3.295491567633470620e+00 0.000000000000000000e+00
8.628741075836478203e+00 1.378458201686027529e+01 0.000000000000000000e+00
-6.377596823420257799e+00 4.821416874459131030e+00 0.000000000000000000e+00
1.355520631059133230e+01 -6.148367078597209101e+00 0.000000000000000000e+00
8.576286633596362563e+00 -1.469578135460003665e+01 0.000000000000000000e+00
3.558541289881263836e+00 -5.146103528444506026e+00 0.000000000000000000e+00
1.207944693687157312e+01 3.881829307514601535e+00 0.000000000000000000e+00
-1.185507303871424867e+01 5.010274851373633709e+00 0.000000000000000000e+00
6.144814082508535336e+00 -3.064933120892927576e+00 0.000000000000000000e+00
-1.466879304502582215e+01 8.817561151280839837e+00 0.000000000000000000e+00
-7.516671360295045234e-01 -9.495627009782689143e+00 0.000000000000000000e+00
-1.293501794970445040e+01 -1.311337912447977594e+01 0.000000000000000000e+00
-6.875432949449705511e+00 -1.502526287179592224e+01 0.000000000000000000e+00
-1.074298938446136020e+01 1.261007902196816310e+01 0.000000000000000000e+00
-4.880125558156533927e+00 1.579966427043676802e+01 0.000000000000000000e+00
-1.268177413263564191e+01 1.373019891775320467e+01 0.000000000000000000e+00
-6.924928504355596814e+00 -8.901390969731753700e+00 0.000000000000000000e+00
1.588669980135973159e+00 -1.098043343993143139e+01 0.000000000000000000e+00
-3.493273094745956264e+00 -3.159831400872526785e+00 0.000000000000000000e+00
1.190860402970445264e+01 -5.415738784957390556e-02 0.000000000000000000e+00
-1.361473288717206209e+01 1.823516749543258708e+00 0.000000000000000000e+00
4.210250203268022240e+00 4.724532871843289961e+00 0.000000000000000000e+00
-1.188701102355552841e+01 -7.162614680337425099e+00 0.000000000000000000e+00
-1.245835297204241066e+01 -4.493838937412048651e+00 0.000000000000000000e+00
5.571881128196016775e+00 -1.150437245401781006e+01 0.000000000000000000e+00
-1.328322983467858442e+01 -9.919107226616477035e-01 0.000000000000000000e+00
-1.005808430316528224e+01 2.887430442002157704e+00 0.000000000000000000e+00
-1.649752134507134471e+01 -7.993928537058859973e+00 0.000000000000000000e+00
1.004699773387469364e+01 1.516283212242322875e+01 0.000000000000000000e+00
1.161782682710094683e+01 -8.695430216644696841e+00 0.000000000000000000e+00
6.097498055870198108e+00 -1.462975453618249944e+01 0.000000000000000000e+00
-9.914440574875803269e-02 -1.231780916195743636e+01 0.000000000000000000e+00
-1.004392223910170046e+01 1.092541047719030978e+01 0.000000000000000000e+00
1.568016388145718487e+01 -3.037413021872349184e+00 0.000000000000000000e+00
-7.317106277834526828e+00 -1.971554480508500573e+00 0.000000000000000000e+00
1.372458320092979989e+01 -9.905530154196926063e+00 0.000000000000000000e+00
-1.032233905151889353e+01 -1.482137218759450725e+01 0.000000000000000000e+00
1.472899713305109870e+01 1.724461140587549179e+00 0.000000000000000000e+00
-4.571170281188995377e-01 -4.007389237513292457e+00 0.000000000000000000e+00
4.644513795171339332e+00 -1.738139108372614317e+01 0.000000000000000000e+00
9.214060704407085467e+00 -5.527473525010683453e+00 0.000000000000000000e+00
5.607334575041706515e+00 9.743540467954890261e+00 0.000000000000000000e+00
-1.836350235095938199e+00 1.245906489254528893e+01 0.000000000000000000e+00
2.626712430653656227e+00 1.124634192939282684e+01 0.000000000000000000e+00
1.302391323577673532e+01 -2.266132405565088881e+00 0.000000000000000000e+00
-4.831837525638132291e+00 2.118456508251336801e-01 0.000000000000000000e+00
-1.799877056614126403e+01 1.241964676335405582e-01 0.000000000000000000e+00
-4.383602578307116637e+00 -1.136657370769944286e+01 0.000000000000000000e+00
-3.330093032455933688e+00 1.685759967918825808e+01 0.000000000000000000e+00
1.097472739518886442e+01 -1.302878730809675112e+01 0.000000000000000000e+00
1.082186368660856379e+00 4.766340463201707678e+00 0.000000000000000000e+00
-1.118982240031574982e+01 1.138753687868468090e+00 0.000000000000000000e+00
-8.580176695816900789e+00 5.040216920212326812e+00 0.000000000000000000e+00
9.800075866650048706e-01 9.626351517032160743e+00 0.000000000000000000e+00
4.092281252947236880e-01 5.547734082971691461e-01 0.000000000000000000e+00
7.373914098079920265e+00 -1.288536255603018787e+01 0.000000000000000000e+00
1.585717823743956600e+01 1.040732104978085282e+01 0.000000000000000000e+00
-4.902256193135708706e+00 -1.710602818913282519e+01 0.000000000000000000e+00
2.647696598680773672e+00 -1.690938073105779793e+01 0.000000000000000000e+00
1.118200170906675872e+01 -5.171180353005322416e+00 0.000000000000000000e+00
-1.556025765477543743e+01 -2.466498366244592955e+00 0.000000000000000000e+00
-1.947434873469638505e+00 -2.769973076005749046e+00 0.000000000000000000e+00
-1.709636462034032078e+01 4.246048812204361589e+00 0.000000000000000000e+00
1.048840435004435889e+01 6.133519225346114823e+00 0.000000000000000000e+00
2.963394433844610543e+00 1.631484346542672625e+01 0.000000000000000000e+00
-1.239243706476463558e+01 -2.605950723264094382e+00 0.000000000000000000e+00
1.221359152951309746e+01 1.378272353417899865e+01 0.000000000000000000e+00
-3.968145996490465066e+00 3.962745496637981368e+00 0.000000000000000000e+00
1.524412261886487663e+01 3.601900205473700378e+00 0.000000000000000000e+00
1.409848084809926050e+01 -8.241734920482667093e+00 0.000000000000000000e+00
-3.398996582941967937e+00 6.377321858373086627e+00 0.000000000000000000e+00
-1.035755478121278728e+01 1.575175700729752215e+01 0.000000000000000000e+00
-6.395592398714677884e+00 1.031359421291113598e+01 0.000000000000000000e+00
-4.332880290467963746e+00 1.294774772662126061e+01 0.000000000000000000e+00
-1.276857736979036373e+00 1.405205753030125315e+01 0.000000000000000000e+00
5.276288286633262992e+00 1.243503472370710128e+01 0.000000000000000000e+00
1.701590859249924592e-01 1.317136210961840526e+01 0.000000000000000000e+00
-1.132735045855944023e+01 9.299121105676356080e+00 0.000000000000000000e+00
1.145391300764510678e+00 1.171921771671659940e+01 0.000000000000000000e+00
-1.673569612165405829e+01 9.883975617798466118e-01 0.000000000000000000e+00
-2.324762141845637675e+00 2.749956299031872664e+00 0.000000000000000000e+00
-1.211860508764652122e+00 1.732870089550980097e+01 0.000000000000000000e+00
-1.707870962735828968e+01 -2.398324151758672418e+00 0.000000000000000000e+00
-7.188711806634458412e+00 -5.225163267623175400e+00 0.000000000000000000e+00
6.599683208007778745e+00 2.863806892623251277e-01 0.000000000000000000e+00
-5.727207318050421492e+00 1.218334400809563611e+01 0.000000000000000000e+00
1.664112891127940230e+01 -1.466524614532969339e+00 0.000000000000000000e+00
7.476645490741631761e+00 2.481102946293342715e+00 0.000000000000000000e+00
-1.258863649385369499e+01 1.076203087577160744e+01 0.000000000000000000e+00
-4.909043109177622100e+00 6.698896909801015376e+00 0.000000000000000000e+00
-4.999260516810669769e-02 1.838900748036366650e+01 0.000000000000000000e+00
2.842164879645773023e+00 -3.466493374581636200e+00 0.000000000000000000e+00
1.200318211357198184e+00 -1.618548097193604463e+01 0.000000000000000000e+00
4.378808200316879784e+00 -1.247286867842398905e+01 0.000000000000000000e+00
-8.424337624360109800e+00 -1.637862301099033502e+01 0.000000000000000000e+00
1.555852780025281845e+01 8.707550010574347965e+00 0.000000000000000000e+00
-1.531251599456529000e+01 -4.132467682338503145e+00 0.000000000000000000e+00
1.103913732480336485e+01 1.162866372047140118e+01 0.000000000000000000e+00
1.106784499050368886e+01 -7.288480214826924097e+00 0.000000000000000000e+00
6.360359802784711469e+00 8.173012679514254586e+00 0.000000000000000000e+00
-2.185245443196161652e+00 9.368600963789846858e+00 0.000000000000000000e+00
2.234029366517308546e+00 -9.010786328982177906e+00 0.000000000000000000e+00
5.362132001312650331e+00 6.748645675653994758e+00 0.000000000000000000e+00
-1.203896550775753305e+01 7.745871095318468846e+00 0.000000000000000000e+00
-2.758351301058387328e+00 -8.290608170769742102e+00 0.000000000000000000e+00
-3.048152145432216464e+00 1.622744047485335794e-01 0.000000000000000000e+00
-4.178979826025172706e+00 -1.500087064394529790e+01 0.000000000000000000e+00
4.489080620758050699e+00 -8.174760757831538882e+00 0.000000000000000000e+00
1.179873311634602828e+01 -1.036552483146376069e+01 0.000000000000000000e+00
8.950772074078091833e+00 -7.838778426071246308e+00 0.000000000000000000e+00
-1.212101716419349451e+01 3.186886724209541999e+00 0.000000000000000000e+00
-1.868760670719727512e+00 -1.199926594464783491e+01 0.000000000000000000e+00
8.854374396466525354e+00 1.013322533537143677e+01 0.000000000000000000e+00
1.465118101907069814e+01 6.693118757360567272e+00 0.000000000000000000e+00
-7.259555118502320603e+00 -1.117350313756267433e+01 0.000000000000000000e+00
1.368307010720474537e+01 3.911757063607048113e-01 0.000000000000000000e+00
-4.369216291799183693e+00 -5.466465349281019570e+00 0.000000000000000000e+00
2.002144331156750834e+00 6.743757620086305415e+00 0.000000000000000000e+00
-9.551732786775364303e+00 -1.082875380183513592e+01 0.000000000000000000e+00
-1.519357328068671542e+01 4.878464278473536808e+00 0.000000000000000000e+00
-1.095646608433345826e+01 -1.831184151507991853e+00 0.000000000000000000e+00
1.787715582285000337e+01 1.145077075890283291e+00 0.000000000000000000e+00
-9.410710675485574939e+00 -5.613187864059208998e+00 0.000000000000000000e+00
-1.109845126438665552e+01 -1.288264514380232839e+01 0.000000000000000000e+00
1.692732812355928829e+01 -7.599317094886513857e+00 0.000000000000000000e+00
-1.658257510943328938e+01 9.020272870244713914e+00 0.000000000000000000e+00
4.176507222317391133e+00 -1.064859228344448461e+01 0.000000000000000000e+00
7.037281112287820051e+00 1.650023420868474844e+01 0.000000000000000000e+00
7.049672729684921535e+00 -9.193964485191994385e+00 0.000000000000000000e+00
-6.215161172357112740e+00 1.994932494556025615e+00 0.000000000000000000e+00
-1.833232647473758448e+01 -4.721229702749625723e+00 0.000000000000000000e+00
-1.800081293205868960e+01 5.812589491777327311e+00 0.000000000000000000e+00
1.112473093326236651e+01 8.748876862036590651e+00 0.000000000000000000e+00
1.123104698201629859e+01 -3.661672968043352849e+00 0.000000000000000000e+00
-2.363965292853786870e+00 -6.295659194804145820e+00 0.000000000000000000e+00
-2.995145534869414927e+00 1.114980925383050447e+01 0.000000000000000000e+00
-8.662042635173641258e+00 1.612841125971990053e+01 0.000000000000000000e+00
1.821964531895299544e+01 -2.966044290770102787e+00 0.000000000000000000e+00
1.290600553362765268e+01 2.046803950000248395e+00 0.000000000000000000e+00
-1.414661694358773047e+01 -8.442193385755762947e+00 0.000000000000000000e+00
-6.391947285608130969e+00 7.165987042719169864e+00 0.000000000000000000e+00
2.580706453069543826e+00 5.012598247630362991e+00 0.000000000000000000e+00
4.000798489110988676e+00 -8.542587279741968853e-01 0.000000000000000000e+00
-1.574921149857439673e+01 -1.015853131570051815e+01 0.000000000000000000e+00
-8.250672988871116331e+00 2.661628620363957864e+00 0.000000000000000000e+00
1.378863368383158772e+01 -4.396175077721120594e+00 0.000000000000000000e+00
-1.491608132889902461e+00 -1.498153476623328650e+01 0.000000000000000000e+00
-2.257381219021679986e+00 -4.684930216137535908e+00 0.000000000000000000e+00
-5.636816479869006358e+00 -1.278878051553171780e+01 0.000000000000000000e+00
-5.352035435136507147e+00 1.754073427560730281e+01 0.000000000000000000e+00
2.879324126022583918e+00 8.841068713399428347e+00 0.000000000000000000e+00
-3.723488344261649541e+00 -1.852299024957882523e+01 0.000000000000000000e+00
9.422698270878546722e-01 1.506352053147836401e+01 0.000000000000000000e+00
3.509742735248169154e+00 -1.840920334989849749e+01 0.000000000000000000e+00
1.553255935202761151e+01 -2.747598443577418115e-01 0.000000000000000000e+00
2.720622015444221553e+00 1.417574160933926741e+01 0.000000000000000000e+00
1.282765133187329809e+01 7.090330875944061972e+00 0.000000000000000000e+00
1.599657922169875457e+00 -5.661544074471026811e+00 0.000000000000000000e+00
-8.380475198322411501e+00 -8.359664159883923418e+00 0.000000000000000000e+00
-9.742807048396503689e+00 -7.687232270761046315e+00 0.000000000000000000e+00
-1.204937653571283107e+01 -9.182261736972115784e+00 0.000000000000000000e+00
-1.279734408111611188e+01 6.200164446598589230e+00 0.000000000000000000e+00
6.786303734039427660e+00 -1.773832610848670299e+01 0.000000000000000000e+00
3.850295621263016610e+00 1.756589705098447496e+01 0.000000000000000000e+00
8.844098930337045417e+00 -2.284834227955115704e+00 0.000000000000000000e+00
8.835177489836457454e+00 3.901842698157774958e+00 0.000000000000000000e+00
-9.737543835973874184e-01 1.569461948652243954e+01 0.000000000000000000e+00
1.544622993859140792e+01 -9.980946535327991143e+00 0.000000000000000000e+00
1.080019589208401420e+01 -1.492585624382905429e+00 0.000000000000000000e+00
-1.857265051136505818e+01 -2.733911488218376817e+00 0.000000000000000000e+00
-9.726394473832742804e+00 -3.804370997872260629e-01 0.000000000000000000e+00
-2.438769150840520705e-01 -1.667038273760917022e+01 0.000000000000000000e+00
6.698706279612637537e+00 5.448393299305276827e+00 0.000000000000000000e+00
-4.788095387950479953e+00 8.360590467944259530e+00 0.000000000000000000e+00
4.551763462137000893e+00 -3.661115524664853904e+00 0.000000000000000000e+00
-1.467804240587751252e+01 5.856861256837099239e-01 0.000000000000000000e+00
4.014689143851641440e+00 2.946489539455747764e+00 0.000000000000000000e+00
-9.531896032809823893e+00 -1.306012188020072884e+01 0.000000000000000000e+00
4.358838490450083758e-01 -1.443778958118972788e+01 0.000000000000000000e+00
-5.780374357420519971e+00 -2.085794274225698963e+00 0.000000000000000000e+00
-1.668707975872620253e+01 6.657621783035207130e+00 0.000000000000000000e+00
4.510446359801141725e+00 8.138908217014795277e-01 0.000000000000000000e+00
-1.564671195012324034e+01 1.030698595429197262e+01 0.000000000000000000e+00
1.811542501727499754e+01 4.946860985030094859e+00 0.000000000000000000e+00
-4.401048950924610459e+00 -1.258922066260787842e+00 0.000000000000000000e+00
1.786083277249610290e+01 2.886027897760890859e+00 0.000000000000000000e+00
8.919214314664996479e+00 -1.489417654999188600e-01 0.000000000000000000e+00
-5.542453522458931081e-01 -7.154034203759652932e+00 0.000000000000000000e+00
-1.126718517891451166e+00 7.070025139001400838e+00 0.000000000000000000e+00
-4.282603887303610968e+00 -9.513273924523717895e+00 0.000000000000000000e+00
1.615925494368797999e+01 4.910280868621257788e+00 0.000000000000000000e+00
1.340221419824387894e+01 1.161001587205638153e+01 0.000000000000000000e+00
-1.172043509534895733e+01 -1.082056740488359026e+01 0.000000000000000000e+00
9.996208157540827699e+00 1.906421595465366048e+00 0.000000000000000000e+00
-1.061283338817487909e+01 -3.632397274267494147e+00 0.000000000000000000e+00
6.332344143582690599e+00 1.353657862314912208e+01 0.000000000000000000e+00
3.038132700672112829e+00 1.478740421329096000e+00 0.000000000000000000e+00
-7.538161388204562385e+00 -1.344231363634036391e+01 0.000000000000000000e+00
8.262938419345854157e+00 -1.666123147735856591e+01 0.000000000000000000e+00
6.839197465079507765e+00 1.060426320934869793e+01 0.000000000000000000e+00
-2.313923571281108149e+00 -1.008553075790563547e+01 0.000000000000000000e+00
-2.329558913961869759e+00 -1.303969962433237928e+00 0.000000000000000000e+00
-1.653980462706249099e+01 -6.176098471337463813e+00 0.000000000000000000e+00
1.412926438214795510e+01 -1.212702391473256469e+01 0.000000000000000000e+00
-6.963516066115293945e+00 -3.627619582096039963e+00 0.000000000000000000e+00
-8.059597862990342421e+00 9.365537681725324859e+00 0.000000000000000000e+00
1.015198726641740912e+01 -1.523810186609717476e+01 0.000000000000000000e+00
-6.468589663821776803e+00 1.440262552157500231e+01 0.000000000000000000e+00
5.397118017094047815e+00 1.521717294310268365e+01 0.000000000000000000e+00
9.412858638183857707e+00 8.668386621344385645e+00 0.000000000000000000e+00
-1.861456034011176541e+01 3.351458327311305663e+00 0.000000000000000000e+00
7.044819950895448990e+00 -7.360993492301310503e+00 0.000000000000000000e+00
1.286244451743800976e+00 -1.965307891626348669e+00 0.000000000000000000e+00
9.911061968101327224e+00 -9.172675176969695698e+00 0.000000000000000000e+00
3.060575523596643865e+00 -1.458740183555356218e+01 0.000000000000000000e+00
5.120796078241660609e-01 3.345786764649873568e+00 0.000000000000000000e+00
-8.922124680615917569e+00 -2.223288984950952951e+00 0.000000000000000000e+00
-6.223960301758014735e-01 -1.267171471344650246e+00 0.000000000000000000e+00
1.754589541515407802e+01 -5.978726959235760141e+00 0.000000000000000000e+00
1.474110659885127905e+00 -1.866361158979911039e+01 0.000000000000000000e+00
8.963099593275178356e-02 7.963430879520008610e+00 0.000000000000000000e+00
-1.650628124046038536e+01 -7.574908387198574511e-01 0.000000000000000000e+00
-9.042032591020607413e+00 6.754915652162959638e+00 0.000000000000000000e+00
-1.014647028887103097e+01 -9.438110821432463382e+00 0.000000000000000000e+00
-7.177802294860418542e+00 1.751496618822795670e-01 0.000000000000000000e+00
1.431906592396533640e+01 5.230311116785943071e+00 0.000000000000000000e+00
3.936234805298449935e+00 7.355279217804315373e+00 0.000000000000000000e+00
1.279729472788915601e+01 9.157152334251748016e+00 0.000000000000000000e+00
9.143179425385806525e+00 1.650734479497820928e+01 0.000000000000000000e+00
2.918541682866377052e+00 -6.615558315079288043e+00 0.000000000000000000e+00
-5.312905684819796193e+00 -7.267490310572917167e+00 0.000000000000000000e+00
5.705432466458725038e+00 -9.884789734733056221e+00 0.000000000000000000e+00
7.871118218996159932e+00 -1.092998206300948283e+01 0.000000000000000000e+00
7.306191657147605767e+00 -1.708169050504263931e+00 0.000000000000000000e+00
9.461223964097628780e+00 -1.331709990250239528e+01 0.000000000000000000e+00
5.894461546298434662e+00 -6.014002194335215989e+00 0.000000000000000000e+00
-1.431428978113462236e+01 -6.434675063390886685e+00 0.000000000000000000e+00
6.834129078393472723e-01 -8.219477746580103883e+00 0.000000000000000000e+00
1.639660598817505743e+01 2.357431107150900207e+00 0.000000000000000000e+00
-2.312213843959847193e+00 -1.723154744333192312e+01 0.000000000000000000e+00
1.205479319495642443e+01 -1.420774494195429050e+01 0.000000000000000000e+00
9.487580139117117284e+00 1.210582781731094215e+01 0.000000000000000000e+00
1.228553644328804673e+01 -1.220396758030792483e+01 0.000000000000000000e+00
1.051290833279151649e+01 -1.144239487265386046e+01 0.000000000000000000e+00
8.168754444244099133e+00 1.528708270874798458e+01 0.000000000000000000e+00
7.878455010694477956e+00 -4.644953098840513661e+00 0.000000000000000000e+00
2.110621740713738870e+00 1.880492242579388673e+01 0.000000000000000000e+00
-4.843299944424579451e+00 1.091693189650381335e+01 0.000000000000000000e+00
-1.253734645563190586e+00 3.969619141017791009e+00 0.000000000000000000e+00
-1.075039800408336177e+01 6.976757882635943098e+00 0.000000000000000000e+00
4.810142263474366686e+00 -1.572482962958659058e+01 0.000000000000000000e+00
8.441465829565361290e+00 6.527425295329704724e+00 0.000000000000000000e+00
-6.631856011670119955e+00 -1.701094814228524044e+01 0.000000000000000000e+00
-1.439863318553448757e+01 1.120264892231096709e+01 0.000000000000000000e+00
