8.933427819751111443e+00 -3.967305330048557011e+00 0.000000000000000000e+00
-8.037963903285222145e+00 -1.450494863430186143e+01 0.000000000000000000e+00
1.412391981198402924e+01 8.776222995884728206e+00 0.000000000000000000e+00
1.952472114157392247e-01 1.161268582615164746e+01 0.000000000000000000e+00
1.215587623049931310e+01 5.807065418284314440e+00 0.000000000000000000e+00
7.764389648408631217e+00 3.491107551468076053e+00 0.000000000000000000e+00
1.143650362127614173e+01 -1.228628696018000532e+01 0.000000000000000000e+00
-1.631520440367008362e+01 7.941933997333692652e+00 0.000000000000000000e+00
1.430039583753089971e+01 -4.226317447564881036e+00 0.000000000000000000e+00
1.375479978252412927e+01 -8.536198680352715229e+00 0.000000000000000000e+00
8.835207367108942833e+00 -1.585301138762266149e+01 0.000000000000000000e+00
-2.130624513040131784e+00 -1.871748732096779122e+01 0.000000000000000000e+00
-6.109468059311923049e+00 3.618666638685185788e+00 0.000000000000000000e+00
6.478995617578410915e+00 -1.343955455789197906e+01 0.000000000000000000e+00
-8.465106594478331914e+00 1.025297654908881029e+01 0.000000000000000000e+00
-7.745015316748868450e+00 -8.074109881296992697e+00 0.000000000000000000e+00
-5.877708411662387000e+00 -1.058259791930667104e+00 0.000000000000000000e+00
-5.759805473444495227e+00 5.402823359504608014e+00 0.000000000000000000e+00
-1.326158864438070317e+01 -1.092809275031553184e+01 0.000000000000000000e+00
-8.021205321441428282e+00 -3.463394338259680350e+00 0.000000000000000000e+00
4.461244052606066823e+00 -1.390198147770461645e+01 0.000000000000000000e+00
1.225688488681044852e+01 2.721400231646897261e+00 0.000000000000000000e+00
1.367120160446769717e+01 -1.245567783652657567e+01 0.000000000000000000e+00
7.040623876563740779e+00 1.563060870166791894e+01 0.000000000000000000e+00
-1.409779935081563096e+01 3.770568492537576422e+00 0.000000000000000000e+00
-5.797337936643793377e+00 -7.265292845560389345e+00 0.000000000000000000e+00
1.350626064184504749e+01 -2.484514001036684849e+00 0.000000000000000000e+00
1.177150560367822285e+00 -1.438375975626933290e+01 0.000000000000000000e+00
4.560739949722451669e+00 7.234384121508180776e+00 0.000000000000000000e+00
3.554811548385446995e-01 -5.645207762442603361e+00 0.000000000000000000e+00
1.345783831577417766e+00 -1.392695235072708204e+00 0.000000000000000000e+00
9.160865125213490945e-01 -1.629301363762466437e+01 0.000000000000000000e+00
-1.447739825252899237e+01 -1.213622686800097483e+01 0.000000000000000000e+00
3.137382335306207359e+00 1.697129858947167502e+00 0.000000000000000000e+00
5.773851890172558399e+00 -1.630718089664368975e+01 0.000000000000000000e+00
1.868988900770641948e+01 -9.622051324970928299e-01 0.000000000000000000e+00
-1.931080825975927950e-01 -1.527114338073775279e+00 0.000000000000000000e+00
6.700111109887503247e+00 1.241311736987066894e+01 0.000000000000000000e+00
-4.457825711596828278e+00 1.416475347156831710e-01 0.000000000000000000e+00
4.722493631218799059e+00 -7.892819218639593792e+00 0.000000000000000000e+00
-2.658237112778325972e+00 1.111540105357456376e+01 0.000000000000000000e+00
-1.108124448798263728e+01 3.058217710067885786e+00 0.000000000000000000e+00
1.047478877596163294e+01 9.892570333402494143e+00 0.000000000000000000e+00
-1.433604562059888643e+01 1.097277052066013603e+01 0.000000000000000000e+00
-2.061023755543880398e+00 -1.477299389903143556e+01 0.000000000000000000e+00
-4.064613499878273473e+00 2.319216149742355348e+00 0.000000000000000000e+00
-9.028668787392167161e+00 8.708606140048759769e+00 0.000000000000000000e+00
-7.619922088461937193e+00 2.765210803545736340e+00 0.000000000000000000e+00
-1.031085525673571013e+01 -3.856152245666442990e+00 0.000000000000000000e+00
1.223615424777517724e+01 1.013393510985776835e+01 0.000000000000000000e+00
-5.172510002613837976e+00 -1.192901357426640274e+01 0.000000000000000000e+00
-1.827908414461734354e+00 -9.020100961099114301e+00 0.000000000000000000e+00
8.887502776523643178e+00 -5.703380243680352457e+00 0.000000000000000000e+00
-1.296794225803183487e+01 2.568927612555988116e+00 0.000000000000000000e+00
6.029137901069414607e-01 -8.776411838608769500e+00 0.000000000000000000e+00
-9.418570871356308771e+00 1.595074742011138191e+01 0.000000000000000000e+00
-3.812248961583001083e+00 9.077383563658786514e+00 0.000000000000000000e+00
-8.447549175340945737e+00 -1.499826262846020164e+00 0.000000000000000000e+00
8.084706538190063796e+00 -1.324795243753749219e+01 0.000000000000000000e+00
-1.114280244739062731e+01 1.122531803199577105e+01 0.000000000000000000e+00
3.118491279754027623e+00 4.612667589232958498e+00 0.000000000000000000e+00
2.634778834694326277e-01 1.705095799939618573e+01 0.000000000000000000e+00
1.339559970255336907e+01 -1.046503631572510251e+01 0.000000000000000000e+00
7.384480916152625696e+00 1.623302850381982187e+00 0.000000000000000000e+00
-1.627979075974774759e+01 -8.809557775576541516e+00 0.000000000000000000e+00
9.141314903735514363e+00 2.004674197895064847e+00 0.000000000000000000e+00
2.679593085461918545e+00 -7.625066119868874281e+00 0.000000000000000000e+00
-1.641057911591221696e+01 3.267015364193901927e+00 0.000000000000000000e+00
-1.386190083345402435e+01 -7.532299255312597808e+00 0.000000000000000000e+00
-1.364476146956031322e+01 8.457150608896256472e+00 0.000000000000000000e+00
1.088222662757707759e+01 -1.089137721514438795e+01 0.000000000000000000e+00
1.046288482365440942e+01 -9.078491454473917699e+00 0.000000000000000000e+00
-2.231179229380663820e+00 -1.291180321700429401e+00 0.000000000000000000e+00
2.630555687568037371e+00 1.328759318187743865e+01 0.000000000000000000e+00
-6.694783862407041042e-01 8.320128677195871347e+00 0.000000000000000000e+00
9.270086438454465672e-01 -1.784419009818911306e+01 0.000000000000000000e+00
-7.590565639168151080e+00 1.625347277716730687e+01 0.000000000000000000e+00
5.385069967924997592e+00 1.141756187566810787e+01 0.000000000000000000e+00
3.142226133901865559e+00 -3.713275563818345670e+00 0.000000000000000000e+00
5.451773511314249809e+00 9.606277684239648451e+00 0.000000000000000000e+00
-2.577008047409409475e+00 6.560567200397409593e+00 0.000000000000000000e+00
1.577232453215697028e+01 2.592958006718099728e+00 0.000000000000000000e+00
-8.459026773387554599e+00 -1.693807641845575418e+01 0.000000000000000000e+00
-3.276096839989813159e+00 1.569568894750677401e+01 0.000000000000000000e+00
5.886470779693503630e+00 2.674240300740962084e+00 0.000000000000000000e+00
-9.933864966910233463e+00 -1.153163419254415789e+00 0.000000000000000000e+00
-1.013215701284244652e+01 1.298601690004274944e+00 0.000000000000000000e+00
1.141717142112730343e+01 -4.082013817318665971e+00 0.000000000000000000e+00
-1.171798692577994672e+01 -6.004174876384738013e+00 0.000000000000000000e+00
-8.584039796893579322e+00 1.254150049868732175e+01 0.000000000000000000e+00
5.211530538616513830e+00 -3.341467929412959670e+00 0.000000000000000000e+00
1.369588671194515683e+01 4.218563750998259643e+00 0.000000000000000000e+00
-1.295955378607317954e+01 -1.523508910272285855e+00 0.000000000000000000e+00
-1.084591160435304857e+01 5.437302750008279340e+00 0.000000000000000000e+00
9.058230403465962866e+00 6.392480837613201849e+00 0.000000000000000000e+00
-3.341683443888918692e+00 -3.774133884263308758e+00 0.000000000000000000e+00
1.072836208626559618e+01 9.365047754226405452e-01 0.000000000000000000e+00
-1.585020445080396989e+01 -7.353560745380765873e+00 0.000000000000000000e+00
3.407197767545212752e+00 1.072705827514172405e+01 0.000000000000000000e+00
-2.782367443911378135e+00 1.853261445116050155e+01 0.000000000000000000e+00
1.080373917189733390e+01 -2.174238836768918492e+00 0.000000000000000000e+00
-1.884385405850545148e+00 -1.180185686871221051e+01 0.000000000000000000e+00
-1.884731062843905958e-01 -1.141552782772266994e+01 0.000000000000000000e+00
7.192687295965840555e+00 8.940108456685869953e+00 0.000000000000000000e+00
3.846521072471210889e+00 -1.614843717076013263e+01 0.000000000000000000e+00
-1.821995422102685680e+01 -3.388203053053923774e+00 0.000000000000000000e+00
-1.704632784003537438e+01 -5.257660405196310727e+00 0.000000000000000000e+00
5.215856864372179658e+00 -1.123636951199804557e+01 0.000000000000000000e+00
1.106504095684622380e+00 9.758238092504649686e+00 0.000000000000000000e+00
-1.632270489684033710e-01 5.549485164671679627e+00 0.000000000000000000e+00
1.167595798108118643e+00 8.037354099599133050e+00 0.000000000000000000e+00
-5.848595626059557517e+00 1.261762583505736046e+01 0.000000000000000000e+00
1.570250335225908067e+01 -1.894352270142669825e+00 0.000000000000000000e+00
-1.337556439066598601e+00 1.340238309962736274e+01 0.000000000000000000e+00
3.399331581044091166e+00 -5.652215605672787468e+00 0.000000000000000000e+00
-8.965917110961862946e+00 1.423205410554931838e+01 0.000000000000000000e+00
-5.921274784095206023e+00 8.752995295986574220e+00 0.000000000000000000e+00
-1.249013655987336158e+01 1.023333912754346997e+01 0.000000000000000000e+00
-4.280143416429507575e+00 -1.514819162094819838e+01 0.000000000000000000e+00
5.314809120960938493e+00 1.314546520020583031e+01 0.000000000000000000e+00
5.054933970550202993e+00 7.324074222906143961e-01 0.000000000000000000e+00
-4.742839532210371800e+00 1.469978167958735860e+01 0.000000000000000000e+00
-8.589769205647717953e+00 1.497670476674592077e+00 0.000000000000000000e+00
-6.950223163601707554e+00 -1.242000484943302574e+01 0.000000000000000000e+00
1.754417506580981723e+01 -2.382470507638180468e+00 0.000000000000000000e+00
7.415833331370942361e+00 -1.099434576666575936e+01 0.000000000000000000e+00
6.582043443416892181e+00 1.395707099830648268e+01 0.000000000000000000e+00
-1.506874028607707672e+01 5.827308120477278308e+00 0.000000000000000000e+00
-1.186191127673171586e+01 1.448709297111843419e+01 0.000000000000000000e+00
9.848688352582849248e+00 -7.369638533913847489e+00 0.000000000000000000e+00
1.298166356402360400e+01 -5.690239311706153380e+00 0.000000000000000000e+00
7.128604811270616182e+00 -1.641474336690415869e+00 0.000000000000000000e+00
3.995634416129012045e+00 1.702879303397792654e+01 0.000000000000000000e+00
1.781889000895740693e+01 -4.739053631198149930e+00 0.000000000000000000e+00
-1.224889511077506654e+01 4.066698169245223760e+00 0.000000000000000000e+00
1.996966667146506058e+00 1.868060079157476139e+01 0.000000000000000000e+00
-5.084455445891331138e+00 1.018428165475473790e+01 0.000000000000000000e+00
-6.466348472812228465e+00 6.789780454639886997e+00 0.000000000000000000e+00
1.237992654557915184e+00 3.863330297265088475e+00 0.000000000000000000e+00
-8.888305700833150524e+00 5.082939328430864379e+00 0.000000000000000000e+00
5.993590576193458475e+00 1.745195198103949608e+01 0.000000000000000000e+00
1.676912053495989952e+01 6.980725921530367195e+00 0.000000000000000000e+00
7.474606129764523210e+00 -8.343557196265882325e+00 0.000000000000000000e+00
7.104421417701325403e+00 -4.012550901495178124e+00 0.000000000000000000e+00
-9.846111827222989277e+00 -1.278958917798766848e+01 0.000000000000000000e+00
2.629277106613639337e+00 -2.252594778569240397e+00 0.000000000000000000e+00
-1.590224814683362453e+01 -1.030478181131474891e+01 0.000000000000000000e+00
-9.745588358530557826e+00 -7.351163738434820516e+00 0.000000000000000000e+00
7.474715694160931179e+00 6.023727806171598864e+00 0.000000000000000000e+00
-1.213943227824180227e+01 -3.207013839837993707e+00 0.000000000000000000e+00
-9.893735362893727459e-01 1.835215181662965733e+01 0.000000000000000000e+00
1.423894220293270507e+00 1.026374528675733977e+00 0.000000000000000000e+00
2.782008621576359086e+00 -1.120823939574174943e+01 0.000000000000000000e+00
-9.039562655330207974e+00 -1.150895942368911307e+01 0.000000000000000000e+00
-1.571151589584244279e+00 1.869409551117929613e+00 0.000000000000000000e+00
1.106302935970384382e+01 8.033812499456729483e+00 0.000000000000000000e+00
-1.877123376582100889e+01 -6.915565634237670345e-01 0.000000000000000000e+00
-7.459408093564493525e-01 -1.740428389343827220e+01 0.000000000000000000e+00
-9.989211448900507051e+00 -9.611436738997202411e+00 0.000000000000000000e+00
1.575213692981093594e+01 9.426218629517267855e-01 0.000000000000000000e+00
5.344951849648205133e-01 1.487395149810727624e+01 0.000000000000000000e+00
-1.715841515121534488e+00 -3.254516064761949323e+00 0.000000000000000000e+00
7.057564245056508589e+00 -6.216919203819838202e+00 0.000000000000000000e+00
-1.352834238994242533e+01 -4.211915445005574021e+00 0.000000000000000000e+00
1.525441049261864990e+01 5.149266406601835655e+00 0.000000000000000000e+00
-5.428480298788709746e+00 -8.750157094669132718e+00 0.000000000000000000e+00
-1.261056546090135555e+01 5.496701277085835891e-01 0.000000000000000000e+00
-1.604540347676877943e+01 -2.496950940331852109e-01 0.000000000000000000e+00
3.926642681553408565e+00 1.458262807082157231e+01 0.000000000000000000e+00
1.724678656667667198e+01 -7.037337169955690364e+00 0.000000000000000000e+00
9.602694906594495095e+00 8.620559824494872458e+00 0.000000000000000000e+00
-7.042089781614139454e+00 -9.601419762720388107e+00 0.000000000000000000e+00
1.565158213237295115e+01 -5.681583302248181866e+00 0.000000000000000000e+00
1.651011964322715642e+01 -4.561803862283553279e-01 0.000000000000000000e+00
5.855403249094774942e+00 5.402974752796454894e+00 0.000000000000000000e+00
-3.665844740171928517e+00 4.105758675021229820e+00 0.000000000000000000e+00
-3.203919981520274352e+00 -6.696500730072382446e+00 0.000000000000000000e+00
1.795840614226117538e+01 5.340263225627820631e+00 0.000000000000000000e+00
-1.192973629083682852e+01 7.830109728084392984e+00 0.000000000000000000e+00
1.285639850510277249e+01 1.308058323680958246e+01 0.000000000000000000e+00
4.737969837872261891e+00 4.169147341572410959e+00 0.000000000000000000e+00
-1.603201405342805330e+01 9.692695267341960630e+00 0.000000000000000000e+00
-1.556213606096805968e+01 -4.640172910214817037e+00 0.000000000000000000e+00
-1.613757133551040057e-01 -7.363200151408724636e+00 0.000000000000000000e+00
-6.844192101893666447e+00 -1.575105031150773094e+01 0.000000000000000000e+00
1.262385726929717844e+00 -3.800824903960144496e+00 0.000000000000000000e+00
1.053152779023388774e+01 3.942579128914144082e+00 0.000000000000000000e+00
1.113672655331813921e+01 -5.980574243680757185e+00 0.000000000000000000e+00
-3.541584597816613833e-01 3.669991019139966504e+00 0.000000000000000000e+00
1.097519020123201372e+01 1.464164357676623673e+01 0.000000000000000000e+00
-1.292587241714308721e+00 2.850472568020499531e-01 0.000000000000000000e+00
-1.055576313968244762e+01 8.466827366579972036e+00 0.000000000000000000e+00
1.405448822394714448e+01 1.501930159511565721e+00 0.000000000000000000e+00
1.126307194360288477e+01 1.234887777897390926e+01 0.000000000000000000e+00
7.363241850668031496e+00 -1.639760378925386064e+01 0.000000000000000000e+00
1.405710269462116990e+01 -5.391629683534026052e-01 0.000000000000000000e+00
-1.760215820409426968e+01 1.550881444119099450e+00 0.000000000000000000e+00
1.496675530773344143e+01 1.053150151800845258e+01 0.000000000000000000e+00
1.221229894371562885e+01 1.212841735012335498e+00 0.000000000000000000e+00
-1.427409811536051087e+01 1.107351310590399152e+00 0.000000000000000000e+00
-3.549135902109215035e+00 -1.378522604137864782e+01 0.000000000000000000e+00
-1.868696471406294890e+01 2.654272034034744099e+00 0.000000000000000000e+00
-3.841447659045143848e+00 -1.806540586322068620e+01 0.000000000000000000e+00
-5.733819132736367230e+00 -1.687995928903415077e+01 0.000000000000000000e+00
-1.348918412730316696e+01 6.111034439512089911e+00 0.000000000000000000e+00
1.129873587745804997e+01 -1.487080607989686776e+01 0.000000000000000000e+00
-1.047548392412723928e+01 -1.455573287404503979e+01 0.000000000000000000e+00
-2.865788750566134802e+00 5.001757585201239698e-01 0.000000000000000000e+00
-7.417958932692815921e+00 4.718166624066503445e+00 0.000000000000000000e+00
1.600417890367693730e+01 -7.926145406042089725e+00 0.000000000000000000e+00
8.162457571557618863e+00 1.146928935439114916e+01 0.000000000000000000e+00
-1.402662106985162005e+01 -9.315111167911087620e+00 0.000000000000000000e+00
-1.482771712389919294e+01 -1.872280279199024067e+00 0.000000000000000000e+00
-7.598055289704063853e+00 -6.506764075075554210e+00 0.000000000000000000e+00
2.560087308416804763e+00 -1.751980006000961865e+01 0.000000000000000000e+00
5.933866245673010908e+00 -9.777938811234045957e+00 0.000000000000000000e+00
9.435164512196244857e+00 1.407461696833515674e+01 0.000000000000000000e+00
1.658940046996605355e+00 -1.226096839133539262e+01 0.000000000000000000e+00
1.610687539062354290e+01 9.438802610110263558e+00 0.000000000000000000e+00
6.343571937083479106e+00 7.508578541282475705e+00 0.000000000000000000e+00
4.191711598906952219e+00 -7.976165303772645432e-01 0.000000000000000000e+00
-2.316344506232362210e+00 8.965667755260612992e+00 0.000000000000000000e+00
1.500013591468780128e+01 -1.126656872911069129e+01 0.000000000000000000e+00
-5.745060876882952527e+00 1.160206316871161825e+00 0.000000000000000000e+00
-1.704824017162958683e+01 -2.391214465549494683e+00 0.000000000000000000e+00
1.161093555337703798e+01 -7.911001918774447361e+00 0.000000000000000000e+00
-4.457137451166215847e+00 6.342956193815128429e+00 0.000000000000000000e+00
-5.390043015796889492e+00 1.664533807118818842e+01 0.000000000000000000e+00
-1.835929604512006819e+01 4.225139473377512722e+00 0.000000000000000000e+00
-6.549393001784452828e+00 1.475535623779840932e+01 0.000000000000000000e+00
7.409757459414684888e+00 -1.468040730126197069e+01 0.000000000000000000e+00
1.978953676565001318e+00 -6.221237529334851857e+00 0.000000000000000000e+00
1.503447844164900182e+01 -9.353898886981090399e+00 0.000000000000000000e+00
-3.138542897216562100e+00 -1.086282876381781648e+01 0.000000000000000000e+00
-1.537537293250253123e+00 1.527955623093278170e+01 0.000000000000000000e+00
-1.139776128261744859e+01 1.278444397970713453e+01 0.000000000000000000e+00
1.457568487439152882e+01 6.923990344541868680e+00 0.000000000000000000e+00
1.769275033102639583e+01 3.271078048249344228e+00 0.000000000000000000e+00
-1.253933648503640264e+01 -9.582043011113260178e+00 0.000000000000000000e+00
3.031517621670289486e+00 6.164681950705143798e+00 0.000000000000000000e+00
9.404562891852181750e+00 -1.443333388930071948e+01 0.000000000000000000e+00
-3.684828430216430029e+00 -9.228666866358778975e+00 0.000000000000000000e+00
4.047739025860904505e+00 -9.448446089581860718e+00 0.000000000000000000e+00
-3.666320862341170717e+00 1.241378365002945650e+01 0.000000000000000000e+00
-1.124595534037372779e+01 -1.086026034370116022e+01 0.000000000000000000e+00
8.753658897580541165e+00 -1.018028055230697859e+01 0.000000000000000000e+00
8.666267901625188230e+00 -4.635081162363225565e-02 0.000000000000000000e+00
1.194314897937544018e+01 -9.557459644080664063e+00 0.000000000000000000e+00
5.465042048040395173e+00 1.502797675973416958e+01 0.000000000000000000e+00
5.353700093733285037e+00 -1.812675905569960122e+01 0.000000000000000000e+00
-8.490752635777988999e+00 6.976226246510052853e+00 0.000000000000000000e+00
1.249688438287698133e+01 7.271376515641755134e+00 0.000000000000000000e+00
1.702222248564594809e+00 -1.009561725457322900e+01 0.000000000000000000e+00
-4.849064461207815313e+00 -2.963464819521973048e+00 0.000000000000000000e+00
3.447418116105090746e+00 9.019751108818526930e+00 0.000000000000000000e+00
-1.208227429368399797e+01 -1.265007123218420837e+01 0.000000000000000000e+00
