1.314191431846076696e+01 1.342181806626458673e+01 0.000000000000000000e+00
4.639154548435556968e+00 1.137655469276175602e+01 0.000000000000000000e+00
-7.785556328686473293e+00 1.141897475134624251e+01 0.000000000000000000e+00
-8.142885504335689362e+00 -1.318889335544304764e+01 0.000000000000000000e+00
3.198734050933230044e+00 5.595109308190881592e+00 0.000000000000000000e+00
-1.430010538888569904e+01 -5.958800388160871542e+00 0.000000000000000000e+00
1.488003546724509008e+01 5.988000208086887710e+00 0.000000000000000000e+00
1.664998968005589930e+01 -1.821974907598294280e+00 0.000000000000000000e+00
-1.521641098141419235e+00 1.564579219685621192e+00 0.000000000000000000e+00
1.301954878933531390e+01 9.206367369073046092e+00 0.000000000000000000e+00
-3.811316090183498151e+00 8.139148807387481810e+00 0.000000000000000000e+00
-1.122488605350892499e+01 -4.522318755660435841e+00 0.000000000000000000e+00
-1.839010930071152572e+01 4.028287840495260452e-01 0.000000000000000000e+00
-9.260368684392933147e+00 -1.776258462429413321e+00 0.000000000000000000e+00
1.210068437790061013e+00 -1.118500331235651402e+01 0.000000000000000000e+00
2.404575584091343199e+00 2.229765277762993048e+00 0.000000000000000000e+00
-1.032803716314565534e+01 -7.907634168433533617e+00 0.000000000000000000e+00
8.300365640587676452e+00 4.527820761958303297e-01 0.000000000000000000e+00
-2.519958894988099107e+00 1.098247926654920015e+01 0.000000000000000000e+00
1.116770225512223291e+01 8.550844719915295045e+00 0.000000000000000000e+00
9.481532934081817743e+00 -9.562773167033475019e+00 0.000000000000000000e+00
2.935940019588804795e+00 -2.806073787236986750e+00 0.000000000000000000e+00
-3.085345069946696217e+00 2.505452178645563244e+00 0.000000000000000000e+00
6.177216020178784461e+00 -1.775109122828878228e+01 0.000000000000000000e+00
-5.454486967485832949e+00 -3.553593721261390836e+00 0.000000000000000000e+00
5.593475508373741967e-01 1.612285968311921280e+01 0.000000000000000000e+00
-8.588596907612508602e+00 1.985913106636697067e+00 0.000000000000000000e+00
-8.664554417617784665e+00 1.540062504583650238e+01 0.000000000000000000e+00
1.273363052158205022e+01 -1.291169933945827131e+00 0.000000000000000000e+00
1.449200851326354389e+01 7.459184439603670391e+00 0.000000000000000000e+00
-1.532068372237254827e+01 -9.952339540299144360e+00 0.000000000000000000e+00
-1.567526152442249687e+00 -9.899079558182645400e+00 0.000000000000000000e+00
8.175391219005536669e+00 7.324804183840471161e+00 0.000000000000000000e+00
4.519651021029869931e+00 -1.341461127201510672e+00 0.000000000000000000e+00
-1.386510642796609716e+01 -7.957861598005460557e+00 0.000000000000000000e+00
-7.702227497467651673e+00 1.732369091640460113e+01 0.000000000000000000e+00
-3.073375388890888349e+00 1.744561302658022939e+01 0.000000000000000000e+00
8.344010683504055947e+00 -1.565371508118194832e+01 0.000000000000000000e+00
1.174301139026806240e+01 1.486827393897881500e+01 0.000000000000000000e+00
1.638732275826464857e+01 -5.762021078630874094e+00 0.000000000000000000e+00
-5.430757304984604517e+00 -1.328552546784117894e+01 0.000000000000000000e+00
-1.197412235249081291e+01 6.167734687666062143e+00 0.000000000000000000e+00
-1.544047781233679650e+01 9.733724558417005568e+00 0.000000000000000000e+00
6.379793121035799430e+00 -1.459030686498708373e+00 0.000000000000000000e+00
-1.003673143788226874e+01 -1.152564447010840532e+01 0.000000000000000000e+00
-4.769557769496293176e+00 -1.022088027977783753e+01 0.000000000000000000e+00
3.603867919107662132e+00 1.252748891501672901e+01 0.000000000000000000e+00
7.048085587478755798e+00 -4.693081029830783457e+00 0.000000000000000000e+00
5.051437763913097179e+00 -1.646642413185297826e+01 0.000000000000000000e+00
-1.354208379434960641e+01 4.087926118737570391e+00 0.000000000000000000e+00
3.906585871108434027e+00 -1.773709067293645703e+01 0.000000000000000000e+00
-7.615293667834423630e+00 -1.666260476466777662e-01 0.000000000000000000e+00
-3.403835680492973692e-01 -8.649643801332745241e+00 0.000000000000000000e+00
5.229335949058229183e+00 -8.250217952982989544e+00 0.000000000000000000e+00
1.424399856050330904e+01 -5.975644836322242526e+00 0.000000000000000000e+00
-5.380713166560078697e+00 4.280032716063015413e-02 0.000000000000000000e+00
-5.001350920998996585e+00 -1.183907049495264019e+01 0.000000000000000000e+00
-5.853827277691639352e+00 1.639407636454188832e+01 0.000000000000000000e+00
8.757916128241189924e+00 -3.496794333421346934e+00 0.000000000000000000e+00
1.163623954150908801e+00 9.291844323071133616e+00 0.000000000000000000e+00
1.566862025944527481e+01 -7.162128150856604591e+00 0.000000000000000000e+00
-1.641489742593353540e+01 3.510158199440964299e+00 0.000000000000000000e+00
1.588957329299058152e+01 9.450569341465751450e+00 0.000000000000000000e+00
1.744090366612030962e+01 -3.903285618222560149e+00 0.000000000000000000e+00
7.384604569548988140e-01 1.235143093968509653e+01 0.000000000000000000e+00
-3.891911598404230510e+00 1.605086574513116915e+01 0.000000000000000000e+00
6.592704406043552900e+00 5.626119504289300188e+00 0.000000000000000000e+00
-1.230603594995732308e+01 -9.222963339836822705e-01 0.000000000000000000e+00
3.270000474879949159e+00 1.513186253272789195e+01 0.000000000000000000e+00
1.557896441334793813e+01 -4.309538734358137724e+00 0.000000000000000000e+00
-1.363775003403803332e+01 -1.960240592225890532e+00 0.000000000000000000e+00
1.093686286161161370e+01 -5.176616577344110404e+00 0.000000000000000000e+00
1.739326474991248039e+00 1.786005207964711516e+01 0.000000000000000000e+00
-8.581486179869378006e+00 -6.762691999039929236e+00 0.000000000000000000e+00
-1.323861363023689286e+01 -1.333124231117412606e+01 0.000000000000000000e+00
-1.425040053087994973e+00 6.062947085239640543e+00 0.000000000000000000e+00
1.072161830342350974e+01 5.258128963495518615e-01 0.000000000000000000e+00
1.037445959571551235e+01 4.421443842928933776e+00 0.000000000000000000e+00
1.156723902438164941e+01 1.272729903351344305e+01 0.000000000000000000e+00
8.952290963528367840e+00 2.887957679170346736e+00 0.000000000000000000e+00
5.248294044481084164e+00 2.664979386247476434e+00 0.000000000000000000e+00
-1.021159811962723873e+00 1.716875137189180833e+01 0.000000000000000000e+00
-1.629076082308565532e+01 -3.126142716479717976e+00 0.000000000000000000e+00
1.117942998495041174e+01 -1.196995865962725247e+01 0.000000000000000000e+00
-6.071258156774601566e+00 3.307286139482081833e+00 0.000000000000000000e+00
6.831700682532454216e+00 -9.099871341110466361e+00 0.000000000000000000e+00
-1.287059461029763208e+00 -1.634152704873216777e+01 0.000000000000000000e+00
-1.215680317809999700e+01 -9.515000921441853166e+00 0.000000000000000000e+00
-1.748827428562029951e+01 -9.103596558041719966e-01 0.000000000000000000e+00
-3.489204717987787863e+00 -9.239891211483467259e+00 0.000000000000000000e+00
7.811184605703725303e+00 4.167249933670787776e+00 0.000000000000000000e+00
1.089470418526071072e+01 -1.934906691787213084e+00 0.000000000000000000e+00
8.532812546870706394e-02 1.833358972994265912e+01 0.000000000000000000e+00
8.960090806406528330e+00 1.642730330515036030e+01 0.000000000000000000e+00
-8.835307638594548152e+00 8.324685541698427116e+00 0.000000000000000000e+00
1.196459506508725035e+01 -9.546901266088175575e+00 0.000000000000000000e+00
3.553380811160391506e+00 8.635784867433354606e+00 0.000000000000000000e+00
-4.352435376494166341e+00 -1.752288941628420815e+01 0.000000000000000000e+00
1.538687298232524148e+00 -1.535483271653179571e+01 0.000000000000000000e+00
-5.363973097439591164e+00 1.046979708402436238e+01 0.000000000000000000e+00
1.278273729077473497e+01 2.532205686399216837e+00 0.000000000000000000e+00
-6.568179160194534738e+00 -1.576321483302826465e+01 0.000000000000000000e+00
8.898219475701370840e+00 9.014398354546770520e+00 0.000000000000000000e+00
-4.897889704293325042e-01 7.904632635751609904e+00 0.000000000000000000e+00
-2.747629358931556798e+00 -4.185155138461566615e+00 0.000000000000000000e+00
-8.239688205957053091e-01 -4.151912007544584782e+00 0.000000000000000000e+00
-7.612213988261312458e+00 4.089966696072813157e+00 0.000000000000000000e+00
2.658154682868877350e-01 1.433639252237733075e+01 0.000000000000000000e+00
-7.944051423004796497e+00 6.871465222695301023e+00 0.000000000000000000e+00
6.652279083269474924e+00 1.444072718061625871e+01 0.000000000000000000e+00
4.813166196349971671e+00 8.771917535309208258e-01 0.000000000000000000e+00
8.746131867113831504e+00 1.287461124849410332e+01 0.000000000000000000e+00
-8.246475116361363433e+00 -1.490720235839498287e+01 0.000000000000000000e+00
2.654829216202554965e-01 9.734872750956962140e-01 0.000000000000000000e+00
1.682384856378035565e+01 1.051915567267245333e+00 0.000000000000000000e+00
1.506350239293152349e+01 -2.089568695534990361e+00 0.000000000000000000e+00
2.849574821871599273e+00 -8.329065825045240956e+00 0.000000000000000000e+00
1.414765957509276362e+01 -1.044314277523320200e+01 0.000000000000000000e+00
-1.287651803337185363e+01 1.260168426687031307e+01 0.000000000000000000e+00
-7.414727923069120763e+00 9.517125074277993590e+00 0.000000000000000000e+00
6.010687623537850577e+00 1.772039759556676231e+01 0.000000000000000000e+00
-8.149863369090732945e+00 -8.711145997535043151e+00 0.000000000000000000e+00
8.579123281907821141e-01 -5.192924848869901133e+00 0.000000000000000000e+00
-1.478896686498997148e+01 8.172887365164626772e+00 0.000000000000000000e+00
-9.864698892576081235e+00 -5.427091045931187629e+00 0.000000000000000000e+00
1.337866192843020485e+01 -1.181376670810017515e+01 0.000000000000000000e+00
3.613649480920537727e+00 -1.296363645991188740e+01 0.000000000000000000e+00
1.356158515915652885e+01 -4.443537411225182865e+00 0.000000000000000000e+00
-6.713202865429620303e+00 -5.206571432933749577e+00 0.000000000000000000e+00
-9.382621385967985006e+00 -3.528705276645946576e+00 0.000000000000000000e+00
1.197131840761153221e+01 5.788900044861481575e+00 0.000000000000000000e+00
1.413082540177317625e+01 1.199263692776984414e+01 0.000000000000000000e+00
3.245506481984635094e+00 1.687103888641619420e+01 0.000000000000000000e+00
5.023630615237081321e-01 -1.767864173987375764e+01 0.000000000000000000e+00
-6.384997235902813095e+00 -1.773654199985810820e+01 0.000000000000000000e+00
-2.569682099069270365e+00 -1.719610064747381628e+01 0.000000000000000000e+00
-1.846690137672233334e+01 -3.700230053615344961e+00 0.000000000000000000e+00
1.346163719670339276e+01 4.314748835479010225e+00 0.000000000000000000e+00
5.498985698780278319e+00 -1.365747522422360483e+01 0.000000000000000000e+00
-7.555135799556431664e+00 -1.986964168485548576e+00 0.000000000000000000e+00
2.092685721474939253e+00 -6.251639972313574489e+00 0.000000000000000000e+00
-2.786188843428642592e+00 1.300612296587261341e+01 0.000000000000000000e+00
1.001765861933145807e+01 -7.341110224956945984e+00 0.000000000000000000e+00
-8.841090459684931346e+00 -1.048333424738987851e+01 0.000000000000000000e+00
1.066195712794126038e+01 -1.380684913521601409e+01 0.000000000000000000e+00
3.872208994574587448e-01 -1.345774132879422424e+01 0.000000000000000000e+00
1.494574021769846262e+01 1.137417780107473853e+00 0.000000000000000000e+00
-5.820172772999040234e+00 -8.873586388783181178e+00 0.000000000000000000e+00
-1.079904739335107067e+01 -1.430832392335350889e+01 0.000000000000000000e+00
-6.210896030990907535e-02 1.070752483058261539e+01 0.000000000000000000e+00
-3.592306521436189115e+00 9.693903406993996441e+00 0.000000000000000000e+00
3.042895024244862245e+00 -1.492889222276119909e+01 0.000000000000000000e+00
1.041861503412886947e+01 1.097110319473767603e+01 0.000000000000000000e+00
-1.376928942758394214e+01 1.086146692643162481e+01 0.000000000000000000e+00
7.529998268777147175e+00 -1.398608782906637948e+01 0.000000000000000000e+00
-1.710036078017811789e+01 1.636530436449916026e+00 0.000000000000000000e+00
-1.275734929420639752e+01 -3.655718185380065322e+00 0.000000000000000000e+00
-1.530204681371740882e+01 1.144128399678583152e+00 0.000000000000000000e+00
5.343105001193284131e+00 -2.727489048670555860e+00 0.000000000000000000e+00
-1.342781610872704423e+00 3.983657947755213868e+00 0.000000000000000000e+00
-8.709242681677510367e-01 1.536779526314492550e+01 0.000000000000000000e+00
-3.770768542050602079e+00 -1.515984676947790177e+01 0.000000000000000000e+00
1.478000011990061857e+01 -9.024362796546538945e+00 0.000000000000000000e+00
2.682654446531135051e+00 -3.718013503012609802e-04 0.000000000000000000e+00
-3.926051396134300653e+00 -7.374929656136504974e+00 0.000000000000000000e+00
-4.146173297502165234e+00 1.197341201646658426e+01 0.000000000000000000e+00
-2.555827714596578648e+00 1.038479932146782470e-01 0.000000000000000000e+00
-2.521295548640068995e-01 -1.961463378764799037e+00 0.000000000000000000e+00
4.834891584528397068e+00 1.390751808987688776e+01 0.000000000000000000e+00
-3.082831039260887085e+00 -1.539228645611336876e+00 0.000000000000000000e+00
7.297307288062774511e+00 9.605988933270122487e+00 0.000000000000000000e+00
-1.427376744565390609e+01 -1.136122030543698358e+01 0.000000000000000000e+00
-5.644331596321274347e+00 1.228478878360927951e+01 0.000000000000000000e+00
1.398583074588275998e+01 -7.511301522773144335e+00 0.000000000000000000e+00
5.817612500049983204e+00 8.465272418758225115e+00 0.000000000000000000e+00
-9.868292011877725756e+00 4.799286032547470882e+00 0.000000000000000000e+00
1.669687842960275859e+01 4.299300499878055959e+00 0.000000000000000000e+00
-4.062048606639500292e+00 4.723916235217042292e+00 0.000000000000000000e+00
1.969840487229648440e+00 -1.383836113216163710e+01 0.000000000000000000e+00
1.804499698830231935e+01 2.114100675838985754e+00 0.000000000000000000e+00
-1.800596154211991973e+01 3.307725553860659584e+00 0.000000000000000000e+00
7.803031275112592979e-01 -7.951537322632443727e-01 0.000000000000000000e+00
4.640301953946424085e+00 -1.078892176212485410e+01 0.000000000000000000e+00
1.033745412609992309e+00 3.639190029646703017e+00 0.000000000000000000e+00
-1.284899755192924253e+01 8.329740729112351971e+00 0.000000000000000000e+00
-1.030430366007196064e+01 1.421057808231157971e+01 0.000000000000000000e+00
-1.044678150914396397e+01 8.524467651571978166e+00 0.000000000000000000e+00
-1.245126510046511203e+00 -1.168129102000243158e+01 0.000000000000000000e+00
8.980735531784945991e+00 5.998564835645487037e+00 0.000000000000000000e+00
-1.967124042247035520e+00 -6.968904544675705637e+00 0.000000000000000000e+00
-3.047315598735219400e+00 -1.180613228634463852e+01 0.000000000000000000e+00
-2.479827915811365191e+00 -1.350785137772614952e+01 0.000000000000000000e+00
1.704443423881247099e+01 7.581975338873296444e+00 0.000000000000000000e+00
-1.078953229493998656e+01 -2.707793829500500848e+00 0.000000000000000000e+00
3.449928687853583753e+00 1.032413210520993907e+01 0.000000000000000000e+00
-6.237198891369751586e+00 6.001212718211745845e+00 0.000000000000000000e+00
4.184182799322225255e-01 5.953845451036768210e+00 0.000000000000000000e+00
-1.211961780382141463e+01 2.223643883174462044e+00 0.000000000000000000e+00
4.776903087949476934e+00 4.256815429829740260e+00 0.000000000000000000e+00
-1.131006932062499715e+01 1.178884320606166902e+01 0.000000000000000000e+00
-4.518068282112496448e+00 2.995445864075526377e+00 0.000000000000000000e+00
-1.020488206792454555e+01 6.591220296863794514e-01 0.000000000000000000e+00
-1.559701602299649537e+01 -4.752565628132368936e+00 0.000000000000000000e+00
1.203337283557074366e+00 7.365435250503599818e+00 0.000000000000000000e+00
1.524185736625046950e+01 3.780889797880440550e+00 0.000000000000000000e+00
-1.529981026736004068e+01 -7.416867270036461512e+00 0.000000000000000000e+00
1.759647200102104492e+01 -3.912790891385268810e-01 0.000000000000000000e+00
-1.727462200400121617e+01 4.952650467197718953e+00 0.000000000000000000e+00
6.770274946567616858e+00 9.661894141389496538e-01 0.000000000000000000e+00
-1.776535410768994794e+01 -5.340045317017585447e+00 0.000000000000000000e+00
9.309138381217438862e+00 -4.957058783523562440e+00 0.000000000000000000e+00
7.426983349506127041e+00 -6.775013302589504960e+00 0.000000000000000000e+00
-3.930788332700032583e+00 -5.508520224669944731e+00 0.000000000000000000e+00
-1.569669404472547747e+01 5.026089652002632135e+00 0.000000000000000000e+00
-9.492261845863986025e+00 1.200710606099152145e+01 0.000000000000000000e+00
-1.513311459933315106e+01 -1.536021764545525858e+00 0.000000000000000000e+00
6.606392429883634954e+00 -1.224197326673710151e+01 0.000000000000000000e+00
7.625955377878461672e-01 -7.529424465875324657e+00 0.000000000000000000e+00
8.060227869679378543e+00 -1.111443746882741657e+01 0.000000000000000000e+00
4.916096930622424033e+00 -5.610597167272472596e+00 0.000000000000000000e+00
5.485952081098562694e+00 1.612484873736685742e+01 0.000000000000000000e+00
-5.092879809096824140e+00 1.814509495380260873e+01 0.000000000000000000e+00
-5.071572352768296099e+00 1.557439454257102840e+00 0.000000000000000000e+00
-5.158010004996460118e+00 1.495339285218195791e+01 0.000000000000000000e+00
1.823161739201313480e+01 4.203093590609373820e+00 0.000000000000000000e+00
2.074060640052362459e+00 -1.813797438438323084e+01 0.000000000000000000e+00
1.243892506946776422e+01 -7.142574292064052699e+00 0.000000000000000000e+00
1.361953020358248700e+01 -2.675093917992780845e+00 0.000000000000000000e+00
8.683032073359663983e+00 -1.411628245624601652e+00 0.000000000000000000e+00
-2.477559969327260692e-01 -1.496301935168844288e+01 0.000000000000000000e+00
9.774739069415522508e+00 1.417150279496227760e+01 0.000000000000000000e+00
7.019242462676534622e+00 1.612049836308122863e+01 0.000000000000000000e+00
5.700602005725317056e+00 1.001776461590758238e+01 0.000000000000000000e+00
-1.576356318001267809e+01 6.806366546342347945e+00 0.000000000000000000e+00
-1.172258325627406705e+01 4.688167655445941939e+00 0.000000000000000000e+00
-1.020883566302348555e+01 6.791810058981702092e+00 0.000000000000000000e+00
-1.611559630511755437e+00 -1.844358179920330087e+01 0.000000000000000000e+00
-1.369095512999201247e+01 7.733822781998496154e-01 0.000000000000000000e+00
-1.235628147099624208e+01 -6.469611781685797425e+00 0.000000000000000000e+00
-3.350854337154601126e+00 6.538709180830444723e+00 0.000000000000000000e+00
2.928590472541201972e+00 -1.119919880260992961e+01 0.000000000000000000e+00
-2.169054802727865106e+00 1.617401446366238105e+01 0.000000000000000000e+00
9.916432381922531292e+00 7.342971081708426162e+00 0.000000000000000000e+00
1.298841832443056887e+01 -1.352535856422612248e+01 0.000000000000000000e+00
4.541878844034678231e+00 7.320590127614091003e+00 0.000000000000000000e+00
-2.310991179953171937e+00 8.710904438518163317e+00 0.000000000000000000e+00
-7.073633278238870226e+00 1.580227451826086371e+00 0.000000000000000000e+00
-1.417480110491556111e+01 6.799805563814364184e+00 0.000000000000000000e+00
9.472578477684498566e+00 -1.209747845404043431e+01 0.000000000000000000e+00
1.284719738281120094e+01 2.866554750845497490e-01 0.000000000000000000e+00
1.205638962953924320e+01 1.121870317100391290e+01 0.000000000000000000e+00
6.951193751521762998e+00 1.120380141490679904e+01 0.000000000000000000e+00
-1.300840951002123491e+00 1.349037396281856438e+01 0.000000000000000000e+00
-1.663563609811826183e+01 -8.743404302252038462e+00 0.000000000000000000e+00
-1.042111532996189993e+01 2.235419889161191609e+00 0.000000000000000000e+00
-6.271544456399067435e+00 -6.786960173305396360e+00 0.000000000000000000e+00
