-9.230127151903461780e+00 1.004596208319329520e+01 0.000000000000000000e+00
1.028093595127885784e+01 7.626079246718291849e+00 0.000000000000000000e+00
-1.333118122070082912e+01 -2.856676746322239335e+00 0.000000000000000000e+00
-7.525820731943142938e+00 4.618047908073413810e-02 0.000000000000000000e+00
-1.173769267777139014e+01 -2.026070169284630573e+00 0.000000000000000000e+00
-1.675599426092249544e+01 -6.031191554109825326e+00 0.000000000000000000e+00
-1.371858640725955780e+01 4.632528978638654205e-01 0.000000000000000000e+00
-9.886203040089975858e+00 -1.178172156658739134e+01 0.000000000000000000e+00
-1.438499560417492518e+01 -6.774801528978348308e+00 0.000000000000000000e+00
-1.361995191887838130e+00 1.538804810422044511e+01 0.000000000000000000e+00
1.348809633732557067e+01 -4.780151037898019872e+00 0.000000000000000000e+00
1.786826409282014438e+01 5.318865551839857986e+00 0.000000000000000000e+00
-1.644616340406496846e+01 5.915650327442421030e+00 0.000000000000000000e+00
9.774341101848023072e+00 -1.206976435805724712e+01 0.000000000000000000e+00
4.743258599370671291e+00 -1.149853193560000442e+01 0.000000000000000000e+00
-7.088554249501182625e+00 -1.121092249542515518e+01 0.000000000000000000e+00
-1.488002998143465128e+01 -9.016682413666865514e+00 0.000000000000000000e+00
-1.040551293157803592e+01 -4.961960411414562344e+00 0.000000000000000000e+00
1.634566097686267128e+01 -6.204418029489096043e+00 0.000000000000000000e+00
7.133327335357265930e+00 -4.833084665260593660e+00 0.000000000000000000e+00
8.725417279152036798e+00 -1.204372983240436845e+00 0.000000000000000000e+00
6.525682901295229321e+00 -1.534649377684997340e+01 0.000000000000000000e+00
-8.499376987561541696e+00 -1.009104424695983759e+01 0.000000000000000000e+00
1.744169272267741277e+01 -1.848333777223063246e+00 0.000000000000000000e+00
-1.662262328194442418e+01 -1.670264379945825217e+00 0.000000000000000000e+00
-6.947450746420519074e+00 -1.883476774582755420e+00 0.000000000000000000e+00
1.360853315418914633e+01 6.371289302219606654e+00 0.000000000000000000e+00
1.437214635480534408e+00 -1.895478191656290834e+00 0.000000000000000000e+00
1.682577594494791828e+00 1.028467339571498229e+01 0.000000000000000000e+00
1.037166626871819375e+01 -5.612960287222271694e-01 0.000000000000000000e+00
-4.652731637323729963e+00 -1.411101774182412782e+01 0.000000000000000000e+00
-1.458807541094933491e+01 8.442226228390984133e+00 0.000000000000000000e+00
-7.951071350638737378e+00 -3.938950100512686348e+00 0.000000000000000000e+00
-3.232255480685306992e+00 -2.256563030690303118e-01 0.000000000000000000e+00
1.160811710084537829e+01 1.927655168151700238e+00 0.000000000000000000e+00
6.449175020233520073e+00 -1.705833000638025254e+01 0.000000000000000000e+00
3.682679195056909105e+00 9.616267620798059357e-02 0.000000000000000000e+00
2.210548062553251980e-01 -3.781628448747233140e+00 0.000000000000000000e+00
1.089518621943487453e+01 -7.524348083838116708e+00 0.000000000000000000e+00
2.076246737211069338e+00 -1.794477696379654219e+01 0.000000000000000000e+00
-2.148063351804733401e+00 1.846074893360489355e+01 0.000000000000000000e+00
-7.467679529953643147e+00 1.370467705487047105e+01 0.000000000000000000e+00
1.774809548030312101e+01 -3.776399507956518686e+00 0.000000000000000000e+00
-1.163407417729934856e+01 -7.975295500773555091e+00 0.000000000000000000e+00
-1.125745985002370020e+01 2.300510684478844325e+00 0.000000000000000000e+00
9.623851586901196242e+00 1.450694352659717801e+01 0.000000000000000000e+00
-1.153405667160196124e+01 -1.313182985762312249e+01 0.000000000000000000e+00
1.379419479647138758e+01 -1.278814645285114970e+01 0.000000000000000000e+00
-9.405986374605372902e+00 3.066501651776828985e-01 0.000000000000000000e+00
-7.732519057316873390e-01 6.122844017305212994e+00 0.000000000000000000e+00
-1.372035124247219784e+01 1.099848493654712556e+01 0.000000000000000000e+00
-1.009368754196347773e+01 8.249026724692217982e+00 0.000000000000000000e+00
-5.845205133162005851e+00 1.556051154186483210e+01 0.000000000000000000e+00
4.732871813237929715e+00 -1.340180136844055347e+01 0.000000000000000000e+00
4.302064038585203809e-01 8.338564162781091582e+00 0.000000000000000000e+00
-6.754779538028218289e-01 -5.863954434820290995e-01 0.000000000000000000e+00
8.001148530586839058e-01 4.262504957653416859e+00 0.000000000000000000e+00
-1.119879578769335993e+01 1.076664166704336267e+01 0.000000000000000000e+00
-1.929889879412177711e+00 -1.777222260340516158e+01 0.000000000000000000e+00
-4.844848488655005170e+00 9.264210640599761959e+00 0.000000000000000000e+00
1.501753558781373243e+01 1.261676050212635625e+00 0.000000000000000000e+00
1.031310610157510688e+01 1.157639862118334362e+00 0.000000000000000000e+00
8.665763198019115876e+00 1.205668044918328619e+01 0.000000000000000000e+00
-6.291148952674902262e+00 3.688477043439715608e+00 0.000000000000000000e+00
3.846171795779133706e+00 -9.144472016058935893e+00 0.000000000000000000e+00
4.725960450679077551e-01 -1.462037124518518105e+01 0.000000000000000000e+00
2.933164985228346566e+00 1.327769045806367210e+01 0.000000000000000000e+00
9.112484173292113354e+00 -6.034738149704467425e+00 0.000000000000000000e+00
-1.995504232771122100e+00 1.115212369743776044e+01 0.000000000000000000e+00
-9.911866476609155541e+00 4.165023702960169771e+00 0.000000000000000000e+00
-4.018826445363261612e+00 -2.655146495855055466e+00 0.000000000000000000e+00
1.442099892612313994e+01 4.575982425559610434e+00 0.000000000000000000e+00
-1.142181814228691650e+01 -1.108926105526303374e+01 0.000000000000000000e+00
-6.892581622346443559e+00 -9.015412655639694961e+00 0.000000000000000000e+00
1.237447167619043853e+01 -9.604906183373264739e+00 0.000000000000000000e+00
1.130843437191915157e+01 4.941088698241017596e+00 0.000000000000000000e+00
1.144850864960668702e+01 1.102836817415854931e+01 0.000000000000000000e+00
-7.209505181543022445e+00 1.723007457562385625e+01 0.000000000000000000e+00
-9.531823811855570483e+00 -8.495746338263131747e+00 0.000000000000000000e+00
-7.634460332570350616e+00 -1.429091170423552981e+01 0.000000000000000000e+00
6.063095152862393311e-01 1.726056087386791660e+01 0.000000000000000000e+00
3.771653040298408310e+00 7.006881380817954863e+00 0.000000000000000000e+00
1.585206961460668929e+01 6.120903232739637545e+00 0.000000000000000000e+00
1.786581015656177840e+01 2.535721412858054968e+00 0.000000000000000000e+00
-5.814844158872156221e+00 1.400425593031626903e+01 0.000000000000000000e+00
1.657032406867216423e+01 8.482812470960102047e+00 0.000000000000000000e+00
-8.306881876795088715e+00 -1.687889894437826044e+01 0.000000000000000000e+00
6.602012336461171582e-01 -1.025806244739458783e+01 0.000000000000000000e+00
7.824849305638578723e-03 -6.155442802012114356e+00 0.000000000000000000e+00
5.087643083163223778e+00 1.790796366514328497e+01 0.000000000000000000e+00
-1.518852562285619889e+01 1.018786769150574578e+01 0.000000000000000000e+00
-1.060009671937553932e+01 5.549778112107834893e+00 0.000000000000000000e+00
2.289999565301736872e+00 -4.965987874136469360e-01 0.000000000000000000e+00
-1.503455061568094564e+01 -1.083762566822767326e+01 0.000000000000000000e+00
7.926810264825451036e+00 1.007521376732936602e+01 0.000000000000000000e+00
1.589783378485713250e+01 1.038112554243342167e+01 0.000000000000000000e+00
-1.238940678866356038e+01 5.489383278958609225e+00 0.000000000000000000e+00
-4.611978914329188939e+00 3.845309536753406032e+00 0.000000000000000000e+00
1.182055922107506696e+01 -1.310854336610215043e+01 0.000000000000000000e+00
2.380747328927465212e+00 -1.417393813549212211e+01 0.000000000000000000e+00
3.556637895716925346e+00 -1.631850543118243735e+00 0.000000000000000000e+00
-1.564096361104006849e+00 -1.222569084003060524e+01 0.000000000000000000e+00
-6.384054960232123044e+00 -6.962552565758347356e+00 0.000000000000000000e+00
1.559683821568351547e+01 -2.743768108756983626e+00 0.000000000000000000e+00
3.590347989743064350e+00 -5.601272863170028593e+00 0.000000000000000000e+00
-8.106034764255481306e+00 6.174485510555310697e+00 0.000000000000000000e+00
1.390778996925484678e+00 -1.622727670031733282e+01 0.000000000000000000e+00
-4.485758225346716976e+00 -6.205007374269473353e+00 0.000000000000000000e+00
4.622247479153141825e+00 1.292900848528128854e+01 0.000000000000000000e+00
-4.314714807777320971e+00 1.687715677501514122e+01 0.000000000000000000e+00
1.063961271864503644e+01 -1.541895401430827484e+01 0.000000000000000000e+00
7.754042661356109534e+00 -9.274524137432968787e-03 0.000000000000000000e+00
-3.384514177161478177e+00 -1.616089343396568978e+01 0.000000000000000000e+00
-2.296337271820860337e+00 -5.612825229629133439e+00 0.000000000000000000e+00
7.822231579114680144e-01 2.026684866169535582e+00 0.000000000000000000e+00
7.337445847583199843e+00 -7.584897483067223334e+00 0.000000000000000000e+00
-1.532831528664316600e+01 -2.064598086635422575e-02 0.000000000000000000e+00
6.371177839813405797e+00 1.061074999090546633e+01 0.000000000000000000e+00
-4.983320077552170879e+00 -1.196924296144267075e+01 0.000000000000000000e+00
1.199711883668955537e+01 -1.449412059444061818e+00 0.000000000000000000e+00
4.135404298601514483e+00 -1.492823859407971376e+01 0.000000000000000000e+00
7.518605520454952007e+00 -1.017069602469191558e+01 0.000000000000000000e+00
-1.170545756980214769e+01 1.269630379194017600e+01 0.000000000000000000e+00
-9.003902263070555634e+00 1.162693712393865653e+01 0.000000000000000000e+00
1.208433523407469146e+01 -3.869929798579296421e+00 0.000000000000000000e+00
1.399995186236225919e+01 9.453755853122176589e+00 0.000000000000000000e+00
-3.708527271603669462e+00 6.262907122457217923e+00 0.000000000000000000e+00
-5.841565128803441809e+00 6.691469665984098647e+00 0.000000000000000000e+00
6.456295907472748397e+00 1.364244202058416811e+01 0.000000000000000000e+00
6.851659952724789449e+00 8.655926846640726424e+00 0.000000000000000000e+00
1.615322134234693507e+01 -2.764272922226808649e-01 0.000000000000000000e+00
2.619432479435070071e+00 1.824832135301064540e+01 0.000000000000000000e+00
-1.224409010670177445e+01 9.376322235094230351e+00 0.000000000000000000e+00
8.329364569493083792e+00 -1.571778051441206969e+01 0.000000000000000000e+00
-1.039117858884537782e+00 3.221484128755228937e+00 0.000000000000000000e+00
1.320494567254949914e+01 -2.409201261837275787e+00 0.000000000000000000e+00
4.074241414123425997e+00 4.776938042219564196e+00 0.000000000000000000e+00
4.808431552868427938e-01 -8.412629066313416004e+00 0.000000000000000000e+00
4.086357809961985943e+00 -1.693454003289530263e+01 0.000000000000000000e+00
6.220779731509344046e+00 1.567101523466994628e+01 0.000000000000000000e+00
1.127872936947586613e+00 -1.173817422313432957e+01 0.000000000000000000e+00
-5.178975588764514804e+00 -8.351021546389294059e+00 0.000000000000000000e+00
8.939605147081326919e+00 2.607485466495399251e+00 0.000000000000000000e+00
-4.926029491975639552e+00 -1.652769351121179753e+01 0.000000000000000000e+00
5.890177916850460882e+00 -3.661114591102612614e+00 0.000000000000000000e+00
1.317738413815403753e+01 1.086775198839959344e+01 0.000000000000000000e+00
9.609119120061738073e+00 -3.608691217375548099e+00 0.000000000000000000e+00
1.535441018289001924e+01 -1.111373952887157301e+01 0.000000000000000000e+00
4.783511298597040273e+00 -6.920994868015000634e+00 0.000000000000000000e+00
4.526858680202299645e+00 2.029922570319267816e+00 0.000000000000000000e+00
-1.857502925109420744e+01 6.536900624714784280e-01 0.000000000000000000e+00
-2.396496135272189854e+00 4.090419239376767102e+00 0.000000000000000000e+00
1.433040171254724715e+00 7.183595740617573000e+00 0.000000000000000000e+00
1.260231639441728646e+01 7.650760489598081193e+00 0.000000000000000000e+00
-1.037700484072238716e+01 -8.744180430571476537e-01 0.000000000000000000e+00
-5.740363943356091347e+00 1.127653985439304662e+01 0.000000000000000000e+00
-1.534677196490522455e+01 -4.162924759159737143e+00 0.000000000000000000e+00
4.935127940528662549e+00 -1.829048767247163099e+01 0.000000000000000000e+00
-4.657227393049667263e+00 1.498195554688425135e+00 0.000000000000000000e+00
1.429575943096358870e+01 -4.118979036427384832e-01 0.000000000000000000e+00
-1.263724031686075122e+01 -5.367482034627145460e+00 0.000000000000000000e+00
-8.749124620378605499e+00 1.586277598847361858e+01 0.000000000000000000e+00
-1.356358744203617661e+01 1.316226192025890285e+01 0.000000000000000000e+00
-1.347209172099099961e+00 8.657949052430115700e+00 0.000000000000000000e+00
4.558276852185904282e+00 9.222185429140630220e+00 0.000000000000000000e+00
-5.707488964699320988e+00 -3.865944289739666750e+00 0.000000000000000000e+00
3.241559973204190204e+00 -7.585399068114739407e+00 0.000000000000000000e+00
6.145467306726160039e+00 -1.160164960401050216e+00 0.000000000000000000e+00
-1.750936277096277749e+01 -4.521883568122849972e+00 0.000000000000000000e+00
-9.261416660875067208e+00 -1.444491145566289170e+01 0.000000000000000000e+00
-1.242406024574808532e+00 -2.599803671435410468e+00 0.000000000000000000e+00
-1.694055722548366205e+01 1.536796131221059847e+00 0.000000000000000000e+00
-2.239117053494648069e+00 -1.068173232151290541e+01 0.000000000000000000e+00
9.876416398713795175e+00 -9.120586951282838584e+00 0.000000000000000000e+00
-1.098207030151328034e+01 1.473793217134988787e+01 0.000000000000000000e+00
-1.591751057461999430e+01 7.582049584948051368e+00 0.000000000000000000e+00
1.257738427207219800e+01 7.539548631825117031e-01 0.000000000000000000e+00
7.530210620575221725e+00 4.888593058941339109e+00 0.000000000000000000e+00
-5.635874454670392275e+00 -9.933421795047486569e+00 0.000000000000000000e+00
1.179399576117803150e+01 1.337822282882299341e+01 0.000000000000000000e+00
-2.772739737073072863e+00 -1.433110512987080654e+01 0.000000000000000000e+00
2.743173378199313284e+00 1.526645345998212200e+01 0.000000000000000000e+00
-3.754644464863801101e-01 1.385867920913734785e+01 0.000000000000000000e+00
9.378724628726853751e+00 -1.381860630269805945e+01 0.000000000000000000e+00
1.402754104544013991e+01 -7.506232393458598828e+00 0.000000000000000000e+00
-1.545660851897058308e+01 4.602425754604830388e+00 0.000000000000000000e+00
9.925035564058214632e+00 1.606529010434240945e+01 0.000000000000000000e+00
-1.337846409497243627e+01 -1.304889710182715490e+01 0.000000000000000000e+00
-3.887184485736438599e+00 1.464894350571162285e+01 0.000000000000000000e+00
-8.253087696519417094e+00 -5.489912256308159044e+00 0.000000000000000000e+00
1.405708905496837069e+01 2.731569160904110394e+00 0.000000000000000000e+00
-1.752579042449750091e+01 4.131111992351584661e+00 0.000000000000000000e+00
1.607060292246128697e+01 4.011364025221929808e+00 0.000000000000000000e+00
-1.198022878241616240e+00 1.258938947353639426e+00 0.000000000000000000e+00
-1.211042765495022877e+01 -1.453488987162106305e+01 0.000000000000000000e+00
-3.217098085913206340e+00 -7.421671089339245242e+00 0.000000000000000000e+00
-1.358217677650309163e+01 -1.224983826664063358e+00 0.000000000000000000e+00
-6.306848662609277900e-01 1.219469699646744942e+01 0.000000000000000000e+00
-1.440298615323830944e+01 3.472639403824186566e+00 0.000000000000000000e+00
7.427110042156897407e+00 1.706706014209437683e+01 0.000000000000000000e+00
-1.589101112478049060e+01 3.156113474925306583e+00 0.000000000000000000e+00
-7.212782987519294586e+00 8.098610782975313782e+00 0.000000000000000000e+00
7.020153884958031831e+00 2.784416301833000595e+00 0.000000000000000000e+00
1.393769048080208961e+00 1.270952525671813937e+01 0.000000000000000000e+00
9.469215679871696878e+00 4.124819830671524024e+00 0.000000000000000000e+00
1.744005991605289907e+01 6.957122612789270910e+00 0.000000000000000000e+00
1.129220077525397414e+01 -1.101051733886621520e+01 0.000000000000000000e+00
1.485098143953182337e+01 -5.573257169756995921e+00 0.000000000000000000e+00
2.370823391766370580e+00 5.217684360820167733e+00 0.000000000000000000e+00
-8.516780320118900960e+00 2.065696463437455499e+00 0.000000000000000000e+00
-1.078952738735439842e+00 1.720845673584500446e+01 0.000000000000000000e+00
6.167087048243069525e+00 -1.227621154649318136e+01 0.000000000000000000e+00
-1.285917999863576711e+01 2.170120348537333488e+00 0.000000000000000000e+00
-6.358620682295103244e+00 -1.291849455286017445e+01 0.000000000000000000e+00
-6.832115295165817059e+00 -1.560658231676856111e+01 0.000000000000000000e+00
-3.893546174471595123e+00 -1.024680064828526582e+01 0.000000000000000000e+00
7.380489791761230656e+00 -1.381596393582093718e+01 0.000000000000000000e+00
2.437600898581683939e+00 -3.528794586838234881e+00 0.000000000000000000e+00
1.342149011173103812e+00 1.440298321717029317e+01 0.000000000000000000e+00
5.615174057066631974e+00 4.119711880827403583e+00 0.000000000000000000e+00
-1.453761812313756607e+01 5.843464900426702968e+00 0.000000000000000000e+00
-4.201299289334369469e+00 1.318014227605040034e+01 0.000000000000000000e+00
3.461475770146816178e+00 1.136992843847341561e+01 0.000000000000000000e+00
-1.892427909783512163e+01 -1.397930065013858192e+00 0.000000000000000000e+00
2.979260868026568421e+00 9.098760605689358627e+00 0.000000000000000000e+00
1.017156149855825653e+01 -2.154758758187789613e+00 0.000000000000000000e+00
-8.007137620871038308e+00 4.073469535748107440e+00 0.000000000000000000e+00
4.080127012197315994e-01 -1.823365875669792047e+01 0.000000000000000000e+00
-3.371022389675120134e+00 2.941217983458332075e+00 0.000000000000000000e+00
-1.336837855184994162e+01 -1.093194048600390467e+01 0.000000000000000000e+00
-6.014303089599628116e+00 7.078886393218841722e-01 0.000000000000000000e+00
1.614305737226758808e+01 -8.176454939190827886e+00 0.000000000000000000e+00
-1.262526554352937147e+01 7.689612843967602807e+00 0.000000000000000000e+00
7.705484980974448561e+00 7.388807784394884948e+00 0.000000000000000000e+00
-6.263365834381852792e+00 5.242516856148409232e+00 0.000000000000000000e+00
5.494213175265996618e+00 5.893253063109109569e+00 0.000000000000000000e+00
-1.961661795618053539e+00 -8.274945419193509011e+00 0.000000000000000000e+00
1.773874879724045428e+01 1.029155008863245513e+00 0.000000000000000000e+00
2.681381682812435496e+00 2.227219691339545893e+00 0.000000000000000000e+00
5.406888904274407714e+00 -8.288277827356576921e+00 0.000000000000000000e+00
1.226065335483650109e+01 3.367691922127720616e+00 0.000000000000000000e+00
-7.368659977846339970e+00 1.153877520492632769e+01 0.000000000000000000e+00
5.262752155240892904e+00 7.388238819219235864e+00 0.000000000000000000e+00
9.465623562587360595e+00 9.512812543849921809e+00 0.000000000000000000e+00
5.189838240291430260e+00 3.063228190320074207e-01 0.000000000000000000e+00
-4.748649880358911446e+00 -1.823496163798837699e+01 0.000000000000000000e+00
1.411311537178664999e+01 -9.674362221858020305e+00 0.000000000000000000e+00
9.330631694741368776e+00 5.872939327057655312e+00 0.000000000000000000e+00
-1.132513083878602878e+01 -6.457391206541587714e+00 0.000000000000000000e+00
7.980388321330456947e+00 1.395853026876135417e+01 0.000000000000000000e+00
-6.748948832711493040e+00 -5.010983390822789652e+00 0.000000000000000000e+00
1.143424373927326521e+01 9.290456162609913804e+00 0.000000000000000000e+00
-4.936596640188864349e+00 -8.892880863992234097e-01 0.000000000000000000e+00
-1.801683789947705705e+01 5.749756217046323670e+00 0.000000000000000000e+00
1.603957467448712748e+01 -4.205638652327868598e+00 0.000000000000000000e+00
1.795631351276108845e+01 -5.992783837286609128e+00 0.000000000000000000e+00
