-1.177268514039537450e+01 5.439923104462636161e+00 0.000000000000000000e+00
-8.449759871162930480e+00 7.580596588857446250e+00 0.000000000000000000e+00
-6.074120698268760776e+00 -8.996848208809032910e-01 0.000000000000000000e+00
-7.112446777138819343e+00 9.130648962969068805e+00 0.000000000000000000e+00
-8.263206147291276338e+00 3.994841486504576711e+00 0.000000000000000000e+00
1.311636209138561249e+01 -1.137361492644401650e+01 0.000000000000000000e+00
9.207575471398643074e+00 1.319560193255553138e+01 0.000000000000000000e+00
-4.245031484864767002e+00 1.093670395774408810e+01 0.000000000000000000e+00
1.444694269995204117e+01 -5.983135021689117039e+00 0.000000000000000000e+00
6.161235571275506473e+00 2.059236423093091961e+00 0.000000000000000000e+00
6.066271349743678876e+00 1.431987966727093564e+01 0.000000000000000000e+00
3.703387598536392655e+00 -3.769564227136750212e+00 0.000000000000000000e+00
8.479805333050141058e+00 -5.795240867059739287e+00 0.000000000000000000e+00
1.002759645158791812e+01 -2.617251030133622702e+00 0.000000000000000000e+00
1.494955355800550123e+01 -8.426490175688913453e+00 0.000000000000000000e+00
-1.190604877384696536e+01 -4.541900913404890439e+00 0.000000000000000000e+00
2.755917263490898161e+00 1.319740346465538749e+01 0.000000000000000000e+00
-3.913824490179519167e+00 1.586317161752129934e+01 0.000000000000000000e+00
-3.411908774161268365e+00 -9.192410103364105467e+00 0.000000000000000000e+00
1.278278265016568405e+01 5.581309698241016193e+00 0.000000000000000000e+00
1.155092541799461436e+01 9.695902382743327053e+00 0.000000000000000000e+00
-3.069293245587556562e+00 7.306397941036504307e+00 0.000000000000000000e+00
-9.465674697355954237e+00 -9.291472587584149068e+00 0.000000000000000000e+00
-9.389155264598139539e+00 5.818314014266889878e+00 0.000000000000000000e+00
9.583419019765779368e+00 -7.625293175563927051e+00 0.000000000000000000e+00
1.453470530385557602e+01 7.804952887801120731e+00 0.000000000000000000e+00
7.760127505352998334e+00 1.204009160370847198e+01 0.000000000000000000e+00
1.125775272903290336e+01 8.107111388266417862e+00 0.000000000000000000e+00
3.852653184681832599e+00 1.107700548703877885e+01 0.000000000000000000e+00
3.889368613188434409e+00 -5.708291172448684669e+00 0.000000000000000000e+00
7.936348222238540195e+00 -8.500195212356300711e-01 0.000000000000000000e+00
-1.309152742150852333e+01 -6.744045556604462810e+00 0.000000000000000000e+00
-2.469247146775860671e-02 3.709129162963179294e+00 0.000000000000000000e+00
7.510683749193387548e+00 -1.162959793619937088e+01 0.000000000000000000e+00
3.323725893364375961e-01 1.587993944101496346e+01 0.000000000000000000e+00
6.107175920059658480e+00 5.507926180384450809e+00 0.000000000000000000e+00
-9.630786895008654369e+00 1.425732843357162238e+01 0.000000000000000000e+00
2.472821247360399433e+00 -2.572785639905123212e+00 0.000000000000000000e+00
-5.654113933481558441e+00 -1.115944860804814809e+01 0.000000000000000000e+00
-2.449335013387632376e+00 1.024594510089555222e+01 0.000000000000000000e+00
-7.215754787632473466e-01 -1.676150906179817213e+01 0.000000000000000000e+00
5.492637945757985918e+00 6.927913630644189524e+00 0.000000000000000000e+00
1.555109160602871476e+01 -7.040123717368627965e+00 0.000000000000000000e+00
-7.612146780434463800e+00 -2.745680164815902824e+00 0.000000000000000000e+00
8.467565635644497490e+00 5.158814176250552386e+00 0.000000000000000000e+00
-5.029766450682245704e+00 -1.491207637557209154e+01 0.000000000000000000e+00
-1.103670182861399063e+01 -1.002566148732693385e+01 0.000000000000000000e+00
-1.152325949782922621e+01 -7.596077008011147491e+00 0.000000000000000000e+00
5.789290319788650052e+00 -1.243856900543575250e+01 0.000000000000000000e+00
8.922072088855182770e+00 -4.097321366690731104e+00 0.000000000000000000e+00
1.447970493695743777e+01 1.325638083895635200e+00 0.000000000000000000e+00
-1.162380390782982786e+01 8.875995231555966924e+00 0.000000000000000000e+00
-1.650775978801712895e+01 4.645330081666787514e+00 0.000000000000000000e+00
7.874973897593845251e+00 -8.721170461335267632e+00 0.000000000000000000e+00
-9.829302046702954598e+00 9.510725591791024058e+00 0.000000000000000000e+00
-7.847699598227153572e+00 -9.682379046612799911e+00 0.000000000000000000e+00
-3.384035598667101130e+00 2.976171214711349489e+00 0.000000000000000000e+00
-1.581350497286603130e+01 3.002049661880380471e-01 0.000000000000000000e+00
8.669913500940757967e-01 -9.845592835401182796e+00 0.000000000000000000e+00
-2.706870298974228817e+00 1.480557577184289286e+01 0.000000000000000000e+00
7.409104980764762871e+00 1.044468182514206944e+01 0.000000000000000000e+00
1.132445649492659179e+01 -1.314774691503419968e+00 0.000000000000000000e+00
9.336576519807138652e+00 2.685791378038010713e+00 0.000000000000000000e+00
1.899024826725773663e+00 -4.705558778832070743e+00 0.000000000000000000e+00
-7.251305486576331560e+00 1.044559133163370790e+00 0.000000000000000000e+00
1.028947260290773791e+01 -1.289238355084613907e+01 0.000000000000000000e+00
3.535682613629554716e+00 6.790203703727042850e+00 0.000000000000000000e+00
1.581275582284899706e+01 -3.087794702532345337e+00 0.000000000000000000e+00
7.769352626652074711e+00 -1.478982119068153089e+01 0.000000000000000000e+00
-9.562090197360964439e+00 -1.023257432924543908e-01 0.000000000000000000e+00
8.969966458479515126e+00 7.557106559778757893e-01 0.000000000000000000e+00
-1.222484866061237962e+00 1.633283171638755249e+01 0.000000000000000000e+00
-1.739535624426712834e+00 1.318062059607024139e+01 0.000000000000000000e+00
3.028625958199043122e+00 -5.619469609789424780e-01 0.000000000000000000e+00
5.446403519193124154e+00 -1.480931365636435260e+01 0.000000000000000000e+00
3.187823361032630753e+00 3.441128935058818339e+00 0.000000000000000000e+00
-9.670924800450221293e-01 -7.901153074845155722e+00 0.000000000000000000e+00
3.886855575860382661e+00 1.629875576145934701e+01 0.000000000000000000e+00
-1.136035956057093976e+01 1.236443045242275396e+01 0.000000000000000000e+00
1.681483152619932531e+00 9.591213083400166539e+00 0.000000000000000000e+00
-1.119196955043549302e+01 2.591579683798811651e+00 0.000000000000000000e+00
-7.751809122277314223e+00 -1.098542942224974173e+00 0.000000000000000000e+00
-2.680693485910996543e+00 -1.457987218654741213e+01 0.000000000000000000e+00
2.564224623269106385e+00 1.483099681556972804e+01 0.000000000000000000e+00
1.011463500668692284e+01 5.588486641911594610e+00 0.000000000000000000e+00
1.191051221699821561e+01 -5.408887870556200461e+00 0.000000000000000000e+00
-1.408101230534769321e+01 8.172945094887275275e+00 0.000000000000000000e+00
-1.435341301499185818e+01 -5.529485859169843032e+00 0.000000000000000000e+00
-5.826107520638070802e+00 1.758928883642041807e+00 0.000000000000000000e+00
-1.566231649566641515e+00 -1.126042505041921338e+01 0.000000000000000000e+00
7.167778463542129330e-01 1.414289950700633902e+01 0.000000000000000000e+00
-7.939648143290951587e+00 1.534374335579250648e+01 0.000000000000000000e+00
-1.183998565042350393e+01 -8.842313917489845465e-02 0.000000000000000000e+00
1.132546006432920116e+01 -6.896416843356429460e+00 0.000000000000000000e+00
-6.380187186368549979e-01 1.161410247565996734e+01 0.000000000000000000e+00
-5.397915425384106847e+00 4.639521805702112367e+00 0.000000000000000000e+00
-2.770664308020529987e+00 -1.721847740485545897e+00 0.000000000000000000e+00
-1.688135202280145819e+01 2.606659500195820822e+00 0.000000000000000000e+00
-2.380777322036793819e+00 -1.718987708672039361e+01 0.000000000000000000e+00
6.151963984059613644e+00 1.172683347258006847e+01 0.000000000000000000e+00
1.886457985114851077e+00 1.159937502494065065e+01 0.000000000000000000e+00
3.465548777281956205e+00 1.691785738801753203e+00 0.000000000000000000e+00
-1.607669165409749823e+01 -1.411966545595943368e+00 0.000000000000000000e+00
1.296460915118414547e+01 3.852146926979237218e+00 0.000000000000000000e+00
6.906716552722093283e+00 4.214550409862175329e+00 0.000000000000000000e+00
3.098431708037584276e+00 4.988486727810959032e+00 0.000000000000000000e+00
-1.288851925495019302e+01 -8.773368237121561108e+00 0.000000000000000000e+00
-7.158135679286191433e+00 -5.345534817435783737e+00 0.000000000000000000e+00
-3.739064257151488047e+00 4.714899366788866786e+00 0.000000000000000000e+00
9.796905506116192486e-01 -1.400160085131147270e+01 0.000000000000000000e+00
1.304992689425390573e+01 -3.582331320877578662e+00 0.000000000000000000e+00
-6.257517924442023372e+00 1.174689127341534345e+01 0.000000000000000000e+00
-4.559817374923907707e+00 -1.245481186363664428e+01 0.000000000000000000e+00
-7.597470904738091058e+00 -1.285582595639870718e+01 0.000000000000000000e+00
-1.066833373558545972e+01 -1.241548395175770558e+01 0.000000000000000000e+00
1.632756266990593019e+01 4.965637342732707182e+00 0.000000000000000000e+00
1.502082541699314966e+01 6.295922507033053783e+00 0.000000000000000000e+00
5.051451655325132073e+00 3.444432979789962435e+00 0.000000000000000000e+00
8.156324926407892306e+00 8.469064853894735734e+00 0.000000000000000000e+00
-8.116115015228302365e-01 6.453165378878339631e+00 0.000000000000000000e+00
-4.416500225804310453e+00 1.327433930387018179e+01 0.000000000000000000e+00
1.466835577098141163e+00 -1.739500891534434857e+01 0.000000000000000000e+00
-3.350158963152948921e+00 -1.127768415502556110e+01 0.000000000000000000e+00
-1.001057116970695837e+01 -4.320862014524929684e+00 0.000000000000000000e+00
1.962475325050018649e+00 -1.091582221116566842e+01 0.000000000000000000e+00
-1.378934160916592333e+01 1.601669793268981179e+00 0.000000000000000000e+00
7.313791240728251708e+00 1.520455578316403589e+01 0.000000000000000000e+00
-1.492106533252786704e+01 -2.747365003057552713e+00 0.000000000000000000e+00
-1.620424156356375534e+01 -5.801546168120161440e+00 0.000000000000000000e+00
7.356292054749843601e+00 -4.277883961172497251e+00 0.000000000000000000e+00
-3.441563142503150541e+00 -7.510670964158297380e+00 0.000000000000000000e+00
4.705516527548563865e-01 -6.704915962684689035e+00 0.000000000000000000e+00
-1.611832993426673744e+00 2.549407622701773679e+00 0.000000000000000000e+00
-1.373857272186450729e+01 -1.017967114388129168e+01 0.000000000000000000e+00
1.131236368196810638e+01 -3.622789118942112641e+00 0.000000000000000000e+00
1.491859163438224911e+01 -9.077502985114682676e-01 0.000000000000000000e+00
-7.036519581018269243e+00 -1.519240056812544282e+01 0.000000000000000000e+00
9.179865973695710224e+00 1.148773379597928290e+01 0.000000000000000000e+00
-1.684564172168972007e+01 -3.374029297329515398e+00 0.000000000000000000e+00
1.154658508321114674e+01 9.652421200411009927e-01 0.000000000000000000e+00
-2.087885990813066694e+00 5.254991033921126764e+00 0.000000000000000000e+00
2.961736734784214065e+00 -1.698701380359485569e+01 0.000000000000000000e+00
5.994215844688976169e+00 -9.595595551140947421e+00 0.000000000000000000e+00
-5.552556589962847511e+00 7.822702966293046956e+00 0.000000000000000000e+00
-1.372488783813311963e+00 -4.185227735106647806e+00 0.000000000000000000e+00
5.744007576904701651e+00 8.980441803884327001e+00 0.000000000000000000e+00
-3.306576656727243435e+00 -5.495195461009352300e+00 0.000000000000000000e+00
1.316855093618885864e+00 7.821640079424382885e-02 0.000000000000000000e+00
2.086095043915876523e+00 1.709240131164812482e+01 0.000000000000000000e+00
6.487393895391436516e+00 -2.314368560224241644e+00 0.000000000000000000e+00
-6.550982009723685273e+00 -8.004215753636151121e+00 0.000000000000000000e+00
6.362340849457597258e+00 -7.284101732317620481e+00 0.000000000000000000e+00
-1.281603202912027228e+01 -1.169745228932496772e+01 0.000000000000000000e+00
9.608237086487429579e+00 9.203872473101050389e+00 0.000000000000000000e+00
-6.135686563711002517e-01 8.324721402271904935e+00 0.000000000000000000e+00
-9.469105281256883444e+00 2.479301580679091010e+00 0.000000000000000000e+00
1.186795097492452156e+00 5.014984571116044343e+00 0.000000000000000000e+00
-2.244041552343386758e+00 -1.295068263115763330e+01 0.000000000000000000e+00
-9.028967515781397779e+00 -1.450323557069757996e+01 0.000000000000000000e+00
-6.396199982378472093e+00 1.620067715941769038e+01 0.000000000000000000e+00
8.707778828278232908e+00 -1.044469118992332746e+01 0.000000000000000000e+00
-7.148359415696806662e-01 3.935902717777684523e-01 0.000000000000000000e+00
-4.930231014097795850e+00 -2.575680135895254796e+00 0.000000000000000000e+00
-8.275127654875841898e+00 1.310319101085804760e+01 0.000000000000000000e+00
9.977600475088530541e-01 -1.216027804524971856e+01 0.000000000000000000e+00
1.357072531855106412e+01 9.722909107093801850e+00 0.000000000000000000e+00
2.811644308381141322e+00 8.166366724221967743e+00 0.000000000000000000e+00
1.317970730895145159e+01 -1.546139233024240722e+00 0.000000000000000000e+00
3.248545556224326614e+00 -1.509277280177352942e+01 0.000000000000000000e+00
-3.324679868452796949e+00 -1.595504221677996703e+01 0.000000000000000000e+00
-5.102211367185093271e-01 -2.379896723813680559e+00 0.000000000000000000e+00
-4.120606350427876485e+00 9.331023548510292143e-01 0.000000000000000000e+00
-1.433716576454339986e+01 -1.144025355834437541e+00 0.000000000000000000e+00
4.851214031251138259e+00 -1.057180601416969878e+01 0.000000000000000000e+00
4.346944953860141680e+00 -7.461428973892445526e+00 0.000000000000000000e+00
7.341756172641668021e-01 -1.583123310989451404e+01 0.000000000000000000e+00
-1.199925959223533845e+01 -2.139473153976295894e+00 0.000000000000000000e+00
1.302784159825723442e+01 -7.022170561353145324e+00 0.000000000000000000e+00
-9.187888535427967795e+00 -6.662748269945465651e+00 0.000000000000000000e+00
-1.054819073158736664e+01 7.145315633447517634e+00 0.000000000000000000e+00
-6.602289321073890882e+00 1.395502568218412343e+01 0.000000000000000000e+00
-1.205580260749140464e+01 1.100105204828345329e+01 0.000000000000000000e+00
1.134831031401143520e+01 -1.012351280228685724e+01 0.000000000000000000e+00
1.726526896303352032e+01 1.820821048766446903e+00 0.000000000000000000e+00
1.944802067076981000e+00 -8.748564848198315147e+00 0.000000000000000000e+00
-1.557955525556689125e+01 6.546922131929868272e+00 0.000000000000000000e+00
-8.556012535200922642e+00 -1.148587425295336395e+01 0.000000000000000000e+00
5.324234135500304888e+00 -3.870121663224821873e+00 0.000000000000000000e+00
-1.460673544867640228e+00 -9.600652906076041049e+00 0.000000000000000000e+00
-1.383942049672748453e+01 5.720109331943027620e+00 0.000000000000000000e+00
4.191175726940342017e+00 8.798676622482515697e+00 0.000000000000000000e+00
-5.098545986765810945e+00 -4.857513453195876352e+00 0.000000000000000000e+00
1.177240148391088326e+01 -1.229355591868062092e+01 0.000000000000000000e+00
2.649803643662965724e-01 -4.487330896307969219e+00 0.000000000000000000e+00
5.958684190941909264e+00 -7.763861902481866695e-01 0.000000000000000000e+00
1.001868168407695769e+00 6.824484053493182323e+00 0.000000000000000000e+00
-8.327676118808561512e+00 1.069491607748902773e+01 0.000000000000000000e+00
1.096123137006683734e+01 1.161375775513163155e+01 0.000000000000000000e+00
1.670243704621313796e+01 -5.091281731663213961e+00 0.000000000000000000e+00
-5.941510348393761909e+00 6.284723035913889255e+00 0.000000000000000000e+00
-1.050172313689025927e+01 1.103512348937760201e+01 0.000000000000000000e+00
1.484088881270187699e+01 3.539653866388550174e+00 0.000000000000000000e+00
-4.897951300855074130e+00 -6.993051563936281134e+00 0.000000000000000000e+00
4.265865628177945901e+00 1.342240960579124831e+01 0.000000000000000000e+00
-1.349232130458292644e+01 4.168219554065663246e+00 0.000000000000000000e+00
7.615106737383330326e+00 1.572385205404543962e+00 0.000000000000000000e+00
-1.479358989686459047e+01 -7.598105443785524216e+00 0.000000000000000000e+00
6.584850692565006547e+00 -1.583418751229745247e+01 0.000000000000000000e+00
9.115647532393326813e+00 1.493465972367703287e+01 0.000000000000000000e+00
1.261768593187554011e+01 1.169896294290945171e+01 0.000000000000000000e+00
1.053592380218644031e+01 3.885470400710872685e+00 0.000000000000000000e+00
2.307127988734318347e+00 -6.522832317056504792e+00 0.000000000000000000e+00
1.736017638137917274e+01 -2.029936504616506099e+00 0.000000000000000000e+00
-3.054962359459703514e+00 1.207153809351653173e+01 0.000000000000000000e+00
1.295121731383607688e+01 -9.435799005359543301e+00 0.000000000000000000e+00
-1.533549162217710382e+01 3.121805924867727899e+00 0.000000000000000000e+00
1.705608134691856037e+01 -2.207777842310016392e-01 0.000000000000000000e+00
-4.226832283964123249e+00 -8.115121567452767692e-01 0.000000000000000000e+00
1.115851006403180065e-02 1.007545325109300904e+01 0.000000000000000000e+00
5.656240535201209063e+00 1.627654614197352956e+01 0.000000000000000000e+00
-2.367640125616933044e+00 1.096064042899549396e+00 0.000000000000000000e+00
3.696450475600828511e+00 -1.255452137974988602e+01 0.000000000000000000e+00
-4.181410770731747717e-01 -1.298891669948345395e+01 0.000000000000000000e+00
8.512747369820889531e+00 6.939046926167930174e+00 0.000000000000000000e+00
4.686811786197508489e+00 -1.626241197761304491e+01 0.000000000000000000e+00
-7.024215661638917751e+00 3.046397172082323745e+00 0.000000000000000000e+00
-7.480209194437084541e+00 5.440921688908531451e+00 0.000000000000000000e+00
-1.780488535083568413e+00 -6.155695571361394336e+00 0.000000000000000000e+00
-8.657724284074093113e-01 1.455751202482160522e+01 0.000000000000000000e+00
-9.018913505224157134e+00 -2.123315995594509342e+00 0.000000000000000000e+00
5.626155290296556366e+00 -5.673517687299947099e+00 0.000000000000000000e+00
-1.346959853884871450e+01 -4.230657764283002109e+00 0.000000000000000000e+00
3.463464434204461817e+00 -9.340193070739180925e+00 0.000000000000000000e+00
-1.019350560919492776e-01 1.784981658744551947e+00 0.000000000000000000e+00
-6.261424175720609053e-01 -1.481486466783229794e+01 0.000000000000000000e+00
-1.390647224516505531e+01 9.952768623653136970e+00 0.000000000000000000e+00
-1.048655440444358788e+01 -1.398849403492200238e+01 0.000000000000000000e+00
1.317611060686108448e+00 -1.523489786726876627e+00 0.000000000000000000e+00
8.279469344068861147e+00 -2.475553501259850631e+00 0.000000000000000000e+00
-3.710114076849491571e+00 9.180645335939443541e+00 0.000000000000000000e+00
-4.889898121928722752e+00 3.018935331446744197e+00 0.000000000000000000e+00
9.227726851647849671e+00 -1.429577697408514503e+01 0.000000000000000000e+00
-2.737705981871978889e+00 1.717437301177400855e+01 0.000000000000000000e+00
1.307323181041128457e+01 2.111753006308694225e+00 0.000000000000000000e+00
-3.701416871295463373e+00 -3.762963441555020605e+00 0.000000000000000000e+00
-1.221119589462114163e+01 1.418052984378860293e+00 0.000000000000000000e+00
-5.371439291568592900e+00 -9.514249318477011386e+00 0.000000000000000000e+00
4.643359091315937270e+00 -2.045507864577861046e+00 0.000000000000000000e+00
1.259345676900714039e+01 7.073651625106817775e+00 0.000000000000000000e+00
1.038447772386250101e+01 -5.326369152494605075e+00 0.000000000000000000e+00
-7.704043836500534148e+00 -6.906443366210073265e+00 0.000000000000000000e+00
4.938846006170712677e+00 5.450131734620938806e-01 0.000000000000000000e+00
-1.265527407954784245e+01 7.645887318619482897e+00 0.000000000000000000e+00
-1.726117754344415189e+01 7.619814922988209505e-01 0.000000000000000000e+00
-1.524505919179436830e+01 -4.278475445312753145e+00 0.000000000000000000e+00
1.755161530088658495e+00 2.329958139850469845e+00 0.000000000000000000e+00
