-7.511222295523285464e-01 1.179106370836945850e+01 0.000000000000000000e+00
-1.113961039089716554e+00 1.935102998395254348e+00 0.000000000000000000e+00
-2.863074363717562854e+00 9.081487165275600404e+00 0.000000000000000000e+00
7.490636492835639260e+00 1.602578677591627754e+00 0.000000000000000000e+00
1.463048834505579876e+01 8.467702260919319102e+00 0.000000000000000000e+00
1.000182111536266838e+01 -9.671607926562112212e+00 0.000000000000000000e+00
5.846881948309763821e+00 -6.611267284732081251e+00 0.000000000000000000e+00
-6.555898309296516402e+00 1.202097294403955985e+01 0.000000000000000000e+00
7.397295397534439765e+00 -1.281783119804139659e+01 0.000000000000000000e+00
1.260213073775105030e+01 -1.071300020658132901e+01 0.000000000000000000e+00
-6.537602857164589665e+00 1.586032533789471799e+01 0.000000000000000000e+00
8.908829331118910844e+00 2.975922699697434393e+00 0.000000000000000000e+00
1.833385386117723836e+00 9.831588695361318742e+00 0.000000000000000000e+00
1.220171211503111586e+00 -1.482278626779461561e+01 0.000000000000000000e+00
-1.327795934071457395e+01 5.197304382780204790e+00 0.000000000000000000e+00
1.170860257499976909e+00 1.348054737371969303e+01 0.000000000000000000e+00
-4.101017252032781002e+00 -1.380712139758666623e+01 0.000000000000000000e+00
5.029293396648792935e+00 -8.434554105741383978e+00 0.000000000000000000e+00
-1.165536749520375537e+01 -1.142011343245222577e+01 0.000000000000000000e+00
-5.035919291599332936e+00 8.546090594727862921e+00 0.000000000000000000e+00
9.216626839759987533e+00 1.139081652173656067e+01 0.000000000000000000e+00
-1.454156926339670086e+01 3.448568277796729475e+00 0.000000000000000000e+00
1.135656985220695425e+01 1.212510617039535221e+00 0.000000000000000000e+00
1.705118310761117195e+00 -1.224338654922020098e+01 0.000000000000000000e+00
5.382794159978198323e+00 1.441949944443491383e+01 0.000000000000000000e+00
-1.365979404321763013e+01 -3.194998703474638102e+00 0.000000000000000000e+00
9.413362318472978885e+00 -4.550185792609022783e+00 0.000000000000000000e+00
-4.941213688733416820e-01 3.895784036345806278e+00 0.000000000000000000e+00
-1.520054087188861480e+01 -8.497654497032426590e+00 0.000000000000000000e+00
-2.891006655477242226e+00 -4.541871261176397390e+00 0.000000000000000000e+00
5.144910478277688881e+00 2.287982986883517200e-01 0.000000000000000000e+00
1.296683605147609519e+01 -8.408655455599090445e+00 0.000000000000000000e+00
9.314477093570928901e+00 8.703110469116918324e+00 0.000000000000000000e+00
-5.627747155452195171e-01 1.328408621237594645e+01 0.000000000000000000e+00
5.162305551860034036e+00 -1.481576636520379431e+01 0.000000000000000000e+00
-8.822373556220174606e+00 -4.428814896859800676e-01 0.000000000000000000e+00
2.146599109132570238e+00 2.486112480586356366e+00 0.000000000000000000e+00
-4.409437005326852344e+00 4.171067106534152913e+00 0.000000000000000000e+00
-1.825336295713108070e+00 5.692876907908211770e+00 0.000000000000000000e+00
-1.356868740648603833e+01 -5.818316699525247770e+00 0.000000000000000000e+00
6.936687579607990761e-01 -7.290236876004340338e+00 0.000000000000000000e+00
-4.277270210514156012e+00 1.226751118467108981e+01 0.000000000000000000e+00
9.077261488697182301e+00 -2.038740113117984531e+00 0.000000000000000000e+00
-5.326663072118010156e+00 -1.561353568209874787e+01 0.000000000000000000e+00
3.978399161536662731e+00 1.567238885207859056e+01 0.000000000000000000e+00
3.766573662815736245e+00 4.443533411239164010e+00 0.000000000000000000e+00
3.785001727975088492e+00 -3.127093749820888391e+00 0.000000000000000000e+00
1.427201270493566909e+01 -6.962421090906650178e+00 0.000000000000000000e+00
-3.649361750744997690e-01 -8.792632281910606196e+00 0.000000000000000000e+00
-1.235547644375415466e+01 -7.117329773601413834e+00 0.000000000000000000e+00
8.523699193715504663e+00 1.401934735271668941e+01 0.000000000000000000e+00
1.682703885873975835e+01 -9.019573289298775665e-01 0.000000000000000000e+00
-5.806928661883667075e+00 -1.179332143533936694e+01 0.000000000000000000e+00
-9.623916695610573058e+00 -1.041893344562377521e+01 0.000000000000000000e+00
1.426313759802141057e+01 3.192439709779895551e+00 0.000000000000000000e+00
-1.351165817248921108e+01 2.480472024100838571e-02 0.000000000000000000e+00
-3.769803793254637991e+00 6.314452821430132978e+00 0.000000000000000000e+00
-2.373013253893773378e+00 -1.008080394699497973e+01 0.000000000000000000e+00
-3.625992731836781058e+00 7.701750708936014878e-01 0.000000000000000000e+00
-8.743363757218824972e+00 1.096295396813984269e+01 0.000000000000000000e+00
5.957358030600423682e+00 8.155867951762489909e+00 0.000000000000000000e+00
-1.515604234109751403e+01 5.620187332077348330e+00 0.000000000000000000e+00
1.029385035781726643e+01 -5.608026025762853362e-01 0.000000000000000000e+00
1.285743659530186456e+01 -1.490771475370244126e+00 0.000000000000000000e+00
2.431599306517465031e+00 -4.401655374817885047e+00 0.000000000000000000e+00
3.802976709780917730e+00 -5.351592162128905983e+00 0.000000000000000000e+00
-4.077763737976347058e-01 -8.231797635210609254e-01 0.000000000000000000e+00
1.530868633069660945e+01 -2.500701803571904414e+00 0.000000000000000000e+00
-6.229905567741070627e+00 9.536421382242751932e+00 0.000000000000000000e+00
-3.110240456029267797e+00 -6.124957302485131372e+00 0.000000000000000000e+00
-7.891601706180385811e+00 -5.846390311899775760e+00 0.000000000000000000e+00
4.733650216250990361e+00 9.033471006257135727e+00 0.000000000000000000e+00
1.142562843999279565e+01 8.114401040772781570e+00 0.000000000000000000e+00
7.224805430421073815e+00 -2.242684467787925851e+00 0.000000000000000000e+00
1.441424781504905273e+00 1.713795154693216460e+01 0.000000000000000000e+00
-2.062284022668690486e+00 1.458459414887996353e+01 0.000000000000000000e+00
6.770023754004891536e+00 1.098776090728489230e+01 0.000000000000000000e+00
-1.293991080811157168e+01 9.734960586443724750e+00 0.000000000000000000e+00
5.933647564547731790e+00 6.460854874489499799e+00 0.000000000000000000e+00
8.901892022280703642e+00 -1.134843270994402431e+01 0.000000000000000000e+00
-9.143909063425724071e+00 3.555689958590950273e+00 0.000000000000000000e+00
-1.167253821653868862e+01 7.918472499660856201e+00 0.000000000000000000e+00
-1.066990346814902679e+01 3.843797319795396739e-01 0.000000000000000000e+00
1.111284132009272163e+01 -4.034472262385103924e+00 0.000000000000000000e+00
-6.325326153510213878e+00 1.353197760258078652e+01 0.000000000000000000e+00
-1.332466453871796741e+00 -4.578514959528051875e+00 0.000000000000000000e+00
-7.439350843974941618e+00 3.368605947723375404e+00 0.000000000000000000e+00
-1.394890105249405643e+01 6.861915759783179247e+00 0.000000000000000000e+00
1.752469737066806532e+00 -8.392913961768376785e-01 0.000000000000000000e+00
3.055832674723765852e+00 -1.065874185116042661e+01 0.000000000000000000e+00
3.809272416182586607e+00 1.390731185735444342e+01 0.000000000000000000e+00
2.209373171626959120e+00 4.684384409410710326e+00 0.000000000000000000e+00
1.579242288922229775e+01 6.630160101664430705e-01 0.000000000000000000e+00
-7.911363625192874061e+00 -1.171163108639158956e+01 0.000000000000000000e+00
8.511557966189672308e-01 1.157721045018732298e+01 0.000000000000000000e+00
5.683706742106983789e+00 -1.039074753324549505e+01 0.000000000000000000e+00
1.030112157866527589e+01 1.289635832532424864e+01 0.000000000000000000e+00
-4.625434503492050986e+00 1.511953492684661171e+01 0.000000000000000000e+00
7.356661428997499641e+00 -4.520375066199918024e+00 0.000000000000000000e+00
-2.981168365346601234e+00 1.645797393713526446e+01 0.000000000000000000e+00
1.057006719375592318e+01 4.862040731336977117e+00 0.000000000000000000e+00
1.515668084442334695e+01 -5.116897631936041080e+00 0.000000000000000000e+00
-8.814981138614903955e+00 -1.436416778124809390e+01 0.000000000000000000e+00
4.317128418760633579e+00 7.143574976655209241e+00 0.000000000000000000e+00
8.769752200905028161e+00 -7.041863164977452350e+00 0.000000000000000000e+00
-5.026005875271372325e+00 2.797656389195698701e+00 0.000000000000000000e+00
6.153499746398157555e+00 4.745291154499296837e+00 0.000000000000000000e+00
-1.873022360960770349e+00 -2.594106556008880293e+00 0.000000000000000000e+00
-3.825470322327331196e-01 -1.140612885725451875e+01 0.000000000000000000e+00
-3.043166274099031732e+00 1.137100275438431218e+01 0.000000000000000000e+00
4.263611637394429388e-01 7.214759130000244269e+00 0.000000000000000000e+00
6.776077693118026657e-01 2.159105412613556929e+00 0.000000000000000000e+00
-8.865363543419670478e+00 1.461185596817484500e+00 0.000000000000000000e+00
1.494950860786385149e+01 5.975238645020894523e+00 0.000000000000000000e+00
1.110850156393635579e+01 -1.327849037785158082e+01 0.000000000000000000e+00
-3.510391733476792009e+00 -8.164047601184554637e+00 0.000000000000000000e+00
6.853830340331477977e+00 1.305338428704074616e+01 0.000000000000000000e+00
-1.534452996561340754e+01 7.799609467826116749e+00 0.000000000000000000e+00
-3.876277335486089104e-01 8.749788030665222038e+00 0.000000000000000000e+00
1.122030000736495303e+01 3.197890285592367654e+00 0.000000000000000000e+00
-1.098145228797146444e+01 -6.388334090307390412e+00 0.000000000000000000e+00
1.188014687638946754e+01 1.131638542895603194e+01 0.000000000000000000e+00
3.578271856107726911e+00 -1.345200457553011297e+01 0.000000000000000000e+00
1.139947124014874191e+01 -1.180556005463867919e+01 0.000000000000000000e+00
1.276682468462721509e+01 4.090308232713168124e+00 0.000000000000000000e+00
-5.290554005177813934e+00 -9.072786114420450687e+00 0.000000000000000000e+00
-5.211723402806295091e+00 -2.423738848695907055e+00 0.000000000000000000e+00
1.339115265568302426e+01 7.048677729892749433e+00 0.000000000000000000e+00
-5.305879997748398358e-01 -1.626933311091845979e+01 0.000000000000000000e+00
3.950113915444267931e+00 -1.193340053018140168e+01 0.000000000000000000e+00
-1.223601847987257329e+01 -1.003651662105711750e+01 0.000000000000000000e+00
2.524755974254948576e+00 1.469773020139320607e+01 0.000000000000000000e+00
6.129405202543258824e+00 1.601071536543384255e+01 0.000000000000000000e+00
-5.194468104871947212e+00 -6.188644874632633908e+00 0.000000000000000000e+00
-1.028920191028317710e+01 1.097948298074329010e+01 0.000000000000000000e+00
1.668994783684232885e+01 1.970211407248973368e+00 0.000000000000000000e+00
-1.541056119233825505e+01 -5.758211483692025290e+00 0.000000000000000000e+00
-8.349302617436270779e+00 -8.564147803487363930e+00 0.000000000000000000e+00
7.626143949643195086e+00 7.477427110144315492e+00 0.000000000000000000e+00
-7.245417107412064794e+00 5.830474050662751040e+00 0.000000000000000000e+00
-3.647515065112654664e+00 -1.545028747921372947e+01 0.000000000000000000e+00
3.528889481814186269e+00 -8.994883627373587487e+00 0.000000000000000000e+00
-6.350608776862670446e+00 -3.894117774622662065e+00 0.000000000000000000e+00
-1.213673165024374612e+01 -1.865090722386062660e+00 0.000000000000000000e+00
8.285959336855622581e+00 6.052693959711259453e+00 0.000000000000000000e+00
1.444128015177373925e+01 -3.513449638972188094e-01 0.000000000000000000e+00
1.225627107865723886e+01 -6.340431971950124534e+00 0.000000000000000000e+00
-1.707393923335902386e+01 2.139402887997814418e+00 0.000000000000000000e+00
8.467522104852799103e+00 9.988113921203147783e+00 0.000000000000000000e+00
1.375858575520275906e+01 1.017768515412324604e+01 0.000000000000000000e+00
-2.138319705779415436e+00 1.307805963179958475e+01 0.000000000000000000e+00
-1.679362604996678598e+01 4.307717987648015168e+00 0.000000000000000000e+00
2.790330240987985544e+00 1.154130254465285077e+01 0.000000000000000000e+00
-1.054833137527281117e+01 6.156352171069026546e+00 0.000000000000000000e+00
-1.732034418162562872e+01 -8.567918911525508330e-01 0.000000000000000000e+00
-8.164915341389480830e+00 1.280761818799417817e+01 0.000000000000000000e+00
7.502047077460187730e+00 -6.077779801287740646e+00 0.000000000000000000e+00
-3.400417556711007316e-01 -1.379156984934132879e+01 0.000000000000000000e+00
2.553676645021381919e+00 5.848238652102636381e-01 0.000000000000000000e+00
1.172403590373334659e+01 9.601009051751884016e+00 0.000000000000000000e+00
-9.089302798159485164e+00 -3.222870311368890128e+00 0.000000000000000000e+00
-7.479857087968702523e+00 -1.316156600948334621e+01 0.000000000000000000e+00
1.479103602670639672e+00 -9.677544015216367868e+00 0.000000000000000000e+00
-1.554324421920828669e+01 -1.400459324820757967e+00 0.000000000000000000e+00
1.073377972268774627e+01 -2.367488333365145969e+00 0.000000000000000000e+00
-7.387961650013809667e+00 8.279614975764609142e+00 0.000000000000000000e+00
-1.105078910384360569e+01 -8.479115998915759178e+00 0.000000000000000000e+00
-1.143221230960595314e+01 -1.312395707986879501e+01 0.000000000000000000e+00
1.008485192898101701e+01 -6.265810381705130716e+00 0.000000000000000000e+00
5.308552049205948364e+00 3.127881805829620721e+00 0.000000000000000000e+00
1.142471235229175486e+00 1.537609948817464911e+01 0.000000000000000000e+00
-1.118314171108388067e+01 9.671529769928049802e+00 0.000000000000000000e+00
9.866800435683192205e+00 -8.168076100308404364e+00 0.000000000000000000e+00
3.183941597464861495e+00 8.788721828718047746e+00 0.000000000000000000e+00
2.621302994024303779e+00 6.365312272526892912e+00 0.000000000000000000e+00
-3.469386924662311689e+00 -3.113708621115077957e+00 0.000000000000000000e+00
1.242847507678126284e+01 -1.196370822535143368e-02 0.000000000000000000e+00
7.276667835375617344e+00 -1.015708176611887481e+01 0.000000000000000000e+00
3.857406640211911597e+00 2.276479416849257476e+00 0.000000000000000000e+00
-7.226962172726499212e+00 -1.586499135231702162e+01 0.000000000000000000e+00
-6.948554460889000417e+00 1.135818825307300273e+00 0.000000000000000000e+00
3.071154743818914845e+00 -1.660557604325488867e+01 0.000000000000000000e+00
-3.243547703315015962e+00 2.896906199851130292e+00 0.000000000000000000e+00
-1.163751468155296642e+01 2.592881210986301532e+00 0.000000000000000000e+00
-5.392493127611077242e+00 -9.483074323263861183e-02 0.000000000000000000e+00
-1.706135730596002098e+00 -1.497721448171613723e+01 0.000000000000000000e+00
-1.017565739186104246e+01 7.672863485496388414e+00 0.000000000000000000e+00
6.699313888720069166e+00 -1.506074358015114711e+01 0.000000000000000000e+00
1.134739896825042571e+01 -8.587229741286947160e+00 0.000000000000000000e+00
-1.917260447964312942e+00 -1.285531580156838594e+01 0.000000000000000000e+00
8.296237264059037386e+00 -8.797539544499770159e+00 0.000000000000000000e+00
-1.177494662665123570e+01 -3.516068740642017243e+00 0.000000000000000000e+00
-1.290782635956403013e+01 1.441784464382906306e+00 0.000000000000000000e+00
2.641588765068071942e-01 -4.074847781527400237e+00 0.000000000000000000e+00
-7.046344817904547142e+00 -1.002762342544872354e+01 0.000000000000000000e+00
-5.998325306352088049e+00 7.392284512906985405e+00 0.000000000000000000e+00
9.582957117623966070e+00 6.834105027115504605e+00 0.000000000000000000e+00
-1.618933988418142889e+01 1.842627440543678219e-01 0.000000000000000000e+00
7.556452631371699979e+00 -1.931506884302567617e-01 0.000000000000000000e+00
-1.429811196790028482e+01 -1.000462340977464670e+01 0.000000000000000000e+00
-9.026778317169913413e-01 -6.525591478468309781e+00 0.000000000000000000e+00
4.100865848136093228e-01 5.391492675632100884e+00 0.000000000000000000e+00
7.054264889359466828e+00 9.371403483920568434e+00 0.000000000000000000e+00
-1.490800831805411342e+01 1.606236996704428321e+00 0.000000000000000000e+00
-2.467046910428539075e+00 -1.685131781918630978e+01 0.000000000000000000e+00
-7.159687878193223831e+00 -9.486364977308677782e-01 0.000000000000000000e+00
-9.491026922896654838e+00 -6.858985218732486011e+00 0.000000000000000000e+00
1.299329344214223880e+01 1.544664628717634880e+00 0.000000000000000000e+00
-4.306173564014814659e+00 1.033195470095574287e+01 0.000000000000000000e+00
1.612360683728095978e+01 -6.463165621963713470e+00 0.000000000000000000e+00
-9.749671262077127309e+00 1.351175635899406657e+01 0.000000000000000000e+00
4.326242590746875116e+00 1.074989876104204178e+01 0.000000000000000000e+00
9.777628398093312967e+00 -1.439793770139205975e+01 0.000000000000000000e+00
1.462906218289592353e+01 1.679795061721750749e+00 0.000000000000000000e+00
1.373760644630510264e+01 -2.848395899086674454e+00 0.000000000000000000e+00
7.605660777693655561e+00 4.090690801667195231e+00 0.000000000000000000e+00
-6.106137443543001586e-01 1.553045977111998255e+01 0.000000000000000000e+00
1.020335825276817410e+01 1.005555622504449786e+01 0.000000000000000000e+00
-5.597274697237619279e+00 -1.341948021848796557e+01 0.000000000000000000e+00
5.483265765953517779e+00 -3.024811228903193427e+00 0.000000000000000000e+00
-1.039838677001844225e+01 -4.763979583585839173e+00 0.000000000000000000e+00
1.447822820011828426e+01 -8.470330589130588450e+00 0.000000000000000000e+00
-6.433128545964749812e+00 -7.510412112016307873e+00 0.000000000000000000e+00
1.305195018282496733e+00 -5.582091740092799625e+00 0.000000000000000000e+00
-5.419052679618181045e+00 5.817873909510656638e+00 0.000000000000000000e+00
1.346189471477711486e+01 -5.133179582063403856e+00 0.000000000000000000e+00
-1.279430859025810641e+01 1.156648544074151097e+01 0.000000000000000000e+00
5.819088314425772346e+00 -1.259223226835397647e+01 0.000000000000000000e+00
-1.763223489466251959e+00 7.767277271003091066e+00 0.000000000000000000e+00
-1.164248323088061632e+01 4.300012759110108718e+00 0.000000000000000000e+00
-1.527528597732718119e+01 -4.233589391074608521e+00 0.000000000000000000e+00
-3.658737225830634987e+00 -1.191786833064655937e+01 0.000000000000000000e+00
-3.828085120995965873e+00 -9.692090082139495522e+00 0.000000000000000000e+00
6.782807095249315799e-02 7.240012697847039158e-01 0.000000000000000000e+00
-4.788755161531651261e+00 1.662080719604118784e+01 0.000000000000000000e+00
-1.976633651314261275e-01 -2.338689383794212429e+00 0.000000000000000000e+00
1.538248902102872462e+00 -1.662352406205135225e+01 0.000000000000000000e+00
1.546103116991260240e+00 8.287402703404955773e+00 0.000000000000000000e+00
3.354387641003729659e+00 -1.495375027093641407e+01 0.000000000000000000e+00
1.652043671728068119e+01 5.673447223287666930e+00 0.000000000000000000e+00
4.224066143039199694e+00 -1.236164193964030877e+00 0.000000000000000000e+00
1.648694828201672635e+01 3.805168648971722689e+00 0.000000000000000000e+00
-4.595825264668414789e+00 -4.522884992776030622e+00 0.000000000000000000e+00
-8.870679881719560456e+00 6.821369520056056679e+00 0.000000000000000000e+00
-8.327198526949995738e+00 1.481456043216515184e+01 0.000000000000000000e+00
3.900740753819808226e+00 -7.264394020831199228e+00 0.000000000000000000e+00
-9.305640433597206496e+00 9.430555119626488292e+00 0.000000000000000000e+00
1.834057244261685815e+00 -2.473904709815945679e+00 0.000000000000000000e+00
6.606879414753086266e+00 -8.320867594968980541e+00 0.000000000000000000e+00
8.334707906934330168e+00 -1.508165624252572456e+01 0.000000000000000000e+00
9.583810249653961222e+00 9.059030364425011417e-01 0.000000000000000000e+00
-1.204459717439493893e+01 -5.009903889811971212e+00 0.000000000000000000e+00
-2.029162942292311644e+00 4.063308730916284084e+00 0.000000000000000000e+00
-2.496712439192186217e+00 -7.573217454443983421e-01 0.000000000000000000e+00
-1.960654232563077803e+00 -8.077069262532102556e+00 0.000000000000000000e+00
-9.547675915495331012e+00 -1.200489223920979676e+01 0.000000000000000000e+00
