1.967202104235702631e+00 -1.743968489374617459e+00 0.000000000000000000e+00
-4.167640825460066090e+00 6.108620481570321559e+00 0.000000000000000000e+00
2.873439243846195090e+00 8.355776317090223060e+00 0.000000000000000000e+00
-9.248502755554932619e+00 6.712645875165200948e+00 0.000000000000000000e+00
-1.251817961670105284e+01 -7.565639175513415360e+00 0.000000000000000000e+00
1.088091401622705456e+00 -9.677928044643987704e+00 0.000000000000000000e+00
-5.794051186402158216e+00 1.559022359108106492e+01 0.000000000000000000e+00
-1.737998057574651423e+00 1.298288717914909407e+00 0.000000000000000000e+00
-1.515669728908281044e+01 8.298359758622039450e+00 0.000000000000000000e+00
7.058531953479905141e+00 -5.182152757594135073e-01 0.000000000000000000e+00
7.226361511004074645e-01 -1.346222616001958983e+01 0.000000000000000000e+00
-4.871426409871587815e+00 8.181183464605100042e+00 0.000000000000000000e+00
5.811654492516762360e+00 -1.497211560310501888e+01 0.000000000000000000e+00
7.170254661875107516e+00 -2.033461775947860151e+00 0.000000000000000000e+00
1.500577467628971462e+01 -5.840085774561231347e+00 0.000000000000000000e+00
2.221373034741791930e+00 -3.920609272331326167e+00 0.000000000000000000e+00
5.359419046032553702e+00 -8.014350106610837798e+00 0.000000000000000000e+00
-1.359415668909738351e+01 -8.921064309690024174e+00 0.000000000000000000e+00
-2.513788421793838324e-01 -4.907105246375726537e+00 0.000000000000000000e+00
9.188450461492335464e+00 -3.723256316295533885e+00 0.000000000000000000e+00
-8.140645897770875550e+00 -1.440026421938044310e-01 0.000000000000000000e+00
1.792234182061770653e+01 1.246973974580920075e+00 0.000000000000000000e+00
-6.818784937340385710e+00 9.442401830766995019e+00 0.000000000000000000e+00
1.002241270561186326e+01 5.420867869297993025e+00 0.000000000000000000e+00
3.299562999865009338e+00 -1.765848229799999558e+01 0.000000000000000000e+00
8.180126058185138049e+00 1.444083962749408201e+01 0.000000000000000000e+00
-1.085453067176107744e+01 9.604112034306275802e+00 0.000000000000000000e+00
-3.888534442120123558e+00 1.911576106474527581e+00 0.000000000000000000e+00
-1.013373202123213090e+01 -1.219669692050550935e+01 0.000000000000000000e+00
-5.234044756647149299e+00 -1.664665029365285420e+01 0.000000000000000000e+00
1.206261979810527052e+01 -7.815228162151228730e+00 0.000000000000000000e+00
6.451530016999018180e+00 1.111704555669136951e+00 0.000000000000000000e+00
-1.130212295945516976e+00 -1.647006586017265306e+01 0.000000000000000000e+00
1.383357184244977844e+01 -4.425989909508301623e-01 0.000000000000000000e+00
1.187867785085507721e+00 8.797574234420435957e+00 0.000000000000000000e+00
-3.551237334813289959e+00 9.605030563988769643e+00 0.000000000000000000e+00
2.576637566380747923e+00 1.701265085730661752e+01 0.000000000000000000e+00
-5.098778896585456799e+00 -2.374752407498815554e+00 0.000000000000000000e+00
1.047761136183770425e+01 -6.878275245387994730e+00 0.000000000000000000e+00
-7.548465041616352345e+00 -1.029662599068255346e+01 0.000000000000000000e+00
2.917976296581699103e+00 -1.127024594446892181e+01 0.000000000000000000e+00
1.625694870546806214e+01 3.286205883692419949e+00 0.000000000000000000e+00
1.495880061134970873e+01 -3.713814149476751592e+00 0.000000000000000000e+00
5.153506809915638698e+00 -1.696088879775803093e+01 0.000000000000000000e+00
-3.497631747981546191e+00 1.112702117947269365e+01 0.000000000000000000e+00
9.405192646573977910e+00 -9.522275821250177685e+00 0.000000000000000000e+00
4.383468279697405379e+00 1.405134454928294829e+01 0.000000000000000000e+00
-1.322900670503415377e+01 -3.541478871792864247e+00 0.000000000000000000e+00
1.121921382592467609e+01 -9.132931404467313996e+00 0.000000000000000000e+00
-3.980391214241625342e-01 2.519570663478979622e+00 0.000000000000000000e+00
9.812892781358334204e+00 -1.812340270624530847e+00 0.000000000000000000e+00
6.143152203306149195e-01 4.101270903052495198e-01 0.000000000000000000e+00
1.530973257355103812e+01 6.640409315776174104e+00 0.000000000000000000e+00
1.234808767096504845e+01 9.725575487207253289e+00 0.000000000000000000e+00
-9.736105261460048510e+00 1.193158245912127136e+01 0.000000000000000000e+00
-6.084033682685872080e+00 -1.098938218533734812e+01 0.000000000000000000e+00
-1.704398395548381018e+01 7.675238240891101960e+00 0.000000000000000000e+00
8.215865977054571445e+00 4.843512937090101111e+00 0.000000000000000000e+00
5.270873650155013301e+00 1.028061915166613005e+01 0.000000000000000000e+00
1.490256475724961449e+00 4.736919257728720467e+00 0.000000000000000000e+00
4.646405756704738543e+00 4.457741672492912421e+00 0.000000000000000000e+00
1.354489464561916767e+00 -1.678768310785709872e+01 0.000000000000000000e+00
-8.942230574784193919e+00 -7.495276004147852333e+00 0.000000000000000000e+00
-1.819908451316906906e+01 -5.985748406874756844e-01 0.000000000000000000e+00
-6.021895976956614938e+00 -5.262459584209091545e+00 0.000000000000000000e+00
-1.642344526317421582e+01 2.792969174774124763e+00 0.000000000000000000e+00
1.252429741247274286e+01 1.262633753911926604e+01 0.000000000000000000e+00
1.146303928693557772e+01 -5.297607880585903928e+00 0.000000000000000000e+00
5.949124199825302384e+00 8.061287833724684049e+00 0.000000000000000000e+00
7.350344924488139142e+00 1.639415153692813831e+01 0.000000000000000000e+00
-1.306559732807584417e+01 2.297885544569441940e+00 0.000000000000000000e+00
1.365501628659173150e+01 2.139559871477211495e+00 0.000000000000000000e+00
1.522009025788569003e+00 3.065627932231520525e+00 0.000000000000000000e+00
-4.479768208609360869e+00 -1.196812292258683286e+01 0.000000000000000000e+00
-8.035506493759458024e+00 -1.256437977457653687e+01 0.000000000000000000e+00
7.934935361729191783e+00 1.189448989675395296e+01 0.000000000000000000e+00
-1.280228238952831177e+01 1.053635452191780253e+01 0.000000000000000000e+00
-1.142945905392546102e+01 -1.016287042665497786e+01 0.000000000000000000e+00
3.852443915895814586e-01 -6.430826488137575403e+00 0.000000000000000000e+00
-1.594046913360551621e+01 8.555652876650639005e-01 0.000000000000000000e+00
2.261988706877938071e+00 6.907231144511206011e+00 0.000000000000000000e+00
6.263147457277167263e+00 -1.121205116275914726e+01 0.000000000000000000e+00
-1.640360431784674233e+01 -1.546973001935861625e+00 0.000000000000000000e+00
1.483353464246451381e+01 8.964585331712673355e-01 0.000000000000000000e+00
-1.625934943792728626e+00 -7.218985001438282367e+00 0.000000000000000000e+00
2.838713043944845804e+00 1.037034122765488320e+01 0.000000000000000000e+00
-1.105419205601061705e+01 -1.386834472301394960e+01 0.000000000000000000e+00
-7.606687104606845828e+00 1.733986810590227279e+01 0.000000000000000000e+00
-1.394615483049764215e+01 7.403481226684113459e+00 0.000000000000000000e+00
4.146795667543559105e+00 1.762455427347006420e+01 0.000000000000000000e+00
-1.164083908502316911e+00 1.578489320536327334e+01 0.000000000000000000e+00
-1.820836255942811022e+01 4.611872804134763193e+00 0.000000000000000000e+00
3.581211691532616648e+00 3.368876906900516666e+00 0.000000000000000000e+00
1.467107951068810578e+01 5.033157684944021604e+00 0.000000000000000000e+00
-6.531585885472279251e+00 1.107025607822079571e+01 0.000000000000000000e+00
-2.667157300568225420e+00 -5.873253573643522074e+00 0.000000000000000000e+00
-1.332795203794755601e+01 -1.306560739796091219e+01 0.000000000000000000e+00
-6.147893062818643450e+00 -8.278833565419228435e+00 0.000000000000000000e+00
-6.544598751174899309e-01 1.060180590426278435e+01 0.000000000000000000e+00
7.492371072483387628e+00 -1.003197094581086546e+01 0.000000000000000000e+00
3.731182197589182348e+00 -9.208559248955703325e+00 0.000000000000000000e+00
-1.135031018379100942e+01 -6.342777965419356789e+00 0.000000000000000000e+00
-1.378522666686011178e+01 -6.216085229979552373e+00 0.000000000000000000e+00
-5.514515461730082890e-01 -1.785832389900578221e+01 0.000000000000000000e+00
1.865883672908739044e+01 -1.376697478140869624e+00 0.000000000000000000e+00
1.057303567112894882e+01 -1.510996289602088005e+01 0.000000000000000000e+00
7.104486724578652712e+00 1.006196486775495558e+01 0.000000000000000000e+00
-2.924906813046652232e+00 7.719647541162401316e-02 0.000000000000000000e+00
7.633109236559913136e+00 -1.485683746051122611e+01 0.000000000000000000e+00
-9.370057321237622361e+00 -3.103181235083978251e+00 0.000000000000000000e+00
5.397976613348458130e+00 2.762187452327389714e+00 0.000000000000000000e+00
1.225416890004781933e+01 6.473631618034499269e+00 0.000000000000000000e+00
-6.788329643635838018e+00 -1.537194576707255855e+01 0.000000000000000000e+00
-9.686024073764601949e-01 3.988784494299694394e+00 0.000000000000000000e+00
-1.086466486974522994e+01 -6.913187385687995512e-01 0.000000000000000000e+00
-7.293197256338271650e+00 1.314974619193700711e+01 0.000000000000000000e+00
-7.665881322275724941e+00 -4.996909249828935806e+00 0.000000000000000000e+00
-6.657729231282658588e+00 3.929990548892231317e+00 0.000000000000000000e+00
-1.466047012010134054e+01 1.179360528080957060e+01 0.000000000000000000e+00
1.363587417976909144e+01 -1.066612863121249433e+01 0.000000000000000000e+00
1.259214927723909128e+01 -1.418265848375139981e+01 0.000000000000000000e+00
1.780294262528311933e+01 -3.243204066169690591e+00 0.000000000000000000e+00
5.797541388813643337e+00 -1.397973831821236246e+00 0.000000000000000000e+00
-6.127118208292499979e+00 -1.183994773063457240e+00 0.000000000000000000e+00
8.129139251539006850e+00 -6.890508363314907569e+00 0.000000000000000000e+00
9.954962167635272863e+00 6.354516101472652556e-01 0.000000000000000000e+00
1.029620600016706716e-01 1.755097911873637173e+01 0.000000000000000000e+00
5.598643938816490362e+00 -1.277030658573196398e+01 0.000000000000000000e+00
5.695294013434328839e-01 6.904152524055460205e+00 0.000000000000000000e+00
-5.138489039630832700e+00 1.226245714257422570e+01 0.000000000000000000e+00
-1.426960364341940846e+00 -1.457932616557107330e+01 0.000000000000000000e+00
-7.223666197841732695e-01 -1.004054861902219109e+01 0.000000000000000000e+00
-1.257807859050383392e+01 4.153719059580838646e+00 0.000000000000000000e+00
5.336493119049752210e+00 -6.253455534464633203e+00 0.000000000000000000e+00
7.355919981978800593e+00 7.107444976906736045e+00 0.000000000000000000e+00
1.055615199186759412e+01 1.370736282842281284e+01 0.000000000000000000e+00
2.402647013466881809e+00 -7.570199232175337301e+00 0.000000000000000000e+00
-3.165915819876531589e+00 1.583839861686753459e+01 0.000000000000000000e+00
-1.115992796919970509e+01 2.364618639404005407e+00 0.000000000000000000e+00
3.272891488246620462e+00 -1.555198820676117677e+01 0.000000000000000000e+00
-1.615208173276782233e+01 -3.589353381649331709e+00 0.000000000000000000e+00
1.308483570624867021e+01 -1.922808246388254760e+00 0.000000000000000000e+00
1.709800793387703166e+01 6.407527560695938540e+00 0.000000000000000000e+00
4.015371333698928957e+00 6.701987688804382337e+00 0.000000000000000000e+00
1.130393478403683893e+01 -5.632370579122831789e-01 0.000000000000000000e+00
-1.307844038609059290e+01 -1.034871179927643858e+01 0.000000000000000000e+00
-1.637287147945412968e+00 1.366516911538282564e+01 0.000000000000000000e+00
1.022078923873388057e+01 1.001125298909565764e+01 0.000000000000000000e+00
-4.324560382627227639e+00 -7.325594211208056095e+00 0.000000000000000000e+00
-1.814973846095593535e+00 1.746548535005206659e+01 0.000000000000000000e+00
3.792953334150451106e+00 -1.405526163397306405e+01 0.000000000000000000e+00
-7.613358883900639640e+00 6.453167330027863358e+00 0.000000000000000000e+00
8.921237360048930753e+00 8.528721924942830768e+00 0.000000000000000000e+00
-8.827200968107616674e+00 1.729105304839577473e+00 0.000000000000000000e+00
-1.187496305542118691e+01 1.376650886883294156e+01 0.000000000000000000e+00
-1.029439589907633668e+01 -1.545959222622441764e+01 0.000000000000000000e+00
5.994451935695938261e+00 6.301697265811831095e+00 0.000000000000000000e+00
-2.150511280483827115e+00 9.014187556042593030e+00 0.000000000000000000e+00
-8.791130673238962245e+00 -1.550560012124231868e+01 0.000000000000000000e+00
-2.675469376957533729e+00 -1.033420275197350513e+01 0.000000000000000000e+00
1.640503440598480722e+01 -6.679164421613167590e+00 0.000000000000000000e+00
-9.807405988742061709e+00 1.557182498440386986e+01 0.000000000000000000e+00
-1.576556208600564979e+01 -7.920976877242706493e+00 0.000000000000000000e+00
-3.698901000775164150e+00 -1.550139017911024197e+01 0.000000000000000000e+00
-1.171759348738951978e+01 8.062626081307453063e+00 0.000000000000000000e+00
4.219441972074373659e+00 -1.311684518410762834e+00 0.000000000000000000e+00
2.712845589576246663e+00 1.870018330700968789e+01 0.000000000000000000e+00
-8.000094253359103291e+00 -8.687621300334260610e+00 0.000000000000000000e+00
1.575478106158525904e+01 -1.000447605622571778e+01 0.000000000000000000e+00
1.588446561625241227e+00 1.380976617874078194e+01 0.000000000000000000e+00
1.762159885980196350e+01 -5.398180943572891799e+00 0.000000000000000000e+00
-1.080947423845937116e+01 -3.834617020196120940e+00 0.000000000000000000e+00
4.609124708950023575e+00 -4.536136767346296672e+00 0.000000000000000000e+00
3.762611737098881637e+00 1.484717513488065910e+00 0.000000000000000000e+00
-1.144510615522406560e+01 5.609268489029968663e+00 0.000000000000000000e+00
2.152830682024782227e-01 1.478514648253878505e+01 0.000000000000000000e+00
1.584968508354574723e+01 -9.259891826479854648e-01 0.000000000000000000e+00
-7.227244052983998301e+00 1.498391690759186545e+01 0.000000000000000000e+00
-1.122497354259185265e+01 1.240264707419996348e+01 0.000000000000000000e+00
-1.762153126134893810e+01 -5.980458749203287461e+00 0.000000000000000000e+00
1.040029245608790376e+01 -1.271265038230609079e+01 0.000000000000000000e+00
1.571885043353273170e+00 -1.853018533023591985e+01 0.000000000000000000e+00
-6.226915615341604981e-01 9.022794461118380127e+00 0.000000000000000000e+00
-9.469794268274981164e+00 -1.059017471520842335e+01 0.000000000000000000e+00
-3.556654214556310478e+00 1.771523256000666535e+01 0.000000000000000000e+00
-2.545250458085323242e+00 -2.666209717572247673e+00 0.000000000000000000e+00
-1.143929519563804220e+01 -2.280310017853001803e+00 0.000000000000000000e+00
6.862310997250761879e+00 1.363273225660485899e+01 0.000000000000000000e+00
9.253524278795755009e+00 3.603589053385457319e+00 0.000000000000000000e+00
7.377002133089808567e+00 -8.490205597529943304e+00 0.000000000000000000e+00
-1.016942269785693753e+01 -9.087902840826659556e+00 0.000000000000000000e+00
1.173578537699886226e+01 1.478484016642380539e+01 0.000000000000000000e+00
-9.303708655550591899e+00 8.889517565312649694e+00 0.000000000000000000e+00
1.657183692057605739e+01 8.333974626574566003e+00 0.000000000000000000e+00
5.580109114631558676e+00 1.677187784497956713e+01 0.000000000000000000e+00
1.777901714692082891e+01 4.212834967340680414e+00 0.000000000000000000e+00
4.278445676582415480e+00 1.568883228298910204e+01 0.000000000000000000e+00
1.117588104978338848e+01 3.127941601952722639e+00 0.000000000000000000e+00
-1.459648528327363515e+01 1.918968919399917539e+00 0.000000000000000000e+00
-1.394154547006582234e+01 9.180984301207733012e+00 0.000000000000000000e+00
-1.344094022952273271e+01 -1.076647855244269980e+00 0.000000000000000000e+00
-1.597425910547641337e+01 5.068613205200782623e+00 0.000000000000000000e+00
9.082606301603799892e+00 -1.421955708720864564e+01 0.000000000000000000e+00
-5.877338562262488963e+00 6.613037230271195277e+00 0.000000000000000000e+00
-5.526107985677726653e+00 -1.445014917269251775e+01 0.000000000000000000e+00
7.338882341720708524e+00 -1.643711633829615337e+01 0.000000000000000000e+00
-5.284002010025765195e+00 1.817085575297449651e+01 0.000000000000000000e+00
1.747705067747459928e+00 1.407376942261319153e+00 0.000000000000000000e+00
-3.299130717236086419e+00 3.967607670332036651e+00 0.000000000000000000e+00
-7.474930820840095969e+00 2.616847526028074800e+00 0.000000000000000000e+00
-5.065841998869108131e+00 -8.471459197686337372e-02 0.000000000000000000e+00
-3.335870719960678521e+00 1.280763873394510810e+01 0.000000000000000000e+00
7.792902693919618429e+00 2.553404356812210008e+00 0.000000000000000000e+00
-6.758371169573441861e+00 1.227470559881016055e+00 0.000000000000000000e+00
-4.945482771251277221e+00 1.392724331671920623e+01 0.000000000000000000e+00
1.100993540105838386e+00 1.606713403591459155e+01 0.000000000000000000e+00
-2.762553957005827954e+00 -1.854476949472113034e+01 0.000000000000000000e+00
4.500957312173452962e+00 -1.140480778707023291e+01 0.000000000000000000e+00
2.627190449463797428e+00 -1.294299412037946340e+01 0.000000000000000000e+00
-1.041370799837969230e+01 4.059516594369946496e+00 0.000000000000000000e+00
-1.793767205285098143e+01 -4.037976789711302139e+00 0.000000000000000000e+00
-2.311144919981537704e+00 -8.613381443318107955e+00 0.000000000000000000e+00
1.202028726459309915e+01 7.647813612723434185e-01 0.000000000000000000e+00
1.437091637128331456e+01 9.697965762061842909e+00 0.000000000000000000e+00
8.559325148688392559e+00 -5.276595035138348599e+00 0.000000000000000000e+00
-5.169729877464304124e+00 3.389643061240011246e+00 0.000000000000000000e+00
-4.469305511950905085e+00 -4.291566756773135261e+00 0.000000000000000000e+00
6.406137066074347075e+00 -4.363539996307992830e+00 0.000000000000000000e+00
-1.505337190395903590e+01 -7.660732411578495826e-01 0.000000000000000000e+00
3.218122654860435805e-01 -1.918380097124214201e+00 0.000000000000000000e+00
7.877599851102155881e+00 -1.258426801030783437e+01 0.000000000000000000e+00
1.349668129247312898e+01 8.298228789532652527e+00 0.000000000000000000e+00
1.439676064832103286e+01 1.136261579434654223e+01 0.000000000000000000e+00
-1.855218622924883576e+01 -2.395564598387712518e+00 0.000000000000000000e+00
1.323978074113035142e+01 -4.727688574849513437e+00 0.000000000000000000e+00
9.781326867392866831e+00 1.203367186643241205e+01 0.000000000000000000e+00
-9.528041821018028656e+00 -5.108257468030186210e+00 0.000000000000000000e+00
-8.159539707582275980e+00 -2.056042804446347017e+00 0.000000000000000000e+00
-1.285657064119551407e+01 6.667790155710460187e-01 0.000000000000000000e+00
-2.066024915868978518e+00 -1.307269581662382230e+01 0.000000000000000000e+00
1.019838609547800523e+01 1.580154639814233164e+01 0.000000000000000000e+00
-1.434632745129730935e+01 5.553428289163566234e+00 0.000000000000000000e+00
1.181269705973787865e+01 -2.822595871781792720e+00 0.000000000000000000e+00
-2.634382841362613803e+00 -1.694040831047058759e+01 0.000000000000000000e+00
1.295911728117374651e+01 3.761893119836254851e+00 0.000000000000000000e+00
-2.633931211620308410e+00 5.846059748895682695e+00 0.000000000000000000e+00
-1.502400563115421939e+01 -4.960191453920542948e+00 0.000000000000000000e+00
6.456997604641885324e-01 -3.641013990425662428e+00 0.000000000000000000e+00
7.026098711814207087e-01 1.140562111709262361e+01 0.000000000000000000e+00
-1.442356480973852939e+00 -1.117323579897477881e+00 0.000000000000000000e+00
1.459663246098892486e+01 -1.757976596784872614e+00 0.000000000000000000e+00
-4.023560530407473967e-01 -8.512040322807699511e+00 0.000000000000000000e+00
3.389750621803249597e+00 -5.885972478239477113e+00 0.000000000000000000e+00
1.503884704282543794e+01 -1.143845900733744969e+01 0.000000000000000000e+00
-9.032177170045395442e+00 1.355397035386192428e+01 0.000000000000000000e+00
-1.739191471227945129e+01 1.618255490578046629e+00 0.000000000000000000e+00
