5.233196032111290030e+00 -7.794230044524018908e+00 0.000000000000000000e+00
5.899341810465403846e+00 -1.370564317733470183e+01 0.000000000000000000e+00
6.107651485675299696e+00 1.010659778905937145e+01 0.000000000000000000e+00
-5.234795106672980758e+00 -1.581220947220571738e+01 0.000000000000000000e+00
4.321943532120937070e-01 -7.006512939512465010e+00 0.000000000000000000e+00
-1.046564871524099516e+01 -3.388065662831734937e+00 0.000000000000000000e+00
6.001463146730481313e+00 7.057665521800009500e+00 0.000000000000000000e+00
-3.398063996191639902e+00 -7.130332462744596311e-01 0.000000000000000000e+00
5.643184485729871191e+00 1.244376946846092657e+01 0.000000000000000000e+00
-1.522754691717164910e+01 -6.520564360006566140e+00 0.000000000000000000e+00
1.068275223765591875e+01 7.881680641136462384e+00 0.000000000000000000e+00
-5.535739515671454392e+00 6.853587374646834540e+00 0.000000000000000000e+00
3.071681907282541424e+00 -1.099001845877712746e+01 0.000000000000000000e+00
4.578737434735756118e+00 -4.945089233194409850e+00 0.000000000000000000e+00
-1.248788234063185421e+01 -9.764599139913151760e+00 0.000000000000000000e+00
-4.872598386800945036e+00 -6.920771402685180540e+00 0.000000000000000000e+00
1.621416765898113610e+01 -6.450314220791231179e+00 0.000000000000000000e+00
1.386845869375879658e+01 1.929513627975320444e+00 0.000000000000000000e+00
-1.503484909544146753e+01 6.982644072868198215e+00 0.000000000000000000e+00
1.216261804557882087e+01 -1.564719041471300809e+00 0.000000000000000000e+00
-8.744057044058931583e-01 6.468577874570415887e+00 0.000000000000000000e+00
-9.858147930335782405e+00 -9.213738620767218279e+00 0.000000000000000000e+00
-7.835783812516401881e+00 1.158747877939396709e+01 0.000000000000000000e+00
-1.073507521214998306e+01 -8.907811903093192374e-01 0.000000000000000000e+00
7.292527531232718907e+00 3.003902238593882945e+00 0.000000000000000000e+00
1.186166091052624694e+01 -9.058900799902362522e+00 0.000000000000000000e+00
-1.598345567001230449e+01 5.100282695024916713e+00 0.000000000000000000e+00
-5.048537277756468544e-01 1.040877402235016547e+01 0.000000000000000000e+00
4.625427105445501397e+00 3.960687112493514572e+00 0.000000000000000000e+00
-1.212908777017747397e+01 -2.546677993813506902e+00 0.000000000000000000e+00
-7.820012801595969343e+00 -8.429246205573363682e+00 0.000000000000000000e+00
1.127065352855803004e+00 -1.297956322706047949e+01 0.000000000000000000e+00
2.197799290639244951e+00 1.718831539784623175e+01 0.000000000000000000e+00
-1.104548046650683979e+01 1.031070935776299535e+01 0.000000000000000000e+00
1.331637272675332939e+00 -1.302074520823625070e+00 0.000000000000000000e+00
-6.014044937081157727e+00 -2.766153257196223070e+00 0.000000000000000000e+00
3.345863575710414484e+00 3.015937543676582955e+00 0.000000000000000000e+00
-7.820036252933663334e+00 7.959101683012759665e+00 0.000000000000000000e+00
-4.814994775327819276e+00 -1.170588260407816428e+01 0.000000000000000000e+00
-1.611362537695031705e+01 2.643739207459585128e+00 0.000000000000000000e+00
-2.586127199806373955e+00 3.151994187284919313e+00 0.000000000000000000e+00
-1.443059247849910420e+01 -4.332636787476107365e+00 0.000000000000000000e+00
-9.701503446707725686e+00 8.831835815498584097e+00 0.000000000000000000e+00
-8.178866673889562122e+00 1.315939552590598716e+01 0.000000000000000000e+00
9.034783766988681464e+00 -5.544321897227329210e-02 0.000000000000000000e+00
6.689942372687753824e+00 -1.211337976277571649e+01 0.000000000000000000e+00
1.038850458935200294e+01 -7.511936677875652002e+00 0.000000000000000000e+00
1.624917227089086325e+01 3.776659460006419611e+00 0.000000000000000000e+00
-3.915721537795235463e+00 -3.898726341822702057e+00 0.000000000000000000e+00
1.169280458056324612e+01 4.726906681643124664e+00 0.000000000000000000e+00
-9.113565331055315966e+00 -1.134844024968056075e+01 0.000000000000000000e+00
-1.210014229894209237e+01 4.320544487968375202e-02 0.000000000000000000e+00
-8.291806772912698520e+00 -1.514590149294688493e+00 0.000000000000000000e+00
1.500476062716822412e+01 -7.983755071816763582e+00 0.000000000000000000e+00
6.840394640488592692e+00 1.369521246325790820e+01 0.000000000000000000e+00
-9.004869940006971163e+00 2.739450680509038616e+00 0.000000000000000000e+00
-1.137685090889120954e+00 -4.357651388018814131e+00 0.000000000000000000e+00
-2.942661267362499000e+00 -7.728571523966606627e+00 0.000000000000000000e+00
-1.142093529323780920e+01 -1.275386370144675574e+01 0.000000000000000000e+00
4.876742632403370248e-01 -9.638892435762627997e+00 0.000000000000000000e+00
1.870055985045874447e+00 -1.709018369540573445e+01 0.000000000000000000e+00
-1.457589189689899278e+01 -1.059623237305998611e+00 0.000000000000000000e+00
-4.331183077595246900e+00 5.645894377926397034e+00 0.000000000000000000e+00
1.620701900009553142e+01 1.036253817304131797e+00 0.000000000000000000e+00
1.482105499602734788e+01 -3.311781897086011339e-01 0.000000000000000000e+00
1.232478124193924351e+01 3.214921792122806377e+00 0.000000000000000000e+00
1.047601376691089392e+01 1.072367044828798832e+01 0.000000000000000000e+00
2.395430024390122981e+00 -6.937763716194227825e+00 0.000000000000000000e+00
-1.248477962869336366e+01 6.639299966778883011e+00 0.000000000000000000e+00
-1.375650347584523558e+01 2.829441890245109281e+00 0.000000000000000000e+00
-1.008784312397792604e+01 -1.359320910046555575e+01 0.000000000000000000e+00
-9.659855706853079482e+00 4.175377380314413411e-01 0.000000000000000000e+00
-9.844902520164603432e-01 1.186629519881299366e+01 0.000000000000000000e+00
4.550760526740315615e-01 1.374475165852270919e+01 0.000000000000000000e+00
-2.445360949071011980e+00 1.026155769232922133e+01 0.000000000000000000e+00
1.836465566090792034e+00 1.938915295414423756e+00 0.000000000000000000e+00
5.389339191098730275e+00 5.502354233200854594e+00 0.000000000000000000e+00
-9.410321470350343276e+00 1.032400701434135826e+01 0.000000000000000000e+00
-1.273598336784011797e+00 8.735022226351425445e-01 0.000000000000000000e+00
-1.310423704631058506e+01 1.096955903912691532e+01 0.000000000000000000e+00
4.441269394535737547e+00 1.035982058907901404e+01 0.000000000000000000e+00
-1.443004448029775943e+01 8.491492236691295048e+00 0.000000000000000000e+00
-3.639450019195153430e-01 -1.104509151127497191e+01 0.000000000000000000e+00
-1.350249372890657007e+01 -7.418629154272712967e+00 0.000000000000000000e+00
3.087161637901568945e+00 -8.838986337460058351e+00 0.000000000000000000e+00
-4.458889251215044425e+00 1.428152319576298845e+00 0.000000000000000000e+00
8.352343608572612155e+00 9.866155401454243190e+00 0.000000000000000000e+00
-1.040560603793928962e+01 1.280154469647118631e+01 0.000000000000000000e+00
6.675722771101999520e+00 -3.160298413878076751e+00 0.000000000000000000e+00
1.125953872183951932e+00 8.836665797549283496e+00 0.000000000000000000e+00
-2.003587090812900762e+00 -9.695482835721552561e+00 0.000000000000000000e+00
-9.138954052533952988e-01 1.485233222399439867e+01 0.000000000000000000e+00
-2.839205129158921981e+00 -1.141109690947584987e+01 0.000000000000000000e+00
8.435628245990921315e+00 -2.589561130745515971e+00 0.000000000000000000e+00
1.698037271808037829e+01 -7.002316795248991754e-01 0.000000000000000000e+00
3.199571504261884858e+00 4.517624891103127815e+00 0.000000000000000000e+00
3.763043440952278385e+00 1.033289578294503519e+00 0.000000000000000000e+00
-4.576684315940836356e+00 -1.423824303371014643e+01 0.000000000000000000e+00
4.113855119851399955e+00 1.403355183589764898e+01 0.000000000000000000e+00
8.317959210383603974e+00 -1.252821492347536392e+01 0.000000000000000000e+00
-1.436555297101910655e+00 4.725055965744853204e+00 0.000000000000000000e+00
-1.467113418532212599e+01 -8.407248325742379791e+00 0.000000000000000000e+00
1.487633565999165297e+00 6.797665314525933589e+00 0.000000000000000000e+00
3.231883520298705736e+00 6.398559623126404361e+00 0.000000000000000000e+00
-2.497712998619034508e+00 6.926540459992062360e+00 0.000000000000000000e+00
1.019872987640162698e+01 6.323101468311202566e+00 0.000000000000000000e+00
1.195854846485006995e+01 9.701990907643569528e+00 0.000000000000000000e+00
3.418884625528888499e+00 1.229994218291064456e+01 0.000000000000000000e+00
9.223013576438365391e+00 -4.140122189467302150e+00 0.000000000000000000e+00
-7.773780050377806283e+00 3.754140029577661686e+00 0.000000000000000000e+00
4.932887666535006765e+00 -1.245657788962710288e+00 0.000000000000000000e+00
-9.966332037154636225e+00 -7.633235107412365217e+00 0.000000000000000000e+00
1.551623501492440127e+01 7.355098496250628948e+00 0.000000000000000000e+00
-4.850196771764634818e+00 1.001834913989758213e+01 0.000000000000000000e+00
8.800622051869515516e+00 -1.424936822546863091e+01 0.000000000000000000e+00
1.570370406777995242e+01 5.421056515895285699e+00 0.000000000000000000e+00
-6.393049172432877292e+00 1.019130531259989070e+01 0.000000000000000000e+00
9.514647544586921413e+00 -1.082132082366042702e+01 0.000000000000000000e+00
9.146064958721987992e+00 -8.694022717708371317e+00 0.000000000000000000e+00
8.557116698933487697e+00 7.437466043865578413e+00 0.000000000000000000e+00
4.889334202881386315e-01 -1.553910215542934203e+01 0.000000000000000000e+00
9.557674029745324873e+00 -1.579448786477845035e+00 0.000000000000000000e+00
-3.892440462819810598e+00 1.202349028066992886e+01 0.000000000000000000e+00
-1.132383321572609525e+01 2.914521470844976037e+00 0.000000000000000000e+00
-1.278992230292735321e+01 -4.603780142718632007e+00 0.000000000000000000e+00
5.220866883158268301e+00 -1.089890937985855857e+01 0.000000000000000000e+00
1.337756065917957038e+01 8.743327963580920681e+00 0.000000000000000000e+00
1.326706888172034082e+00 1.153796687860995540e+01 0.000000000000000000e+00
5.241451882859687217e+00 -1.640754398901425049e+01 0.000000000000000000e+00
-1.265243026656389380e-01 1.726596840004753375e+01 0.000000000000000000e+00
-5.984540509707440670e+00 -5.302515296891547436e+00 0.000000000000000000e+00
1.266166411135824177e+01 -4.135152888264837401e+00 0.000000000000000000e+00
3.279238400238231765e+00 -2.525366107674967608e+00 0.000000000000000000e+00
-2.676712995518396809e+00 -2.369160472023397190e+00 0.000000000000000000e+00
8.563775653395964138e-01 4.901228201594727274e+00 0.000000000000000000e+00
-6.403217273990359004e+00 1.399424474606170676e+01 0.000000000000000000e+00
1.706213077477479345e+01 -2.290873099396092183e+00 0.000000000000000000e+00
-2.651590477470108453e+00 1.338893754779803480e+01 0.000000000000000000e+00
7.365023508606816982e+00 -1.473134286529093284e+00 0.000000000000000000e+00
6.661511061161469627e+00 -9.356668088153991647e+00 0.000000000000000000e+00
2.488616581888912549e+00 -1.513853062456404786e+01 0.000000000000000000e+00
-8.444611031142162716e+00 -6.933511257925771609e+00 0.000000000000000000e+00
1.146778051821339295e+00 -3.647452572925737435e+00 0.000000000000000000e+00
-1.580415901687152669e+01 3.319486368682723065e-01 0.000000000000000000e+00
1.340377382800847172e+01 -8.077105252109559430e+00 0.000000000000000000e+00
-1.413418400858001434e+01 -2.742701741935264170e+00 0.000000000000000000e+00
-5.703906961409419552e+00 -9.184398996448711827e+00 0.000000000000000000e+00
1.472870287081953045e+01 -5.374506027792745222e+00 0.000000000000000000e+00
1.565404077080404521e+00 1.535954681049432047e+01 0.000000000000000000e+00
3.904323696937166410e+00 1.698739070189786204e+01 0.000000000000000000e+00
1.187472692325728119e+01 9.605936111367859853e-01 0.000000000000000000e+00
-5.657078489247038711e+00 -1.116767626563823779e+00 0.000000000000000000e+00
1.561806868390706349e+01 -4.163969051635524998e+00 0.000000000000000000e+00
1.023330327163033360e+01 1.377724477338495745e+01 0.000000000000000000e+00
2.886876791574490397e+00 -1.295332913059504065e+01 0.000000000000000000e+00
1.137674391712377542e+01 -1.267062595684033077e+01 0.000000000000000000e+00
-2.895064088121426682e+00 -1.669304649133412966e+01 0.000000000000000000e+00
7.245981616817929627e+00 -7.382743695484215607e+00 0.000000000000000000e+00
1.158907805060841589e+01 1.217506236279982623e+01 0.000000000000000000e+00
-1.095166915436997401e+00 -1.513697030069265637e+01 0.000000000000000000e+00
-6.458335049811974038e+00 -1.368811652744973273e+01 0.000000000000000000e+00
5.774909861317985005e+00 -5.864769279325712681e+00 0.000000000000000000e+00
-1.108454536466240903e+01 4.554857510482626104e+00 0.000000000000000000e+00
-2.389426099942016268e+00 1.728211766543020289e+01 0.000000000000000000e+00
-1.186978740229417717e+01 8.753811454276302584e+00 0.000000000000000000e+00
-1.300989873840974642e+00 8.411861240827848363e+00 0.000000000000000000e+00
2.987833456540573529e+00 8.946384624763739524e+00 0.000000000000000000e+00
9.003856390964225298e+00 1.464336691144088931e+01 0.000000000000000000e+00
-6.270332817335003028e+00 -7.547594874422424382e+00 0.000000000000000000e+00
-1.400450038997847635e+01 3.637284984250047093e-01 0.000000000000000000e+00
-7.989017880666969204e-03 -5.392158862074538206e+00 0.000000000000000000e+00
9.148691318269763784e+00 -5.691024421309061054e+00 0.000000000000000000e+00
8.758335367312120923e+00 1.175567431396088125e+01 0.000000000000000000e+00
6.597577898290752252e+00 1.604983581809734261e+01 0.000000000000000000e+00
1.374507721920560144e+01 1.029965970308525591e+01 0.000000000000000000e+00
-9.286378919618471173e+00 4.835579023938424648e+00 0.000000000000000000e+00
4.455193124875139965e+00 -1.290874171392269254e+01 0.000000000000000000e+00
-6.712173979690898129e+00 -1.527698663011867275e+01 0.000000000000000000e+00
7.546854643972324972e+00 -5.824066968130344968e+00 0.000000000000000000e+00
-6.703816488897510695e+00 5.770326392093672041e+00 0.000000000000000000e+00
6.956126673765705704e+00 -3.762207254420744072e-03 0.000000000000000000e+00
1.543770672403651234e-01 3.067125197624761324e+00 0.000000000000000000e+00
-1.418752024074111384e+00 -1.463231780219856004e+00 0.000000000000000000e+00
9.817410640013358503e+00 -1.308046819308882469e+01 0.000000000000000000e+00
1.160867553294102805e+01 -6.125498978855787868e+00 0.000000000000000000e+00
4.573613240787043566e+00 8.577512110246010124e+00 0.000000000000000000e+00
1.067249335604250682e+01 4.829707883323559880e-02 0.000000000000000000e+00
-5.608144237606048854e+00 8.625476661010008428e+00 0.000000000000000000e+00
5.113312693895111671e+00 2.792448190015650034e-01 0.000000000000000000e+00
9.279647305384242983e+00 3.222834467770591349e+00 0.000000000000000000e+00
-6.196985397948297170e+00 1.627854953874312827e+01 0.000000000000000000e+00
-4.428566393959986192e-01 -1.717261957889222757e+01 0.000000000000000000e+00
1.320155900141752348e+01 6.483541600707248165e+00 0.000000000000000000e+00
1.417535150206118999e+01 4.564884070045754250e+00 0.000000000000000000e+00
-9.597796082167368681e+00 6.914769896297845442e+00 0.000000000000000000e+00
-6.314242149031685791e+00 8.173927989199156752e-01 0.000000000000000000e+00
1.355258990148533726e+01 -2.730731334307591407e+00 0.000000000000000000e+00
-2.396436481497841609e+00 -1.403945691514163663e+01 0.000000000000000000e+00
-1.040991750287104978e+01 -6.080989961414703160e+00 0.000000000000000000e+00
3.262210975602019225e+00 -7.656215725515587156e-01 0.000000000000000000e+00
-9.734669223925038750e+00 1.430744510543811643e+01 0.000000000000000000e+00
-7.681828103695469423e+00 -3.374523739818203083e+00 0.000000000000000000e+00
-1.306910392712953417e+01 -1.222716471122886839e+00 0.000000000000000000e+00
-7.866581211168700349e+00 8.567687436533394374e-01 0.000000000000000000e+00
-5.882068638017778461e+00 3.921905650326070969e+00 0.000000000000000000e+00
-1.674137441921390845e+01 -2.566013775861328838e+00 0.000000000000000000e+00
-7.343491121482621509e+00 -1.059862377393831601e+01 0.000000000000000000e+00
1.307127191162311242e+01 -1.086832026707094734e+01 0.000000000000000000e+00
8.571247531798174890e+00 5.197869302098997224e+00 0.000000000000000000e+00
-3.615977301208626482e+00 1.626629664472863368e+01 0.000000000000000000e+00
-1.645186869214841963e+01 -4.563108176404235827e+00 0.000000000000000000e+00
1.716913842698440718e+01 2.566416223757804538e+00 0.000000000000000000e+00
-9.433396813063097408e-01 -1.314921054968781355e+01 0.000000000000000000e+00
-4.094311958529563533e+00 -8.903241490255686230e+00 0.000000000000000000e+00
1.893699412365245971e+00 1.316135165621219372e+01 0.000000000000000000e+00
1.418026919569564726e+01 -9.610028899177990525e+00 0.000000000000000000e+00
-5.826895209378633034e-01 -2.919150534874296987e+00 0.000000000000000000e+00
2.681746103901660128e+00 -4.794717371590278887e+00 0.000000000000000000e+00
1.025462373998085219e+01 1.891067459984383969e+00 0.000000000000000000e+00
-8.632117346290820947e+00 -1.488577848314728769e+01 0.000000000000000000e+00
5.012881152815963581e+00 1.558123146637131740e+01 0.000000000000000000e+00
8.496526942363493262e+00 1.404217203769238642e+00 0.000000000000000000e+00
-1.235414208773476830e+01 -6.042569741633547764e+00 0.000000000000000000e+00
-6.288576261091423092e+00 2.391269134366483140e+00 0.000000000000000000e+00
-3.706410518896640305e+00 7.938061554564010969e+00 0.000000000000000000e+00
-6.573392728552651221e+00 1.248040213453688807e+01 0.000000000000000000e+00
-1.437443856228592587e+01 4.340271978767248129e+00 0.000000000000000000e+00
-9.112484718160057895e+00 -5.042930628861858722e+00 0.000000000000000000e+00
1.094757126078793696e+01 -4.676850274989037715e+00 0.000000000000000000e+00
-8.264352591198042219e+00 -1.338363330563684350e+01 0.000000000000000000e+00
1.297670377738904479e+00 -1.136887597062759880e+01 0.000000000000000000e+00
-1.953399103106065349e+00 -6.194429587901716161e+00 0.000000000000000000e+00
7.679188289639415466e+00 -1.560057475905094471e+01 0.000000000000000000e+00
-8.206419379382371204e+00 6.204140245709791834e+00 0.000000000000000000e+00
9.737148197705753461e+00 9.182705482960678012e+00 0.000000000000000000e+00
-3.289526916708315429e+00 -5.490677712055704873e+00 0.000000000000000000e+00
-6.324480540328831779e+00 -1.188411443173866466e+01 0.000000000000000000e+00
3.850963362961826508e+00 -6.345131751515733498e+00 0.000000000000000000e+00
1.841895212093918710e+00 1.652241948582753861e-01 0.000000000000000000e+00
-4.711531819991610526e+00 1.376500746312719947e+01 0.000000000000000000e+00
-1.683194071969867522e+01 -1.005759809798528082e+00 0.000000000000000000e+00
1.309251920094631494e+01 -3.733872928649489831e-01 0.000000000000000000e+00
-4.489465773604187859e+00 3.203898135199767072e+00 0.000000000000000000e+00
6.975798481453904465e+00 5.430889944843994677e+00 0.000000000000000000e+00
-5.331042875728016384e+00 1.150050475953887208e+01 0.000000000000000000e+00
-1.710505538079521415e+01 1.212848244062399772e+00 0.000000000000000000e+00
3.273854103032556306e+00 1.543609815098104576e+01 0.000000000000000000e+00
-8.247350129681089825e+00 1.528693558563107757e+01 0.000000000000000000e+00
7.092963826598758459e+00 8.425753394087307058e+00 0.000000000000000000e+00
1.058976312905701889e+01 -2.803830890294315648e+00 0.000000000000000000e+00
7.885848706564349442e+00 -1.061422053132493559e+01 0.000000000000000000e+00
-1.303747883321100431e+01 -1.128120623274468848e+01 0.000000000000000000e+00
1.318420123528638221e+01 -6.431429758401030483e+00 0.000000000000000000e+00
1.486098676442658828e+01 9.161005880140658419e+00 0.000000000000000000e+00
-1.216650262775034630e+00 2.444519438293228042e+00 0.000000000000000000e+00
1.548098086496954728e+01 -2.155417665359046442e+00 0.000000000000000000e+00
