-1.432502447299890136e+01 -1.694894213276931350e+00 0.000000000000000000e+00
-1.132359754097469562e+01 -2.724200870618457504e+00 0.000000000000000000e+00
-2.374138002890460175e+00 -3.168133002466995141e+00 0.000000000000000000e+00
-2.495310058289029520e+00 -9.651426100774347816e+00 0.000000000000000000e+00
-9.000535194703868314e+00 -1.483579557673386518e+01 0.000000000000000000e+00
5.111267691345608100e+00 -1.534110822609036084e+01 0.000000000000000000e+00
-3.602574178037325936e+00 6.841482906765943284e+00 0.000000000000000000e+00
2.272568902318921946e+00 1.190524602377692354e+01 0.000000000000000000e+00
-1.488108157801813647e+01 7.161539068768442817e+00 0.000000000000000000e+00
-4.490770753549442773e+00 1.228055134469984644e+01 0.000000000000000000e+00
1.475617529542815376e+01 6.215428852006176008e+00 0.000000000000000000e+00
-1.113101453914024486e+00 8.915427603503673026e+00 0.000000000000000000e+00
3.093976294487560619e+00 -4.964174107450987528e+00 0.000000000000000000e+00
9.680615193533334661e+00 7.247113869186518897e+00 0.000000000000000000e+00
2.255539852165818093e+00 4.882891150826909055e+00 0.000000000000000000e+00
-1.021544453461820190e+01 1.226321957672093399e+00 0.000000000000000000e+00
1.356904921643705286e+01 8.846705755973534480e+00 0.000000000000000000e+00
-4.302448913962984456e+00 -2.360581794551404933e+00 0.000000000000000000e+00
-1.149114225836937564e+01 1.210510777508361641e-01 0.000000000000000000e+00
1.137465405278881292e+01 1.247988745450261838e+00 0.000000000000000000e+00
-6.968139191245330544e+00 -2.718617025979198853e+00 0.000000000000000000e+00
1.211780144560402306e+01 1.340598142910210200e+01 0.000000000000000000e+00
1.569236189901746137e+01 -5.926507799602526383e+00 0.000000000000000000e+00
1.508618174134254986e+01 -3.641592043797162948e+00 0.000000000000000000e+00
-7.800318612766043991e+00 5.189222918760163061e+00 0.000000000000000000e+00
7.349253685882715104e+00 -1.083704659561924855e+00 0.000000000000000000e+00
1.104276504388876390e+01 -4.244984142173258146e-01 0.000000000000000000e+00
1.197698614677230822e+01 -8.041993636340761142e+00 0.000000000000000000e+00
1.184804728439908850e+01 6.437336345876330412e+00 0.000000000000000000e+00
6.850931543008898394e+00 6.735876826837404074e+00 0.000000000000000000e+00
-1.272407899656884744e+01 -1.309303549824675805e+01 0.000000000000000000e+00
-1.887566162467304309e+01 4.708256351636276593e-02 0.000000000000000000e+00
8.400127064429941726e+00 -1.677685496270708043e+01 0.000000000000000000e+00
2.590203309188890746e+00 2.210122685425130573e+00 0.000000000000000000e+00
1.141501130843814105e+00 -9.870738148151318114e+00 0.000000000000000000e+00
-1.604238882252112253e-01 6.489232028080219372e+00 0.000000000000000000e+00
1.570239213197977968e+01 2.721339789891192296e-01 0.000000000000000000e+00
9.713169004607502544e-01 -1.247420989024639937e+01 0.000000000000000000e+00
-4.139456802863399787e+00 -9.768031475189673074e+00 0.000000000000000000e+00
7.826273091831662754e+00 -4.794566692111819961e+00 0.000000000000000000e+00
-8.516337608098480061e+00 6.122354342657114756e-01 0.000000000000000000e+00
3.362450601401223427e+00 -7.410911374544425279e+00 0.000000000000000000e+00
-1.345031676318569236e+00 3.694065102934008582e+00 0.000000000000000000e+00
-1.390352105174265773e+01 4.465849267480661133e+00 0.000000000000000000e+00
-3.988674445517152112e+00 1.762778325771574472e+01 0.000000000000000000e+00
-1.154565658501117653e+01 3.066145238672638662e+00 0.000000000000000000e+00
-1.148519463474271873e+01 -1.158757177076485689e+01 0.000000000000000000e+00
-1.241417533123394001e+01 -9.903263223876241028e+00 0.000000000000000000e+00
1.510533836404867536e+01 -1.127875359824574986e+01 0.000000000000000000e+00
-8.509848098363292479e+00 3.145791647952390413e+00 0.000000000000000000e+00
4.938653985872714536e+00 1.251905524495033362e+01 0.000000000000000000e+00
9.896281331782150303e+00 3.232105439298198490e+00 0.000000000000000000e+00
2.492424283452927103e+00 -1.101406222207628893e+01 0.000000000000000000e+00
-1.682251629910445301e+00 6.738562442062786317e+00 0.000000000000000000e+00
9.788887496844623115e+00 -7.204360159737661640e+00 0.000000000000000000e+00
2.904740968322882533e-01 -1.950028318429482654e+00 0.000000000000000000e+00
1.792500990889874046e+01 -2.944449733458642360e+00 0.000000000000000000e+00
-1.230652619515116086e+01 -4.555565638246173776e+00 0.000000000000000000e+00
1.693752954320849113e+01 -7.598519184802747795e+00 0.000000000000000000e+00
-3.838184526221250614e+00 8.954725436396239857e+00 0.000000000000000000e+00
-1.472682691733923654e+01 -1.085163292232526899e+01 0.000000000000000000e+00
-9.792556053987729214e+00 -6.284965763081424850e-01 0.000000000000000000e+00
-3.034913548285258500e+00 3.075809763395257690e+00 0.000000000000000000e+00
-7.451526687060885834e+00 -1.502164739485676925e+01 0.000000000000000000e+00
-5.879018200245064385e+00 1.365924189949442003e+01 0.000000000000000000e+00
-5.373849598975461994e+00 -5.797475731749963224e+00 0.000000000000000000e+00
-4.630737838153193842e+00 -8.532982738079814000e-01 0.000000000000000000e+00
1.181874812349008330e+01 1.114805032191178746e+01 0.000000000000000000e+00
6.252656109666832052e+00 8.141951674775084413e+00 0.000000000000000000e+00
-1.307088912138631187e+01 1.174947401413200865e+01 0.000000000000000000e+00
-1.231463415066718170e+01 -6.779107797230301991e+00 0.000000000000000000e+00
-2.256892887592101715e+00 -5.496967877042287398e+00 0.000000000000000000e+00
-7.984926348172212585e+00 -1.344253594887188896e+01 0.000000000000000000e+00
-5.809684279856092814e+00 -1.414941218181484572e+01 0.000000000000000000e+00
1.160170851093501199e+01 -1.945771697944703504e+00 0.000000000000000000e+00
3.007825201750792932e+00 1.449243746447809933e+01 0.000000000000000000e+00
-5.239303236894403693e-01 -1.181363067284788215e+01 0.000000000000000000e+00
8.065296049653673194e+00 1.336031660649134878e+01 0.000000000000000000e+00
1.288744726723717982e+01 -1.215683931571375709e+01 0.000000000000000000e+00
2.466019583605487675e+00 -2.848298873039011081e+00 0.000000000000000000e+00
1.050227732481059917e+01 1.222094577542602600e+01 0.000000000000000000e+00
-3.742014834866981499e+00 -7.954476245703909321e+00 0.000000000000000000e+00
-9.529447950583627147e+00 -5.727195379665901420e+00 0.000000000000000000e+00
-1.806487904132284772e+00 -1.819070256915288653e+01 0.000000000000000000e+00
-1.127101094635978917e+01 5.561045676749300171e+00 0.000000000000000000e+00
1.386055552077221620e+01 -8.100594970280260654e+00 0.000000000000000000e+00
2.456635663521770319e+00 -1.559198235314536873e+01 0.000000000000000000e+00
8.806963977206338612e+00 -1.497825729773550485e+01 0.000000000000000000e+00
1.762218480759965900e+01 5.548790681955802384e+00 0.000000000000000000e+00
-1.745224635982905781e+00 -1.290268800142836447e+01 0.000000000000000000e+00
-3.430972798888518582e+00 -1.425767797834414630e+01 0.000000000000000000e+00
-6.301809650157412790e+00 1.711221327903124134e+01 0.000000000000000000e+00
1.223533913569313825e+01 -6.512614954886882579e+00 0.000000000000000000e+00
5.938604675732929827e+00 -3.193789116961788244e-01 0.000000000000000000e+00
-1.118157762307027348e+01 -1.460403282882628773e+01 0.000000000000000000e+00
9.635583839363169645e+00 1.011402233149299029e-01 0.000000000000000000e+00
7.588615027752658726e+00 1.789414855786631176e+00 0.000000000000000000e+00
1.541411114025545182e+01 2.905357868168671143e+00 0.000000000000000000e+00
1.355948212612359249e+01 -5.304724638905176093e+00 0.000000000000000000e+00
-1.103778197368802561e+00 1.164346913119257287e+01 0.000000000000000000e+00
-7.661097518393980899e+00 1.481300773470748311e+01 0.000000000000000000e+00
1.432143983282852195e+00 1.856025190881673126e+01 0.000000000000000000e+00
1.024649224016044791e+01 9.451962932590253885e+00 0.000000000000000000e+00
2.863271427124021162e+00 9.351378415682786382e+00 0.000000000000000000e+00
6.959026742001838350e+00 -1.172915998776508673e+01 0.000000000000000000e+00
-1.671312325979809543e+01 1.396979136998739657e+00 0.000000000000000000e+00
-9.039701946803084809e+00 7.150625772528869106e+00 0.000000000000000000e+00
1.470345801693307486e+01 1.550163826260578581e+00 0.000000000000000000e+00
-1.619481236872124086e+01 -4.989454665444142734e+00 0.000000000000000000e+00
1.093850407029640870e+01 -1.353207537103674341e+01 0.000000000000000000e+00
-4.687381565377441994e+00 4.680757730370644687e+00 0.000000000000000000e+00
1.053889859672961826e+01 -9.423467651669213296e+00 0.000000000000000000e+00
-9.424458414639595105e+00 1.398899775274610491e+01 0.000000000000000000e+00
-9.905402353526928660e-01 1.806304404419656606e+01 0.000000000000000000e+00
7.372121321126234861e-01 -1.867287091070755878e+01 0.000000000000000000e+00
6.422293382496190084e+00 1.167334554407709213e+01 0.000000000000000000e+00
-5.798263338489478613e+00 -1.126467921654029958e+01 0.000000000000000000e+00
9.818203348769549699e-01 8.452735871101690890e+00 0.000000000000000000e+00
2.013818819893209867e-03 -6.793804268748527164e+00 0.000000000000000000e+00
-4.790297532457183038e+00 1.341978721650497031e+00 0.000000000000000000e+00
6.524084753123079672e+00 -1.471799230378309709e+01 0.000000000000000000e+00
-6.858213501062966344e+00 -7.767698200171438749e+00 0.000000000000000000e+00
7.410424878490991851e+00 1.546551606808854196e+01 0.000000000000000000e+00
1.290414922642155382e+01 -9.968260345326767080e+00 0.000000000000000000e+00
3.178666619785263325e+00 -1.411221218547161449e+01 0.000000000000000000e+00
1.303932030069713299e+01 1.986252403381948417e+00 0.000000000000000000e+00
-9.390524571467826931e+00 1.599526086732076280e+01 0.000000000000000000e+00
3.166396434222324530e+00 6.251414832071508165e+00 0.000000000000000000e+00
9.180477895686826040e-01 -1.467299124350541817e+01 0.000000000000000000e+00
-6.261708585257639292e-01 8.972483641995623316e-01 0.000000000000000000e+00
-1.353938234298359689e+00 -1.511810524107221809e+01 0.000000000000000000e+00
1.619587413525607644e+01 7.808075769585000714e+00 0.000000000000000000e+00
4.285891561541962602e+00 1.614209352728023106e+01 0.000000000000000000e+00
8.841657828532007102e+00 1.646658773528976383e+01 0.000000000000000000e+00
-1.396862571567466382e+01 1.188528240550155601e+00 0.000000000000000000e+00
-1.634287361207103473e+01 2.864513923660382488e+00 0.000000000000000000e+00
-1.691086605495357631e+01 4.839592395866715080e+00 0.000000000000000000e+00
-1.022445013682163761e+01 1.063283803843697051e+01 0.000000000000000000e+00
-1.002481495902225994e+01 1.244270212355867855e+01 0.000000000000000000e+00
-7.723633225847706285e+00 -4.369202319088347330e+00 0.000000000000000000e+00
-4.058421545870643854e+00 1.426680188133499172e+01 0.000000000000000000e+00
1.103137938228811166e+01 5.122752803722341319e+00 0.000000000000000000e+00
5.223918368644905996e+00 5.787633438387087104e+00 0.000000000000000000e+00
1.063061023355004941e+01 -3.201669187661166038e+00 0.000000000000000000e+00
-1.219905974702299289e+01 1.643730712338019817e+00 0.000000000000000000e+00
-1.465675745403775387e+01 -8.320866748015706804e+00 0.000000000000000000e+00
-3.455096556169845012e+00 -1.119166328607717453e+01 0.000000000000000000e+00
5.241602867648130548e+00 -1.218413873276485226e+01 0.000000000000000000e+00
-8.290010284706392341e+00 -1.125672023528856158e+01 0.000000000000000000e+00
1.665179624391399216e+01 3.795877021997815959e+00 0.000000000000000000e+00
1.697464117464627265e+01 -1.027393310995204700e+00 0.000000000000000000e+00
-1.125956323175681462e+01 7.848676314720562708e+00 0.000000000000000000e+00
-5.796825922019409383e+00 -1.569027720012561744e+01 0.000000000000000000e+00
1.562087216013146751e+01 9.258701655562109778e+00 0.000000000000000000e+00
-6.209547070650586420e+00 1.084625819263446722e+01 0.000000000000000000e+00
1.700026979145496664e-01 -3.652480860361764670e+00 0.000000000000000000e+00
-9.291428277990789297e+00 9.184017622421800198e+00 0.000000000000000000e+00
-9.022445789963851936e+00 -9.675671524372109644e+00 0.000000000000000000e+00
-7.676976419465566970e+00 9.163028934497683409e+00 0.000000000000000000e+00
-2.623352608544637032e+00 1.157129493121920305e+01 0.000000000000000000e+00
1.324379056032423563e+01 -3.439807102073100697e+00 0.000000000000000000e+00
-1.298962048600472663e+01 1.363891637588266192e+01 0.000000000000000000e+00
-1.173936222267588425e+00 -6.963586009527094056e-01 0.000000000000000000e+00
8.607899897863495298e+00 -6.243619014089205166e+00 0.000000000000000000e+00
3.761175744573717505e+00 -1.815106073253278396e+01 0.000000000000000000e+00
-1.059154198717831541e+01 -8.018965159252003261e+00 0.000000000000000000e+00
-6.707405228174766698e+00 -7.230185506628555858e-01 0.000000000000000000e+00
1.855118492932229657e+01 3.325199576840310645e+00 0.000000000000000000e+00
-1.011713340724207377e+01 -3.981131452971743645e+00 0.000000000000000000e+00
1.082650082332931518e+01 1.521265602702369435e+01 0.000000000000000000e+00
-5.793602036247639475e+00 9.298001155303909471e+00 0.000000000000000000e+00
1.726737648784509105e+01 2.261051591195738286e+00 0.000000000000000000e+00
-6.860702796694003958e+00 -6.148879221078451529e+00 0.000000000000000000e+00
-2.259156994528037199e+00 -7.517918701899280798e+00 0.000000000000000000e+00
7.995088128383105897e+00 1.137024869767710733e+01 0.000000000000000000e+00
1.142803426406342560e+01 -5.213761731210693640e+00 0.000000000000000000e+00
6.088542036672932589e+00 -1.698827830039459741e+01 0.000000000000000000e+00
4.618928765764271915e+00 1.427912588451424547e+01 0.000000000000000000e+00
1.452943074313474803e+00 4.849963481457823522e-01 0.000000000000000000e+00
-1.712375728914154038e+01 7.551525916559431728e+00 0.000000000000000000e+00
7.674780878779826843e+00 4.677489837492419866e+00 0.000000000000000000e+00
1.262867578776331534e+01 -1.508360187738432279e-01 0.000000000000000000e+00
8.196792081421747866e+00 8.253045389072829252e+00 0.000000000000000000e+00
1.288885579529635628e+01 4.360182166295167860e+00 0.000000000000000000e+00
-1.800008491616579320e+01 -2.069678576845697116e+00 0.000000000000000000e+00
-2.898884214237638535e+00 6.540641354947940300e-01 0.000000000000000000e+00
6.553566811518540369e+00 -5.642893454068954817e+00 0.000000000000000000e+00
3.247753311026883583e-01 9.993352447076111034e+00 0.000000000000000000e+00
-1.789914204171739698e+01 6.203833873636698470e+00 0.000000000000000000e+00
-6.449956797111559226e+00 2.812007854433884457e+00 0.000000000000000000e+00
5.902982625801222127e+00 1.528330346420920982e+01 0.000000000000000000e+00
1.172137292952837484e+01 8.679042275601778655e+00 0.000000000000000000e+00
9.984194462375678425e-01 1.968432249494318276e+00 0.000000000000000000e+00
-1.716647913747843646e+01 -3.687301198873865538e+00 0.000000000000000000e+00
1.066607057784942691e+00 1.679412030674214051e+01 0.000000000000000000e+00
4.731980583197630708e+00 8.070307747509501084e+00 0.000000000000000000e+00
-1.480022456845375167e+01 3.200766079812908949e+00 0.000000000000000000e+00
1.574968528958082992e+01 -2.161565658518760369e+00 0.000000000000000000e+00
-5.290065924885038129e+00 6.666210527783159812e+00 0.000000000000000000e+00
-9.534252057196827224e+00 -2.381833093333524776e+00 0.000000000000000000e+00
-3.941042032206850454e+00 -1.580930254206861818e+01 0.000000000000000000e+00
1.889579924940042677e+00 -1.013144549477842604e+00 0.000000000000000000e+00
-8.058299406181923530e+00 1.170985406728945044e+01 0.000000000000000000e+00
-2.063283226670686865e+00 1.458773527000448844e+01 0.000000000000000000e+00
-1.838186963668279361e+01 1.534393183851865849e+00 0.000000000000000000e+00
-3.316877994230346793e+00 -1.746608119277419391e+01 0.000000000000000000e+00
5.843354011190804442e+00 3.555560308171911821e+00 0.000000000000000000e+00
-1.268447605739272355e+01 -1.449487443956029020e+00 0.000000000000000000e+00
-1.791460895838466882e+01 -5.298819348821563580e+00 0.000000000000000000e+00
-1.275644406238138373e+01 6.675071241288161872e+00 0.000000000000000000e+00
4.151398555549845604e-01 3.553308524536093138e+00 0.000000000000000000e+00
7.456545252765535814e+00 -7.439583780454999129e+00 0.000000000000000000e+00
-4.958008701583553446e+00 -1.716888253957865729e+01 0.000000000000000000e+00
-1.042544832399565813e+01 -1.272832727610435555e+01 0.000000000000000000e+00
1.538696396352287898e+01 4.625183511491242072e+00 0.000000000000000000e+00
-9.270082094401425721e+00 -1.647709976545455035e+01 0.000000000000000000e+00
4.196655409988089502e+00 -3.101704085154147972e+00 0.000000000000000000e+00
9.689526688470865068e+00 -1.173646145352773473e+01 0.000000000000000000e+00
-1.547774668312519175e+01 1.094150522014610338e+01 0.000000000000000000e+00
-3.068183715368065112e+00 -1.408541883224275759e+00 0.000000000000000000e+00
6.172176058652626418e-01 1.196600349407440511e+01 0.000000000000000000e+00
3.048286973641694431e+00 1.827264732098493383e+01 0.000000000000000000e+00
-1.513218128408496455e+01 2.108666918353559738e-01 0.000000000000000000e+00
-1.217630407303071394e+01 1.011803730650841615e+01 0.000000000000000000e+00
1.864520664407621808e+01 6.518279464922962507e-01 0.000000000000000000e+00
9.896802315284825013e+00 -1.577194095084962333e+00 0.000000000000000000e+00
2.189202619113281401e+00 -8.559693415296829144e+00 0.000000000000000000e+00
-1.095595145790292513e+01 1.382428055013526880e+01 0.000000000000000000e+00
5.447927914355221723e+00 1.779307853768710856e+01 0.000000000000000000e+00
6.456294662219566050e+00 -1.028509069582907109e+01 0.000000000000000000e+00
-1.605461728960317913e+01 -1.010879476814801592e+01 0.000000000000000000e+00
6.101200483104841865e+00 -3.143021043203668263e+00 0.000000000000000000e+00
1.067786085086272507e+01 -1.511774011528852668e+01 0.000000000000000000e+00
1.533849638467953724e+01 -7.586142371680090868e+00 0.000000000000000000e+00
1.306357379130074214e+01 1.204540349735998639e+01 0.000000000000000000e+00
-1.579068981446208220e+01 8.954126061270930137e+00 0.000000000000000000e+00
-4.554447648027383444e+00 1.075837642944637373e+01 0.000000000000000000e+00
-1.937025823407040104e+00 1.664461660023930634e+01 0.000000000000000000e+00
-8.134721792586255273e-02 -5.137091943654019666e+00 0.000000000000000000e+00
-9.026943116963506597e+00 -7.322690539920178487e+00 0.000000000000000000e+00
-7.136442146681276633e+00 -1.760298090319311370e+01 0.000000000000000000e+00
3.946797576202420554e+00 1.105590103348352748e+01 0.000000000000000000e+00
-6.593434771910026804e+00 -1.256981046836988547e+01 0.000000000000000000e+00
3.745790174697748220e+00 3.448586119014159790e-01 0.000000000000000000e+00
-8.192700388955179491e+00 -1.502056177013068039e+00 0.000000000000000000e+00
1.588111212235479686e+00 6.914395718417779335e+00 0.000000000000000000e+00
-1.719514888966271027e+00 2.122401819334992279e+00 0.000000000000000000e+00
6.666840661796793022e+00 1.678151609272695666e+01 0.000000000000000000e+00
-1.707186808165216618e+01 -6.898293355727769693e+00 0.000000000000000000e+00
7.486989379780454534e+00 9.891044833174307271e+00 0.000000000000000000e+00
-1.005944356751854052e+01 4.338842299204994646e+00 0.000000000000000000e+00
1.876382108960046935e+01 -1.532199954028599542e+00 0.000000000000000000e+00
-1.406753332566794512e+01 -4.941258361034496893e+00 0.000000000000000000e+00
5.720777245161967173e+00 -7.286012852035842258e+00 0.000000000000000000e+00
-2.022542336862311441e+00 5.090889142093415032e+00 0.000000000000000000e+00
-7.062381791593523417e+00 1.223817065401575643e+00 0.000000000000000000e+00
