5.875861626981631503e+00 -8.676607886574494444e+00 0.000000000000000000e+00
4.540972677427958182e+00 7.228686137067791284e-01 0.000000000000000000e+00
-3.789854322102898632e+00 -4.159272735244052832e+00 0.000000000000000000e+00
-1.410708243051298272e+00 -1.736157605764130807e+01 0.000000000000000000e+00
2.919799320416705535e-01 -8.663838183340690335e+00 0.000000000000000000e+00
-1.488826724226885290e+01 -2.616658835514776182e+00 0.000000000000000000e+00
1.464669946298483438e+01 -1.587418400618806347e+00 0.000000000000000000e+00
-5.953431755817780946e+00 1.261188754724030048e+01 0.000000000000000000e+00
9.999495310118698299e+00 4.391787690775207587e+00 0.000000000000000000e+00
8.809432328598749251e+00 -4.467895150485540867e+00 0.000000000000000000e+00
-6.143562848532546639e-01 4.047128278770582455e+00 0.000000000000000000e+00
1.661396478354151274e+00 2.794617410259425228e+00 0.000000000000000000e+00
9.315699803228056908e+00 8.882925287675220716e+00 0.000000000000000000e+00
8.354833655253058211e+00 1.184801177663851135e+01 0.000000000000000000e+00
-8.466288141144374668e-01 -5.817022766406719114e+00 0.000000000000000000e+00
2.892095833476063249e-01 9.610379326196197169e+00 0.000000000000000000e+00
1.075878889209949918e+01 7.526387208490131542e+00 0.000000000000000000e+00
-9.549880554464108329e+00 8.758138493563599525e+00 0.000000000000000000e+00
-6.893829305043960964e+00 -7.994652509238560967e+00 0.000000000000000000e+00
8.147222976336223610e+00 -6.667363663826883169e+00 0.000000000000000000e+00
-7.432205810497866105e-01 -1.381404997823635306e+01 0.000000000000000000e+00
1.498214971062051681e+01 2.103353434014304871e-02 0.000000000000000000e+00
1.304486408157802257e+00 -1.479832104084601418e+01 0.000000000000000000e+00
2.415385002881861531e+00 -5.805654288977874167e+00 0.000000000000000000e+00
7.949686951251432099e+00 1.468470062424091083e+01 0.000000000000000000e+00
-2.358473655001508629e+00 -1.031395306482007257e+01 0.000000000000000000e+00
4.522161318003842467e+00 -1.144957256419874003e+00 0.000000000000000000e+00
-1.431292622085451427e+01 4.494720424461130293e+00 0.000000000000000000e+00
-2.968923373111197250e+00 -8.685374314784768401e+00 0.000000000000000000e+00
-7.779488853617092303e+00 -1.444369535376743308e+01 0.000000000000000000e+00
1.388313251536043458e+00 -1.055670627327857858e+01 0.000000000000000000e+00
-1.638127080682441949e+00 1.480720540223224546e+01 0.000000000000000000e+00
-3.951836789931181926e+00 1.553044366872119220e+01 0.000000000000000000e+00
-6.943332435687999293e+00 -1.211264826263684213e+01 0.000000000000000000e+00
6.195795221355719917e+00 1.176114443213106853e+01 0.000000000000000000e+00
-8.591701548271771571e+00 4.230647667569821913e+00 0.000000000000000000e+00
1.667700419025917569e+01 3.405349781875290027e+00 0.000000000000000000e+00
-9.642920250444353414e+00 -3.752098393558028100e+00 0.000000000000000000e+00
-1.098021924980553621e+01 -4.891131481847366125e+00 0.000000000000000000e+00
-1.064065986824606114e+01 -1.115457490989931699e+01 0.000000000000000000e+00
3.426290067024716723e+00 -1.017087726944765791e+01 0.000000000000000000e+00
1.031597894746903066e+01 8.383242469329443836e-01 0.000000000000000000e+00
1.555352640253369501e+00 1.045120783938522280e+01 0.000000000000000000e+00
2.743892279192676753e-01 -6.952241302458757488e+00 0.000000000000000000e+00
6.800838651568504645e+00 7.237626146863296306e-02 0.000000000000000000e+00
3.951847503896090963e+00 1.393011517434755220e+01 0.000000000000000000e+00
-9.708754738987101618e+00 1.617844054576908830e+00 0.000000000000000000e+00
7.371399824032832448e+00 -8.010938987356031049e+00 0.000000000000000000e+00
4.173707615098207313e+00 6.698428431837426977e+00 0.000000000000000000e+00
1.208027103994985652e+01 -1.256064239915417424e+01 0.000000000000000000e+00
5.170374225066098006e+00 3.041090371563036410e+00 0.000000000000000000e+00
-9.145015582023029665e+00 6.440927764054220184e+00 0.000000000000000000e+00
-8.591188959323369900e+00 -5.849003012363122700e+00 0.000000000000000000e+00
-5.896366020204775182e+00 -9.916146943605877340e+00 0.000000000000000000e+00
-3.905918431114416389e+00 1.132961111381683494e+01 0.000000000000000000e+00
-1.307468806477902667e+01 1.258942939291111340e+00 0.000000000000000000e+00
-1.031428132835466904e+01 1.167090340565194317e+01 0.000000000000000000e+00
-1.227873262842548829e+00 1.083787576308614042e+01 0.000000000000000000e+00
-6.349265046293615100e+00 -2.013748282037746584e+00 0.000000000000000000e+00
-2.151595498694025999e+00 -1.525154267514970208e+01 0.000000000000000000e+00
4.121640364858206951e+00 1.026528323549663391e+01 0.000000000000000000e+00
1.611895569584950394e+01 1.436756833931344346e+00 0.000000000000000000e+00
1.149804181483114007e+01 1.051967966596132698e+01 0.000000000000000000e+00
4.324456912763325001e+00 -5.477256619792641779e+00 0.000000000000000000e+00
2.329044982346602399e+00 -2.331957172716603854e-01 0.000000000000000000e+00
-1.193487409640514052e+01 6.571109030189972167e+00 0.000000000000000000e+00
-7.693223517168142900e-01 -1.084260856796812389e+00 0.000000000000000000e+00
1.092228791606597582e+01 -6.388740545597118015e+00 0.000000000000000000e+00
1.227415316805816659e+01 2.264743742055134401e+00 0.000000000000000000e+00
1.064606248743080030e+01 -1.107565912152252707e+01 0.000000000000000000e+00
1.927163298068818476e+00 1.331693662731276717e+01 0.000000000000000000e+00
-2.648092136022047960e+00 6.377927555928179615e+00 0.000000000000000000e+00
4.826571026820246857e+00 -7.020731823586067399e+00 0.000000000000000000e+00
-9.186728858146857135e+00 -6.701646382330423979e-01 0.000000000000000000e+00
-1.592771936433144742e+00 -3.673949279483065933e+00 0.000000000000000000e+00
4.376228285842362342e-01 1.077596624873501385e+00 0.000000000000000000e+00
1.380161359713737568e+01 -7.655015732382313587e+00 0.000000000000000000e+00
-5.419164962261496576e+00 -1.573809068980447989e+01 0.000000000000000000e+00
-6.114108788287782481e+00 1.064047766898706726e+01 0.000000000000000000e+00
4.527594109350040696e+00 8.532456050141773218e+00 0.000000000000000000e+00
3.371185235874754493e+00 -1.705539104345871237e+01 0.000000000000000000e+00
-6.174312249917996986e+00 9.345260261963630466e-01 0.000000000000000000e+00
7.690111596584199738e+00 -1.056261548017796237e+01 0.000000000000000000e+00
-1.462152643227001114e+01 -6.497881543598661658e+00 0.000000000000000000e+00
-4.946181375583416973e+00 2.820539122953383604e+00 0.000000000000000000e+00
-1.394283267483164757e+01 8.557208874493367645e+00 0.000000000000000000e+00
5.761070039508524587e+00 9.544083487262952303e+00 0.000000000000000000e+00
4.005523996039427104e+00 -3.163374305582034474e+00 0.000000000000000000e+00
1.317069944533249548e-01 -4.627673363557631703e+00 0.000000000000000000e+00
1.435579922802509323e+01 -6.095720132911301548e+00 0.000000000000000000e+00
2.277925614415472477e+00 6.494657876231069160e+00 0.000000000000000000e+00
1.898722059283056707e+00 -1.319075005836186776e+01 0.000000000000000000e+00
7.021298652806753360e-01 5.947758125339281499e+00 0.000000000000000000e+00
5.939615983953985712e+00 -2.634576010443725025e+00 0.000000000000000000e+00
7.721445252796214298e+00 6.066257230798917988e+00 0.000000000000000000e+00
1.271123188648134850e+01 3.977716187769216649e+00 0.000000000000000000e+00
-9.634400959137726650e-01 2.417308730040722331e+00 0.000000000000000000e+00
1.965507116640633045e+00 -1.697354181406322216e+00 0.000000000000000000e+00
7.700888383075667143e+00 2.546619837358066185e+00 0.000000000000000000e+00
-1.244876983423604244e+01 1.165644611892299487e+01 0.000000000000000000e+00
1.501102488415165581e+01 3.189173522825171414e+00 0.000000000000000000e+00
6.032958951136262904e+00 -4.908125682882659824e+00 0.000000000000000000e+00
-6.676792299283611953e+00 4.404139253492089345e+00 0.000000000000000000e+00
4.635481404497761027e+00 -1.312569791183062584e+01 0.000000000000000000e+00
2.869641581076052272e+00 8.456833467312701913e+00 0.000000000000000000e+00
1.942388357603929139e+00 4.711071231362642386e+00 0.000000000000000000e+00
-2.919775661969243430e+00 -1.444704200745352107e+00 0.000000000000000000e+00
-1.599723279326932479e+00 7.703347163253480900e+00 0.000000000000000000e+00
-1.143299111423188386e+01 9.886863953844480690e+00 0.000000000000000000e+00
1.084296852083321028e+01 -2.799894732266936082e+00 0.000000000000000000e+00
-1.105002570367645554e+01 8.158065552188711322e+00 0.000000000000000000e+00
3.237754970927113174e+00 -1.219666681309539946e+01 0.000000000000000000e+00
1.647747405318246194e+01 -3.148172547106628194e+00 0.000000000000000000e+00
-2.901582061544879743e+00 3.286911935923105599e+00 0.000000000000000000e+00
-8.978618847117569857e+00 1.253920780383163525e+01 0.000000000000000000e+00
-1.208288180007118306e+01 -8.663923971664752699e+00 0.000000000000000000e+00
1.213499155065466262e+01 -9.520077878881917144e+00 0.000000000000000000e+00
-1.005543080400656653e+00 -1.124650190701817287e+01 0.000000000000000000e+00
-6.479168487119503439e+00 1.582318939022781734e+01 0.000000000000000000e+00
-1.602311283924182916e+01 -4.269129660224718847e+00 0.000000000000000000e+00
-8.953625255511479253e+00 1.023458537344307118e+01 0.000000000000000000e+00
-4.839708524202638529e+00 1.387582988136812823e+01 0.000000000000000000e+00
-1.145679593843404120e+01 -2.337193262228878687e+00 0.000000000000000000e+00
1.410526868229495889e+01 9.550016776721721001e+00 0.000000000000000000e+00
7.499294313002494050e+00 -1.321712212585633139e+01 0.000000000000000000e+00
-1.235724493209841590e+01 -6.108145406699927449e+00 0.000000000000000000e+00
2.983875872417824926e+00 1.139136823142496091e+01 0.000000000000000000e+00
4.969406936911203942e+00 -1.514576488615642624e+01 0.000000000000000000e+00
1.483373526051704516e+01 -9.007713721375710136e+00 0.000000000000000000e+00
-1.604653872757117128e+01 4.066193352617788470e+00 0.000000000000000000e+00
1.134642071126427787e+01 1.215775845253242515e+01 0.000000000000000000e+00
1.506503494279934330e+01 8.014127644921686056e+00 0.000000000000000000e+00
-6.995652633458766090e+00 -3.784516166168185314e-01 0.000000000000000000e+00
-1.057397761634331168e+01 5.170282171009454864e+00 0.000000000000000000e+00
-5.358609964954921701e+00 -1.337623567470747510e+01 0.000000000000000000e+00
-8.003919841101419408e+00 -3.184972774110665039e+00 0.000000000000000000e+00
3.603860734567083668e+00 -7.969085101283446271e+00 0.000000000000000000e+00
3.479672909552464222e-01 1.221975196473280256e+01 0.000000000000000000e+00
1.472460982271837437e+01 -4.346855189066093139e+00 0.000000000000000000e+00
3.526733428793622505e+00 1.663748495387950399e+01 0.000000000000000000e+00
6.519807142244136600e+00 -1.484995862730447946e+01 0.000000000000000000e+00
1.390093719220937984e+01 6.859555245476578911e+00 0.000000000000000000e+00
-7.638414948215541678e+00 1.099424282180130774e+01 0.000000000000000000e+00
-1.452494472829808103e+01 -4.685957900435711032e+00 0.000000000000000000e+00
1.237891194420878094e+01 -7.148603558634849087e+00 0.000000000000000000e+00
5.654358180619231122e-01 -3.184053314118546751e+00 0.000000000000000000e+00
-3.408151471759675921e+00 -6.917265618434733199e+00 0.000000000000000000e+00
-1.261985738192449169e+01 -7.652048800516406679e-01 0.000000000000000000e+00
8.341544680115111632e+00 -6.202771328223849467e-01 0.000000000000000000e+00
-4.663022623742347328e+00 -2.394169750603452052e+00 0.000000000000000000e+00
1.253225523458817925e+01 -2.865224648308293265e+00 0.000000000000000000e+00
-1.399291681614270999e+01 6.418689406170178025e+00 0.000000000000000000e+00
-9.773891394599457882e+00 -1.411491458387261666e+01 0.000000000000000000e+00
-8.726405291755024995e-01 1.631379586663047832e+01 0.000000000000000000e+00
-2.075008851924863951e+00 6.534192948806520906e-01 0.000000000000000000e+00
-1.462109454487827165e+01 -1.074081992692919707e+00 0.000000000000000000e+00
1.302206068859044308e+01 1.166022280150466983e+01 0.000000000000000000e+00
1.358157998751094730e+01 5.222736714069536212e+00 0.000000000000000000e+00
-1.435216820530436088e+01 2.872978668977392847e+00 0.000000000000000000e+00
7.225958842283955796e+00 7.768559813783962653e+00 0.000000000000000000e+00
-1.375875973472146718e+01 -9.396001334432270369e+00 0.000000000000000000e+00
-1.661771497969121114e+01 -1.335680465136650952e+00 0.000000000000000000e+00
3.422182348906162019e+00 3.403880710259271858e+00 0.000000000000000000e+00
-1.596558471100503240e+01 6.762402331080471285e+00 0.000000000000000000e+00
-7.502468139870981823e+00 6.315287200939250667e+00 0.000000000000000000e+00
-1.504227056023603915e+01 1.018456885316052940e+00 0.000000000000000000e+00
-1.251889576128624348e+01 -1.185798967036460994e+01 0.000000000000000000e+00
9.667881713128020138e+00 -9.271239226247818266e+00 0.000000000000000000e+00
1.670554269585677787e+01 -5.332009750425176220e-01 0.000000000000000000e+00
-4.405726751888948023e+00 6.051223362359238855e+00 0.000000000000000000e+00
1.064281302283114883e+01 -4.584142488702332763e+00 0.000000000000000000e+00
-1.697873477228157624e+00 1.261928131909833262e+01 0.000000000000000000e+00
8.539258082696836283e+00 -2.589471753873330062e+00 0.000000000000000000e+00
-5.673702586545780413e+00 8.176946483169727387e+00 0.000000000000000000e+00
-1.254296908284555556e+01 -3.667000318751835408e+00 0.000000000000000000e+00
-7.620523968411868410e+00 1.415932677710203791e+01 0.000000000000000000e+00
-4.667136174966994844e+00 9.327727492121466568e+00 0.000000000000000000e+00
1.329216493230466867e+01 -1.060000513307413250e+01 0.000000000000000000e+00
9.586426473335288634e+00 6.279314256671389316e+00 0.000000000000000000e+00
-9.990088565775907981e+00 1.422206614516401402e+01 0.000000000000000000e+00
-1.236721108534518621e+01 3.358234335201320864e+00 0.000000000000000000e+00
6.455143131361545272e+00 1.435841308894940127e+01 0.000000000000000000e+00
1.184400045009766522e+01 8.626220869758896015e+00 0.000000000000000000e+00
-7.562776024094103322e-01 -1.601019757070696770e+01 0.000000000000000000e+00
6.101216569522217803e+00 -1.209565139943683576e+01 0.000000000000000000e+00
-9.378510871216221290e+00 -8.140144063942805985e+00 0.000000000000000000e+00
1.819653350404245806e+00 -1.658418753194229112e+01 0.000000000000000000e+00
7.851750614795320438e+00 9.340261416687765106e+00 0.000000000000000000e+00
1.367101639113208478e+01 1.604571415300155790e+00 0.000000000000000000e+00
9.912907441011205023e-01 1.512509214929293577e+01 0.000000000000000000e+00
1.016370095543559948e+01 1.385015060113571295e+01 0.000000000000000000e+00
8.902045268483645302e+00 -1.459203064643760150e+01 0.000000000000000000e+00
-1.392203792505211801e+01 1.057208920184877421e+01 0.000000000000000000e+00
-8.084261826948026197e+00 -9.268126774372444032e+00 0.000000000000000000e+00
-2.646634600775384705e+00 -1.274520110876554924e+01 0.000000000000000000e+00
-5.864982418606699888e+00 6.642335634478675033e+00 0.000000000000000000e+00
-7.185875137443353822e+00 2.902215212602140326e+00 0.000000000000000000e+00
-3.633590676769510086e+00 8.519381297972866696e-01 0.000000000000000000e+00
-3.719737360489084654e+00 -1.387495173514815860e+01 0.000000000000000000e+00
-5.851750987519444003e+00 -6.088325598915023562e+00 0.000000000000000000e+00
9.605349681822604069e+00 2.480471480874791190e+00 0.000000000000000000e+00
1.678132481291314093e+01 -4.872533936528990139e+00 0.000000000000000000e+00
1.324516029459791966e+01 -4.786773018687617842e+00 0.000000000000000000e+00
-1.699836240464596315e+01 1.521572822746148912e+00 0.000000000000000000e+00
9.638521266316043778e+00 -1.482229217587825998e+00 0.000000000000000000e+00
6.068429046988248921e+00 5.484814171206529032e+00 0.000000000000000000e+00
-6.922754146673172571e+00 -4.857229999954918220e+00 0.000000000000000000e+00
7.899863036368389713e-01 8.166349248614851675e+00 0.000000000000000000e+00
2.492754283669164295e+00 1.519668817114238957e+00 0.000000000000000000e+00
1.187774328353387610e+01 5.516235462166124925e+00 0.000000000000000000e+00
5.528666552949601076e+00 1.574757828746199984e+01 0.000000000000000000e+00
-3.381867209530820428e+00 8.342407972000218663e+00 0.000000000000000000e+00
1.021284189248560814e+01 -1.273896382636423219e+01 0.000000000000000000e+00
-8.379388440326486887e+00 -1.297310413528984085e+01 0.000000000000000000e+00
-1.088863868736746809e+01 -7.067116967575489461e+00 0.000000000000000000e+00
-3.692135015683211563e+00 -1.666265920177083260e+01 0.000000000000000000e+00
-4.620976469305498213e+00 -8.567242441106266426e+00 0.000000000000000000e+00
8.440863955791130024e+00 9.236344682075074974e-01 0.000000000000000000e+00
-1.102073666371797245e+01 4.487140133310514589e-02 0.000000000000000000e+00
-1.332400759146310776e+01 -7.409020972855977938e+00 0.000000000000000000e+00
-3.162762578215030373e+00 1.394379730153981711e+01 0.000000000000000000e+00
-4.315706759401412462e+00 -1.017750646363116296e+01 0.000000000000000000e+00
-1.281401053656191813e+01 5.104953145927656699e+00 0.000000000000000000e+00
-7.442931715289267558e+00 8.217036547939780888e+00 0.000000000000000000e+00
1.214338742795832360e+01 2.272367829352184565e-01 0.000000000000000000e+00
-1.222688328061403595e+00 -7.978154432922193173e+00 0.000000000000000000e+00
1.590822098540093066e+01 4.962121878739621295e+00 0.000000000000000000e+00
4.491582380881986580e+00 4.624222770452084852e+00 0.000000000000000000e+00
-4.676467930288596975e+00 -7.365403362668669907e-01 0.000000000000000000e+00
9.747821849871822764e-01 1.693321289773647820e+01 0.000000000000000000e+00
-2.532219927954068694e+00 -5.523849035922110851e+00 0.000000000000000000e+00
-1.309742639505815154e+00 5.645971859613616139e+00 0.000000000000000000e+00
-2.664873708263955088e+00 1.714993466901111319e+01 0.000000000000000000e+00
-8.250614530103094424e+00 -1.103788763686609897e+01 0.000000000000000000e+00
5.063111171410263900e+00 -1.015996021218433221e+01 0.000000000000000000e+00
-1.114186635669548231e+01 -1.328576910454660087e+01 0.000000000000000000e+00
-1.695329821391358038e+01 -2.859324295304969343e+00 0.000000000000000000e+00
-1.042983115695898810e+01 -9.659025402784239489e+00 0.000000000000000000e+00
-4.972150635900577598e+00 4.602217138395253038e+00 0.000000000000000000e+00
-2.339836681129967566e+00 9.528778554280025404e+00 0.000000000000000000e+00
1.104594069015982605e+01 -8.024696184436720614e+00 0.000000000000000000e+00
-7.955295559882549661e+00 1.053933477161979493e+00 0.000000000000000000e+00
2.002242298140699983e+00 -8.939316024032926578e+00 0.000000000000000000e+00
-1.097863178978637677e+01 2.715353287876449251e+00 0.000000000000000000e+00
7.617437659526427041e+00 4.387595710151052764e+00 0.000000000000000000e+00
-1.527791385598731111e+01 -8.040437386175776524e+00 0.000000000000000000e+00
6.530980773446406928e+00 -6.656616866092499585e+00 0.000000000000000000e+00
5.909444272561311884e+00 1.712287009353529399e+00 0.000000000000000000e+00
1.921643805004275452e+00 -4.058591388291848290e+00 0.000000000000000000e+00
-5.392457215312458807e+00 -4.626312780725751139e+00 0.000000000000000000e+00
-5.298127666260194601e+00 -1.144078763195766335e+01 0.000000000000000000e+00
7.461659469560343316e-01 -1.193670814249064271e+01 0.000000000000000000e+00
5.270638642895735693e+00 1.321322844829870924e+01 0.000000000000000000e+00
7.278432311390078624e+00 -3.481426734735387551e+00 0.000000000000000000e+00
9.880926204487362696e+00 1.089753297637706453e+01 0.000000000000000000e+00
7.251406479053846610e+00 1.302913925510278936e+01 0.000000000000000000e+00
