1.296901775187469186e+00 1.502245533694094171e+01 0.000000000000000000e+00
-1.017553081753884747e+01 -6.522311185997105021e+00 0.000000000000000000e+00
-7.297932279275217482e+00 -3.606836152731230261e+00 0.000000000000000000e+00
-1.596596732074807079e+01 -1.081301826691688062e+00 0.000000000000000000e+00
1.479174686203733158e+00 -1.338796575526101229e+01 0.000000000000000000e+00
1.203271163713125880e+01 6.564611791719096701e+00 0.000000000000000000e+00
5.082830633217874983e+00 5.701454003090598022e+00 0.000000000000000000e+00
-5.733534639367369144e-03 -1.183774029307352116e+01 0.000000000000000000e+00
-3.437663004229790875e+00 -1.849524817557545830e+01 0.000000000000000000e+00
3.505556101240430711e-01 -1.609972965662559830e+01 0.000000000000000000e+00
-2.564065020530109873e+00 1.357974448500354114e+01 0.000000000000000000e+00
1.042264793720297611e+01 6.309907983739363679e+00 0.000000000000000000e+00
8.050406810195317675e+00 3.185005323564964019e+00 0.000000000000000000e+00
5.362320988328246330e+00 -1.960602851198007368e+00 0.000000000000000000e+00
-4.996716623053424122e+00 -3.108575025982940776e+00 0.000000000000000000e+00
-1.056232050206579132e+01 6.007960385487843169e+00 0.000000000000000000e+00
-1.375303993180565065e+01 1.137014988271700133e+01 0.000000000000000000e+00
-9.102972762956452968e+00 7.041640759028791940e+00 0.000000000000000000e+00
-8.024089992782750258e+00 2.311628396415876807e+00 0.000000000000000000e+00
1.701554116493623425e+01 3.348968100786368751e+00 0.000000000000000000e+00
5.478466225992407956e+00 -1.486458599580416440e+01 0.000000000000000000e+00
-1.503955692838840896e+01 8.768247903604159177e+00 0.000000000000000000e+00
-1.681330773451251925e+00 2.102913154000069618e+00 0.000000000000000000e+00
-8.662522084365631869e+00 -8.521464042005808537e+00 0.000000000000000000e+00
3.692451893743193825e-01 -3.781716678347340821e+00 0.000000000000000000e+00
-1.335225719094550456e+01 1.493419755130954485e+00 0.000000000000000000e+00
7.579025345210635756e+00 -3.297854776125739296e+00 0.000000000000000000e+00
8.172842934693441919e+00 9.772798910296847552e+00 0.000000000000000000e+00
-8.092250965709489208e+00 8.272501591983697722e+00 0.000000000000000000e+00
4.478312141059945795e+00 -8.596140872850886794e+00 0.000000000000000000e+00
-7.603504220871422525e+00 1.098793144652100473e+01 0.000000000000000000e+00
1.559066233884617958e+01 -8.571266828232337431e+00 0.000000000000000000e+00
7.715607705018359574e+00 7.620050184768836665e+00 0.000000000000000000e+00
-6.394688743865132530e+00 6.379851961677807104e+00 0.000000000000000000e+00
1.033739778419813860e+01 -5.571014855449710979e+00 0.000000000000000000e+00
2.367137127931400187e+00 -1.114200012968567322e+01 0.000000000000000000e+00
3.118759101499847475e+00 -2.634180442402951350e+00 0.000000000000000000e+00
-6.092647621786928980e+00 1.727909330133124399e+01 0.000000000000000000e+00
8.221783487353027553e+00 -1.704604217841106939e+00 0.000000000000000000e+00
-1.154135324596413170e+01 -7.416164421611129320e+00 0.000000000000000000e+00
4.150228343246874729e+00 1.367112380061079335e+01 0.000000000000000000e+00
1.164387053839659814e+01 1.318844922739450176e+01 0.000000000000000000e+00
1.290962797371721393e+01 -1.387260684647101883e+01 0.000000000000000000e+00
-6.964342335751366048e-03 -1.851666662581819978e+01 0.000000000000000000e+00
-1.921574271858027538e+00 -9.029401425867794373e+00 0.000000000000000000e+00
1.377283208441877072e-01 7.556743364600741586e+00 0.000000000000000000e+00
-5.683065331490677607e-01 1.517892216544384532e+01 0.000000000000000000e+00
1.049158055486254959e+01 1.152415039877405789e+01 0.000000000000000000e+00
-1.128679340609365234e+01 -1.103345731271241803e+01 0.000000000000000000e+00
1.539900455518185041e+01 5.921836515433292369e+00 0.000000000000000000e+00
1.214090968647307456e+01 9.795412999100511442e+00 0.000000000000000000e+00
-1.318584921101324348e+01 6.530119428620080768e+00 0.000000000000000000e+00
5.649141366868352776e+00 2.993044657085245142e+00 0.000000000000000000e+00
5.585846806855535363e+00 9.859823416638592519e+00 0.000000000000000000e+00
2.720567469982055897e+00 -1.516022425708544752e+01 0.000000000000000000e+00
-5.413538580315616855e+00 1.288322582255681681e+01 0.000000000000000000e+00
-7.478609508490125179e+00 1.357598419992070049e+01 0.000000000000000000e+00
6.459283928753389858e+00 1.641870597923196229e+01 0.000000000000000000e+00
-4.378572715377015534e+00 1.822560792432216203e+01 0.000000000000000000e+00
1.501472395702332285e+01 8.593021545293757057e+00 0.000000000000000000e+00
3.736145650662980877e+00 1.557507203444948374e+01 0.000000000000000000e+00
-1.613117831062702123e+00 1.000408559147836307e+01 0.000000000000000000e+00
4.579903704176006229e+00 8.258243346120243800e+00 0.000000000000000000e+00
-1.703196067324136109e+01 -6.214200538264182505e+00 0.000000000000000000e+00
6.711817888009923294e+00 -1.765867252323120695e+01 0.000000000000000000e+00
-1.587712751237281772e+01 4.931713773883555696e+00 0.000000000000000000e+00
5.885968227493060034e+00 -1.636648301492879654e+01 0.000000000000000000e+00
-1.609287373047706282e+01 7.441242797594807001e+00 0.000000000000000000e+00
-3.542318430914969341e+00 -1.061483392853421925e+01 0.000000000000000000e+00
-1.116748898344418706e+01 3.800510838808748293e+00 0.000000000000000000e+00
-1.894753863496028812e+00 -6.094241714022980982e-01 0.000000000000000000e+00
9.266819269746799037e+00 -7.019798163396231416e+00 0.000000000000000000e+00
-4.231994724429232413e+00 8.954593594755404506e-01 0.000000000000000000e+00
5.273342185839938523e+00 1.505367418334660812e+01 0.000000000000000000e+00
-1.877447794180325502e+01 -2.165905467929588379e+00 0.000000000000000000e+00
-7.095946992946835508e+00 -1.195746223810315279e+01 0.000000000000000000e+00
-1.812237481554296181e+01 5.613447870262234574e+00 0.000000000000000000e+00
-1.311788439560876540e+01 -1.118185564989918035e+01 0.000000000000000000e+00
1.472495518216512878e+01 2.634699836377222937e+00 0.000000000000000000e+00
6.646955148068212083e+00 1.316918911901336209e+01 0.000000000000000000e+00
1.000645835943353212e+01 3.618467919085444962e+00 0.000000000000000000e+00
-1.068249597682549012e+00 -7.719790298746149304e+00 0.000000000000000000e+00
1.582219750343250730e+01 1.172491192479828248e+00 0.000000000000000000e+00
-6.692009675187409190e-01 3.639991859028748777e+00 0.000000000000000000e+00
-4.907915513029326604e+00 1.130000718198513887e+01 0.000000000000000000e+00
7.486709203287903236e+00 5.421353524139830959e+00 0.000000000000000000e+00
1.475518305194240432e+00 6.312296086078417190e+00 0.000000000000000000e+00
1.338392474827031542e+01 8.912338055576743301e+00 0.000000000000000000e+00
7.046004742468428894e+00 -6.098891845386791744e+00 0.000000000000000000e+00
1.209807909112924840e+01 -3.908956973859191719e-01 0.000000000000000000e+00
-1.344973920120834521e+01 -9.281014178296143058e+00 0.000000000000000000e+00
9.792938265188164237e+00 -1.171614891351707710e+00 0.000000000000000000e+00
1.273457086752875256e+01 -2.532487186594569728e+00 0.000000000000000000e+00
-1.010236135809456570e+01 -1.486035964847287794e+01 0.000000000000000000e+00
1.923791659281406830e+00 -1.766784264937833271e+01 0.000000000000000000e+00
-9.613274219131589859e+00 -1.319789548492550857e+01 0.000000000000000000e+00
1.240358898692118217e+01 1.502786140716419139e+00 0.000000000000000000e+00
-2.445547572861074492e+00 -1.432961248341383431e+01 0.000000000000000000e+00
-6.364171944026575822e+00 -1.346224273364970614e+01 0.000000000000000000e+00
-8.488021313825788283e+00 -5.005615174278605473e+00 0.000000000000000000e+00
8.030558835520858807e+00 -1.392758521357664492e+01 0.000000000000000000e+00
-1.803113350125309466e+01 3.449582580889737127e+00 0.000000000000000000e+00
-2.863331597752269531e+00 7.234780309493479500e+00 0.000000000000000000e+00
2.954946352591512504e+00 4.848570908214941078e+00 0.000000000000000000e+00
-4.925483500506333101e+00 7.890757715309983489e+00 0.000000000000000000e+00
1.094572384336996329e+01 -7.490409776512160889e+00 0.000000000000000000e+00
-7.611377320317290085e+00 -1.026548391254752524e+01 0.000000000000000000e+00
-2.646602471132912804e+00 -1.660534366311121701e+01 0.000000000000000000e+00
5.102343120722536263e+00 1.220922282069126119e+00 0.000000000000000000e+00
-1.840646448744514885e+01 1.044558512351534629e+00 0.000000000000000000e+00
-1.550799403479359739e+00 1.199991717765692378e+01 0.000000000000000000e+00
-2.614006968582773371e+00 1.721110246725123005e+01 0.000000000000000000e+00
9.893800089930277153e+00 1.303121933364568541e+01 0.000000000000000000e+00
8.151145422269063801e+00 1.294891086799660229e+01 0.000000000000000000e+00
-8.613910081286526577e+00 -1.556265630191802529e+01 0.000000000000000000e+00
1.785954246365417220e+00 1.723445052932585853e+01 0.000000000000000000e+00
1.702646738191753073e+01 1.986214925913624973e-01 0.000000000000000000e+00
3.686509585891975416e+00 2.293400055313510322e+00 0.000000000000000000e+00
1.428729522974069255e+01 -5.879798308615072244e+00 0.000000000000000000e+00
4.976707329505645205e+00 -2.760260933428569929e-01 0.000000000000000000e+00
1.103078306060854530e+01 -3.711002668703929253e+00 0.000000000000000000e+00
-6.149755038707245269e+00 -1.793504522833643833e+01 0.000000000000000000e+00
2.328850451548821532e+00 9.952307514756684625e+00 0.000000000000000000e+00
1.060258036989500674e+01 6.011038026210347995e-01 0.000000000000000000e+00
-1.104778562838787259e+01 1.586448904360180379e+00 0.000000000000000000e+00
-5.870001286964987131e+00 1.465637231959345499e+01 0.000000000000000000e+00
3.218656685040805154e+00 1.227108440973917602e+01 0.000000000000000000e+00
7.021918154834017045e+00 -1.206940286379646743e+01 0.000000000000000000e+00
-9.750609947105665753e+00 1.034497343565221783e+01 0.000000000000000000e+00
-7.874498175953358325e-01 1.781640538695656062e+01 0.000000000000000000e+00
-9.520287525342358004e-01 -3.003017141590326844e+00 0.000000000000000000e+00
1.014083175642428181e+01 1.592315966559926110e+01 0.000000000000000000e+00
-7.943819134740052412e+00 4.861349792147920290e+00 0.000000000000000000e+00
1.393215571014342480e+01 -1.214599358175596144e+01 0.000000000000000000e+00
3.735480423553058316e+00 -1.713552733806598738e+01 0.000000000000000000e+00
-1.171497158602255517e+01 -1.783010247541693405e-01 0.000000000000000000e+00
7.764682430809082270e+00 4.878677292368726603e-01 0.000000000000000000e+00
-1.334334893796455646e+01 -6.195442916774814179e+00 0.000000000000000000e+00
1.631018718234260945e+01 7.126089662265314928e+00 0.000000000000000000e+00
-1.493527405881116721e+01 -1.131404749169976043e+01 0.000000000000000000e+00
-3.068955345284433811e+00 -3.340258586950138664e+00 0.000000000000000000e+00
2.005764463833358935e+00 2.236052009305099231e-01 0.000000000000000000e+00
8.629010032566533095e-01 1.258720305613720569e+01 0.000000000000000000e+00
-1.595660779204000868e+01 -4.824994633789487786e+00 0.000000000000000000e+00
1.021889648001393347e+01 -1.060791202323894034e+01 0.000000000000000000e+00
1.445682205374841800e+01 1.167720156459217229e+01 0.000000000000000000e+00
-3.326651428362111140e+00 1.571258105884403378e+01 0.000000000000000000e+00
-9.226745842282380039e+00 -8.530750702753748804e-01 0.000000000000000000e+00
-1.402754568218769649e+01 -4.341716295218112087e+00 0.000000000000000000e+00
3.735379575312930189e+00 -9.913240875837624699e+00 0.000000000000000000e+00
1.455102933858515080e+00 -7.935856261131690736e+00 0.000000000000000000e+00
8.842382636990093303e+00 1.471621367122385493e+01 0.000000000000000000e+00
-1.152631067451232205e+01 -4.189790691900867614e+00 0.000000000000000000e+00
-1.301809337943156386e+01 4.935493292782512142e+00 0.000000000000000000e+00
-9.140714442677200680e+00 1.384564975397671738e+01 0.000000000000000000e+00
-5.653576955797366743e+00 -8.089506868703058018e-01 0.000000000000000000e+00
-9.362012645414527157e+00 1.646247794753815086e+01 0.000000000000000000e+00
-1.100387920528369534e+01 7.647404381181774013e+00 0.000000000000000000e+00
-7.551835001321203222e-01 -1.451741513509975512e+01 0.000000000000000000e+00
1.361267505037165648e+01 -7.305767068832079436e-02 0.000000000000000000e+00
-1.462003477327716716e+01 -7.148563436256123893e+00 0.000000000000000000e+00
-1.299151009802613643e+01 -1.309479507389798059e+01 0.000000000000000000e+00
4.554160410693453009e+00 1.109468085655303859e+01 0.000000000000000000e+00
1.489990381587359991e+01 -4.050470834032672052e+00 0.000000000000000000e+00
1.349277789232404245e+01 -1.023956246824330840e+01 0.000000000000000000e+00
1.722419651463039214e+00 -9.620878356474594995e+00 0.000000000000000000e+00
9.704807865610406425e-01 -5.169247888012574066e+00 0.000000000000000000e+00
3.967407710058757253e+00 1.852078885115790641e+01 0.000000000000000000e+00
7.670372148920857391e+00 -7.933248924115932077e+00 0.000000000000000000e+00
1.165311196563619056e+01 -1.498607244138706740e+01 0.000000000000000000e+00
-1.541977362546935026e+01 3.630661770807632194e-01 0.000000000000000000e+00
-1.124935974534000493e+01 1.121628469068516942e+01 0.000000000000000000e+00
-4.855278045892549521e+00 -1.389175371579086438e+01 0.000000000000000000e+00
-1.272294548749560406e+01 -2.595341354165909387e+00 0.000000000000000000e+00
-2.843955466098243345e+00 4.960314105000708906e+00 0.000000000000000000e+00
-1.608396314188079046e+00 -1.133413635730481239e+01 0.000000000000000000e+00
-4.199005366151667751e+00 -4.656355031359777463e+00 0.000000000000000000e+00
1.378399640832615347e+01 5.473300185052427658e+00 0.000000000000000000e+00
-1.688005917957496393e+01 1.212639992396389532e+00 0.000000000000000000e+00
-5.174345615551467326e+00 -8.227100234601753215e+00 0.000000000000000000e+00
-3.844714640123685356e+00 3.300551404466968375e+00 0.000000000000000000e+00
-9.748592424306513848e+00 -3.894104771227951289e+00 0.000000000000000000e+00
1.234520300046521335e+01 -1.181167455951965906e+01 0.000000000000000000e+00
1.842357112603629687e+01 -2.811233638331798623e+00 0.000000000000000000e+00
-2.627806140346822250e+00 -5.223293127919467871e+00 0.000000000000000000e+00
7.507885050449915276e+00 -1.048529863045876453e+01 0.000000000000000000e+00
1.305979213009688422e+01 -8.035275451568754335e+00 0.000000000000000000e+00
4.934034524883109896e+00 -1.814743937309836141e+01 0.000000000000000000e+00
-4.203370286238297560e+00 9.836899755236919063e+00 0.000000000000000000e+00
-1.132449714398364371e+01 1.403305436022815655e+01 0.000000000000000000e+00
1.583147129651951346e+01 -2.013502821525117614e+00 0.000000000000000000e+00
-6.099547407207698946e+00 2.792202549870180572e+00 0.000000000000000000e+00
-4.204505516498363349e+00 -1.698112165684935704e+01 0.000000000000000000e+00
-1.174101409743341584e+01 -5.699765579033904572e+00 0.000000000000000000e+00
-1.573652428999916530e+01 -9.942373800188081034e+00 0.000000000000000000e+00
-5.384051355343873801e+00 -1.018950201906251252e+01 0.000000000000000000e+00
9.392781239114231795e+00 -1.578387999461896563e+01 0.000000000000000000e+00
-1.326755408381386658e+01 1.306544232724276888e+01 0.000000000000000000e+00
1.406816519283606626e+00 8.464902670931664375e+00 0.000000000000000000e+00
8.395409005229202748e+00 -4.626058583335649566e+00 0.000000000000000000e+00
-1.399466388161108577e-01 8.281618501977132674e-01 0.000000000000000000e+00
-1.290746886001463256e+00 -1.595596210888969857e+01 0.000000000000000000e+00
-9.459249248556513834e+00 1.221577453942305169e+01 0.000000000000000000e+00
-6.989983462250939361e+00 -5.987145777213568998e+00 0.000000000000000000e+00
4.433558841018515884e-02 -8.882961128397747430e+00 0.000000000000000000e+00
2.700036237628796076e+00 -5.344555649546168574e+00 0.000000000000000000e+00
1.064267878798491651e+01 -1.267056120203224445e+01 0.000000000000000000e+00
9.094921784058136893e+00 8.548848276317208672e+00 0.000000000000000000e+00
1.210250411557739980e+01 -9.234855673655024688e+00 0.000000000000000000e+00
9.749917406380770313e-01 -1.612476182020468940e+00 0.000000000000000000e+00
1.147325550707373409e+01 8.373668432587487942e+00 0.000000000000000000e+00
4.425956375140384758e+00 -1.169951523081431333e+01 0.000000000000000000e+00
-5.831510498325993552e+00 4.291316386123702031e+00 0.000000000000000000e+00
-5.437819249087192830e+00 -1.179226742421571039e+01 0.000000000000000000e+00
5.337732132158139464e+00 -3.625478782152606883e+00 0.000000000000000000e+00
-7.454228701995802009e-01 -5.431269635568747312e+00 0.000000000000000000e+00
1.162168945199749537e+01 4.213477263814186635e+00 0.000000000000000000e+00
-1.687614130657651401e+01 -7.727505170792933420e+00 0.000000000000000000e+00
-2.627888533430644102e+00 -7.453047956194441603e+00 0.000000000000000000e+00
8.819117864270796803e-01 2.129404124938000908e+00 0.000000000000000000e+00
-1.275209722490799713e+01 9.895108155936268801e+00 0.000000000000000000e+00
1.134249924987427827e+00 4.128520511533758430e+00 0.000000000000000000e+00
1.236780536393266772e+01 -4.601978067546249385e+00 0.000000000000000000e+00
-1.048439721483426368e+01 -2.135559644535018453e+00 0.000000000000000000e+00
6.531112639954279153e+00 -8.988493971657321779e+00 0.000000000000000000e+00
1.594344712977687628e+01 -6.439640179438501200e+00 0.000000000000000000e+00
3.376845252282864251e+00 -6.910120294565145649e+00 0.000000000000000000e+00
-6.820387901867243308e+00 3.206679076564774022e-01 0.000000000000000000e+00
1.116582649184372755e+01 -1.972868941894243333e+00 0.000000000000000000e+00
4.632018504477961152e+00 -5.025516035318892349e+00 0.000000000000000000e+00
-7.968414191403199176e+00 -1.708522494571798589e+01 0.000000000000000000e+00
-7.468365323224845476e+00 1.551144634103147979e+01 0.000000000000000000e+00
-5.198526668804639428e-01 5.202894104551579524e+00 0.000000000000000000e+00
3.984599804098213127e+00 -1.360079763916697715e+01 0.000000000000000000e+00
5.016010550443598781e+00 1.691024706945924194e+01 0.000000000000000000e+00
1.701990309231601373e+01 -4.787595672821496784e+00 0.000000000000000000e+00
1.853521783071938955e+01 2.682222853654746331e+00 0.000000000000000000e+00
3.321526158797293071e+00 6.397417645858804569e+00 0.000000000000000000e+00
-6.731332575200404733e+00 -1.545935825239893013e+01 0.000000000000000000e+00
1.263057709115341787e+01 1.188015800580793169e+01 0.000000000000000000e+00
-9.681806571890746227e+00 -9.944506031729822837e+00 0.000000000000000000e+00
8.218090014551249212e+00 1.656826036342168962e+01 0.000000000000000000e+00
-1.578074398917940790e+01 -3.309754307945111940e+00 0.000000000000000000e+00
-5.883232115398371459e-02 1.002441216179494710e+01 0.000000000000000000e+00
-3.242186283051885720e+00 1.126874813919129181e+01 0.000000000000000000e+00
-1.744355319502623658e+01 -3.753085403842689516e+00 0.000000000000000000e+00
1.360597276815365397e+01 3.764310968803902480e+00 0.000000000000000000e+00
-1.498861910314727730e+01 3.544820912841050387e+00 0.000000000000000000e+00
3.841741991061847772e-01 1.641452709998171144e+01 0.000000000000000000e+00
5.738951516592697644e+00 7.094071641527031069e+00 0.000000000000000000e+00
-4.243611501998927338e+00 -6.832636466725755753e+00 0.000000000000000000e+00
1.141212816388203954e+01 2.704730403501564684e+00 0.000000000000000000e+00
1.248198799477883547e+01 -6.628809904897593697e+00 0.000000000000000000e+00
9.954572375634857195e+00 1.000993045519874514e+01 0.000000000000000000e+00
-1.504184365547187596e+00 -1.298206125646819409e+01 0.000000000000000000e+00
9.481249815712279982e+00 -9.170922945201610332e+00 0.000000000000000000e+00
