-1.649361401370267544e+00 -7.311922700735146385e+00 0.000000000000000000e+00
-4.272013162107848316e+00 4.277234931064604950e+00 0.000000000000000000e+00
-1.461042864217578874e+01 -3.524329768778773797e+00 0.000000000000000000e+00
6.038585097802831037e+00 -1.058873092107855030e+01 0.000000000000000000e+00
3.601222685863772810e+00 -6.814221985343265509e+00 0.000000000000000000e+00
-5.584985037024380539e+00 6.289643353934843084e+00 0.000000000000000000e+00
-1.695207196653818116e+01 -7.747921816698458031e+00 0.000000000000000000e+00
-6.977156407525205495e+00 -7.405252036456549725e+00 0.000000000000000000e+00
-2.933297011623068773e+00 -2.867982013645899553e+00 0.000000000000000000e+00
-8.264384493501180984e+00 1.290458236971318406e+01 0.000000000000000000e+00
3.765419594943669512e+00 1.414835325507520025e+01 0.000000000000000000e+00
-3.856214301152829815e+00 1.136865256910489563e+01 0.000000000000000000e+00
1.500057521206851519e+01 -3.992880144556965938e+00 0.000000000000000000e+00
-8.921659942191164205e+00 1.562671488281903898e+01 0.000000000000000000e+00
2.898871324225682944e+00 1.033630390540619537e+01 0.000000000000000000e+00
7.271337858789390651e+00 1.924542983854661049e+00 0.000000000000000000e+00
-1.254207657551777544e+01 4.515117462829255857e+00 0.000000000000000000e+00
-1.414289551444624848e+01 1.016096111607281571e+01 0.000000000000000000e+00
-3.119176967323348038e+00 1.490179597742137396e+01 0.000000000000000000e+00
-7.246168617838829817e+00 1.480819221721570500e+01 0.000000000000000000e+00
-1.137796835017133290e+01 7.649613260846348517e+00 0.000000000000000000e+00
-3.530224432060974138e+00 -1.055144481958597602e+01 0.000000000000000000e+00
1.712899090188670215e+01 -6.371988153346355883e-03 0.000000000000000000e+00
1.064985852446556258e+01 3.431401012244771120e+00 0.000000000000000000e+00
-1.541325374227432299e+01 -9.238352647695117881e+00 0.000000000000000000e+00
-4.799841877283809843e+00 -1.225915433566077262e+01 0.000000000000000000e+00
5.580252492661324837e+00 2.459927842428371036e+00 0.000000000000000000e+00
2.765032316218517749e+00 4.552716157619681958e+00 0.000000000000000000e+00
6.286522718040758129e+00 1.566121749737790303e+01 0.000000000000000000e+00
-9.718985751053725863e+00 -8.584123154970646041e+00 0.000000000000000000e+00
9.966402297390827059e+00 9.474158199044254047e+00 0.000000000000000000e+00
-7.948700238215245406e+00 -2.026005198435152810e+00 0.000000000000000000e+00
1.840716110353118040e+01 3.493787899708966194e+00 0.000000000000000000e+00
-1.384916524798097726e+01 8.555359945823957091e+00 0.000000000000000000e+00
6.787670851815336803e+00 -1.475573620866936686e+01 0.000000000000000000e+00
8.204515860508736935e+00 -1.356753319605503982e+01 0.000000000000000000e+00
1.043420562032381227e+01 1.099727264779900571e+00 0.000000000000000000e+00
-9.248597634544578838e+00 -1.331236395627180968e+01 0.000000000000000000e+00
2.699604795015178027e+00 7.769058399822902139e+00 0.000000000000000000e+00
7.782010401636344499e-01 6.381334748721344541e-01 0.000000000000000000e+00
1.008990134852432341e+01 1.464510738638374931e+01 0.000000000000000000e+00
-1.249418538497065612e+01 2.002985345462640066e+00 0.000000000000000000e+00
-1.230609279407782530e+00 -1.402790272860534149e+00 0.000000000000000000e+00
-1.468226293573738017e+00 8.550268229268814579e+00 0.000000000000000000e+00
1.238983204258613746e+00 -5.040822204586679511e+00 0.000000000000000000e+00
1.101779877972985666e+01 -6.034512134291283303e+00 0.000000000000000000e+00
7.095075747601961247e+00 -3.530673549372044029e+00 0.000000000000000000e+00
5.181154790587398917e-01 1.543467122514567791e+01 0.000000000000000000e+00
5.399781984838220694e+00 1.042732850662311961e+01 0.000000000000000000e+00
-6.454686449471566334e+00 8.434412042635015538e+00 0.000000000000000000e+00
-1.435341814561432550e+01 1.240212776584973398e+01 0.000000000000000000e+00
6.184290377650547121e+00 -8.514154033358961371e+00 0.000000000000000000e+00
-6.625571416263433822e-01 2.274066509574796058e+00 0.000000000000000000e+00
-1.739352599565532032e+01 7.386167069538347008e+00 0.000000000000000000e+00
-1.311843701465609335e+01 -3.702927420821379823e+00 0.000000000000000000e+00
2.548574474237665033e+00 2.844891393997350360e+00 0.000000000000000000e+00
2.972373457661105167e+00 -1.265087884296195142e+01 0.000000000000000000e+00
4.055511152068495662e+00 -1.838572231597035156e+01 0.000000000000000000e+00
-4.687988092043362087e+00 -7.066871525100663298e+00 0.000000000000000000e+00
4.970115425150147814e+00 -3.508804431830799597e+00 0.000000000000000000e+00
-1.701561830116473217e+01 -5.529388128253330592e+00 0.000000000000000000e+00
8.400792312058372957e+00 3.609338316157808535e+00 0.000000000000000000e+00
-7.627077974129352622e-01 -1.489468659059287248e+01 0.000000000000000000e+00
-5.768245770021382057e+00 1.053516462059764791e+01 0.000000000000000000e+00
8.300288704241637561e+00 -2.352052056483109777e+00 0.000000000000000000e+00
-1.377847656679474397e+01 -8.379691437314338742e+00 0.000000000000000000e+00
1.104335500540114623e+01 7.466936957583142132e+00 0.000000000000000000e+00
1.082051984623265284e+01 -1.146757888322026808e+01 0.000000000000000000e+00
-3.446163257641352118e+00 -1.023108891365134276e+00 0.000000000000000000e+00
6.574397637445343001e+00 3.632835364019471491e+00 0.000000000000000000e+00
-5.707512784703974162e+00 -1.483544594149178941e+01 0.000000000000000000e+00
4.788428642613264952e-01 4.144148478446522788e+00 0.000000000000000000e+00
1.618597867005903979e+01 1.798652871258650476e+00 0.000000000000000000e+00
5.343362647144120459e+00 -1.366649892806131916e+01 0.000000000000000000e+00
1.208851748302247309e+01 3.398309855205804975e-01 0.000000000000000000e+00
-7.943384711589417613e+00 9.749738378238527403e+00 0.000000000000000000e+00
1.807170732526358847e+01 -2.770376162088016070e+00 0.000000000000000000e+00
4.167671005173296250e-01 -1.368986290941751705e+01 0.000000000000000000e+00
-5.646045346886888971e+00 -1.841501266466632369e+00 0.000000000000000000e+00
-7.530628820778903609e+00 5.496975114470676438e+00 0.000000000000000000e+00
-6.092309086342196700e+00 -9.125676371559682920e+00 0.000000000000000000e+00
1.014903427395408819e+01 -2.653362436665677837e+00 0.000000000000000000e+00
-1.480284811653547017e+01 7.297735816180275670e+00 0.000000000000000000e+00
9.786835848077322098e+00 -1.448770400304206163e+01 0.000000000000000000e+00
1.258893968128829144e+01 2.611172203106816525e+00 0.000000000000000000e+00
-5.282428106940924906e+00 1.648923886604519140e+01 0.000000000000000000e+00
-8.308862377084023976e+00 1.052298664210261359e-01 0.000000000000000000e+00
-1.724015660844852960e+01 2.043285012805267531e+00 0.000000000000000000e+00
-1.041857629508746008e+01 -1.453138489958484936e+00 0.000000000000000000e+00
5.944291445161603571e-01 6.986190218580537348e+00 0.000000000000000000e+00
-7.960064499165635077e+00 -1.616002513825197440e+01 0.000000000000000000e+00
1.728137082424272464e+01 -7.442285558954871760e+00 0.000000000000000000e+00
-1.487065422160100403e-01 -1.049847235799450118e+01 0.000000000000000000e+00
1.072076782453198440e+01 1.150868750833411980e+01 0.000000000000000000e+00
-1.173217559461253146e+01 -6.050850433640349024e+00 0.000000000000000000e+00
-1.439059695719613785e+01 -5.479399046421669084e+00 0.000000000000000000e+00
2.418046395947867300e+00 -1.601348498148183097e+01 0.000000000000000000e+00
2.061748641988285335e+00 -1.841163809701464160e+01 0.000000000000000000e+00
1.336785563730310500e+01 1.325503060759659846e+00 0.000000000000000000e+00
-4.385994489858554779e+00 2.127421429799281061e+00 0.000000000000000000e+00
4.281371446535501057e+00 -1.425631474246420206e-02 0.000000000000000000e+00
-4.526107900994833955e+00 8.041855887283769988e+00 0.000000000000000000e+00
7.155612776659952878e+00 1.205084525438069853e+01 0.000000000000000000e+00
1.189965551661542520e+01 9.702123012644150890e+00 0.000000000000000000e+00
-1.089731271417943681e+01 3.388229512894867401e+00 0.000000000000000000e+00
1.285982514182198422e+01 -1.389513262426202544e+01 0.000000000000000000e+00
1.231426669663588669e+01 1.263470316944803074e+01 0.000000000000000000e+00
-1.806116627511083905e+01 7.097669309803419369e-01 0.000000000000000000e+00
-6.648922480965772097e-01 1.140562204877863017e+01 0.000000000000000000e+00
5.798007423951447414e+00 -6.173346132451370316e+00 0.000000000000000000e+00
3.636913399912658829e+00 1.577804707609660007e+01 0.000000000000000000e+00
7.703509758484984538e+00 1.476055056072395999e+01 0.000000000000000000e+00
-5.981717517948283103e+00 1.212257796449186387e+01 0.000000000000000000e+00
-6.392702669821666461e+00 -4.137295041703970000e+00 0.000000000000000000e+00
-9.584092331978599333e+00 -3.205908324799978448e+00 0.000000000000000000e+00
3.662803308596147556e+00 -1.503741204098380635e+01 0.000000000000000000e+00
-1.263735221280709276e+01 -2.136582448604562590e+00 0.000000000000000000e+00
-1.205271440640683167e+01 1.101261352492913304e+01 0.000000000000000000e+00
-4.872617014795376456e+00 -1.784855886901624800e+01 0.000000000000000000e+00
-1.416419543540271064e+01 3.800184303200472513e+00 0.000000000000000000e+00
3.170950600327165692e+00 -2.962444127758193879e+00 0.000000000000000000e+00
1.404115473391748559e+01 -1.258777409924865687e+01 0.000000000000000000e+00
8.980063384081590216e-01 1.108965176458097446e+01 0.000000000000000000e+00
-7.674852045506676212e+00 -1.390640808613558654e+01 0.000000000000000000e+00
5.122247140543220389e+00 6.204491566613680398e+00 0.000000000000000000e+00
5.174043755041117798e+00 1.706886215735429602e+01 0.000000000000000000e+00
1.556932546571795228e+01 4.229547939266437240e+00 0.000000000000000000e+00
-6.618523455999935301e+00 8.866792537183817435e-01 0.000000000000000000e+00
1.674113007656152874e+01 5.548229820427938108e+00 0.000000000000000000e+00
-6.063655348817874824e+00 -1.079687118260674161e+01 0.000000000000000000e+00
7.654230980631422376e+00 8.148781390966696847e+00 0.000000000000000000e+00
1.194622164765356542e+00 -3.120492391825686607e+00 0.000000000000000000e+00
-1.376443041482486329e+01 -1.178659213367335568e+01 0.000000000000000000e+00
-1.965898693369363404e+00 1.271406252460921493e+01 0.000000000000000000e+00
-4.918727831247633908e+00 -1.067256320329862535e-01 0.000000000000000000e+00
5.049545643937550565e+00 1.313158897061678765e+01 0.000000000000000000e+00
-8.455960558150390938e+00 4.055887025639867360e+00 0.000000000000000000e+00
-5.540339282685338596e+00 3.189635385440953375e+00 0.000000000000000000e+00
-4.323533544752135249e+00 -3.448070590938370206e+00 0.000000000000000000e+00
2.606789607539345521e+00 -1.224663238455675263e+00 0.000000000000000000e+00
5.118870253235900059e+00 -1.192293530562538528e+01 0.000000000000000000e+00
-1.080698529738476488e+01 1.019905718271417877e-01 0.000000000000000000e+00
-6.979798079356624108e+00 -1.231534491844856305e+01 0.000000000000000000e+00
-4.117168218591073625e+00 1.848374025557766842e+01 0.000000000000000000e+00
-3.846602475254606190e+00 -5.494974979678663551e+00 0.000000000000000000e+00
9.162539898937987815e+00 1.212178119334751258e+01 0.000000000000000000e+00
-9.016015649708032598e+00 -6.169629399055440722e+00 0.000000000000000000e+00
-6.536793939236818396e+00 -1.685831631621863735e+01 0.000000000000000000e+00
1.776188111700225747e+01 1.426077502326567048e+00 0.000000000000000000e+00
1.137353305057163944e+01 1.384635520515311669e+01 0.000000000000000000e+00
-9.817455037036880938e+00 1.560278032694439654e+00 0.000000000000000000e+00
5.091297718469972367e+00 -1.831964295179729918e+00 0.000000000000000000e+00
-1.831672584976580254e+01 4.193414033472080860e+00 0.000000000000000000e+00
-3.019225323937041239e+00 -1.200728038041313184e+01 0.000000000000000000e+00
-9.887889506691726282e+00 -1.498120525264506320e+01 0.000000000000000000e+00
2.854060932124736549e+00 -8.925561712576172368e+00 0.000000000000000000e+00
9.696051418341376404e+00 -9.927293679391063108e+00 0.000000000000000000e+00
-1.242915085176673173e+01 -1.390870376711836265e+01 0.000000000000000000e+00
-8.983462420041405494e+00 -1.108863988038754655e+01 0.000000000000000000e+00
5.774700136472089795e+00 -1.668354563517771183e+01 0.000000000000000000e+00
-1.792046367360666181e+01 -1.189673827588057620e+00 0.000000000000000000e+00
-7.657878005085152928e+00 -1.021953218429512589e+01 0.000000000000000000e+00
7.080859891535739692e+00 -1.124296728004952284e+00 0.000000000000000000e+00
7.088651374606791400e+00 6.478198695513992966e+00 0.000000000000000000e+00
1.182970904454485783e+01 -2.388297773140543701e+00 0.000000000000000000e+00
1.505695765337847725e+01 -6.824613103679300075e+00 0.000000000000000000e+00
1.474793588943858325e+01 -4.790819104345125368e-01 0.000000000000000000e+00
2.720295774243091103e+00 1.803634247100793075e+01 0.000000000000000000e+00
6.680985212795142125e+00 1.713817337022056364e+01 0.000000000000000000e+00
-1.856164446359771514e+00 5.931745042120420308e+00 0.000000000000000000e+00
-2.922650039721157889e+00 3.223140820547712337e+00 0.000000000000000000e+00
8.243950898646184910e+00 -1.107970416549859571e+01 0.000000000000000000e+00
8.488901465081081454e+00 9.806422361967598533e+00 0.000000000000000000e+00
1.326996727119000674e+01 8.481583730339322003e+00 0.000000000000000000e+00
-1.011310290298887438e+01 1.327080282692988966e+01 0.000000000000000000e+00
-2.536860851834358499e+00 -1.488123810957174697e+01 0.000000000000000000e+00
7.745335903258203647e-01 -9.253362538846035434e+00 0.000000000000000000e+00
1.237837303081962226e+01 -7.500836124284081308e+00 0.000000000000000000e+00
-1.004839616907791999e+01 6.018763450722443231e+00 0.000000000000000000e+00
-1.087230981430681354e+01 -1.296368247984020527e+01 0.000000000000000000e+00
-3.390307107266171904e+00 6.824217801814402407e+00 0.000000000000000000e+00
-2.614921988890882343e+00 1.709432772594223238e+01 0.000000000000000000e+00
-5.709844117308095157e+00 1.368638622168113272e+01 0.000000000000000000e+00
9.476967847069799333e+00 -1.275035265058245315e+01 0.000000000000000000e+00
-1.922752507047464254e+00 -1.335592330486160506e+01 0.000000000000000000e+00
8.295126780061350402e+00 4.623268881964466837e-01 0.000000000000000000e+00
4.814403417060293677e-02 1.734318253459608172e+01 0.000000000000000000e+00
4.539909306157938751e+00 4.335385222882434775e+00 0.000000000000000000e+00
5.120764135123374583e-01 8.849267040357984726e+00 0.000000000000000000e+00
1.166471626207344947e+01 -1.285556197688466007e+01 0.000000000000000000e+00
-2.434312112660240723e-01 5.513230700228603176e+00 0.000000000000000000e+00
-1.667021230038164958e+01 -2.582266281743269332e+00 0.000000000000000000e+00
1.261185366048383472e+01 -5.796932199082037940e+00 0.000000000000000000e+00
-1.226101005896264695e+01 -7.498037152685566475e+00 0.000000000000000000e+00
8.349233257439104605e+00 -1.523816355002560208e+01 0.000000000000000000e+00
2.223447768199719121e+00 1.391256357421138290e+01 0.000000000000000000e+00
-1.284733578288508760e+01 1.254590686566907998e+01 0.000000000000000000e+00
3.098415662673512094e-01 -1.869371620490441899e+01 0.000000000000000000e+00
-8.348872333284933944e+00 1.125356762641533770e+01 0.000000000000000000e+00
-1.109487444557055946e+00 1.857825138114623442e+01 0.000000000000000000e+00
1.642811371809166232e+01 -3.081023606920673785e+00 0.000000000000000000e+00
-1.093395439325913099e+00 -1.170617552719575727e+01 0.000000000000000000e+00
1.061419758894428078e+00 -1.177429829091951774e+01 0.000000000000000000e+00
9.011733313388354816e+00 -7.914152249783829696e+00 0.000000000000000000e+00
-1.396398431060305612e+01 5.470996458669779905e+00 0.000000000000000000e+00
1.451683527060233025e+01 2.585866437508114846e+00 0.000000000000000000e+00
1.165940613441817142e+01 -9.686762333479252973e+00 0.000000000000000000e+00
-9.449458745278487726e+00 8.747146445039270191e+00 0.000000000000000000e+00
4.546214844321988302e+00 7.825842992271336840e+00 0.000000000000000000e+00
-1.370514414336478248e+00 1.594011177823223768e+01 0.000000000000000000e+00
1.604971749813098825e+01 -9.860788548416053345e+00 0.000000000000000000e+00
1.476618879160185038e+01 1.119555096702276487e+01 0.000000000000000000e+00
1.184670586906508660e+01 5.497817400468180793e+00 0.000000000000000000e+00
1.562257115496133331e+01 7.622346277482661137e+00 0.000000000000000000e+00
1.048079200427026692e+01 -8.423010870021865770e+00 0.000000000000000000e+00
1.362395800062353501e+01 4.798209077912067855e+00 0.000000000000000000e+00
-8.259455296685377590e+00 -4.771375639986001893e+00 0.000000000000000000e+00
1.356454943729567475e+01 1.003976297773474791e+01 0.000000000000000000e+00
7.756717703283602106e+00 -6.655168208794862039e+00 0.000000000000000000e+00
-6.269543577785912092e-01 1.387229554136898457e+01 0.000000000000000000e+00
8.740166114037359435e+00 -5.315217073192527231e+00 0.000000000000000000e+00
-1.117863349466803058e+01 -1.019311589847932531e+01 0.000000000000000000e+00
-1.022068645030763445e+00 -5.254126240303661710e+00 0.000000000000000000e+00
1.369342712503454607e+01 -2.197061886062423142e+00 0.000000000000000000e+00
1.023663984078627465e+01 -4.424548395369173548e+00 0.000000000000000000e+00
-7.454100200819115507e+00 1.636339629944179919e+01 0.000000000000000000e+00
-1.475952308923600498e+01 -1.438278164205583964e+00 0.000000000000000000e+00
-1.790613735482844415e+00 1.039957242589382069e+01 0.000000000000000000e+00
-1.577393519813235834e+01 2.544857434416319286e+00 0.000000000000000000e+00
6.878606773698128229e+00 -1.185948954373630038e+01 0.000000000000000000e+00
5.563081644779915846e-01 -1.667127231774224327e+01 0.000000000000000000e+00
1.376332761730708398e+01 -9.805811838427882066e+00 0.000000000000000000e+00
-8.297438737228237216e+00 1.698357583777863944e+00 0.000000000000000000e+00
2.326850863643199485e+00 4.273003450133179837e-01 0.000000000000000000e+00
7.730097390784584910e+00 5.024396913103061912e+00 0.000000000000000000e+00
-1.205441805719813786e+01 6.178482216754733969e+00 0.000000000000000000e+00
9.874384534413945147e+00 -1.122556364477131030e+00 0.000000000000000000e+00
1.627123077860035849e+01 9.078387581967527709e+00 0.000000000000000000e+00
-1.059656875807534071e+01 1.053943687510692229e+01 0.000000000000000000e+00
5.813454271116419436e-01 1.255656106898090663e+01 0.000000000000000000e+00
-3.755426069403225320e+00 -1.384212824079976834e+01 0.000000000000000000e+00
-1.709887719445103471e+01 5.462320268718789507e+00 0.000000000000000000e+00
-8.079467545858499022e+00 8.111713711899723123e+00 0.000000000000000000e+00
-7.272477705808690907e+00 3.019553041653059378e+00 0.000000000000000000e+00
-2.075395028515890861e+00 -1.798703392329251827e+01 0.000000000000000000e+00
-3.360594220729644643e+00 9.490279876213392640e+00 0.000000000000000000e+00
2.988507518653712669e+00 -4.793914783155782011e+00 0.000000000000000000e+00
4.032029623470485546e+00 1.187376424669473707e+01 0.000000000000000000e+00
-3.070904162308909946e+00 -8.936546896173179988e+00 0.000000000000000000e+00
2.721292869245591106e+00 -1.082355538346613777e+01 0.000000000000000000e+00
-1.223652314199188673e+01 -1.226080990092748735e+01 0.000000000000000000e+00
1.273417109521406054e+01 -1.096588099420447371e+01 0.000000000000000000e+00
1.262283424392052389e+01 6.899391282177664841e+00 0.000000000000000000e+00
-1.276070348879461847e+01 2.505355219351845242e-01 0.000000000000000000e+00
9.209584585422705416e+00 6.572890349388529785e+00 0.000000000000000000e+00
1.467081760937465162e+01 -8.553888532119549026e+00 0.000000000000000000e+00
