1.835070774063456156e+01 1.853506172251869533e+00 0.000000000000000000e+00
5.401057215116250809e+00 1.388364113072258732e+01 0.000000000000000000e+00
9.338625323381720023e+00 1.317481369311193795e+01 0.000000000000000000e+00
-8.562642902369276499e+00 -8.913589983858111410e+00 0.000000000000000000e+00
-1.325117883294398169e+01 -6.870963245473898695e+00 0.000000000000000000e+00
5.542263498093388918e+00 1.230265601749265247e+00 0.000000000000000000e+00
-1.139540551687690773e+01 -1.048450681225119929e+01 0.000000000000000000e+00
7.679456988723296185e+00 -1.606370950899022887e+01 0.000000000000000000e+00
2.487901476254471972e-02 -1.577104111256210750e+01 0.000000000000000000e+00
-5.453970757961785765e+00 1.265188555005046922e+01 0.000000000000000000e+00
8.532495142003869049e+00 9.055321270915094090e+00 0.000000000000000000e+00
9.769250699822017436e-01 1.644112901714589725e+01 0.000000000000000000e+00
1.734416895204625675e+01 -2.666411804575468669e-01 0.000000000000000000e+00
-7.066519051027931653e+00 1.361450649261355395e+01 0.000000000000000000e+00
3.624913970729489510e+00 -5.315329308343744508e+00 0.000000000000000000e+00
-1.604678867185010560e+01 7.985495932322320911e+00 0.000000000000000000e+00
-7.190557516325481124e+00 -9.670184134531821130e+00 0.000000000000000000e+00
-8.969898197377744964e+00 1.624321102441862408e+01 0.000000000000000000e+00
1.508902477917402329e+01 -3.164204578948761615e+00 0.000000000000000000e+00
-4.973849095064190595e-01 -5.233045360161747261e+00 0.000000000000000000e+00
-1.048708860042920143e+01 -2.166715480811837402e+00 0.000000000000000000e+00
1.224071015629870196e+01 5.269020848108876720e+00 0.000000000000000000e+00
-1.699719863945933440e+01 -6.462821224929005126e+00 0.000000000000000000e+00
-8.922298323493931704e+00 -4.819768633906626576e+00 0.000000000000000000e+00
-1.378326540974180170e-01 2.229056502826210817e+00 0.000000000000000000e+00
8.880832924923334204e+00 -4.988175135647740177e+00 0.000000000000000000e+00
1.118304351542209041e+01 -9.867067452676684169e+00 0.000000000000000000e+00
4.135325942768188767e+00 9.160862241540421280e+00 0.000000000000000000e+00
-9.817987010925222080e+00 9.577679025732392049e+00 0.000000000000000000e+00
1.277193284387376693e+01 -1.333182866782147258e+01 0.000000000000000000e+00
8.678189125155622463e+00 -1.343658907864337770e+01 0.000000000000000000e+00
-7.778419686645594133e+00 -1.627993856160219011e+01 0.000000000000000000e+00
8.124955051506507209e-01 -4.353246999387203608e+00 0.000000000000000000e+00
-1.625705049179703821e+00 -1.765055469556130063e+01 0.000000000000000000e+00
-8.925341202852587585e+00 2.294561208749506392e-02 0.000000000000000000e+00
-1.259572350918964823e+01 -1.206737154000352241e+01 0.000000000000000000e+00
-1.583844325379476459e+01 -4.526318138781578959e+00 0.000000000000000000e+00
-1.360315451563422151e+01 1.531894550017345313e+00 0.000000000000000000e+00
1.085288011984504664e+01 -2.322846379166370046e+00 0.000000000000000000e+00
1.374654873033541058e+01 8.128508366014166597e+00 0.000000000000000000e+00
-5.626909788346226016e+00 -4.657867223589781780e+00 0.000000000000000000e+00
-1.048545555670321683e+01 6.606602028930006476e+00 0.000000000000000000e+00
-9.316770750653610378e+00 -1.322915008768390344e+01 0.000000000000000000e+00
1.613832626497322309e+01 -9.622571712554293555e+00 0.000000000000000000e+00
-1.107398030797260802e+01 1.217368380779542569e+01 0.000000000000000000e+00
9.481923257737280286e-01 -1.138417060699887351e+01 0.000000000000000000e+00
-1.517107797263497737e+01 3.471583805168599213e+00 0.000000000000000000e+00
6.670720309029520845e-01 -1.290137016385849300e+01 0.000000000000000000e+00
2.854718004087402949e+00 -7.292596879429373402e+00 0.000000000000000000e+00
5.527927345319523234e+00 -4.819091496745670611e+00 0.000000000000000000e+00
3.330544972058083530e+00 -1.896846907699084595e+00 0.000000000000000000e+00
5.249219890682300438e+00 1.642554499643446064e+01 0.000000000000000000e+00
1.084898140217997486e+01 1.510056927383298131e+01 0.000000000000000000e+00
-1.242182050397672555e+01 1.080445121895362526e+01 0.000000000000000000e+00
-1.289878965073551953e+01 7.684605785280658630e+00 0.000000000000000000e+00
-3.359805960136814207e+00 3.463150845899649166e+00 0.000000000000000000e+00
-7.752238673570237992e+00 1.044911582115027215e+01 0.000000000000000000e+00
2.439969747095607655e+00 2.229585262545699997e+00 0.000000000000000000e+00
3.735445647094798538e+00 -9.021672954132846201e+00 0.000000000000000000e+00
3.676127396717100204e+00 1.767826511508253873e+01 0.000000000000000000e+00
6.864483727595696583e-02 1.013165610769680747e+01 0.000000000000000000e+00
-7.694111661119404921e-01 1.467056391221462874e+01 0.000000000000000000e+00
-9.466777558514841928e+00 1.312180731820842894e+01 0.000000000000000000e+00
6.135843389030328776e-01 -2.705043650875356143e+00 0.000000000000000000e+00
4.898670480907098224e+00 -1.819817886712647237e+01 0.000000000000000000e+00
-6.686861824300844859e+00 -1.203796164121651024e+01 0.000000000000000000e+00
-2.469915556344874086e-01 8.662331687888080722e+00 0.000000000000000000e+00
1.662090599362672094e+01 1.891004612878450786e+00 0.000000000000000000e+00
-1.518983130414743066e+01 -3.002817795776503651e+00 0.000000000000000000e+00
5.430622844055457143e+00 -3.019695367598642655e+00 0.000000000000000000e+00
-9.825921119235250245e+00 2.429944297021104038e+00 0.000000000000000000e+00
-1.053090169391541941e+01 1.472600861854006737e+01 0.000000000000000000e+00
1.444715568826365981e+01 -1.163313741320324946e+00 0.000000000000000000e+00
1.363185188074254484e+01 1.028476998203917780e+01 0.000000000000000000e+00
9.718339148330382926e+00 -1.542250262795196392e+01 0.000000000000000000e+00
-8.515230533698806781e+00 1.633613602557556055e+00 0.000000000000000000e+00
1.438355166035673349e+01 1.658738672046704998e+00 0.000000000000000000e+00
1.353234101135621259e+01 -7.817595021948140932e+00 0.000000000000000000e+00
-1.765445381896567412e+01 2.285747314693584720e+00 0.000000000000000000e+00
-4.823472742568434946e+00 -9.756341408738318677e+00 0.000000000000000000e+00
7.431485148329436186e+00 -2.902281722953408138e+00 0.000000000000000000e+00
-6.345234287840269438e+00 -1.283349131777244412e-01 0.000000000000000000e+00
1.201307972203510666e+01 7.487212384412934796e+00 0.000000000000000000e+00
6.253989808121705352e+00 -1.534678631582288943e+01 0.000000000000000000e+00
-1.954460202089658427e+00 1.723898423792265078e+01 0.000000000000000000e+00
1.994687791993267290e+00 -1.665727535567403450e+01 0.000000000000000000e+00
-1.472249933078665052e+01 3.729802475724713351e-01 0.000000000000000000e+00
-6.975242719014574710e+00 7.301427295608504231e+00 0.000000000000000000e+00
9.387834241239744415e+00 4.879738579935471776e+00 0.000000000000000000e+00
-5.310438019382884178e+00 3.950730081335308785e+00 0.000000000000000000e+00
7.716992175516418584e+00 6.683283815678291440e+00 0.000000000000000000e+00
2.586965463455926706e+00 -5.601183700132099652e-01 0.000000000000000000e+00
-1.773507542447859109e+01 5.056659635955326193e-01 0.000000000000000000e+00
3.794529780807376351e-01 -9.719990438806904720e+00 0.000000000000000000e+00
-5.113894857013546513e+00 1.018894925040854105e+01 0.000000000000000000e+00
-9.469216474425087293e-01 -1.361262237273746045e+01 0.000000000000000000e+00
-1.830992301063183225e+00 1.068961992431227470e+00 0.000000000000000000e+00
-1.992451541048041896e+00 1.002410187116499962e+01 0.000000000000000000e+00
-4.624733313737099394e+00 -2.638164223463399516e+00 0.000000000000000000e+00
-2.210458061460512713e+00 4.806489698542213418e+00 0.000000000000000000e+00
1.023283999978086101e+01 1.132753172029252831e+01 0.000000000000000000e+00
-9.666921601133136477e+00 -1.054609765089247198e+01 0.000000000000000000e+00
7.353077329694439612e+00 -6.068142679715855081e+00 0.000000000000000000e+00
-4.080385856250435594e+00 -1.401659845532154947e+01 0.000000000000000000e+00
1.409646195210814135e+00 8.372352335383768107e+00 0.000000000000000000e+00
-2.130191413152772384e+00 1.345939821407498727e+01 0.000000000000000000e+00
1.206913820798543213e+01 1.075643270823930564e+01 0.000000000000000000e+00
1.722312738897946005e+01 -2.147572033105255240e+00 0.000000000000000000e+00
-4.194545062515700806e+00 6.767185886569682118e-01 0.000000000000000000e+00
4.022010372997465666e+00 -1.426775048008698477e+01 0.000000000000000000e+00
1.222838207828700341e+00 -1.799677183404801184e+01 0.000000000000000000e+00
3.740636809412691832e-01 -6.861702531471117972e+00 0.000000000000000000e+00
8.606365776994561401e+00 1.562912790646516825e+01 0.000000000000000000e+00
-6.558667790123532626e+00 -1.766795256002897929e+01 0.000000000000000000e+00
4.333468940613832004e-02 5.925453650187202825e+00 0.000000000000000000e+00
-1.189932564751558708e+01 -1.511422899990113144e+00 0.000000000000000000e+00
1.601216348848625515e+01 -5.459871681043554581e+00 0.000000000000000000e+00
-1.557713383781649030e+00 -8.071883865607150099e+00 0.000000000000000000e+00
1.147506095829770167e+01 -4.433716581127490564e+00 0.000000000000000000e+00
1.308440670004173967e+01 -4.919446367899246830e+00 0.000000000000000000e+00
6.970957889512327199e+00 1.171555974013639023e+01 0.000000000000000000e+00
-1.184268539323863578e+01 3.802045814803371448e-01 0.000000000000000000e+00
7.346986360125822735e+00 -8.208915829090109639e+00 0.000000000000000000e+00
-2.670992662896773062e+00 -1.175533931829755963e+00 0.000000000000000000e+00
1.509821860581713260e+01 5.400931797527806388e+00 0.000000000000000000e+00
1.410607708426869955e+01 -1.107224019141411375e+01 0.000000000000000000e+00
-4.026074703210127836e+00 1.359290484995388582e+01 0.000000000000000000e+00
8.765216010089464049e+00 -2.214798588654581568e+00 0.000000000000000000e+00
-1.365646377650857879e+01 6.292666556943272482e+00 0.000000000000000000e+00
9.955129104586484257e-01 1.804779122166252137e+01 0.000000000000000000e+00
-4.832761784240342529e+00 -1.615954724968722189e+01 0.000000000000000000e+00
3.484206476334434477e+00 5.805410862952157025e+00 0.000000000000000000e+00
3.915047408879516411e+00 1.110442628596163672e+01 0.000000000000000000e+00
6.971876260283296212e+00 2.079049231405252218e+00 0.000000000000000000e+00
3.258082270144348147e+00 -1.287152382431814601e+01 0.000000000000000000e+00
5.252754194963981327e+00 -8.675288691691770637e+00 0.000000000000000000e+00
1.653382081638418200e+01 7.908455818585331087e+00 0.000000000000000000e+00
-1.536781076927145939e+01 6.618645393180107916e+00 0.000000000000000000e+00
-5.783512516799894421e+00 1.760617737422487039e+01 0.000000000000000000e+00
-3.443010709053063056e+00 8.852550160853251526e+00 0.000000000000000000e+00
6.548696064127282668e+00 9.495982941020050916e+00 0.000000000000000000e+00
3.445385726348740629e+00 1.273452423586470061e+01 0.000000000000000000e+00
5.484339619830207013e+00 3.221368954889279212e+00 0.000000000000000000e+00
1.738099285622220336e+01 -4.615966141144433266e+00 0.000000000000000000e+00
7.007579047066063715e+00 1.334026064801406086e+01 0.000000000000000000e+00
-8.721207544084167651e+00 -2.910833656319674390e+00 0.000000000000000000e+00
6.210764761946914625e+00 1.524516838756771797e+01 0.000000000000000000e+00
-1.139456784764956510e+01 -1.325909672860453981e+01 0.000000000000000000e+00
-3.583865632770470100e+00 -3.889491996773571270e+00 0.000000000000000000e+00
2.870951521845459986e+00 4.220361927751336673e+00 0.000000000000000000e+00
-1.219551308692820690e+01 1.326687063330930449e+01 0.000000000000000000e+00
-3.856960944163579708e+00 6.379145725493771124e+00 0.000000000000000000e+00
1.249324907446815658e+01 3.390640439332610168e+00 0.000000000000000000e+00
1.414066052219022751e+01 4.040922441485789385e+00 0.000000000000000000e+00
-2.197352197884445690e+00 -1.062458238782783226e+01 0.000000000000000000e+00
1.228005592362812060e+01 1.381432612687772021e+01 0.000000000000000000e+00
1.610785416465279241e+01 3.561042281122257958e+00 0.000000000000000000e+00
7.340847568050137717e+00 1.652418075816787280e+01 0.000000000000000000e+00
-1.015684313892412227e+01 -7.475197861820908507e+00 0.000000000000000000e+00
8.855725250870051468e+00 -8.950915751301781853e+00 0.000000000000000000e+00
5.019173908425753616e+00 1.222096155230943637e+01 0.000000000000000000e+00
-3.793265861401418082e+00 1.681807941050282906e+01 0.000000000000000000e+00
-1.343547913770278335e+01 3.096155349098495435e+00 0.000000000000000000e+00
1.684751998894214253e+01 6.360182028308835278e+00 0.000000000000000000e+00
-1.179172241441363234e+01 4.960881846398703665e+00 0.000000000000000000e+00
1.425200293675455043e+01 1.201603686007129745e+01 0.000000000000000000e+00
-3.966716612750423199e+00 -1.172594786244934006e+01 0.000000000000000000e+00
1.883291555197146394e+01 -2.071166286571191062e+00 0.000000000000000000e+00
2.859614864270234591e+00 -1.540712768268171473e+01 0.000000000000000000e+00
-1.292031307953206465e+01 -9.463668565449705028e+00 0.000000000000000000e+00
-8.905995936198598528e+00 3.913150851581042478e+00 0.000000000000000000e+00
-3.995795334311930347e+00 -6.493287312811955481e+00 0.000000000000000000e+00
-1.420644348084073449e+01 9.148335179165137276e+00 0.000000000000000000e+00
1.079607475924366078e+01 -1.367255199119193954e+01 0.000000000000000000e+00
-3.339159829622411646e+00 -1.843784275227275771e+01 0.000000000000000000e+00
1.092632207871000460e+01 1.298387431969903139e+00 0.000000000000000000e+00
2.379733047225522924e+00 1.492480795160710905e+01 0.000000000000000000e+00
3.780721498203237996e+00 9.221323033756105847e-01 0.000000000000000000e+00
-2.563339559147592261e+00 1.547501577803142148e+01 0.000000000000000000e+00
-6.560367368213126049e+00 -7.775433140864983272e+00 0.000000000000000000e+00
-1.477688079653079356e+01 -6.725603983297227195e+00 0.000000000000000000e+00
-3.456929401836173366e+00 -8.687726231605957139e+00 0.000000000000000000e+00
3.907215644457339820e+00 -1.667661291335461371e+01 0.000000000000000000e+00
-1.386158742216192152e+01 -1.423131352654295467e+00 0.000000000000000000e+00
1.280720711754631536e+00 -1.351935024839111765e+00 0.000000000000000000e+00
1.107520853770826008e+01 -6.356470528456051206e+00 0.000000000000000000e+00
5.444689880842809027e-01 4.051578913113069724e+00 0.000000000000000000e+00
1.858408466546467253e+01 -3.703576200851418587e+00 0.000000000000000000e+00
-8.700834953775096636e+00 8.204701138162370455e+00 0.000000000000000000e+00
-1.670898785449136881e+01 -1.556934238400931481e+00 0.000000000000000000e+00
-8.598854465775543687e+00 -7.143029366259606938e+00 0.000000000000000000e+00
7.769094062809599244e+00 -1.070970063887231660e+01 0.000000000000000000e+00
-9.463709481721841454e-01 -3.794388390597709382e+00 0.000000000000000000e+00
-6.982058239761258278e+00 2.292478029027094077e+00 0.000000000000000000e+00
1.276837573041536444e+01 -9.205075166538609910e-01 0.000000000000000000e+00
1.507641611147302640e+01 -8.441411585083033131e+00 0.000000000000000000e+00
-1.426731246341868165e+01 -1.233891892315967809e+01 0.000000000000000000e+00
-1.798085589071856560e+01 -5.273169228435050648e+00 0.000000000000000000e+00
-8.270394329280877699e+00 -1.190390179466709242e+01 0.000000000000000000e+00
-4.896999872026736256e+00 2.325163842493329636e+00 0.000000000000000000e+00
-8.144977070820228704e+00 1.225575654364745759e+01 0.000000000000000000e+00
1.543009446799774231e+01 1.039220207521452011e+01 0.000000000000000000e+00
8.922380742897946249e+00 2.185244561149869646e+00 0.000000000000000000e+00
1.808594425125467087e+00 1.291168242599643889e+01 0.000000000000000000e+00
-7.571589374681954254e+00 5.578502649675673553e+00 0.000000000000000000e+00
1.056164271335812366e+01 9.637402677911680371e+00 0.000000000000000000e+00
6.334817572153477627e+00 5.857798404877465615e+00 0.000000000000000000e+00
5.136503195200298855e+00 7.423597615557312679e+00 0.000000000000000000e+00
-1.310228324276878098e+01 -4.814940075101791450e+00 0.000000000000000000e+00
-1.054851471863135082e+01 -5.055722727406463335e+00 0.000000000000000000e+00
-3.702253071681971708e+00 1.074286149486159836e+01 0.000000000000000000e+00
-6.758724186571004822e+00 -6.238313266486752440e+00 0.000000000000000000e+00
5.016281664278229968e+00 -1.093024365331006997e+01 0.000000000000000000e+00
-1.841431837681560779e+01 -2.294376245477627752e+00 0.000000000000000000e+00
-6.463805915501597887e+00 1.608211428994423997e+01 0.000000000000000000e+00
-7.665655156467053644e+00 -1.746737050921600032e+00 0.000000000000000000e+00
-1.675105856535032700e+01 -3.079446197096219251e+00 0.000000000000000000e+00
-7.123692764061491545e+00 -1.372837543056197873e+01 0.000000000000000000e+00
1.230981919414317005e+01 -2.755522105550252565e+00 0.000000000000000000e+00
7.484872372675059005e+00 -1.235151479430030186e+01 0.000000000000000000e+00
-1.212513379818480885e+01 -3.534585257345549625e+00 0.000000000000000000e+00
-5.175709009631924928e+00 -1.270618833779816015e+01 0.000000000000000000e+00
9.929479198685191577e+00 -1.171470346532972329e+01 0.000000000000000000e+00
-2.785093367346796800e+00 -1.287016786676954183e+01 0.000000000000000000e+00
1.882163141662018147e+00 1.061830777637643664e+01 0.000000000000000000e+00
-1.712258389466349584e+01 4.942832527369515283e+00 0.000000000000000000e+00
-1.918476537627213929e+00 -1.501871961787165333e+01 0.000000000000000000e+00
1.804049040429550033e+01 5.070104274275736067e+00 0.000000000000000000e+00
1.107031118421281102e+00 -1.458686181010133787e+01 0.000000000000000000e+00
1.260549876459534069e+01 1.881932128765896772e+00 0.000000000000000000e+00
-1.052101201422820864e+01 -1.203542801420625352e+01 0.000000000000000000e+00
4.862630864334341330e-01 -5.549307434911061182e-02 0.000000000000000000e+00
7.258507116165878514e+00 -1.393853921967055065e+01 0.000000000000000000e+00
-1.656631010500760581e+01 -7.944003408367908747e+00 0.000000000000000000e+00
1.740994352262481115e+00 -8.372348509669439665e+00 0.000000000000000000e+00
-2.116169075700689906e+00 8.086128237488203752e+00 0.000000000000000000e+00
-1.769841664449295848e+01 6.462279214827849394e+00 0.000000000000000000e+00
1.184524963595220548e+01 -8.353239022520778434e+00 0.000000000000000000e+00
-1.604681607125425202e+01 1.100016706545479561e+00 0.000000000000000000e+00
6.067993658306948923e+00 -2.740217428935395882e-01 0.000000000000000000e+00
1.725415123177392474e+01 -6.802508223751042138e+00 0.000000000000000000e+00
7.737102776188075737e+00 4.824846632784637102e+00 0.000000000000000000e+00
-9.352739086955221381e+00 -1.485151307685540267e+01 0.000000000000000000e+00
-1.439971093831538163e+01 -9.967068316421899610e+00 0.000000000000000000e+00
-4.336643606834259757e+00 1.507215885769352681e+01 0.000000000000000000e+00
1.845243242097245551e+00 6.900736709719228479e+00 0.000000000000000000e+00
5.546594993734094814e+00 -1.263286238375530957e+01 0.000000000000000000e+00
-1.423881560571512050e+00 -6.541919238004058279e+00 0.000000000000000000e+00
4.458212059300560526e+00 -6.582266312502333960e+00 0.000000000000000000e+00
9.544922065467954297e+00 -4.604183584783085315e-01 0.000000000000000000e+00
-6.751123823067266549e+00 -3.484541422996012550e+00 0.000000000000000000e+00
-2.061954251479169109e+00 1.886136970851773498e+01 0.000000000000000000e+00
1.582949445014840073e+01 -4.554684655141414962e-01 0.000000000000000000e+00
-1.045518992491557109e+00 -1.884890249301796494e+00 0.000000000000000000e+00
-6.779455149016194726e-01 -1.102518160781838574e+01 0.000000000000000000e+00
-5.626224864918404123e+00 8.321152709412537263e+00 0.000000000000000000e+00
