1.667444889815412168e+01 -3.791863328714720094e+00 0.000000000000000000e+00
6.102919161225027977e+00 4.061513690103543794e+00 0.000000000000000000e+00
-4.714266419390628293e+00 -8.431593230817560070e+00 0.000000000000000000e+00
-7.322910698485783243e+00 1.439248555235351645e+01 0.000000000000000000e+00
-1.720647504662033000e+01 -5.926317272919696677e+00 0.000000000000000000e+00
1.437651713704592460e+01 -5.495911022761054809e+00 0.000000000000000000e+00
1.399527327671013133e+01 -2.844289760275104939e+00 0.000000000000000000e+00
-1.552997412579775549e+01 1.886365205450081017e+00 0.000000000000000000e+00
6.426362178816598991e+00 -1.601575510486953746e+01 0.000000000000000000e+00
-5.119252837457632488e+00 6.646050200814956899e-01 0.000000000000000000e+00
-8.139626269291616367e+00 -1.694376908382651692e+01 0.000000000000000000e+00
2.699714008258153886e+00 -1.414220879811193399e+01 0.000000000000000000e+00
1.260440633374691366e+01 -1.019322798838945232e+01 0.000000000000000000e+00
7.448575037610041250e+00 1.222167625765404075e+01 0.000000000000000000e+00
-1.299791263119309370e+01 1.004120158391240381e+01 0.000000000000000000e+00
4.555494526365634123e+00 -9.073255114754809725e+00 0.000000000000000000e+00
1.115163995499753824e+01 2.266926237007840683e+00 0.000000000000000000e+00
1.519938686955619112e+01 -1.109625725661555506e+01 0.000000000000000000e+00
4.059760564668455807e+00 -1.286086216004373384e+01 0.000000000000000000e+00
-1.137240242908967325e+01 -2.683188307101787906e+00 0.000000000000000000e+00
7.060276231390966828e+00 1.557867993193508660e+00 0.000000000000000000e+00
-2.724465876949121457e-01 1.181296612208449304e+01 0.000000000000000000e+00
-1.609967955870109790e+01 -2.249057020814075436e+00 0.000000000000000000e+00
1.406106827259121950e+00 1.674007366081347925e+01 0.000000000000000000e+00
6.357627005463898584e+00 -1.246761615036868065e+01 0.000000000000000000e+00
5.509572555752519030e+00 1.751363248795123084e+01 0.000000000000000000e+00
-2.340763003103718098e+00 -1.203215242869000789e+01 0.000000000000000000e+00
-1.376923404268050177e+01 -1.092976763812018959e+01 0.000000000000000000e+00
2.390590776425584263e+00 2.677105585610175087e+00 0.000000000000000000e+00
-6.498744062821445233e+00 -1.672331096731722866e+00 0.000000000000000000e+00
1.281147968986703845e+01 1.295226145088486724e+01 0.000000000000000000e+00
3.101209588035100051e+00 1.051650561045664389e+01 0.000000000000000000e+00
-2.858356973065392825e+00 1.532895388810900528e+01 0.000000000000000000e+00
-4.226236191183796009e+00 -1.677681804488059569e+01 0.000000000000000000e+00
1.083819411658543963e+01 8.223408879849770869e+00 0.000000000000000000e+00
-8.093211100293247640e+00 9.688090587360221662e+00 0.000000000000000000e+00
-9.569700604874658012e+00 -6.259439109985108773e-01 0.000000000000000000e+00
-9.530599548650235064e+00 1.250900536098463967e+01 0.000000000000000000e+00
1.317864686699475030e+01 3.423007872794629147e+00 0.000000000000000000e+00
3.756720958582714154e+00 1.269649384649016177e+01 0.000000000000000000e+00
-1.813144442782871124e+00 2.686651112867038727e+00 0.000000000000000000e+00
-6.644884713884613880e+00 2.306725080526225824e+00 0.000000000000000000e+00
-6.075262444595981748e+00 -1.296812427619860486e+01 0.000000000000000000e+00
-7.477532523945502163e+00 7.439347248770054932e+00 0.000000000000000000e+00
-1.782201829002903182e+01 4.075703104369580387e+00 0.000000000000000000e+00
-4.076708129672754310e+00 -6.995306706632447025e+00 0.000000000000000000e+00
-1.037585207961319256e+01 4.731422507425448565e+00 0.000000000000000000e+00
1.322394781182538814e+01 9.720881368245228416e+00 0.000000000000000000e+00
1.652430578939493344e+01 5.692401746988634770e+00 0.000000000000000000e+00
1.244164230475246713e+00 1.340724846802763004e+01 0.000000000000000000e+00
3.668749475942030713e+00 -2.017326709385894201e+00 0.000000000000000000e+00
-4.133745949600219127e+00 -1.307367501511271257e+01 0.000000000000000000e+00
2.926861548601649599e+00 -1.852934254524537394e+01 0.000000000000000000e+00
-1.198402444650026943e+01 -9.912366314706410719e+00 0.000000000000000000e+00
9.551304050437206428e+00 -6.865374664057807941e+00 0.000000000000000000e+00
1.240702811410261752e+01 -7.180608826471450712e+00 0.000000000000000000e+00
1.180600882787517492e+01 4.584327827472011840e+00 0.000000000000000000e+00
-1.336010636090307901e+00 -1.057154957663848727e+01 0.000000000000000000e+00
1.096277381822697627e+01 1.303196943395465190e+01 0.000000000000000000e+00
-3.019637974514917556e+00 -2.980449100527428286e+00 0.000000000000000000e+00
-1.049221852058520277e+01 1.277485747161426710e+00 0.000000000000000000e+00
-1.666778819964290292e+01 -4.091296293770935399e+00 0.000000000000000000e+00
1.042311007536932443e+01 -1.085197022256922139e+01 0.000000000000000000e+00
-4.517983996956481008e+00 1.433911788112505370e+01 0.000000000000000000e+00
5.849378431997366512e+00 -1.422498839843209795e-01 0.000000000000000000e+00
-1.017931329137777929e+01 9.732840638273792422e+00 0.000000000000000000e+00
8.984858306288741048e+00 9.471420184562615585e-01 0.000000000000000000e+00
1.179663429035826283e+01 -8.742802247915124170e+00 0.000000000000000000e+00
-7.608283699434207570e+00 -4.768646473646039219e+00 0.000000000000000000e+00
6.762218372387272858e+00 -4.126029524543507243e+00 0.000000000000000000e+00
1.644928177027568950e+01 7.215792063341781137e+00 0.000000000000000000e+00
1.721643762866246163e+01 -1.532069562681343200e+00 0.000000000000000000e+00
4.365506040117459463e+00 6.546104245153656187e+00 0.000000000000000000e+00
1.263257128055088074e+01 -1.279324953945707888e+00 0.000000000000000000e+00
1.101763058251250094e+01 1.521729375350786917e+01 0.000000000000000000e+00
-1.334118682459280869e+01 7.273812679669378944e+00 0.000000000000000000e+00
1.644720941507420164e+01 6.665929127072524052e-01 0.000000000000000000e+00
-7.231484986226128342e+00 -7.917093173952225449e+00 0.000000000000000000e+00
-1.167539341514740947e+01 -4.233646427866871065e+00 0.000000000000000000e+00
-1.066835687572366531e+01 -1.211867553644460926e+01 0.000000000000000000e+00
-1.142836635636499620e+00 -8.889416230451034906e+00 0.000000000000000000e+00
-3.432870635263942649e-01 1.348214291857911107e+01 0.000000000000000000e+00
-6.613082054199367343e-01 -1.677097172590169194e+01 0.000000000000000000e+00
8.178637574015557021e+00 -1.632577572110716346e+01 0.000000000000000000e+00
-8.767594786963252673e+00 -1.417734393810434312e+01 0.000000000000000000e+00
1.477684949440511808e+01 1.153159412841921139e+00 0.000000000000000000e+00
9.008842955254390716e+00 4.711296224445264080e+00 0.000000000000000000e+00
1.359984531786091466e+01 5.184779855081500521e+00 0.000000000000000000e+00
-5.775492473832874119e+00 -1.148495590053426696e+01 0.000000000000000000e+00
-5.435053455749518037e+00 1.794316778577308824e+01 0.000000000000000000e+00
9.155188679771654847e+00 1.094183640202361829e+01 0.000000000000000000e+00
-1.177453898954376221e+01 -7.009559195966316381e+00 0.000000000000000000e+00
-3.016530408113409223e+00 1.018239265972769303e+01 0.000000000000000000e+00
7.704740604581067132e+00 -8.169050271501610894e+00 0.000000000000000000e+00
1.733767849653491311e+01 4.103560218739216836e+00 0.000000000000000000e+00
5.133772832347010429e+00 2.116341780180518217e+00 0.000000000000000000e+00
-2.881867725357363796e-01 -1.203526532852002617e+01 0.000000000000000000e+00
6.666629523905656107e-01 1.197354997844461977e+00 0.000000000000000000e+00
6.637775915816050976e-01 -8.545550144675688742e+00 0.000000000000000000e+00
4.542438463331646581e+00 4.747034465021880756e+00 0.000000000000000000e+00
-1.449517139089264894e+01 8.941985749400297223e+00 0.000000000000000000e+00
-8.933495374414105683e+00 4.242893857251595513e+00 0.000000000000000000e+00
8.016432603195275064e+00 1.712132188924159237e+01 0.000000000000000000e+00
-8.861119769407384439e+00 -6.008079025183900690e+00 0.000000000000000000e+00
1.211588805319161821e+01 -5.430614200737847952e+00 0.000000000000000000e+00
-3.164324842129754511e+00 -5.290242534791046447e-01 0.000000000000000000e+00
-3.700628287424241325e+00 1.705216013584087165e+01 0.000000000000000000e+00
-7.244331160770262734e+00 -1.060829609232013127e+01 0.000000000000000000e+00
3.577176315299717690e-01 -7.042769240418365939e+00 0.000000000000000000e+00
-1.458245565302653901e+01 -7.169422327910381920e-01 0.000000000000000000e+00
-1.722860091044205566e+00 -4.476095666918762817e+00 0.000000000000000000e+00
1.273039750210692134e+01 -1.389882861119237489e+01 0.000000000000000000e+00
-4.605978440553335496e+00 8.751631873721480659e+00 0.000000000000000000e+00
-8.693975039505131619e+00 -1.112848893169043407e+01 0.000000000000000000e+00
1.013368272381643509e+00 -1.652534501341446083e+00 0.000000000000000000e+00
-1.613356950778870669e+01 6.546177685797528234e+00 0.000000000000000000e+00
8.080491357514060224e-01 -1.840192259062687796e+01 0.000000000000000000e+00
1.111215495513713236e+01 -3.517866700960374793e+00 0.000000000000000000e+00
-8.601498106644829278e-01 1.323440669781584145e+00 0.000000000000000000e+00
1.390690986289023989e+01 -1.218429224634215302e+01 0.000000000000000000e+00
3.929689345520962718e+00 1.731683515616846947e+01 0.000000000000000000e+00
8.064112571004132590e+00 -1.059690794411256753e+01 0.000000000000000000e+00
6.903002804448522767e+00 7.343145179065733608e+00 0.000000000000000000e+00
-8.617263614081455358e+00 -2.463125398654853360e+00 0.000000000000000000e+00
-2.640211026849987874e+00 -1.719798954597794705e+01 0.000000000000000000e+00
-1.444757331380007592e+01 -3.353301733636177673e+00 0.000000000000000000e+00
1.457518757510084306e+01 -9.543031020939304554e+00 0.000000000000000000e+00
-2.925257117130007245e+00 1.645657423271868369e+00 0.000000000000000000e+00
1.155358455523427530e+00 -1.259048665725134164e+01 0.000000000000000000e+00
3.495187101745881542e+00 -5.053023620581091890e+00 0.000000000000000000e+00
9.744717051016733578e+00 6.884059833015772512e+00 0.000000000000000000e+00
1.814334470419199485e+00 8.837222961248455633e+00 0.000000000000000000e+00
1.595263663459774106e+00 1.049322697745988187e+01 0.000000000000000000e+00
-5.038354303231319165e+00 6.878853504753818626e+00 0.000000000000000000e+00
-9.678762732394128321e+00 -1.608702928708671820e+01 0.000000000000000000e+00
4.756380873284980382e+00 -1.151051762535031386e+01 0.000000000000000000e+00
3.570239556561491945e+00 -1.607848578133494755e+01 0.000000000000000000e+00
1.888569057584541078e+00 -3.717022266696023092e+00 0.000000000000000000e+00
9.790941944043538570e+00 -1.410689820390068050e+01 0.000000000000000000e+00
8.332055421393890882e+00 9.070896471110648562e+00 0.000000000000000000e+00
6.373334637267219271e+00 1.484779872482114094e+01 0.000000000000000000e+00
-1.308903806373961487e+01 1.350554042524334974e+01 0.000000000000000000e+00
-8.812967989921432377e+00 1.560034531865271035e+01 0.000000000000000000e+00
-2.913303783675852632e+00 -1.480913643067255592e+01 0.000000000000000000e+00
-5.430538747246593800e+00 -5.290803898918276182e+00 0.000000000000000000e+00
-9.176847472031720798e+00 2.687069424363685233e+00 0.000000000000000000e+00
8.354996985860202230e+00 -2.211416383453152612e+00 0.000000000000000000e+00
-1.138465500887554605e+01 6.936076602134900959e+00 0.000000000000000000e+00
-1.770938279280609962e+01 -1.200059132098613368e+00 0.000000000000000000e+00
1.543468230966145249e+01 1.091239137787479052e+01 0.000000000000000000e+00
-1.376907982255612950e+01 7.409859925758101040e-01 0.000000000000000000e+00
1.631978746805067004e+01 9.006924005580573933e+00 0.000000000000000000e+00
-2.652680388693433033e-01 7.842448427977752878e+00 0.000000000000000000e+00
-4.175392145287215584e+00 -1.031687741660409507e+01 0.000000000000000000e+00
-1.040787046294280493e+01 -1.410483385299192527e+01 0.000000000000000000e+00
8.389332770074720003e+00 2.864406408841226881e+00 0.000000000000000000e+00
5.750698114652488258e+00 -2.120419865821449257e+00 0.000000000000000000e+00
4.943290982518472987e+00 -1.817279619114554734e+01 0.000000000000000000e+00
-1.697077334936587745e+00 -6.113075761720733858e+00 0.000000000000000000e+00
4.361714828874844407e+00 -7.094072255704156227e+00 0.000000000000000000e+00
-1.819462662964288668e+01 2.363215275289575423e+00 0.000000000000000000e+00
-3.013777257623282413e+00 6.455754683171354813e+00 0.000000000000000000e+00
-2.819873823346277675e+00 8.685652822127133632e+00 0.000000000000000000e+00
3.099748819208695494e+00 -9.849275034198896606e+00 0.000000000000000000e+00
-1.297952290636286499e+01 3.621570888294339152e+00 0.000000000000000000e+00
-1.173079319752305628e-03 1.793458676971373578e+01 0.000000000000000000e+00
-1.474947096724077200e+00 -2.773588077942032104e+00 0.000000000000000000e+00
-1.709626794148365825e+00 1.659147191290747614e+01 0.000000000000000000e+00
-1.200361746062031187e+01 2.194046022324252387e+00 0.000000000000000000e+00
1.043418064683020319e+01 5.479348047675473232e+00 0.000000000000000000e+00
1.211936794044434507e+01 7.111354570897904459e+00 0.000000000000000000e+00
1.360972145247228227e+01 1.155737897673271775e+01 0.000000000000000000e+00
4.125986652695253776e-01 3.295760236621498418e+00 0.000000000000000000e+00
1.285573121711811373e+00 -1.680841275283896863e+01 0.000000000000000000e+00
-1.747578200112053182e+01 4.787148232552845273e-01 0.000000000000000000e+00
1.461929942604034238e+01 6.776742490922922357e+00 0.000000000000000000e+00
-6.028042330082105771e+00 -1.645201629309267943e+01 0.000000000000000000e+00
-5.782816718647709742e+00 1.584925323729279611e+01 0.000000000000000000e+00
1.938420784440393785e+00 -7.718012493092206050e+00 0.000000000000000000e+00
1.799778939448336956e+01 2.701460748870172512e+00 0.000000000000000000e+00
-7.795183535415940668e+00 1.117374102025894489e+00 0.000000000000000000e+00
-1.231914881537196926e+01 -1.382065702133977148e+01 0.000000000000000000e+00
4.275983392162668650e+00 1.491860683808180710e+01 0.000000000000000000e+00
8.464976474277372542e-01 -1.074110897387513930e+01 0.000000000000000000e+00
-3.280171737842437985e+00 3.797897395083985383e+00 0.000000000000000000e+00
7.580036069498371276e+00 -6.149395758114470922e+00 0.000000000000000000e+00
1.638058358719566243e+01 2.861580952219589413e+00 0.000000000000000000e+00
-1.899660772502636519e+01 1.466146656471565002e-01 0.000000000000000000e+00
2.406970219864249749e+00 -9.573548451030063910e-01 0.000000000000000000e+00
-1.292674291666697783e+00 -1.471323396623053981e+01 0.000000000000000000e+00
7.344342690214843650e+00 -8.708447294178488507e-01 0.000000000000000000e+00
5.254129346107539789e+00 9.525825304993031040e+00 0.000000000000000000e+00
-1.229761678154931204e+01 8.635352876951476020e+00 0.000000000000000000e+00
1.708035889846619781e+01 -6.379898009321553154e+00 0.000000000000000000e+00
-1.416290147816842016e+01 -5.748031310490441470e+00 0.000000000000000000e+00
3.656807545173580198e+00 1.078826047809784860e+00 0.000000000000000000e+00
1.089039746896129479e+01 -1.259293942180810610e+01 0.000000000000000000e+00
-1.863468651424444644e+01 -2.567137644778613392e+00 0.000000000000000000e+00
5.180502182287977320e+00 -4.667953848152314400e+00 0.000000000000000000e+00
-9.714645733141482609e-01 4.497482801041496892e+00 0.000000000000000000e+00
7.923878511282503645e+00 5.756566432453367632e+00 0.000000000000000000e+00
9.774838515355860347e-01 6.387578944253014868e+00 0.000000000000000000e+00
-3.694200872365983823e+00 1.194198820219714463e+01 0.000000000000000000e+00
-6.046172553344451472e+00 1.196987270367917588e+01 0.000000000000000000e+00
-5.268538301386584521e+00 3.661678788311513166e+00 0.000000000000000000e+00
1.211933351820429650e+01 6.110708816797638665e-01 0.000000000000000000e+00
-1.139194255828316571e+01 -9.750552051608321058e-01 0.000000000000000000e+00
-8.952917706193304070e+00 -4.062280118335517720e+00 0.000000000000000000e+00
1.531310289580307504e+01 3.968275865527004509e+00 0.000000000000000000e+00
-1.859065536808496732e+00 1.315546502702479437e+01 0.000000000000000000e+00
-1.500435993361554843e+01 1.092844417302260496e+01 0.000000000000000000e+00
5.654509962974480608e+00 -1.014441793328888686e+01 0.000000000000000000e+00
9.869044995738317283e+00 -9.113162505951782677e+00 0.000000000000000000e+00
-1.683020166468038425e+01 8.385323260719644622e+00 0.000000000000000000e+00
5.622160414720103194e-01 -1.429804074375143408e+01 0.000000000000000000e+00
1.006514504458435511e+01 -1.373817282266741879e-01 0.000000000000000000e+00
-3.545666479718628805e-01 1.518816535342323171e+01 0.000000000000000000e+00
-1.047536884179963579e+01 -8.569652181897525978e+00 0.000000000000000000e+00
-3.440299183632273383e+00 -1.853957313733700829e+01 0.000000000000000000e+00
1.438237989403477002e+01 -7.914439378268755654e+00 0.000000000000000000e+00
-7.701263106979779671e+00 1.709321538871886759e+01 0.000000000000000000e+00
-1.421388134039446349e+01 -7.484693813654922145e+00 0.000000000000000000e+00
6.375019778554325889e+00 -1.417868668247646369e+01 0.000000000000000000e+00
1.328331741185147630e+00 1.509144287281008268e+01 0.000000000000000000e+00
-1.143422305836898722e+01 1.240997345504254312e+01 0.000000000000000000e+00
4.854979344968388233e+00 1.114359808734499246e+01 0.000000000000000000e+00
-8.918622367800766781e+00 6.297514620132625751e+00 0.000000000000000000e+00
-5.710334312568921433e+00 -3.288664561454626156e+00 0.000000000000000000e+00
-4.614087816039589285e+00 -2.041208486506172815e+00 0.000000000000000000e+00
-3.077547717389900850e+00 -8.322050536663921250e+00 0.000000000000000000e+00
-1.821509632414940327e+01 -4.737942754443193571e+00 0.000000000000000000e+00
8.520969270778316229e+00 -1.207348564492043508e+01 0.000000000000000000e+00
7.298870039122667741e+00 1.056179191263668038e+01 0.000000000000000000e+00
1.161880634176302785e+01 1.015320837970981671e+01 0.000000000000000000e+00
8.790281162614443033e+00 -5.224834664023825681e+00 0.000000000000000000e+00
1.552918025572821881e+00 -5.581958243604067782e+00 0.000000000000000000e+00
2.861331046070408224e+00 7.534876006504167556e+00 0.000000000000000000e+00
6.051286948146437972e+00 -7.414183924727208996e+00 0.000000000000000000e+00
-6.246695024286193387e+00 9.751397681551114971e+00 0.000000000000000000e+00
8.781268087029179270e+00 1.571912707647708984e+01 0.000000000000000000e+00
8.097728856226311223e+00 -1.448994508919071045e+01 0.000000000000000000e+00
-1.500478684792383355e+01 4.363876631647552351e+00 0.000000000000000000e+00
-8.060029123364147452e+00 -9.581109090724245769e-01 0.000000000000000000e+00
9.585733732255427242e+00 -3.797998333436203744e+00 0.000000000000000000e+00
6.406450012416620154e-02 -3.822736448423901479e+00 0.000000000000000000e+00
-1.575450069724231383e+01 -9.854072679189348705e+00 0.000000000000000000e+00
-1.375606581604720269e+01 -1.243522945341311292e+01 0.000000000000000000e+00
2.573452620040362682e+00 4.503151826672606717e+00 0.000000000000000000e+00
1.578111194511529902e+01 -8.648269517692126485e+00 0.000000000000000000e+00
-1.285275621013505365e+01 -3.200121235758964566e+00 0.000000000000000000e+00
-7.537041638329514903e+00 1.114999087843634840e+01 0.000000000000000000e+00
-1.052291641864642102e+01 1.473661634942214427e+01 0.000000000000000000e+00
9.251264629525595140e+00 1.266703658858375903e+01 0.000000000000000000e+00
-1.345884440556145023e+01 5.578504197355743877e+00 0.000000000000000000e+00
-5.073743717202044978e-01 -7.970074033356593368e-01 0.000000000000000000e+00
2.332332155509013294e+00 1.217321262382173153e+01 0.000000000000000000e+00
