1.275976128572435719e+01 -1.088166002890605455e+01 0.000000000000000000e+00
3.417380598861246899e+00 1.419683227722237717e+01 0.000000000000000000e+00
4.530441657648159648e+00 -5.105357761515540993e-01 0.000000000000000000e+00
1.681457787934552783e+01 -6.185444218779851955e-01 0.000000000000000000e+00
-2.290796491957099779e+00 -3.673698921714599330e-01 0.000000000000000000e+00
-9.081292964834593029e-01 -9.954849137127517622e+00 0.000000000000000000e+00
-3.687807688010650509e+00 1.248073837480878545e+01 0.000000000000000000e+00
1.448841602245461502e+01 9.403142343920132262e+00 0.000000000000000000e+00
1.596073083387823166e+00 6.249421687745220666e+00 0.000000000000000000e+00
5.299166207664383066e+00 -1.183635956681801993e+01 0.000000000000000000e+00
8.412277628297115228e+00 2.825015001264037373e+00 0.000000000000000000e+00
-1.261252521574810714e+01 6.466166903270245570e+00 0.000000000000000000e+00
3.661589874492809926e+00 -3.062278259060552621e+00 0.000000000000000000e+00
-8.904345055220138860e+00 3.081695441254522549e+00 0.000000000000000000e+00
1.298425558815594982e+01 -9.270943674427948977e+00 0.000000000000000000e+00
-1.071709813733121130e+01 1.001493534000502450e+01 0.000000000000000000e+00
1.142446022618292290e+01 -3.090197686373406416e+00 0.000000000000000000e+00
4.825838893043102651e+00 5.441714659303554136e+00 0.000000000000000000e+00
-4.119079060182461838e+00 7.418121593166842942e+00 0.000000000000000000e+00
1.247217025525808332e+01 -4.186453094462790681e+00 0.000000000000000000e+00
-3.656621884623623142e+00 -1.088364169073307330e+01 0.000000000000000000e+00
8.419082354284148195e+00 1.284117734762264895e+01 0.000000000000000000e+00
-1.076932693719879985e+01 -3.635019769761133723e+00 0.000000000000000000e+00
1.600667381899858910e+01 -4.155661222713866287e+00 0.000000000000000000e+00
1.343615174679345792e+01 2.837323468856583375e+00 0.000000000000000000e+00
1.307501767170322715e+01 7.796286840322960821e+00 0.000000000000000000e+00
1.867934485314213022e+00 9.322647349037014308e+00 0.000000000000000000e+00
4.796570811071165785e+00 -1.635458610793974898e+01 0.000000000000000000e+00
2.073149301570811898e-02 8.379019232066305278e+00 0.000000000000000000e+00
1.236279615487629258e+01 4.018266359752171724e+00 0.000000000000000000e+00
2.321924373373628114e+00 -1.058074325854995479e+01 0.000000000000000000e+00
1.509071265489888169e+01 -8.233002173731350126e+00 0.000000000000000000e+00
1.103406427214941843e+01 6.879800045389560914e+00 0.000000000000000000e+00
4.989269534126487216e+00 -7.317131053996024370e+00 0.000000000000000000e+00
3.339822064850776595e+00 2.871293646642197661e+00 0.000000000000000000e+00
-1.269367405612446298e+01 4.855319468186945764e-02 0.000000000000000000e+00
-1.075702677393017304e+01 -2.215235065251486279e-02 0.000000000000000000e+00
3.432487107291191997e+00 -5.031734317912991195e+00 0.000000000000000000e+00
-6.629019095779978277e-02 3.227628114029399864e+00 0.000000000000000000e+00
1.434293556068928766e+01 -3.802824397949977620e+00 0.000000000000000000e+00
2.239223677636455190e-02 -1.468105890670140212e+01 0.000000000000000000e+00
-8.885781766757634870e+00 -1.058334387774016072e+01 0.000000000000000000e+00
1.217876258842584214e+00 1.235167946056661492e+01 0.000000000000000000e+00
-7.185431517875017882e+00 7.881519554821051265e+00 0.000000000000000000e+00
1.059645211262400011e+01 9.343594190256700571e+00 0.000000000000000000e+00
-1.091208117738301908e+01 -9.392325469650929293e+00 0.000000000000000000e+00
-3.943763386479571587e+00 1.027462883308040276e+01 0.000000000000000000e+00
3.395754936381235378e+00 -1.233538921301371083e+01 0.000000000000000000e+00
4.338369258055468691e+00 1.254271213938085872e+01 0.000000000000000000e+00
-7.570481069517752459e+00 -6.922656343127695067e+00 0.000000000000000000e+00
-1.145554194296964035e+01 8.502546185517033450e+00 0.000000000000000000e+00
-5.085300842224942386e+00 8.620903006765281873e+00 0.000000000000000000e+00
5.987290555879395626e+00 -1.533629066582495426e+01 0.000000000000000000e+00
-1.616243988675035226e+01 -1.989687063020567637e+00 0.000000000000000000e+00
6.865661169225587557e+00 -1.397241445809906502e+00 0.000000000000000000e+00
9.207289450186276980e+00 2.978753704137886982e-01 0.000000000000000000e+00
-1.413770895379545145e+01 8.587538338233193791e-01 0.000000000000000000e+00
7.560263748841456355e+00 -4.837770497994291929e+00 0.000000000000000000e+00
-1.104698806200081229e+01 3.914506851193641612e+00 0.000000000000000000e+00
1.008590261918385167e+01 -8.658768318456733226e+00 0.000000000000000000e+00
1.176700660338935123e+01 1.283294079267057342e+01 0.000000000000000000e+00
-5.529551304939415601e+00 -3.075923731452462118e+00 0.000000000000000000e+00
1.590411061487430899e+01 1.872979229134265955e+00 0.000000000000000000e+00
-6.293748965724173416e+00 6.094900430110443690e-01 0.000000000000000000e+00
-4.871067545157637402e-01 -4.450684740352564894e+00 0.000000000000000000e+00
-1.244929827497989194e+01 -9.608268593472780950e+00 0.000000000000000000e+00
-2.333412010657988755e+00 1.020481539647099822e+01 0.000000000000000000e+00
5.383537441795281708e+00 -2.097755204808132490e+00 0.000000000000000000e+00
-1.789891284515241709e+00 1.634832193341697248e+01 0.000000000000000000e+00
1.829727497971900041e+00 1.899004207035805081e+00 0.000000000000000000e+00
-1.039426651342171581e+01 -6.249630031698424126e+00 0.000000000000000000e+00
-3.415460431792746387e+00 -8.719070253823513639e+00 0.000000000000000000e+00
-2.118815750781464669e+00 -1.896883645073396574e+00 0.000000000000000000e+00
9.880017382726535402e+00 -6.782601578905156359e+00 0.000000000000000000e+00
4.697429570102671370e+00 -8.817122151301321153e+00 0.000000000000000000e+00
-9.023387939153225901e+00 -1.332263774278821877e+01 0.000000000000000000e+00
-4.452883423895496406e+00 -1.636007485983650156e+01 0.000000000000000000e+00
-7.051150963787549131e+00 1.134773257699887594e+01 0.000000000000000000e+00
-2.584546952096488326e+00 -3.433463506327844694e+00 0.000000000000000000e+00
-6.303962216542073449e+00 1.573302211938142037e+01 0.000000000000000000e+00
-3.998064726717785344e+00 5.878965509810564427e+00 0.000000000000000000e+00
-1.147533135258482329e+00 -1.672751292348674568e+01 0.000000000000000000e+00
7.897870410538868846e+00 1.029897043260602052e+00 0.000000000000000000e+00
-7.638969896848012198e+00 -1.534182244873264711e+00 0.000000000000000000e+00
-8.041453279569704904e+00 -4.909193005859480152e+00 0.000000000000000000e+00
1.817736481227167245e+00 1.669767232267683710e+01 0.000000000000000000e+00
3.083877944547324668e-01 1.061078102888623498e+01 0.000000000000000000e+00
8.388478344993897551e+00 -2.074548502623327906e+00 0.000000000000000000e+00
9.450390813398286127e+00 -3.379407478490879413e+00 0.000000000000000000e+00
1.181116903208206059e+00 -2.736658291823647060e-01 0.000000000000000000e+00
-4.641241427746395587e+00 1.444364169403322018e+00 0.000000000000000000e+00
-4.879736961885087210e-01 -6.527218980692791384e+00 0.000000000000000000e+00
-9.632326057658270102e+00 -2.650252409950101029e+00 0.000000000000000000e+00
8.662789760108450920e+00 6.891279168114571085e+00 0.000000000000000000e+00
-9.991896222932631133e+00 1.300868362605388029e+01 0.000000000000000000e+00
8.206522109923803043e+00 -6.785123723873938140e+00 0.000000000000000000e+00
6.587943004952408366e+00 -8.502784236816147256e+00 0.000000000000000000e+00
-1.753211566148028755e+00 6.293545153925647284e+00 0.000000000000000000e+00
6.372224343771075716e+00 3.321471513811453669e+00 0.000000000000000000e+00
6.381495234730937050e+00 8.968053426903814795e+00 0.000000000000000000e+00
6.708379228286772467e+00 1.238038706362406316e+01 0.000000000000000000e+00
1.381884137171338978e+01 5.674584061371182209e+00 0.000000000000000000e+00
-7.071803012199583627e+00 -1.140938036698218916e+01 0.000000000000000000e+00
1.366500938474159632e+01 -6.970688661961276011e+00 0.000000000000000000e+00
9.378139657648167926e+00 5.312874739147871672e+00 0.000000000000000000e+00
-1.708423113525944004e+00 1.287532067142238290e+01 0.000000000000000000e+00
-1.514024574908030019e+01 -6.981277672828544389e+00 0.000000000000000000e+00
-2.997996087480550464e+00 -5.697685093569164749e+00 0.000000000000000000e+00
-1.628658746672372715e+01 6.269406166202998953e+00 0.000000000000000000e+00
1.762310941005999387e+00 -4.094746423444632022e+00 0.000000000000000000e+00
1.478737483443688738e+01 7.768786361471640589e+00 0.000000000000000000e+00
-8.674099249418198099e+00 -8.771278037105567194e+00 0.000000000000000000e+00
-5.459177446772327968e+00 1.246945868197837548e+01 0.000000000000000000e+00
9.621069605172473116e-01 4.326372060253302898e+00 0.000000000000000000e+00
-1.251120890342746961e+01 -1.871811352331970157e+00 0.000000000000000000e+00
-3.634274582002678056e+00 -1.483883712300497093e+00 0.000000000000000000e+00
5.619258415018195674e-01 1.419606641777730438e+01 0.000000000000000000e+00
-1.183745224991895206e+01 -5.802265656640593683e+00 0.000000000000000000e+00
-1.260349479368627534e+01 -4.449476432969816209e+00 0.000000000000000000e+00
9.920788039619065302e+00 -1.103896285323094517e+01 0.000000000000000000e+00
-1.063751681196518817e+01 -1.242338639546986734e+01 0.000000000000000000e+00
1.198223926035366560e+01 2.208856266510093036e-01 0.000000000000000000e+00
1.488743654169621733e+00 -8.011956516494029401e+00 0.000000000000000000e+00
4.516475879531892446e+00 1.497204062849552209e+00 0.000000000000000000e+00
7.254866278718188788e+00 -1.425763622605523651e+01 0.000000000000000000e+00
-1.606082787653231136e+01 -5.411441931900338176e+00 0.000000000000000000e+00
-1.338642093516090448e+01 9.244396652907093781e+00 0.000000000000000000e+00
1.052428410834527384e+01 2.593093463819530431e+00 0.000000000000000000e+00
-8.672590331281432086e+00 1.374768656643402132e+01 0.000000000000000000e+00
1.344878663575451050e+01 1.119672272444359606e+01 0.000000000000000000e+00
4.814949940295955244e+00 -1.356146020757317672e+01 0.000000000000000000e+00
3.534834588017074508e-01 1.595766984623826623e+01 0.000000000000000000e+00
-2.135722695555168471e+00 4.313001088808711359e+00 0.000000000000000000e+00
-7.339680248229085713e+00 6.266572623241415840e+00 0.000000000000000000e+00
9.002864062093479447e+00 8.724321379145086652e+00 0.000000000000000000e+00
-1.580699614154576871e+01 2.957617154766724599e-01 0.000000000000000000e+00
-7.425976433192079895e+00 -1.436871270872585704e+01 0.000000000000000000e+00
-3.277508376448003080e+00 2.826629796067738010e+00 0.000000000000000000e+00
7.439972234511469829e+00 1.567700437303328975e+01 0.000000000000000000e+00
-2.287585333583783964e-01 6.438815600879607359e+00 0.000000000000000000e+00
-1.534334978565926200e+01 2.872809024486857155e+00 0.000000000000000000e+00
1.983784392232879279e+00 -1.306605748970737046e+01 0.000000000000000000e+00
7.692265755390782722e+00 -1.148469421518593769e+01 0.000000000000000000e+00
7.750635726304948570e+00 5.025049803266642634e+00 0.000000000000000000e+00
3.305499447989626916e+00 9.855621850961641783e+00 0.000000000000000000e+00
-4.343842720244725508e-01 -8.436944422469851546e+00 0.000000000000000000e+00
1.131751533502314899e+01 1.133566944703985335e+01 0.000000000000000000e+00
6.156807260609560295e+00 -5.929572839890912661e+00 0.000000000000000000e+00
1.285185905527673533e+01 -2.531330093656184665e+00 0.000000000000000000e+00
3.029009129193650729e+00 -6.832446178239933943e+00 0.000000000000000000e+00
-6.133795019426668382e+00 -1.010855327967377804e+01 0.000000000000000000e+00
1.683959464024768238e+01 4.667976121929683586e+00 0.000000000000000000e+00
4.194012838394163722e+00 7.726807938855621671e+00 0.000000000000000000e+00
9.943317318827201490e+00 1.355704565049094157e+01 0.000000000000000000e+00
2.848046720077732630e+00 -1.112414181136063274e+00 0.000000000000000000e+00
1.997269403073376748e-01 -1.189050136295197824e+01 0.000000000000000000e+00
2.182234691939248794e+00 -1.710970592808294199e+01 0.000000000000000000e+00
-2.115970357041909278e+00 -1.547022414063719431e+01 0.000000000000000000e+00
-1.186908501803871419e+00 -1.288741341381884453e+01 0.000000000000000000e+00
-1.790334540098053262e+00 7.883550336862559682e+00 0.000000000000000000e+00
-1.355327418571593867e+01 -7.851951699971484011e+00 0.000000000000000000e+00
-1.506883907023112457e+01 8.375776351509356843e+00 0.000000000000000000e+00
-3.212010957268751632e+00 -1.301924177047126996e+01 0.000000000000000000e+00
-5.911833532071637975e+00 -1.544881426315432194e+01 0.000000000000000000e+00
-4.668934284560924963e-01 -2.449127021690791661e+00 0.000000000000000000e+00
-8.872392970848345328e+00 -1.504651861787413658e+01 0.000000000000000000e+00
-1.569870981713322733e+00 1.508553873660604339e+00 0.000000000000000000e+00
-6.181491981813984182e+00 1.402303757494707348e+01 0.000000000000000000e+00
-1.731240185993544145e+01 6.385439705714827108e-01 0.000000000000000000e+00
-8.387525493709050650e+00 1.049585308045165277e+01 0.000000000000000000e+00
-5.140395409151360617e+00 -1.188392500656004991e+00 0.000000000000000000e+00
5.520481954234185196e+00 1.075783059412340847e+01 0.000000000000000000e+00
1.391236260152141746e+01 2.963086777797755422e-01 0.000000000000000000e+00
-6.116644366690823453e+00 3.078636923079136167e+00 0.000000000000000000e+00
-5.593650428134546715e+00 -1.216419865231310204e+01 0.000000000000000000e+00
-1.186060442028842488e+01 -1.145700502414416988e+01 0.000000000000000000e+00
-8.986337451011308985e+00 1.116339448076614671e+00 0.000000000000000000e+00
1.204598647600534100e+01 5.690045216641115289e+00 0.000000000000000000e+00
-5.764195189181068102e+00 -4.765303422327496818e+00 0.000000000000000000e+00
-4.092025661368243306e+00 1.418754042617503330e+01 0.000000000000000000e+00
-1.470635623046025131e+01 5.492544838804340301e+00 0.000000000000000000e+00
1.564059619859750860e+01 6.106961135990956357e+00 0.000000000000000000e+00
2.487869997890664653e+00 -1.491307419686886604e+01 0.000000000000000000e+00
4.254390886652649861e+00 1.691540825736420572e+01 0.000000000000000000e+00
-1.940889499169750509e+00 -7.641537669681531142e+00 0.000000000000000000e+00
8.519374407956771478e+00 -8.622500339946578052e+00 0.000000000000000000e+00
-4.628376728531987006e+00 -1.427169342445124833e+01 0.000000000000000000e+00
6.137813381580362382e+00 1.415856457687253211e+01 0.000000000000000000e+00
5.089006127466919160e+00 1.537530619195641535e+01 0.000000000000000000e+00
1.459753578495513615e+01 -2.116589438391049960e+00 0.000000000000000000e+00
5.700825828968148379e+00 6.766519142908466122e+00 0.000000000000000000e+00
3.684688323622161144e-01 -1.687666092504237625e+01 0.000000000000000000e+00
1.140093429078513765e+01 -6.573002179615226481e+00 0.000000000000000000e+00
-1.516636693892284704e+01 -3.336125712281424960e+00 0.000000000000000000e+00
-8.876743947075864227e+00 8.985358053468697648e+00 0.000000000000000000e+00
1.173998784191898181e+01 -8.144992153685100433e+00 0.000000000000000000e+00
6.450491403073963070e+00 1.476504687483660705e+00 0.000000000000000000e+00
-3.820338022055901561e+00 1.600063270920080072e+01 0.000000000000000000e+00
-1.065716202687418246e+01 2.289261308009451490e+00 0.000000000000000000e+00
3.841633728432285899e+00 -1.045053957109333709e+01 0.000000000000000000e+00
-1.632713640147770917e+01 4.343581208809558447e+00 0.000000000000000000e+00
-4.656482402648256524e+00 -6.866549346338898019e+00 0.000000000000000000e+00
7.631377034839096574e+00 1.078128572242410677e+01 0.000000000000000000e+00
1.488646691738685135e+01 3.812177496714543423e+00 0.000000000000000000e+00
5.966393028827373435e+00 -6.492131241564508791e-03 0.000000000000000000e+00
-1.128460450829898321e+01 5.624853434910498606e+00 0.000000000000000000e+00
3.744604122020009473e+00 4.363120582419873550e+00 0.000000000000000000e+00
-1.290742896859774547e+01 4.348034149884882460e+00 0.000000000000000000e+00
-1.336258362648970177e+01 -6.348362389309269105e+00 0.000000000000000000e+00
-1.222521123894307316e+01 1.046577689159119551e+01 0.000000000000000000e+00
1.557350784520192377e+01 -6.359484806399816392e+00 0.000000000000000000e+00
1.058534805884154117e+01 -8.209267049359807444e-01 0.000000000000000000e+00
-9.729984850052636247e+00 -7.647062890034240112e+00 0.000000000000000000e+00
-5.516800490696970982e+00 6.524439320604509263e+00 0.000000000000000000e+00
-7.820871344999139607e-01 1.359168619815041834e-01 0.000000000000000000e+00
1.448951222756613255e+01 -5.312102790492028603e+00 0.000000000000000000e+00
-1.044934644291490322e+01 -1.392984968834119464e+01 0.000000000000000000e+00
-1.447090931762008559e+01 -5.172292240933463958e+00 0.000000000000000000e+00
-1.383655019963845056e+01 -1.049318306982649496e+01 0.000000000000000000e+00
-1.643311038182585060e+00 1.466645148872824400e+01 0.000000000000000000e+00
5.971963057629793070e+00 -1.003756186855184396e+01 0.000000000000000000e+00
-1.177079393634579851e+01 1.239456444083993958e+01 0.000000000000000000e+00
8.537777972674812643e-01 -5.773110898960173820e+00 0.000000000000000000e+00
1.192744626806388730e+01 1.918251553527316577e+00 0.000000000000000000e+00
-6.104820117984303351e+00 -8.164155597272154452e+00 0.000000000000000000e+00
5.809908192470297550e+00 -3.608538135129485180e+00 0.000000000000000000e+00
-9.592359616192018379e+00 7.475972072526158030e+00 0.000000000000000000e+00
-3.039825388396876438e+00 -1.693004234820661580e+01 0.000000000000000000e+00
-7.614173285261083279e+00 1.483407915461042137e+01 0.000000000000000000e+00
-1.372194271559516032e+01 2.618692805077551977e+00 0.000000000000000000e+00
2.090463243855667397e+00 1.507814251618805379e+01 0.000000000000000000e+00
9.507587626110767687e+00 -1.352499177532709140e+01 0.000000000000000000e+00
-1.408357280723128646e+01 -1.919097704732915410e+00 0.000000000000000000e+00
1.648307974465054571e+01 -2.352267203105704585e+00 0.000000000000000000e+00
-4.100726032304143231e+00 -3.601161381862440614e+00 0.000000000000000000e+00
6.696611726789538643e+00 -1.285429024457710767e+01 0.000000000000000000e+00
2.636691808085652955e+00 -9.043229702472418197e+00 0.000000000000000000e+00
-7.418831486610864445e+00 4.417442120677507411e+00 0.000000000000000000e+00
2.940253169938465305e+00 1.193869832718599788e+01 0.000000000000000000e+00
-1.699092160682272024e+01 2.760778759337344290e+00 0.000000000000000000e+00
-1.710888241647906227e+01 -3.321871636314633225e+00 0.000000000000000000e+00
-7.436128248386203232e+00 1.818329356950527664e+00 0.000000000000000000e+00
1.103651009230349800e+01 -1.241037418430871497e+01 0.000000000000000000e+00
-6.488648604339420700e+00 9.751319103582108738e+00 0.000000000000000000e+00
1.633158802204329962e+00 -2.415570141253480685e+00 0.000000000000000000e+00
-2.161548334451040443e+00 -1.115944117961478455e+01 0.000000000000000000e+00
9.451109307482012056e+00 1.074224395369495078e+01 0.000000000000000000e+00
8.796359292458552304e+00 1.489042501036527355e+01 0.000000000000000000e+00
3.125106739805445066e+00 9.264935594460289581e-01 0.000000000000000000e+00
-8.344996317468671876e+00 1.217070802370689542e+01 0.000000000000000000e+00
2.701548135249627780e+00 7.906401303322951435e+00 0.000000000000000000e+00
-9.013949994270301858e+00 4.948373659803200653e+00 0.000000000000000000e+00
1.095651161751992575e+01 -4.775367078781195929e+00 0.000000000000000000e+00
-1.259935926119110228e+01 1.614218787755795637e+00 0.000000000000000000e+00
1.142117468249822743e+01 -9.786062984861594316e+00 0.000000000000000000e+00
-9.354292228739170767e+00 -8.062585936654378393e-01 0.000000000000000000e+00
