8.737601115795886386e+00 7.412629462906329181e+00 0.000000000000000000e+00
-3.284275684048443278e+00 -1.456646518438875226e+01 0.000000000000000000e+00
1.194502448966506947e+01 2.795781569559241841e+00 0.000000000000000000e+00
-7.089476914354672310e+00 -1.347888327952421506e+01 0.000000000000000000e+00
9.641986108451094495e+00 -1.562096232464484702e+00 0.000000000000000000e+00
-3.326266843561066278e+00 -5.729798813862036155e+00 0.000000000000000000e+00
7.807199811350652219e+00 -1.553429287700619499e+00 0.000000000000000000e+00
-2.587992211883655691e-01 1.633195949985567808e+01 0.000000000000000000e+00
3.263698057608791725e+00 -4.799732039718953125e+00 0.000000000000000000e+00
-7.942235915299502125e+00 1.547908184076758964e+01 0.000000000000000000e+00
3.284244917075001879e+00 7.508482742191955772e+00 0.000000000000000000e+00
-2.958862779597197512e-02 -8.364116242874573004e+00 0.000000000000000000e+00
-1.281797885142533744e+01 -9.444150469818197280e+00 0.000000000000000000e+00
-1.701389203956203389e+01 -8.567618214650900565e-01 0.000000000000000000e+00
-9.310058849779503376e+00 1.147061039560444939e+01 0.000000000000000000e+00
-6.579040530069750758e+00 7.443039269935474156e-01 0.000000000000000000e+00
-5.364266067237400293e+00 7.997554236629608404e+00 0.000000000000000000e+00
1.853532372700567032e+00 -2.408835986050210654e+00 0.000000000000000000e+00
-1.201304170247420977e+01 2.275745217252237218e+00 0.000000000000000000e+00
-1.252887443571439974e+01 8.947197938001693274e+00 0.000000000000000000e+00
1.102323019417941019e+01 -8.250151156739514491e+00 0.000000000000000000e+00
1.534625262899201381e+01 -3.095461546370232853e+00 0.000000000000000000e+00
-1.477617156210340710e+01 6.532135194239615528e-01 0.000000000000000000e+00
9.126656630196681164e+00 -1.365280454202346405e+01 0.000000000000000000e+00
3.634058867819624172e+00 3.033885599676129807e+00 0.000000000000000000e+00
1.599881475537491404e+01 2.217876936230760876e+00 0.000000000000000000e+00
5.876925040502158915e-01 -1.038409774058089496e+01 0.000000000000000000e+00
-1.353806876966406447e+00 2.246740506277077110e+00 0.000000000000000000e+00
1.156223271519257700e+01 -5.363524012594459656e+00 0.000000000000000000e+00
1.168449723469823986e+01 1.048097338245338506e+01 0.000000000000000000e+00
3.973385858209350197e+00 1.189817097735256368e+01 0.000000000000000000e+00
1.099632390931650106e+00 8.997688971694232762e+00 0.000000000000000000e+00
-8.267981898614759073e-01 -5.779184138883040056e-01 0.000000000000000000e+00
1.139852811525012299e+01 -3.181910631581902127e+00 0.000000000000000000e+00
1.190417687506932332e+01 -6.958352286902120376e+00 0.000000000000000000e+00
2.374161082406504697e+00 -1.169727174653256974e+01 0.000000000000000000e+00
-1.281138811650348863e+01 -6.431257473602248531e+00 0.000000000000000000e+00
7.043991511390954585e+00 -5.684073547087741929e+00 0.000000000000000000e+00
1.300269274284158705e+01 -4.574286630326532155e+00 0.000000000000000000e+00
-7.673311492282443247e+00 -9.838865547006278689e+00 0.000000000000000000e+00
-8.783805171022439851e+00 -8.172951129592203046e+00 0.000000000000000000e+00
7.622972030799447296e+00 1.002216220903112109e+01 0.000000000000000000e+00
-1.487134383756454881e+01 -8.679845294863278937e+00 0.000000000000000000e+00
6.312601505819888992e+00 6.627188573720844467e+00 0.000000000000000000e+00
1.448738768307732627e+01 -5.651585359731897462e+00 0.000000000000000000e+00
9.356760399439993492e+00 1.792858925034206630e+00 0.000000000000000000e+00
-1.613356027224769562e+01 6.073168447528425773e+00 0.000000000000000000e+00
6.203046428008931912e+00 -1.350647942497474929e+01 0.000000000000000000e+00
-1.514933524699862488e+01 8.450829965642723707e+00 0.000000000000000000e+00
-1.041524357952396684e+01 -1.251796625430668719e+01 0.000000000000000000e+00
-1.205579020200297613e+00 -1.055976671556583391e+01 0.000000000000000000e+00
4.493188773006179915e+00 1.552768387519744220e+00 0.000000000000000000e+00
1.488382585767396238e+00 3.000406568288175868e-01 0.000000000000000000e+00
-3.057120104208953304e+00 7.437818072297214478e+00 0.000000000000000000e+00
-1.720696682847491843e+01 2.281952428443553060e+00 0.000000000000000000e+00
-2.009676077979628328e+00 1.593962983801375444e+01 0.000000000000000000e+00
-6.005016833197591275e+00 3.867033948156743062e+00 0.000000000000000000e+00
7.799166825185540830e+00 -1.186393437007288298e+01 0.000000000000000000e+00
-1.236941359849525357e+00 -1.345362272082063448e+01 0.000000000000000000e+00
-1.425812644863618317e+01 2.641615794213079127e+00 0.000000000000000000e+00
1.527961207793761211e+01 -8.473771140541257907e+00 0.000000000000000000e+00
1.278599367840832154e-02 -2.877909967514948875e+00 0.000000000000000000e+00
1.392251000409605766e+01 1.030641250239068718e+01 0.000000000000000000e+00
5.708709087858456321e+00 -2.146990498638095879e+00 0.000000000000000000e+00
-7.644063326825784266e+00 -4.417787589329652320e+00 0.000000000000000000e+00
-4.444766949475203455e-01 1.133038042193699013e+01 0.000000000000000000e+00
-8.940591753456933688e+00 -1.819653130326665869e+00 0.000000000000000000e+00
-8.527712254387408208e+00 -1.205373876090040142e+01 0.000000000000000000e+00
-2.563102966604984712e+00 1.384605086261937679e+01 0.000000000000000000e+00
-8.191483949992759861e+00 2.677321747568802479e+00 0.000000000000000000e+00
-1.540377602910100485e+01 -6.075422088378410912e+00 0.000000000000000000e+00
-1.059143346650832562e+01 -4.946043689848285574e+00 0.000000000000000000e+00
-7.160516536593153347e+00 1.110209153018880457e+01 0.000000000000000000e+00
-1.677771004823143741e+01 4.065243913997238501e+00 0.000000000000000000e+00
1.043098350288939358e+01 7.542767392397613513e+00 0.000000000000000000e+00
-1.688400638139514243e+01 -4.036844339619249489e+00 0.000000000000000000e+00
-4.030963802446613009e+00 -4.207300212616113200e+00 0.000000000000000000e+00
-1.216518928258703269e+01 -1.210281479239035995e+01 0.000000000000000000e+00
-1.267494481702472164e+01 1.172980554855936752e+01 0.000000000000000000e+00
-9.180455406159781617e+00 1.308477193432212182e+01 0.000000000000000000e+00
-3.165702283383653004e+00 1.196672390125104357e+01 0.000000000000000000e+00
4.949103380546116426e+00 5.924587416221545944e+00 0.000000000000000000e+00
1.496911497927014167e+00 3.092107458932149111e+00 0.000000000000000000e+00
-9.942882824263435282e+00 -2.090855530196245593e-01 0.000000000000000000e+00
9.866617883989972526e+00 4.677959353020060718e+00 0.000000000000000000e+00
-3.198375475789810851e-01 3.883700595983018644e+00 0.000000000000000000e+00
3.084678384474182078e+00 -1.399532322679294438e+01 0.000000000000000000e+00
-4.328630147974716458e+00 -7.088990921861850758e+00 0.000000000000000000e+00
4.608686789634930392e+00 9.960812837242809081e+00 0.000000000000000000e+00
4.721634133335660399e-01 -1.666364604089427104e+01 0.000000000000000000e+00
5.439326491335026326e+00 1.548504975478764223e+01 0.000000000000000000e+00
3.395798243147910345e+00 -1.857755743760803047e-01 0.000000000000000000e+00
-5.277384871865058447e-01 9.614698304441514409e+00 0.000000000000000000e+00
-4.233151129878497620e+00 2.102474386115506633e+00 0.000000000000000000e+00
-4.784928428877589290e+00 -3.221568179495644668e-01 0.000000000000000000e+00
1.095726978786293770e+01 -1.011375604278245177e+01 0.000000000000000000e+00
-4.960827576073215006e+00 -1.471616043836214871e+01 0.000000000000000000e+00
-3.722271964817097878e+00 -2.000220768210152045e+00 0.000000000000000000e+00
-3.818590597619178961e+00 -1.198207054304590713e+01 0.000000000000000000e+00
4.867462799671152140e+00 -1.595988297612566420e+01 0.000000000000000000e+00
9.514878807535680494e+00 -5.300616866582908315e+00 0.000000000000000000e+00
7.831226724014108242e+00 2.673531054127538997e+00 0.000000000000000000e+00
8.521629733286127717e+00 -1.046643772422725860e+01 0.000000000000000000e+00
1.527122319735137168e+01 6.847485221411854006e+00 0.000000000000000000e+00
-1.089252452216642020e+01 -6.461432912375767224e+00 0.000000000000000000e+00
7.477667027011904111e+00 5.625764518831114280e+00 0.000000000000000000e+00
3.977682376185955881e+00 -9.574311510487092391e+00 0.000000000000000000e+00
-1.506595408138145409e+01 -1.345136974792066065e+00 0.000000000000000000e+00
-1.953110531951092188e+00 1.096050607537332766e+01 0.000000000000000000e+00
8.860224638097353278e+00 1.108790471473550632e+01 0.000000000000000000e+00
1.730095997620704296e+01 -2.564084123970576723e+00 0.000000000000000000e+00
-8.439854574604604309e+00 -2.642658617767805751e-01 0.000000000000000000e+00
2.445652454023309552e+00 -6.123475633644718918e+00 0.000000000000000000e+00
-1.479260737721024022e+01 6.991541899989845987e+00 0.000000000000000000e+00
1.393057341573076435e+01 -9.959814569910616200e+00 0.000000000000000000e+00
-1.965362270081104201e+00 -4.801523855467343616e+00 0.000000000000000000e+00
-1.298896492445947848e+00 7.861387884151553429e+00 0.000000000000000000e+00
1.303405190675094527e+00 1.634406176993329751e+01 0.000000000000000000e+00
1.548918991717722093e+01 -9.630142654779793032e-01 0.000000000000000000e+00
7.353016743737395444e+00 8.052438900982316738e+00 0.000000000000000000e+00
2.490027915896568356e+00 -1.018910358033285490e+01 0.000000000000000000e+00
1.713014933369407800e+01 -2.476065181748554056e-01 0.000000000000000000e+00
1.006301647867346460e+01 -1.205164524095864742e+01 0.000000000000000000e+00
-1.328811474265235049e+01 4.184073150115010797e+00 0.000000000000000000e+00
1.343335734709282825e+01 2.155757787178940177e+00 0.000000000000000000e+00
5.522028066392291379e+00 -1.104235020844224024e+01 0.000000000000000000e+00
-1.424932212851348012e+01 9.866255760749302439e+00 0.000000000000000000e+00
-2.801661286872529022e+00 -7.896739270455359616e+00 0.000000000000000000e+00
-4.518201289488476213e+00 -1.015673497740900366e+01 0.000000000000000000e+00
5.586464012478371544e+00 -7.846145833571979367e+00 0.000000000000000000e+00
1.695124914587617226e+01 4.213481249303649534e+00 0.000000000000000000e+00
1.459474894163440517e+01 3.300623506965417508e+00 0.000000000000000000e+00
3.672863911996469000e+00 -2.688197466764179033e+00 0.000000000000000000e+00
1.137635199715069767e+01 7.357161117866374278e-01 0.000000000000000000e+00
1.086432882232950448e+01 1.252740241492615425e+01 0.000000000000000000e+00
3.404561367470477773e+00 1.362345560698172697e+01 0.000000000000000000e+00
4.869154498738872405e+00 -1.264045581699890697e+01 0.000000000000000000e+00
-1.452399372787134801e+01 -3.685287810026768973e+00 0.000000000000000000e+00
-1.260629120673149650e+01 -1.371111582541560292e+00 0.000000000000000000e+00
-6.680824322774889801e+00 -2.633522982821398184e+00 0.000000000000000000e+00
-6.692649892370615028e+00 1.344322684904442156e+01 0.000000000000000000e+00
-5.631548871819612501e+00 1.560290431102928110e+01 0.000000000000000000e+00
-2.326907741830392951e+00 4.668008808363304674e+00 0.000000000000000000e+00
-1.540283396235133218e+00 1.249353814043121069e+01 0.000000000000000000e+00
2.577998673685797826e+00 -8.028331651217493814e+00 0.000000000000000000e+00
8.410522381641287737e+00 -6.786726037467419204e+00 0.000000000000000000e+00
-1.041639749949625937e+01 9.048516477380159628e+00 0.000000000000000000e+00
6.801831724585289507e+00 1.336157754621131843e+01 0.000000000000000000e+00
-7.855770966476761430e+00 6.639143045274828125e+00 0.000000000000000000e+00
-7.714725516366082836e+00 -1.487285262582150125e+01 0.000000000000000000e+00
9.652689741744433505e+00 1.382263614581424882e+01 0.000000000000000000e+00
-9.187823973186853621e+00 4.667792439052929510e+00 0.000000000000000000e+00
-3.485023377223942287e+00 1.048090779898630664e+01 0.000000000000000000e+00
-1.194611954817544586e+01 4.959022489438903669e+00 0.000000000000000000e+00
-7.036373432400495176e+00 -1.142050373734476487e+01 0.000000000000000000e+00
-1.082242265397370451e+00 1.433013642532888987e+01 0.000000000000000000e+00
1.199714473811408766e+01 6.754858491119486885e+00 0.000000000000000000e+00
-1.809825138661657284e+00 -1.701177543536070758e+01 0.000000000000000000e+00
1.292444221734030130e+01 -1.491529004774906131e+00 0.000000000000000000e+00
9.472158041432599873e+00 -8.800018927418491899e+00 0.000000000000000000e+00
-6.126738469245016638e+00 6.223606919554328876e+00 0.000000000000000000e+00
4.800166483252342076e+00 -4.924041026431090096e+00 0.000000000000000000e+00
1.639651598697977875e+01 -4.351134601658893430e+00 0.000000000000000000e+00
3.415840085323605946e-01 -4.578653376831480770e+00 0.000000000000000000e+00
-1.684937691135509397e+01 -2.453894254948004949e+00 0.000000000000000000e+00
-1.154173781744646732e+01 -2.856080563478623491e-01 0.000000000000000000e+00
3.622812872403674556e-01 1.275994917078326907e+01 0.000000000000000000e+00
1.148625755390472625e+00 6.920440433832316884e+00 0.000000000000000000e+00
1.404918221442353854e+01 -7.299459760064676672e+00 0.000000000000000000e+00
6.058483565527430059e+00 4.630617372469830961e+00 0.000000000000000000e+00
4.143094436889461107e+00 -6.438518227895535517e+00 0.000000000000000000e+00
2.254706984090947497e+00 1.000219733924493859e+01 0.000000000000000000e+00
-4.967498030492683014e+00 5.163106657146070866e+00 0.000000000000000000e+00
-1.165013767343662821e+01 6.920662554793016064e+00 0.000000000000000000e+00
9.917801144136721092e+00 9.510224577792513401e+00 0.000000000000000000e+00
1.423797515666579727e+01 4.926012905227340255e+00 0.000000000000000000e+00
-5.131225306039463696e+00 1.088582221311475529e+01 0.000000000000000000e+00
1.168135348727366640e+01 -1.156806750952325302e+01 0.000000000000000000e+00
1.605634738842337583e+01 -6.340180143658947109e+00 0.000000000000000000e+00
-3.770405111477101112e+00 1.501649641867734353e+01 0.000000000000000000e+00
-3.523776441977379381e+00 -1.679369385141381699e+01 0.000000000000000000e+00
-1.134313160102501783e+01 1.036323684589720173e+01 0.000000000000000000e+00
1.148869860939002763e+01 4.233837841902730048e+00 0.000000000000000000e+00
-9.878103484142453539e+00 1.313930606163896453e+00 0.000000000000000000e+00
-6.069928669722715497e+00 2.304538883507889491e+00 0.000000000000000000e+00
6.655125394883540046e+00 1.160546199117222521e+01 0.000000000000000000e+00
8.892288627333613249e+00 3.478627132933455046e-01 0.000000000000000000e+00
-8.377374896482857380e+00 1.008583489221309293e+01 0.000000000000000000e+00
-5.479344933330246192e+00 -5.707529566226605233e+00 0.000000000000000000e+00
9.937111455434838314e-01 -1.444273031495110260e+01 0.000000000000000000e+00
-3.004920790841685285e+00 3.242248129081795938e+00 0.000000000000000000e+00
5.802408653183441345e+00 7.159466693422058547e-01 0.000000000000000000e+00
7.975896118308564375e+00 -4.272144339013022041e+00 0.000000000000000000e+00
-8.865227350438779297e+00 7.978986410617777025e+00 0.000000000000000000e+00
3.006229124079413229e+00 4.761485227177252533e+00 0.000000000000000000e+00
-1.473398168164005995e+01 5.206389833112557319e+00 0.000000000000000000e+00
-1.079739746860223981e+01 -9.120677202960886021e+00 0.000000000000000000e+00
6.059620171690689006e+00 3.022115898514759369e+00 0.000000000000000000e+00
6.512800190266109901e+00 -3.650491673388536640e+00 0.000000000000000000e+00
-8.316944908437335471e+00 -6.325601222500737641e+00 0.000000000000000000e+00
2.653981667242458542e+00 -1.653514912452670416e+01 0.000000000000000000e+00
3.911712456916032643e+00 1.577486446744234883e+01 0.000000000000000000e+00
1.348655153793396266e+01 7.656796185160301249e+00 0.000000000000000000e+00
-7.598080008912519445e-02 5.811641893406983783e+00 0.000000000000000000e+00
-1.756710771341220001e+00 -2.314899371523979621e+00 0.000000000000000000e+00
-2.255600736306017318e+00 8.179042554685433952e-01 0.000000000000000000e+00
-9.495504492419787113e+00 -3.415234394951749408e+00 0.000000000000000000e+00
7.898606963722239804e+00 1.550957068492724389e+01 0.000000000000000000e+00
-9.819751780698544152e+00 6.487499612585621911e+00 0.000000000000000000e+00
2.764005974056511938e+00 1.688807090249129317e+01 0.000000000000000000e+00
-2.947849724957646522e+00 -6.454570377819436322e-01 0.000000000000000000e+00
-1.220549462057178403e+01 -4.113515487259303605e+00 0.000000000000000000e+00
7.478986048092523653e+00 -9.086672818903462456e+00 0.000000000000000000e+00
-6.549483134878549606e+00 -7.673281338505126392e+00 0.000000000000000000e+00
-1.559321036726990295e+00 -1.521083086619413294e+01 0.000000000000000000e+00
7.984139571947213909e+00 -1.544503543514835187e+01 0.000000000000000000e+00
-1.068472282353729064e+01 -2.354222852127874077e+00 0.000000000000000000e+00
1.426067459740984056e+01 1.129328649344845531e-01 0.000000000000000000e+00
9.388074116931449664e-01 -6.222092863971257160e+00 0.000000000000000000e+00
5.302760268772885865e+00 1.281675890666971718e+01 0.000000000000000000e+00
-2.154391392357674854e-03 1.371503941800077842e+00 0.000000000000000000e+00
6.797134065548248172e-01 -1.199593134977556552e+01 0.000000000000000000e+00
-1.017938673712126540e+00 -6.618001574429033695e+00 0.000000000000000000e+00
1.239947110742232361e+01 1.227391200438944452e+01 0.000000000000000000e+00
-1.352527136833348997e+01 6.173930618827119687e+00 0.000000000000000000e+00
1.287303526174788004e+01 -8.331338208116799038e+00 0.000000000000000000e+00
-5.623903650401655518e+00 -1.611936257138140505e+01 0.000000000000000000e+00
1.457977914806822817e+00 1.454085076585813319e+01 0.000000000000000000e+00
9.982469106794008340e+00 -7.157839383569874592e+00 0.000000000000000000e+00
-2.220709428888363757e+00 -9.314068481182042447e+00 0.000000000000000000e+00
-5.089676880547682636e+00 1.336293745165170854e+01 0.000000000000000000e+00
-1.161522305212431760e+01 -7.844571570097197188e+00 0.000000000000000000e+00
-6.757282537562241842e+00 8.575759142398112544e+00 0.000000000000000000e+00
-9.981349202510873653e+00 -1.044903919387242119e+01 0.000000000000000000e+00
1.457719916079974309e+00 5.138539654961064684e+00 0.000000000000000000e+00
9.879863122845861767e+00 -3.830903511092254021e+00 0.000000000000000000e+00
-9.584380871670866497e+00 -1.436050927764454244e+01 0.000000000000000000e+00
-1.050827116720071608e+01 3.589635635854971696e+00 0.000000000000000000e+00
-7.637904184219060255e+00 4.357607936165244666e+00 0.000000000000000000e+00
-1.045514533555333969e+01 1.391922916378357833e+01 0.000000000000000000e+00
-5.677875000212816659e+00 -1.208427053937701423e+01 0.000000000000000000e+00
-2.276784573887816965e+00 9.155344759591281800e+00 0.000000000000000000e+00
-1.174123983564270901e+01 -1.055874429808832282e+01 0.000000000000000000e+00
-3.408143696369337672e+00 1.649551076105050740e+01 0.000000000000000000e+00
-1.682403820326952726e+01 6.339354999620030462e-01 0.000000000000000000e+00
2.503553282060840157e+00 1.237657175716835845e+01 0.000000000000000000e+00
1.028087315353214670e+01 3.231935946186704101e+00 0.000000000000000000e+00
-1.283807222694207262e+01 6.325100593957614370e-01 0.000000000000000000e+00
-2.275826542676477882e+00 -1.164001691164558494e+01 0.000000000000000000e+00
7.204195898397862230e+00 1.290488800580824602e+00 0.000000000000000000e+00
5.914806675018302151e+00 -9.500653886967862505e+00 0.000000000000000000e+00
5.815096298827890919e-01 -1.198570650430846207e+00 0.000000000000000000e+00
5.435095225404120711e+00 8.026583111914041169e+00 0.000000000000000000e+00
1.256074661211464694e+01 5.312688342911214612e+00 0.000000000000000000e+00
-5.040179817523992689e+00 -2.738782434423503886e+00 0.000000000000000000e+00
-3.471825887340718619e+00 5.870094662993155410e+00 0.000000000000000000e+00
