-1.451095360937643797e+00 -2.647022237116964938e-01 0.000000000000000000e+00
6.509742443562769765e+00 -1.074463677871167988e+01 0.000000000000000000e+00
-1.319280480685949009e+01 -5.511014120423258333e+00 0.000000000000000000e+00
-3.188726655397772003e+00 -6.847081306451422655e+00 0.000000000000000000e+00
5.174771549602633414e+00 6.220288816495677331e+00 0.000000000000000000e+00
1.251180174911662135e+01 1.048553460292222006e+01 0.000000000000000000e+00
-7.698604760059819085e+00 1.342909206996067262e+01 0.000000000000000000e+00
-5.640117911185393851e+00 -1.162256511454573804e+01 0.000000000000000000e+00
-1.067525088753192897e+01 -7.918921838955047754e+00 0.000000000000000000e+00
-5.636056728900848967e+00 -3.121707429611481288e+00 0.000000000000000000e+00
-8.109282704038140110e+00 7.165642960075265577e+00 0.000000000000000000e+00
-1.227585576403438417e+01 1.092173194754889387e+01 0.000000000000000000e+00
9.931520534924919374e+00 -2.307920898733389681e+00 0.000000000000000000e+00
6.364285848562123427e+00 1.239107176723780768e+01 0.000000000000000000e+00
-1.531583549881364092e+01 -7.939990782518231427e+00 0.000000000000000000e+00
5.298923241855980848e+00 3.245708795712562544e+00 0.000000000000000000e+00
3.969845593441332809e+00 -1.294058319745094998e+01 0.000000000000000000e+00
7.201056449362233991e+00 -4.922807397432809040e+00 0.000000000000000000e+00
-1.050919701763545433e+01 -5.873555482065243361e+00 0.000000000000000000e+00
-1.073266848985707611e+01 -8.502552508986132018e-01 0.000000000000000000e+00
8.359406139594808494e+00 1.496556717987028584e+01 0.000000000000000000e+00
1.558871509908193786e+01 5.082265701268982028e+00 0.000000000000000000e+00
4.314700856070267321e+00 -1.653431848754377143e+01 0.000000000000000000e+00
-5.753005013493714515e+00 -6.185082977535492077e-01 0.000000000000000000e+00
3.590736869233198014e+00 -9.559473341644530109e+00 0.000000000000000000e+00
1.566474410538639006e+01 -8.536245221972058594e-01 0.000000000000000000e+00
1.717121655847134720e+00 -1.334546372640436829e+01 0.000000000000000000e+00
8.017988564228151205e+00 -1.256503646456677004e+01 0.000000000000000000e+00
9.715715444947438328e+00 1.264790272018334072e+01 0.000000000000000000e+00
-8.508818746176302739e+00 -5.671255224781543980e+00 0.000000000000000000e+00
1.397581754493964379e+00 -4.373166866485096449e+00 0.000000000000000000e+00
1.084092162539698023e+01 1.104660492532830673e+01 0.000000000000000000e+00
7.198050605094819865e+00 8.140604655639767984e+00 0.000000000000000000e+00
1.416318345086407504e+01 -8.853653036923283537e+00 0.000000000000000000e+00
1.508248233109291725e+01 7.841477381122180290e+00 0.000000000000000000e+00
1.923210273885873900e-01 1.307027245887573308e+01 0.000000000000000000e+00
1.629339884732991450e+01 -5.832085009704710110e+00 0.000000000000000000e+00
-1.382751461123776116e+00 9.515779555054020733e+00 0.000000000000000000e+00
5.649420464854294721e+00 9.574380953975193620e+00 0.000000000000000000e+00
-5.173747198881386566e-01 -1.344275211823008220e+01 0.000000000000000000e+00
1.330423957828559445e+01 5.603171868372295306e-01 0.000000000000000000e+00
-6.616254317960542641e-01 -3.501717566489825462e+00 0.000000000000000000e+00
-1.547392274791163125e+01 -3.924557562467744454e+00 0.000000000000000000e+00
1.204846564283885257e+01 -8.993297575098115004e+00 0.000000000000000000e+00
-7.783898963149136208e+00 5.071671788447336127e+00 0.000000000000000000e+00
1.226045877310107990e+01 8.972659136402741709e+00 0.000000000000000000e+00
9.301417380488821607e+00 -8.913298112191185396e+00 0.000000000000000000e+00
-3.543190232635696990e+00 -1.373313176387122070e+01 0.000000000000000000e+00
-2.103160473762025973e+00 -1.447145522743494794e+01 0.000000000000000000e+00
1.271200442045045875e+01 -6.624878127057912458e+00 0.000000000000000000e+00
4.892236522752092753e+00 -8.815894910529318285e-01 0.000000000000000000e+00
-3.427052010335526866e+00 1.139915160301623587e+01 0.000000000000000000e+00
-1.055362292901668608e+00 -9.699555036279017273e+00 0.000000000000000000e+00
1.242268813784629344e+01 -1.181209405447248351e+01 0.000000000000000000e+00
-3.796769949581480397e+00 1.347174728152917922e+01 0.000000000000000000e+00
-1.459586261233779680e+01 8.823959566151998501e+00 0.000000000000000000e+00
-1.208228592079663155e-01 -1.501743237708136824e+01 0.000000000000000000e+00
-6.375917430502247463e+00 1.291762090568057575e+00 0.000000000000000000e+00
-1.111872325968992659e+00 1.733733860628795398e+01 0.000000000000000000e+00
-6.480061723733300028e+00 8.510867003863408442e+00 0.000000000000000000e+00
1.442496504529537305e+01 -6.563596455061869506e+00 0.000000000000000000e+00
-9.035674741045433223e+00 1.162628201489977897e+01 0.000000000000000000e+00
1.629963590737271772e+01 1.349989628020725529e+00 0.000000000000000000e+00
1.660697688023362151e+00 7.597747375349821475e+00 0.000000000000000000e+00
-6.791048679145755607e+00 -1.062507098271519190e+01 0.000000000000000000e+00
-6.253697188899337789e+00 1.464227807924183011e+01 0.000000000000000000e+00
-8.799762490758022082e+00 -9.931364450193198579e+00 0.000000000000000000e+00
-3.554217591219853700e-01 1.522925556485595022e+00 0.000000000000000000e+00
-1.573938822512420677e+00 6.746361520310877324e+00 0.000000000000000000e+00
7.307089777466659442e+00 9.943198279428779429e+00 0.000000000000000000e+00
-1.664402022840667783e+01 -6.247504544017057349e-01 0.000000000000000000e+00
-1.347196514631398756e+01 4.086987987800964284e+00 0.000000000000000000e+00
-1.663997059321469152e+01 2.506463588364756578e+00 0.000000000000000000e+00
1.717074271069970237e+01 -2.476751832267376843e-02 0.000000000000000000e+00
-7.825624308908252225e+00 -7.792711484259706722e+00 0.000000000000000000e+00
7.849205481049978950e+00 -9.618827526711573039e-01 0.000000000000000000e+00
5.647466042299597255e+00 -1.442071677005376351e+01 0.000000000000000000e+00
-6.765564415904828266e+00 -1.438446321911547443e+01 0.000000000000000000e+00
-2.300506336371799243e+00 1.509981499404296557e+01 0.000000000000000000e+00
-1.547453691812711618e+01 5.846277450289105726e-01 0.000000000000000000e+00
-8.875700578840174160e+00 -1.360410174710103703e+01 0.000000000000000000e+00
-4.841790888077317057e+00 1.024136552909738818e+01 0.000000000000000000e+00
-1.004832238846112880e+01 1.657698131850600998e+00 0.000000000000000000e+00
-1.670998419214709685e+01 4.835957384334979459e+00 0.000000000000000000e+00
-5.384014189738913103e+00 1.205830482666910264e+01 0.000000000000000000e+00
6.011339569195221166e+00 -1.593222657346924187e+01 0.000000000000000000e+00
-1.122178603081298931e+01 7.288078824750267692e+00 0.000000000000000000e+00
1.232653583780748852e+00 3.033525699326884872e+00 0.000000000000000000e+00
-4.499991567117695435e-01 -1.669885570509825712e+01 0.000000000000000000e+00
-1.306377361859384578e+01 8.283866803932738776e+00 0.000000000000000000e+00
8.153334775085051334e+00 3.421378822725227753e+00 0.000000000000000000e+00
1.407020978250917986e-01 7.508169681961895492e+00 0.000000000000000000e+00
1.598510119431433374e+01 6.553864737107668148e+00 0.000000000000000000e+00
1.211729283152708980e+01 6.424122683139324330e+00 0.000000000000000000e+00
1.066152862920902322e+01 9.622538621993907970e-01 0.000000000000000000e+00
-5.879499125150282168e+00 -9.213008907775231293e+00 0.000000000000000000e+00
-1.423490492551833420e+01 5.519307197931255793e+00 0.000000000000000000e+00
7.248580004100696250e+00 6.630632899144210057e+00 0.000000000000000000e+00
4.809856555345297657e+00 -3.966270903002340642e+00 0.000000000000000000e+00
-1.411297309939260991e+01 -6.204117879228558952e-01 0.000000000000000000e+00
7.697519075607551109e+00 -6.787175702113183107e+00 0.000000000000000000e+00
3.001621713197516694e+00 2.488052794315525063e+00 0.000000000000000000e+00
1.318542241576448726e+00 -1.094748417883675451e+01 0.000000000000000000e+00
1.600599544859525381e+00 5.298806983355870415e+00 0.000000000000000000e+00
5.243216170309340285e+00 1.458095949875970554e+01 0.000000000000000000e+00
2.082659295981482916e+00 9.665708543722125512e+00 0.000000000000000000e+00
1.060537146234421080e+01 5.654250559993878156e+00 0.000000000000000000e+00
-3.285785612418258950e+00 9.361863156031207112e-01 0.000000000000000000e+00
-9.582242094994834147e+00 -1.192802245040271814e+01 0.000000000000000000e+00
3.468112774474487736e+00 -1.144254656752344523e+01 0.000000000000000000e+00
1.618588983708596629e+01 -4.330491112008219901e+00 0.000000000000000000e+00
-1.923397430909470573e+00 -1.614160855377656389e+01 0.000000000000000000e+00
1.191046952453602259e+01 2.694375117622232807e+00 0.000000000000000000e+00
-7.845194860785543511e+00 -2.803220165611414849e+00 0.000000000000000000e+00
-6.086340200361946451e+00 3.421506848646090226e+00 0.000000000000000000e+00
3.108546295585485897e+00 -6.870872199466667496e+00 0.000000000000000000e+00
1.328092990847628663e+01 -3.335349714650304165e+00 0.000000000000000000e+00
2.252081197543021940e+00 1.670345509082481072e+01 0.000000000000000000e+00
3.087485350228874825e+00 -3.592139779671627675e+00 0.000000000000000000e+00
4.558007184229680320e+00 1.168017770086003893e+01 0.000000000000000000e+00
-4.066381054283109364e+00 -1.696632029904779770e+01 0.000000000000000000e+00
9.907033489254798653e+00 -1.113279424673586604e+01 0.000000000000000000e+00
-1.273826630824949291e+01 -2.005548823145245851e+00 0.000000000000000000e+00
-1.532773496746737507e+01 7.242637080184538334e+00 0.000000000000000000e+00
-6.593195052496301223e+00 1.066236973292600432e+01 0.000000000000000000e+00
1.183380988948329104e+01 -3.765245276223428306e+00 0.000000000000000000e+00
-1.521673339789448676e+01 -6.012668329671195799e+00 0.000000000000000000e+00
1.256581226423253206e+00 -8.727206840350575590e+00 0.000000000000000000e+00
3.280457718212896445e+00 4.763189985141704774e+00 0.000000000000000000e+00
-4.124711289316512541e+00 -4.570890318482715209e+00 0.000000000000000000e+00
-8.232913841932473886e+00 2.161850470617270037e-01 0.000000000000000000e+00
-4.080302159363375925e-01 4.997299249202625582e+00 0.000000000000000000e+00
1.917269272418714143e+00 1.170084839726784942e+01 0.000000000000000000e+00
-1.111698748445205887e+01 3.747362984904482275e+00 0.000000000000000000e+00
9.583228915840132700e+00 -5.663846970684828896e+00 0.000000000000000000e+00
-3.640747230299859805e+00 5.908340049900191460e+00 0.000000000000000000e+00
1.280764714741194243e+00 -6.577917189437469669e-02 0.000000000000000000e+00
-4.935891078904449003e+00 -1.522644053650372697e+01 0.000000000000000000e+00
8.525339126352495356e+00 -3.395364949053023107e+00 0.000000000000000000e+00
-9.444569110590686378e+00 3.498417653209521472e+00 0.000000000000000000e+00
3.582316314588951833e+00 -1.470904448784415841e+01 0.000000000000000000e+00
-3.606975685837774837e+00 1.609740166794998828e+01 0.000000000000000000e+00
-4.132360883807355556e+00 -1.509128145155806289e+00 0.000000000000000000e+00
-1.383825439638575461e-01 1.475968488326123307e+01 0.000000000000000000e+00
1.501946700278990932e+01 -3.013599262727455930e+00 0.000000000000000000e+00
-1.095789027364911661e+01 -2.950377989999042327e+00 0.000000000000000000e+00
-6.218361766557974235e+00 -4.942982315110439728e+00 0.000000000000000000e+00
-1.321188213287376634e+01 -8.010960691318190996e+00 0.000000000000000000e+00
6.872666341048763172e+00 2.427890144266920736e+00 0.000000000000000000e+00
-5.186476839586007692e+00 6.259262161214842024e+00 0.000000000000000000e+00
4.413522371278745915e+00 1.571862449140764006e+00 0.000000000000000000e+00
1.689952540385177571e+01 3.763851949037229527e+00 0.000000000000000000e+00
1.267323132867483082e+01 4.028076731846361724e+00 0.000000000000000000e+00
-1.945790617542632273e+00 -4.641548304232569144e+00 0.000000000000000000e+00
8.033693332011802468e+00 -1.493604217306335613e+01 0.000000000000000000e+00
1.419411550478329431e+01 -4.773436158099092275e+00 0.000000000000000000e+00
-5.148084896216894357e+00 -7.235153000299737514e+00 0.000000000000000000e+00
-1.428589852803363769e+01 -9.646757448009173785e+00 0.000000000000000000e+00
-1.080837158893457861e+01 1.247196372677147380e+01 0.000000000000000000e+00
1.129232154206580852e+01 -7.681760779904569070e+00 0.000000000000000000e+00
9.242414215689294110e+00 7.200902799651090369e+00 0.000000000000000000e+00
-6.349352223785155180e-01 3.139785349958228000e+00 0.000000000000000000e+00
-4.383369605349524356e+00 1.977083415312900883e+00 0.000000000000000000e+00
-1.281121833220805151e+01 1.307967265805432211e+00 0.000000000000000000e+00
1.239453796400487029e+00 1.536895508621161355e+01 0.000000000000000000e+00
8.729726348379722722e+00 3.866535414305092289e-01 0.000000000000000000e+00
-1.741823579441289027e+01 7.887190826012158151e-01 0.000000000000000000e+00
1.531696296778242505e+01 -7.814542414197680920e+00 0.000000000000000000e+00
6.469708233619689608e+00 4.558477022975180759e+00 0.000000000000000000e+00
-2.940645154501804193e+00 -1.156628812963263364e+01 0.000000000000000000e+00
7.064093693838191967e+00 7.232632792455222503e-01 0.000000000000000000e+00
-2.188053720279795389e+00 -2.940439420529110670e+00 0.000000000000000000e+00
-1.206927766891713283e+01 -1.099682735738375072e+01 0.000000000000000000e+00
-9.538166763647062396e+00 1.410211532459048200e+01 0.000000000000000000e+00
-1.189569157391960674e+00 1.191066363157740149e+01 0.000000000000000000e+00
-2.767737292773169600e+00 8.253930075214839235e+00 0.000000000000000000e+00
-9.741624275589879645e+00 7.670096308431286758e+00 0.000000000000000000e+00
4.871381717856459126e+00 7.922404033661282874e+00 0.000000000000000000e+00
5.571307695939598403e+00 -6.319382854680458017e+00 0.000000000000000000e+00
-7.705093311738573369e+00 1.525138531913230366e+01 0.000000000000000000e+00
1.161904164369037140e+01 -8.087099360180957097e-01 0.000000000000000000e+00
1.377833861751394551e+01 9.387776608824259128e+00 0.000000000000000000e+00
1.544973145657605329e+01 2.716395170919681412e+00 0.000000000000000000e+00
2.059071819218365018e+00 1.395701026465989791e+01 0.000000000000000000e+00
1.145100799296384364e-01 -6.428020313757729198e+00 0.000000000000000000e+00
1.702041557660919135e+00 -1.688539768688255904e+01 0.000000000000000000e+00
6.658725746958096714e+00 -8.731941298273929064e+00 0.000000000000000000e+00
1.108098353447606321e+01 4.193458460223340900e+00 0.000000000000000000e+00
-6.193501308354524504e+00 -1.604618406996554469e+01 0.000000000000000000e+00
3.713378746739334435e+00 1.515380816890645832e+01 0.000000000000000000e+00
-1.434395840846422843e+01 -2.463053812307726798e+00 0.000000000000000000e+00
-8.214922841132185738e+00 9.854837800419524285e+00 0.000000000000000000e+00
1.053704516612088504e+01 -1.269531536581664710e+01 0.000000000000000000e+00
-4.440012482798774585e+00 3.993210895689577100e+00 0.000000000000000000e+00
4.163871697892193247e+00 1.688842968780087972e+01 0.000000000000000000e+00
1.136333378315220877e+01 -5.678966823518709184e+00 0.000000000000000000e+00
-7.565697843736683303e+00 3.131620165843257197e+00 0.000000000000000000e+00
-1.000756592129812361e+01 9.211800306488727941e+00 0.000000000000000000e+00
-7.578257970552253475e+00 -1.205382895125428400e+00 0.000000000000000000e+00
-1.528167860216152896e+01 3.781918785082672763e+00 0.000000000000000000e+00
-1.151897100431429344e+01 -1.316113996551530896e+01 0.000000000000000000e+00
9.078370418280352183e+00 1.040821079546671157e+01 0.000000000000000000e+00
3.950781558839421059e+00 -2.311257584289111655e+00 0.000000000000000000e+00
-3.933904030986265177e+00 -1.042474689885647265e+01 0.000000000000000000e+00
3.928731291546801452e-01 9.862321976796366130e+00 0.000000000000000000e+00
6.084372461431559742e+00 1.598734274001412281e+01 0.000000000000000000e+00
2.581540921269751987e+00 -1.245627244363379571e+00 0.000000000000000000e+00
-1.292140416920529411e+01 -3.649566161908787798e+00 0.000000000000000000e+00
-1.706386083777764995e+01 -3.593799519069704296e+00 0.000000000000000000e+00
-1.220626419335018475e+01 5.276662942412088775e+00 0.000000000000000000e+00
9.635760375746048823e+00 2.601017369764587528e+00 0.000000000000000000e+00
8.103174301617864117e+00 4.957673999615379579e+00 0.000000000000000000e+00
7.504456051463310740e-01 -1.559314352053441599e+00 0.000000000000000000e+00
1.371200418030152690e+01 2.043473855837833142e+00 0.000000000000000000e+00
1.672129264337015586e+00 -6.276311044014110330e+00 0.000000000000000000e+00
1.366579980906819536e+01 5.922074306594708126e+00 0.000000000000000000e+00
-2.860979133346880143e+00 4.373943152968340797e+00 0.000000000000000000e+00
1.061544262008088069e+01 8.310463897505119490e+00 0.000000000000000000e+00
5.684665792989931354e+00 -1.252590917533413872e+01 0.000000000000000000e+00
-8.209322539528683293e+00 -1.131594678094608852e+01 0.000000000000000000e+00
8.032738729557710400e+00 1.246617279100455633e+01 0.000000000000000000e+00
8.896662021794249142e+00 8.681053027454627369e+00 0.000000000000000000e+00
6.837606770558722680e+00 -2.851905943752062189e+00 0.000000000000000000e+00
3.365090492581494175e+00 -5.104140884087878582e+00 0.000000000000000000e+00
8.170751925048286068e+00 -1.057542281376776927e+01 0.000000000000000000e+00
-1.171946189911000324e+01 8.994170651517578108e+00 0.000000000000000000e+00
-1.413317689905591479e+01 2.620076531549015986e+00 0.000000000000000000e+00
-6.995206025035184183e+00 -6.296575451086693143e+00 0.000000000000000000e+00
3.998867723609575098e+00 9.971523257427474363e+00 0.000000000000000000e+00
-1.003279516668188975e+01 4.928155969604701703e+00 0.000000000000000000e+00
1.145177473680563907e+01 -1.042010143909914532e+01 0.000000000000000000e+00
-1.737670251341977945e+00 -7.794105826172699203e+00 0.000000000000000000e+00
1.204440204942187975e+01 1.234158399048116017e+01 0.000000000000000000e+00
-4.153476855524090183e+00 7.366889126467953020e+00 0.000000000000000000e+00
-9.476898572615507277e+00 -4.301506727731888802e+00 0.000000000000000000e+00
-5.093428452980326426e+00 -1.356633930190319148e+01 0.000000000000000000e+00
4.045162009740592701e+00 1.320105519919910542e+01 0.000000000000000000e+00
1.309198250830414345e+01 7.648552073370459503e+00 0.000000000000000000e+00
-1.022763483710638432e+01 -1.048708789376876105e+01 0.000000000000000000e+00
2.732331817734030999e+00 6.524066118107059609e+00 0.000000000000000000e+00
-2.184481599376011385e+00 2.009051110596481671e+00 0.000000000000000000e+00
-1.395384855440657823e+00 1.369360951944371507e+01 0.000000000000000000e+00
5.112134497711600112e+00 -1.009936806306711787e+01 0.000000000000000000e+00
1.674985711025153634e+01 -2.508405192221146773e+00 0.000000000000000000e+00
-1.198884921978987705e+01 -9.221040844760752364e+00 0.000000000000000000e+00
5.180637265334921082e+00 -8.016178196269784451e+00 0.000000000000000000e+00
-1.297657165612652008e+01 6.622186753781793556e+00 0.000000000000000000e+00
-5.286537681349393836e+00 1.598750027438008203e+01 0.000000000000000000e+00
9.628072632433717359e+00 -1.439023976960729811e+01 0.000000000000000000e+00
1.362526463600660165e+01 -1.700628207644244050e+00 0.000000000000000000e+00
4.956214765171622627e-01 1.677774998532936479e+01 0.000000000000000000e+00
-4.079205395334947859e+00 -8.699330479567164431e+00 0.000000000000000000e+00
-6.579211752013089054e+00 6.999504990418404127e+00 0.000000000000000000e+00
-9.318396449920419045e+00 -7.260575104288602866e+00 0.000000000000000000e+00
-3.693302314980550616e+00 -2.956127578094521535e+00 0.000000000000000000e+00
-4.437015838067042139e-01 -1.174758951383512340e+01 0.000000000000000000e+00
