-1.306931517529263331e+01 1.281262140872342137e+01 0.000000000000000000e+00
1.540102494499579500e+01 -5.314718245960834864e+00 0.000000000000000000e+00
6.260809522801594085e+00 -7.834275336356713026e-01 0.000000000000000000e+00
-3.866925340341101691e+00 1.768454860100622383e+01 0.000000000000000000e+00
8.202271986248875990e+00 -1.547418938218857321e+01 0.000000000000000000e+00
-1.388212788531350306e+01 -1.031927060626921211e+01 0.000000000000000000e+00
5.442503414001483186e+00 -1.721107605053371614e+01 0.000000000000000000e+00
-1.100409864069036026e+01 4.255416300556859710e+00 0.000000000000000000e+00
-3.235727415617175584e-01 1.897853924506167900e+01 0.000000000000000000e+00
-1.476082782023666695e+01 1.011509584857906852e+01 0.000000000000000000e+00
-8.352678108186154304e+00 -7.466446766637800936e-01 0.000000000000000000e+00
1.625055601517298598e+01 2.204042946076541831e+00 0.000000000000000000e+00
9.173789614312967799e+00 1.372616525527152476e+01 0.000000000000000000e+00
-1.724806262276725288e+00 1.236834670055776186e+01 0.000000000000000000e+00
1.584035760317189734e+01 -9.718728552921442443e+00 0.000000000000000000e+00
1.257742680415825731e+01 -1.268473445887538631e+01 0.000000000000000000e+00
-2.233074194198960249e+00 1.636713328987910643e+01 0.000000000000000000e+00
1.762372914181583994e+01 -3.081266440938740914e+00 0.000000000000000000e+00
6.551680195789014505e+00 1.161209564386002668e+01 0.000000000000000000e+00
-3.063026599683505324e+00 -2.425857148217381631e+00 0.000000000000000000e+00
8.643574068658308462e+00 1.053745877227678207e+01 0.000000000000000000e+00
-4.966767974539015640e+00 1.489610195051128017e+01 0.000000000000000000e+00
3.735462934659568024e+00 -1.045688742156630013e+01 0.000000000000000000e+00
-3.264060956580885353e-01 -2.549720268317273719e-01 0.000000000000000000e+00
-4.255871413093037070e+00 -1.427123441483126598e+01 0.000000000000000000e+00
-1.201092660604097695e+01 -3.254884804040821145e+00 0.000000000000000000e+00
1.570713390196890558e+01 -5.580203706547280929e-01 0.000000000000000000e+00
-2.807609106122235687e+00 -1.365901837044444278e+01 0.000000000000000000e+00
-9.347805980081684396e+00 1.089360141129610149e+01 0.000000000000000000e+00
1.065634988405428274e+01 -3.590537312543273796e+00 0.000000000000000000e+00
2.290091576009443575e+00 1.449294055256756764e+01 0.000000000000000000e+00
-3.027871708612841051e+00 -1.067433472468851186e+01 0.000000000000000000e+00
4.217276983011392311e+00 1.253154911157577445e+01 0.000000000000000000e+00
-1.675921328254996823e+01 5.135130857401763116e+00 0.000000000000000000e+00
1.200486426512859062e+01 -1.566314135069886593e+00 0.000000000000000000e+00
1.645800581080895331e+00 -1.299797116788314710e+01 0.000000000000000000e+00
-1.555778187481998920e+01 2.282242440623703406e+00 0.000000000000000000e+00
-9.840747147672145090e+00 -7.565784239075489026e+00 0.000000000000000000e+00
7.026512080974627317e+00 9.693341212018271591e-01 0.000000000000000000e+00
-1.377599788406048553e+01 -4.811423665797843974e+00 0.000000000000000000e+00
-5.800393011595367021e+00 -7.883572192563480741e+00 0.000000000000000000e+00
-6.533600832686119020e+00 1.483171926545328567e+01 0.000000000000000000e+00
5.701199373955251559e+00 -1.200449802471471550e+01 0.000000000000000000e+00
8.695616832621533732e+00 4.951873202833916743e+00 0.000000000000000000e+00
-3.081409270094711772e+00 4.421972622760395488e+00 0.000000000000000000e+00
1.044258427714492754e+01 -1.204615576711900538e+01 0.000000000000000000e+00
1.133508542627446225e+01 1.344885496574469563e+01 0.000000000000000000e+00
-8.609515928878900937e+00 -8.749179285419767638e+00 0.000000000000000000e+00
-6.429983286102066709e-01 -1.045224600446209351e+01 0.000000000000000000e+00
-4.829243544425476209e+00 1.145816605385647691e+01 0.000000000000000000e+00
-1.366209854894582421e+01 -7.055025028524817721e+00 0.000000000000000000e+00
-1.252241593207475745e+01 4.854476560871355595e+00 0.000000000000000000e+00
-1.116627932980224180e+01 -5.221967015815184077e+00 0.000000000000000000e+00
8.212979422031109200e-01 1.258651945147319395e+01 0.000000000000000000e+00
1.097796629330678592e-01 2.618782856572399620e+00 0.000000000000000000e+00
9.061691665076516244e+00 -5.944059395459050599e+00 0.000000000000000000e+00
-9.272149552206204959e+00 -1.159590193378588374e+01 0.000000000000000000e+00
-1.086296397676675340e+01 -9.551011482087394810e+00 0.000000000000000000e+00
2.382586166034797781e+00 -1.575893017410697894e+01 0.000000000000000000e+00
1.432674938759990724e+01 6.475835568877305271e+00 0.000000000000000000e+00
-8.035466709200806967e-01 6.126162316445523892e+00 0.000000000000000000e+00
-5.273712046950983279e+00 -2.581101710172439834e+00 0.000000000000000000e+00
-8.108306348653101736e+00 1.209646939472354532e+01 0.000000000000000000e+00
-1.017038219340388849e+00 1.068926561251126017e+01 0.000000000000000000e+00
-6.137601494818333059e+00 -1.342012325175481813e+01 0.000000000000000000e+00
-1.529376926402597014e+01 -8.993618596585630343e+00 0.000000000000000000e+00
1.405536815534893691e+01 1.982718672994665310e+00 0.000000000000000000e+00
-1.146270430977400068e+01 -1.529761521400887947e+00 0.000000000000000000e+00
-3.388250834742833728e+00 -7.520191131088896697e+00 0.000000000000000000e+00
-4.704165926063926584e+00 -4.515634383687451958e+00 0.000000000000000000e+00
1.264731035913742474e+01 -3.954767106101992002e+00 0.000000000000000000e+00
-2.851026242502804564e+00 -1.691835444364265939e+01 0.000000000000000000e+00
-1.501831135343041357e+00 -1.563324223363121668e+01 0.000000000000000000e+00
1.605359537650307811e+00 -9.271749620555080895e+00 0.000000000000000000e+00
-1.820351571617748476e+01 1.802907078462783863e+00 0.000000000000000000e+00
6.729130780256508793e+00 -6.409651739568339224e+00 0.000000000000000000e+00
4.662208909770303222e+00 -1.568999732775340128e+01 0.000000000000000000e+00
-9.610952483261353763e+00 -5.544808363968565246e+00 0.000000000000000000e+00
2.017897905487124444e+00 -4.781398690538183338e+00 0.000000000000000000e+00
1.472644660698909824e+01 -8.263850059296093065e+00 0.000000000000000000e+00
-5.625409755437411619e+00 6.798719624455991983e+00 0.000000000000000000e+00
-1.908764806664369484e-01 -6.436291207992893781e+00 0.000000000000000000e+00
-8.227703271735622437e+00 -1.644340036359520241e+01 0.000000000000000000e+00
-1.628692311171505835e+01 8.150416567109031618e+00 0.000000000000000000e+00
4.510708017803447767e+00 8.532033690316951358e-01 0.000000000000000000e+00
-1.693487675549527438e+01 -6.152639850975545777e+00 0.000000000000000000e+00
1.082264120528103568e+01 1.516257308714409113e+01 0.000000000000000000e+00
-3.057307544609637606e+00 4.880528713475611180e-02 0.000000000000000000e+00
1.352313890944967056e+01 9.179645223391521114e+00 0.000000000000000000e+00
-3.086054313098151702e+00 1.480786521930411226e+01 0.000000000000000000e+00
-6.248772396467583867e+00 -1.191780110467429488e+01 0.000000000000000000e+00
9.309946497884461492e-01 -1.891404272083200055e+01 0.000000000000000000e+00
-1.158440337353875904e+01 1.349908400264284403e+01 0.000000000000000000e+00
-5.458114367757324281e+00 1.377458562273403166e-02 0.000000000000000000e+00
-7.353400005682211749e+00 -4.747283376980173664e+00 0.000000000000000000e+00
1.549771944650603306e+00 5.520610716592589284e+00 0.000000000000000000e+00
-8.114626924099379579e+00 6.790086726537445827e+00 0.000000000000000000e+00
-2.196524932679621678e+00 -4.462271819974455767e+00 0.000000000000000000e+00
1.373505030963612228e+01 4.540777092409663318e+00 0.000000000000000000e+00
-1.319154676971770002e+01 1.121925188160945552e+00 0.000000000000000000e+00
6.256804259494824549e+00 1.771966282429306361e+01 0.000000000000000000e+00
8.400666729338018612e+00 -4.106829219384674268e+00 0.000000000000000000e+00
1.189079968694050926e+01 1.118621297881542098e+01 0.000000000000000000e+00
3.692660741554697257e+00 -1.728199409428923872e+01 0.000000000000000000e+00
-5.255074260588827428e+00 3.563487954435834659e+00 0.000000000000000000e+00
-6.120349566103934436e+00 -1.557607782508496541e+01 0.000000000000000000e+00
-8.894685746541192373e+00 2.199374298699940500e+00 0.000000000000000000e+00
2.544672293455378931e+00 1.266499455063139479e+01 0.000000000000000000e+00
-8.097862291560010917e+00 -3.083991023143034305e+00 0.000000000000000000e+00
-1.061633512197593632e+01 6.919989427786410019e+00 0.000000000000000000e+00
-1.588501721554936630e+01 -2.656928047865064091e+00 0.000000000000000000e+00
6.650393341572721440e+00 6.144204076037888207e+00 0.000000000000000000e+00
3.250303477179083966e+00 -6.470829946624033768e-01 0.000000000000000000e+00
-1.895066419170531979e+00 8.118595109005783073e+00 0.000000000000000000e+00
3.263988050603501279e+00 1.035853370816272445e+01 0.000000000000000000e+00
2.025501135153598309e+00 3.306590850667994186e+00 0.000000000000000000e+00
8.254577730680157543e+00 6.624118716910432525e+00 0.000000000000000000e+00
-1.754636050623341248e+01 -5.841077223406511421e-02 0.000000000000000000e+00
1.000030219168966639e+01 4.080324913016994515e+00 0.000000000000000000e+00
8.215572928948212450e+00 1.232045497700543457e+01 0.000000000000000000e+00
1.193452152785558518e+01 -1.034530815625557310e+01 0.000000000000000000e+00
1.857827725350464476e+01 -1.114529577712218972e-01 0.000000000000000000e+00
1.034132004466719401e+01 -1.021374183157787741e+01 0.000000000000000000e+00
1.490203526093413666e+00 1.618823677885503898e+01 0.000000000000000000e+00
1.302849977064057718e+01 -6.584350363413972396e+00 0.000000000000000000e+00
1.626124674492585953e+01 -7.760288667119495720e+00 0.000000000000000000e+00
-3.377625839044130274e+00 9.486908298495952963e+00 0.000000000000000000e+00
-2.514599022770909187e+00 2.489514436205372938e+00 0.000000000000000000e+00
1.139550942389014487e+01 5.784176359673101508e+00 0.000000000000000000e+00
1.536500010254594706e+01 7.931826213734638920e+00 0.000000000000000000e+00
8.099281612379241935e+00 -1.955140468424222844e+00 0.000000000000000000e+00
-9.143088376493709646e+00 -1.479875410873773767e+01 0.000000000000000000e+00
-6.323991496203357876e+00 8.126362968516676943e+00 0.000000000000000000e+00
3.717843209244596103e+00 3.665777208427800193e+00 0.000000000000000000e+00
-6.708451961930877339e+00 -1.726270525729705518e+00 0.000000000000000000e+00
9.858490117609498782e+00 -7.103112002773549483e-01 0.000000000000000000e+00
-1.245115887398237042e+01 7.421346482366179664e+00 0.000000000000000000e+00
3.497743768017267829e+00 -2.880700221190303001e+00 0.000000000000000000e+00
5.793663373197913913e+00 4.703432634999550999e+00 0.000000000000000000e+00
-1.321906944280266138e+01 2.784454510818796802e+00 0.000000000000000000e+00
-1.458177432916970773e+01 4.361368076513775449e+00 0.000000000000000000e+00
3.216036738262745942e+00 5.604953596213356093e+00 0.000000000000000000e+00
1.721605235191765004e+01 4.036803926535253773e+00 0.000000000000000000e+00
8.211362705447932342e+00 -7.549798208309892900e+00 0.000000000000000000e+00
5.567076927104941397e+00 9.243247428496269791e+00 0.000000000000000000e+00
-7.593145915611230201e+00 9.027269272059921690e+00 0.000000000000000000e+00
-6.822714556746587000e+00 -1.728910059667267163e+01 0.000000000000000000e+00
-5.959786234913362790e+00 1.654474850637340921e+01 0.000000000000000000e+00
-4.102252469754955833e+00 1.686827019172640441e+00 0.000000000000000000e+00
-9.960192475058711636e+00 9.368465115465856030e+00 0.000000000000000000e+00
-7.290431191695940782e+00 2.186606274287745233e+00 0.000000000000000000e+00
1.436386817643675862e+01 1.208403504901168724e+01 0.000000000000000000e+00
-1.794102979107212192e+01 -3.731805027713021250e+00 0.000000000000000000e+00
1.327288553073544985e+00 -6.604308626370977819e+00 0.000000000000000000e+00
-3.162329997049585284e+00 1.173573359936655436e+01 0.000000000000000000e+00
6.284686615087713868e+00 -1.522798949411025760e+01 0.000000000000000000e+00
9.570219781390919778e+00 1.609631401857941313e+01 0.000000000000000000e+00
8.159214714019235259e+00 -1.338568947870734327e+01 0.000000000000000000e+00
1.543759334024787488e+00 1.026142749119987130e+01 0.000000000000000000e+00
1.465073434631018134e+00 -7.289149788856229550e-01 0.000000000000000000e+00
-5.591896769900913000e+00 1.294133354857229357e+01 0.000000000000000000e+00
-2.938642831292353486e-01 -1.711015248037891112e+01 0.000000000000000000e+00
8.764168643461697883e+00 1.722241540121298708e+00 0.000000000000000000e+00
-1.395906002238585630e+00 -2.118367420565004267e+00 0.000000000000000000e+00
-9.154489799067558664e+00 4.940924161252266522e+00 0.000000000000000000e+00
1.093012466518580617e+01 9.988921588056166811e+00 0.000000000000000000e+00
6.054730367000288993e+00 -7.812465160280992471e+00 0.000000000000000000e+00
1.106184594284162870e+01 2.822242462842394328e+00 0.000000000000000000e+00
-1.391253881088973898e+01 -1.235136435538904642e+01 0.000000000000000000e+00
-8.467772983244421070e+00 1.662883785848592666e+01 0.000000000000000000e+00
5.325195975687452510e+00 -1.024111236364204913e+01 0.000000000000000000e+00
7.228660443143674286e+00 1.391701718660140408e+01 0.000000000000000000e+00
1.128043113603087200e+01 -6.879352638467288727e+00 0.000000000000000000e+00
-5.285910313340747457e+00 -1.784369502950592334e+01 0.000000000000000000e+00
-7.797693759273928826e+00 3.867596229669363783e+00 0.000000000000000000e+00
-3.075911115683926944e-01 1.397559681761486239e+01 0.000000000000000000e+00
-2.178573009338584943e-01 -1.479142559373935484e+01 0.000000000000000000e+00
-2.842405248001965479e+00 6.174921578152771318e+00 0.000000000000000000e+00
-9.659660957552311800e+00 1.529559970664941559e+01 0.000000000000000000e+00
-5.863502618261060562e-01 8.897656684843598285e+00 0.000000000000000000e+00
1.151193753175775392e+01 8.226116357250317535e+00 0.000000000000000000e+00
-1.244174216425976098e+01 -1.146760858052515886e+01 0.000000000000000000e+00
1.072783909394485846e+01 5.785704910189345407e-01 0.000000000000000000e+00
7.516921361698641890e-01 1.779710370722906276e+01 0.000000000000000000e+00
1.083761162532595534e+01 -1.505214990524810403e+01 0.000000000000000000e+00
-1.716199733481910128e+00 -7.111417230927779443e+00 0.000000000000000000e+00
6.543621014489272802e+00 1.531734166923236984e+01 0.000000000000000000e+00
1.383788477992390220e+01 -9.718698675582482238e+00 0.000000000000000000e+00
-1.119104575473011209e+01 1.522427813847235889e+01 0.000000000000000000e+00
4.760986194164404495e+00 -6.730581371761141796e-01 0.000000000000000000e+00
4.643698505785978092e+00 1.841585412943356914e+01 0.000000000000000000e+00
-7.697593100735117266e-01 3.986592114162632594e+00 0.000000000000000000e+00
-1.091543021168629402e+01 -1.417152632163455550e+01 0.000000000000000000e+00
7.881504803978706342e+00 -9.836496311650602564e+00 0.000000000000000000e+00
-5.193361602379011011e+00 9.419302617993631443e+00 0.000000000000000000e+00
1.422064394641477492e+01 -2.181374830419080535e+00 0.000000000000000000e+00
-3.231059617920891691e-01 1.651712816226459069e+01 0.000000000000000000e+00
1.773209550696043735e+01 -4.844764036342448676e+00 0.000000000000000000e+00
1.840153872681583280e+01 2.391963085975134629e+00 0.000000000000000000e+00
-1.097060891025840590e+00 -1.892151902550976317e+01 0.000000000000000000e+00
1.313572611812186786e+01 7.587310543870283697e-01 0.000000000000000000e+00
-9.877115268854177899e+00 -4.233221538575218656e-01 0.000000000000000000e+00
-1.735382413460954254e+01 -1.965791201853080539e+00 0.000000000000000000e+00
7.045988615167204649e+00 -1.673422087070705189e+01 0.000000000000000000e+00
3.172043871431601048e+00 -1.354346014001724718e+01 0.000000000000000000e+00
-4.729897716480608416e+00 -1.260104187839971424e+01 0.000000000000000000e+00
2.747600274511921903e+00 8.563171855272928568e+00 0.000000000000000000e+00
5.667096331222179373e+00 3.083959617624172811e+00 0.000000000000000000e+00
-1.135513521022460992e+01 -7.108403551362882489e+00 0.000000000000000000e+00
1.257293222373540331e+01 3.186801410749649399e+00 0.000000000000000000e+00
-1.464962081302167540e+01 -1.402058299530778207e+00 0.000000000000000000e+00
6.597066880302005387e+00 -3.165231993290198442e+00 0.000000000000000000e+00
8.521639520299564285e-01 -3.018433740846987234e+00 0.000000000000000000e+00
-8.231602442388559204e-01 -3.819564041622918626e+00 0.000000000000000000e+00
1.281595443372767917e+01 1.309809897634286280e+01 0.000000000000000000e+00
-1.307869645241854073e+01 1.092728623036580338e+01 0.000000000000000000e+00
4.085970030194813418e+00 7.474539611677927020e+00 0.000000000000000000e+00
1.700188727579416792e+01 6.025385079956346424e+00 0.000000000000000000e+00
-7.943760106158878287e+00 -1.082675467617869458e+01 0.000000000000000000e+00
2.635731272917272161e+00 1.772152297574897517e+01 0.000000000000000000e+00
4.381522991957630175e+00 -5.831256108161637641e+00 0.000000000000000000e+00
-3.799349849319755279e-01 -1.275967333121780989e+01 0.000000000000000000e+00
1.706129062603479341e+01 5.088199626100158302e-01 0.000000000000000000e+00
7.421016519272529699e+00 -1.177007036432018339e+01 0.000000000000000000e+00
-6.590297080280611119e+00 -1.003047246723520480e+01 0.000000000000000000e+00
4.884195212223166216e+00 -3.770409578086439950e+00 0.000000000000000000e+00
4.127295554248586740e+00 1.546069546091624325e+01 0.000000000000000000e+00
-1.382456017837047035e+01 8.521103965003936409e+00 0.000000000000000000e+00
1.438193684621143609e+00 -1.720653699371382572e+01 0.000000000000000000e+00
-1.497575677089088586e+01 -5.897721054462598644e+00 0.000000000000000000e+00
-1.044416127950526096e+01 -2.870934707229007898e+00 0.000000000000000000e+00
-4.190759081124979524e+00 -9.284065654175796212e+00 0.000000000000000000e+00
1.550573820438560091e+01 9.934060975559276585e+00 0.000000000000000000e+00
-3.984482629770454309e+00 7.297867117593212605e+00 0.000000000000000000e+00
-1.378666374262530248e+01 -3.113272261975257305e+00 0.000000000000000000e+00
9.256362636124398691e+00 7.968394885227247926e+00 0.000000000000000000e+00
-7.493963890828535312e+00 -7.742407739496247387e+00 0.000000000000000000e+00
-2.285664515125845675e+00 1.809093505449529005e+01 0.000000000000000000e+00
1.243371936678991752e+01 -1.430124472197052299e+01 0.000000000000000000e+00
1.015591230331910344e+00 8.738351607809930144e+00 0.000000000000000000e+00
-1.542421833857788727e+01 6.127491562832697802e+00 0.000000000000000000e+00
-1.122312775916427618e+01 1.106854618609999008e+01 0.000000000000000000e+00
7.383383979318334234e+00 2.614051640834842871e+00 0.000000000000000000e+00
2.913400141074695249e+00 -8.379495804764093947e+00 0.000000000000000000e+00
-1.513263498751721503e+00 1.503258141628265854e+01 0.000000000000000000e+00
-1.510179279499470617e+01 2.482112200573192151e-01 0.000000000000000000e+00
-3.767115147874170233e+00 -5.717712516145277313e+00 0.000000000000000000e+00
-1.300648633878468452e+01 -1.131885241086260985e+00 0.000000000000000000e+00
-7.470533867686790508e-01 1.197312008729642052e+00 0.000000000000000000e+00
-1.887032289735298463e+01 -1.713513776231527341e+00 0.000000000000000000e+00
-9.127452883348883717e+00 1.385137046157073470e+01 0.000000000000000000e+00
-1.254849632793311542e+01 -8.417781817376372544e+00 0.000000000000000000e+00
-1.857262983918404231e+01 3.808756940959932891e+00 0.000000000000000000e+00
-1.132620094371716668e+01 1.632738724223437687e+00 0.000000000000000000e+00
-1.621615842034394461e+01 3.683793493419518228e+00 0.000000000000000000e+00
-6.753874789526983058e+00 7.769519642362887613e-01 0.000000000000000000e+00
