1.621257468578365035e+01 4.353999438635446140e+00 0.000000000000000000e+00
1.011908724908207802e+01 9.174899599613166146e+00 0.000000000000000000e+00
1.420672709256609823e+00 4.004953166881654703e+00 0.000000000000000000e+00
-5.441299618402898552e+00 8.120980203918222173e+00 0.000000000000000000e+00
2.656215239481554136e+00 -1.728793089149501938e+01 0.000000000000000000e+00
-3.939146875045142604e+00 1.180222271375679455e+01 0.000000000000000000e+00
8.681057570491555353e+00 -4.941598925809652876e+00 0.000000000000000000e+00
1.219750989009215658e+01 -6.012331748454498026e+00 0.000000000000000000e+00
-5.781556645450798726e+00 1.350184817782903934e+01 0.000000000000000000e+00
9.063752131634766229e+00 -8.357453794157803983e+00 0.000000000000000000e+00
-1.097627529156704185e+01 6.018655162086880672e+00 0.000000000000000000e+00
-4.640643459781998992e+00 -9.476749396376112244e+00 0.000000000000000000e+00
4.040614182480853245e+00 -1.625411851088388104e+01 0.000000000000000000e+00
-1.186803434033794069e+00 8.080816817599655977e+00 0.000000000000000000e+00
8.384841872605164781e+00 1.393650935907564303e+01 0.000000000000000000e+00
-1.009935768491775931e+01 3.592418927192650546e+00 0.000000000000000000e+00
-1.120777312841134271e-01 7.914388791585789951e-02 0.000000000000000000e+00
-1.848972971155391984e-02 1.415053330280146504e+01 0.000000000000000000e+00
-1.347201391873120535e+01 3.706017248522039065e+00 0.000000000000000000e+00
5.132140424439526782e+00 1.524221938592402736e+01 0.000000000000000000e+00
-1.556949585134535674e+01 3.094892619326193195e+00 0.000000000000000000e+00
1.177599916958311788e+01 8.375789956715841811e+00 0.000000000000000000e+00
-1.154401937985190330e+01 -1.090229348659044195e+00 0.000000000000000000e+00
8.371939783910585575e+00 1.240175097639068369e+01 0.000000000000000000e+00
-6.077733305697382571e-01 -1.280467052482264023e+01 0.000000000000000000e+00
-1.415392985659753577e+01 6.270117030863302965e+00 0.000000000000000000e+00
-2.234950953838786170e+00 -1.581845090366884854e+01 0.000000000000000000e+00
2.411693013929249840e+00 5.526211644623099772e+00 0.000000000000000000e+00
-6.761440433574009923e+00 6.990126399540474988e-02 0.000000000000000000e+00
1.699193646905366117e+00 1.545080311141221463e+00 0.000000000000000000e+00
-1.377944257947860862e+01 -9.254815719722305545e+00 0.000000000000000000e+00
5.136973776045604012e+00 -2.601589229092069022e+00 0.000000000000000000e+00
-5.252907083624009488e+00 6.818118075778446807e-02 0.000000000000000000e+00
-1.018431837810949325e+01 -5.273947872184184149e+00 0.000000000000000000e+00
-3.290329883090067131e+00 2.973471996594396760e+00 0.000000000000000000e+00
1.393166378278855255e+01 8.845017725920346408e+00 0.000000000000000000e+00
9.933266709291531882e+00 1.299067528934785898e+01 0.000000000000000000e+00
2.550564650862743754e+00 7.451833973956309087e+00 0.000000000000000000e+00
8.915183984283862273e+00 -1.162592055626431531e+00 0.000000000000000000e+00
-6.711368263851045235e+00 -1.531962455095596987e+01 0.000000000000000000e+00
6.697130617035630173e+00 -2.893060660644571680e+00 0.000000000000000000e+00
-9.252567972752023806e+00 -1.152239339806857643e+01 0.000000000000000000e+00
-1.215367435361599568e+01 -1.071889227525233501e+01 0.000000000000000000e+00
1.103484561578973011e+00 8.598070425963403096e+00 0.000000000000000000e+00
-1.376584087336638973e+01 -4.006264956014546352e-01 0.000000000000000000e+00
-1.309592535608805797e+01 9.813169072726598330e+00 0.000000000000000000e+00
1.414836478184554025e+01 -7.204566979231969093e+00 0.000000000000000000e+00
-5.897776461327563169e+00 1.641252860951324877e+01 0.000000000000000000e+00
1.919980111247559185e+00 1.512108815381345117e+01 0.000000000000000000e+00
5.271467884173461016e+00 9.870479125854471292e+00 0.000000000000000000e+00
-1.552388206477756682e+01 -2.969815823953599665e+00 0.000000000000000000e+00
3.871260571512650461e+00 -1.053185096856671699e+01 0.000000000000000000e+00
1.065889885531947101e+01 5.198601979116271643e+00 0.000000000000000000e+00
1.309238750064888812e+01 -1.051194219255403262e+01 0.000000000000000000e+00
-9.806389805063696841e+00 -6.941627115942510251e-01 0.000000000000000000e+00
-1.227157963957681019e+01 -7.086002964225007972e+00 0.000000000000000000e+00
-7.554253144501079653e+00 6.630281733497180419e+00 0.000000000000000000e+00
-2.275029095262768308e+00 -4.388786087279318515e+00 0.000000000000000000e+00
5.950358149005232633e+00 -1.409470559442866566e+01 0.000000000000000000e+00
-1.376377828089509947e+01 -5.558677312435200690e+00 0.000000000000000000e+00
3.039984323467385785e+00 9.767773423568622271e-02 0.000000000000000000e+00
1.512310185223632031e-01 1.580174294910163368e+01 0.000000000000000000e+00
-8.749000833709649427e+00 -8.396244188466329916e+00 0.000000000000000000e+00
-2.334131332617570553e+00 -1.635794385015114871e+00 0.000000000000000000e+00
1.138530475914271367e+00 -7.559392968853211769e+00 0.000000000000000000e+00
6.110619011839663273e+00 -1.134737862911008577e+01 0.000000000000000000e+00
1.175886432396392500e+01 -3.037827311978432476e+00 0.000000000000000000e+00
1.361673295635510250e+01 9.294108221201875519e-01 0.000000000000000000e+00
3.426501500520570787e+00 1.694307517037264121e+00 0.000000000000000000e+00
-1.101017053934641687e+01 1.123549153631034692e+01 0.000000000000000000e+00
-6.638327873283320635e-01 -2.205302652936853125e+00 0.000000000000000000e+00
2.783414750728793852e+00 9.635625245194081145e+00 0.000000000000000000e+00
-1.734852157431322928e+00 5.533759628460908075e+00 0.000000000000000000e+00
2.166235918956576911e-01 1.101647664028347684e+01 0.000000000000000000e+00
7.519119058600073124e+00 5.740838921334259659e+00 0.000000000000000000e+00
-6.895728096980746180e+00 1.116820891619112111e+01 0.000000000000000000e+00
1.197166248997640459e+00 1.253628789473558669e+01 0.000000000000000000e+00
-5.494189332469116005e-01 1.779099412823204274e+00 0.000000000000000000e+00
3.327336166975709997e+00 1.223293777831769091e+01 0.000000000000000000e+00
-6.059705487613957775e-01 -8.552939111197046529e+00 0.000000000000000000e+00
1.008380490099768423e+01 -9.610365956140308086e+00 0.000000000000000000e+00
-5.131755391446430004e+00 -1.531633374120947266e+01 0.000000000000000000e+00
6.100419286010605013e+00 -6.267861789508435422e+00 0.000000000000000000e+00
2.880573268305815504e-01 -1.519975441299670038e+01 0.000000000000000000e+00
1.414138550993423848e+01 -3.858022707075425828e+00 0.000000000000000000e+00
-1.174380109783964521e+01 4.262335377927497504e+00 0.000000000000000000e+00
1.025333057981165030e+00 -1.021863940779123858e+01 0.000000000000000000e+00
-3.929054858225899061e+00 -5.641359706605381774e+00 0.000000000000000000e+00
1.454228367480797202e+00 -1.373960423765879213e+01 0.000000000000000000e+00
-9.177553309227048928e+00 1.354570742497036662e+01 0.000000000000000000e+00
-6.203361478824734654e+00 -1.187453855697465599e+01 0.000000000000000000e+00
-1.627427799963513166e+00 1.740739534852482251e+01 0.000000000000000000e+00
1.040874171867013231e+01 -1.233718629235610109e+01 0.000000000000000000e+00
1.115128874697271755e+01 2.694198817724175132e+00 0.000000000000000000e+00
7.306283713892960385e+00 -1.008069911041313382e+01 0.000000000000000000e+00
-5.395679452476800364e+00 -1.344264048920304333e+01 0.000000000000000000e+00
1.271966240115511049e+01 -1.028673254045485264e+00 0.000000000000000000e+00
-1.569221700118297491e+01 -1.100705347772609866e+00 0.000000000000000000e+00
-1.331584330248935721e+01 -4.016505084934293812e+00 0.000000000000000000e+00
-5.371592481281937559e+00 -6.064690094476659965e+00 0.000000000000000000e+00
-3.998739888701309031e+00 -1.411746032989277744e+01 0.000000000000000000e+00
1.064458932966098992e+01 -4.418940541088086427e+00 0.000000000000000000e+00
-8.275247817143961626e+00 1.002099006480999854e+01 0.000000000000000000e+00
6.730628206389634549e+00 1.238826054823497991e+01 0.000000000000000000e+00
-7.810625691633364731e+00 -3.289101337124705537e+00 0.000000000000000000e+00
6.692552664299742382e+00 -2.578303313255968510e-01 0.000000000000000000e+00
1.374662910680864991e+00 -1.650753299151528708e+01 0.000000000000000000e+00
-1.091556055771250477e+01 -7.905175080895828543e+00 0.000000000000000000e+00
-4.824542387834564572e+00 2.113138679710798939e+00 0.000000000000000000e+00
-2.051246127309786171e+00 -1.193662021233805959e+01 0.000000000000000000e+00
5.539762440811263566e+00 -9.361788336646082342e+00 0.000000000000000000e+00
1.384718201937103288e+01 3.030338140005574221e+00 0.000000000000000000e+00
-1.811117943160776234e+00 -9.620621920189478260e+00 0.000000000000000000e+00
5.106740859649607778e+00 4.248103126151748787e-01 0.000000000000000000e+00
-1.569945220024342269e+01 6.714364005653542300e+00 0.000000000000000000e+00
-3.609213633616823014e+00 -8.144102811664458486e+00 0.000000000000000000e+00
1.541415307344558094e+01 8.178934020572100394e+00 0.000000000000000000e+00
-6.379774959781384425e+00 -8.210624083336949042e+00 0.000000000000000000e+00
-1.286885009542072744e+01 -2.234647472058557405e+00 0.000000000000000000e+00
6.343285497125366490e+00 -1.591135114182065990e+01 0.000000000000000000e+00
4.951942253886519651e+00 1.217605137803867343e+01 0.000000000000000000e+00
1.085015498459835825e+01 -7.075401494285752158e+00 0.000000000000000000e+00
-4.166061296039584860e+00 -2.908245370812229336e+00 0.000000000000000000e+00
-7.072355433793383384e+00 2.501172736580661748e+00 0.000000000000000000e+00
9.753106133142354750e+00 1.103664039136864172e+00 0.000000000000000000e+00
1.378642779070234958e+01 1.070773916933393188e+01 0.000000000000000000e+00
8.470115916923001365e+00 -1.403619135191886791e+01 0.000000000000000000e+00
1.441606722792525552e+01 -9.471951356973130842e+00 0.000000000000000000e+00
-3.089965099495786127e+00 8.057820788581013360e+00 0.000000000000000000e+00
-1.714097298080160314e+01 -5.780168454452997429e-01 0.000000000000000000e+00
-7.947750045888879455e+00 1.442742256972629811e+01 0.000000000000000000e+00
2.682959962395800702e+00 1.694228924771925904e+01 0.000000000000000000e+00
-1.162084384945884841e+00 -1.735207718872934635e+01 0.000000000000000000e+00
-5.498616139890100563e+00 1.031790812212959629e+01 0.000000000000000000e+00
4.036517111684773340e+00 -1.346057882068488354e+01 0.000000000000000000e+00
-1.188611596533971415e+01 1.958041863747369771e+00 0.000000000000000000e+00
-8.077241925164264202e+00 4.131890282139933923e+00 0.000000000000000000e+00
1.514613601205323690e+01 1.350243222265389287e+00 0.000000000000000000e+00
7.290636812902621777e+00 9.517304994982605848e+00 0.000000000000000000e+00
-1.478166629440660174e+01 1.327481585424826083e+00 0.000000000000000000e+00
-1.158412045031552928e+01 8.012919874462376413e+00 0.000000000000000000e+00
1.203904427320785864e+01 6.225058371298091586e+00 0.000000000000000000e+00
-1.254560786124811145e+01 1.176465389046593302e+01 0.000000000000000000e+00
1.244478074954844526e+00 -5.836914396910421132e+00 0.000000000000000000e+00
7.012739777131425711e+00 -8.184559826373785540e+00 0.000000000000000000e+00
-8.635671652802332510e-01 -7.036112240694950337e+00 0.000000000000000000e+00
6.975707540592014588e+00 7.513321468783072277e+00 0.000000000000000000e+00
8.460819040069637254e+00 1.083295666512600697e+01 0.000000000000000000e+00
-9.025458637717143517e+00 -1.314372755517122471e+01 0.000000000000000000e+00
-1.216948555440213742e+00 1.229537903124199083e+01 0.000000000000000000e+00
-9.827127645098292064e+00 1.247345697182337787e+00 0.000000000000000000e+00
2.354685303106142769e+00 -3.014514803656646258e+00 0.000000000000000000e+00
-9.340362931130673729e+00 6.369309726731090748e+00 0.000000000000000000e+00
-2.418367231069174395e+00 1.375517735873908443e+01 0.000000000000000000e+00
2.611049672437648184e+00 -6.873702320560227008e+00 0.000000000000000000e+00
-2.324908178585663787e+00 1.152009556069830909e+00 0.000000000000000000e+00
-1.709718155767696146e+01 2.242226973742090568e+00 0.000000000000000000e+00
-7.636730502700095791e+00 -1.089742554116351059e+01 0.000000000000000000e+00
8.603834151130890007e+00 -1.185974378570813847e+01 0.000000000000000000e+00
-1.010102820924802636e+01 -9.918559495435976814e+00 0.000000000000000000e+00
7.379630135093151466e+00 4.067218933516629775e+00 0.000000000000000000e+00
-3.898122165539219530e+00 4.609019084750240580e+00 0.000000000000000000e+00
4.945456640791944913e+00 -7.465562152346153724e+00 0.000000000000000000e+00
1.477681356568161064e+01 5.703359247868328374e+00 0.000000000000000000e+00
1.603774271807657570e+01 -5.789163801785914387e+00 0.000000000000000000e+00
1.407564025248534101e+01 -1.900694209346717622e+00 0.000000000000000000e+00
-4.967759539126348933e+00 6.659297976410019970e+00 0.000000000000000000e+00
-1.249202370594069045e+01 6.677778770104557005e+00 0.000000000000000000e+00
-4.388550357994919437e+00 -1.100337394209163477e+01 0.000000000000000000e+00
2.234849230701498601e-01 5.267840262630951287e+00 0.000000000000000000e+00
-6.256504171608255227e+00 -2.787639372254665737e+00 0.000000000000000000e+00
-7.298948206986621834e+00 1.263758599451409914e+01 0.000000000000000000e+00
-8.849061559382413122e+00 1.184713439817956449e+01 0.000000000000000000e+00
5.338431518329226577e+00 3.153145652161732482e+00 0.000000000000000000e+00
1.699415501665937001e+01 -4.067610381321804525e+00 0.000000000000000000e+00
5.705794154442761723e+00 4.911098096326107054e+00 0.000000000000000000e+00
8.904992838886416351e+00 3.520329639934975496e+00 0.000000000000000000e+00
-9.452515042456720806e+00 -3.190420753070769777e+00 0.000000000000000000e+00
3.176392513847587473e+00 3.498230903103318301e+00 0.000000000000000000e+00
9.155449427272813523e+00 -2.975075838248295579e+00 0.000000000000000000e+00
-5.850800501938436149e+00 -4.607726744863394508e+00 0.000000000000000000e+00
2.508821670737368059e+00 -1.511651691190610158e+01 0.000000000000000000e+00
9.116748760472564328e+00 7.146555994247886900e+00 0.000000000000000000e+00
3.174166603408586362e-01 6.832437920391436492e+00 0.000000000000000000e+00
-1.001435862228209128e+00 3.349793643703938173e+00 0.000000000000000000e+00
2.238413860466981209e+00 -1.135062491876457536e+01 0.000000000000000000e+00
-5.189316667278787598e+00 -1.722615422684822262e+00 0.000000000000000000e+00
-3.472399355362573381e+00 6.525466231852758092e+00 0.000000000000000000e+00
-1.547485052364863911e+01 -5.277699028214877686e+00 0.000000000000000000e+00
4.882887236695960809e+00 -4.965473489721744293e+00 0.000000000000000000e+00
-2.113191049223179352e+00 1.067478566335784862e+01 0.000000000000000000e+00
-6.920846008954132600e+00 8.962165222638173390e+00 0.000000000000000000e+00
-1.916708910428302159e+00 1.563045620592754936e+01 0.000000000000000000e+00
4.055664355527044407e+00 7.210222184952086444e+00 0.000000000000000000e+00
-6.990077662264152281e+00 -6.107497209798133930e+00 0.000000000000000000e+00
1.747499332042846376e+01 -5.186632559870277825e-01 0.000000000000000000e+00
-1.360931974909129671e+01 8.245092897507481311e+00 0.000000000000000000e+00
-9.995289773340624295e-01 -1.433006224706694987e+01 0.000000000000000000e+00
-5.208715095103022996e+00 1.505264575002483873e+01 0.000000000000000000e+00
-1.240969768188626787e+01 -1.230577688744437204e+01 0.000000000000000000e+00
-9.507739190503066595e+00 8.556109518513686396e+00 0.000000000000000000e+00
4.173862550209173961e+00 -9.480982689216727044e-01 0.000000000000000000e+00
1.214013708532594116e+01 1.105194719162752648e+01 0.000000000000000000e+00
-1.028679031453552462e+01 9.902811993704194293e+00 0.000000000000000000e+00
1.591702458848996393e+01 -2.398715772794397960e+00 0.000000000000000000e+00
6.489782272640230332e+00 1.436646885818421993e+01 0.000000000000000000e+00
-1.070951285136628606e+01 -1.251806195590398296e+01 0.000000000000000000e+00
-2.463261546217244968e-02 -3.871041563773767624e+00 0.000000000000000000e+00
-1.552257464506002727e+01 5.054773265956662875e+00 0.000000000000000000e+00
1.042791937673101010e+01 -1.034812825208313081e+00 0.000000000000000000e+00
-1.497545460425217279e+01 -8.265247018542007496e+00 0.000000000000000000e+00
-1.158811125620952254e+01 -3.034291009448042864e+00 0.000000000000000000e+00
-1.521778019199513743e+01 8.202129912659415822e+00 0.000000000000000000e+00
1.055748858907331389e+01 1.159794554148210644e+01 0.000000000000000000e+00
1.214834998492874973e+01 -1.220030443427865841e+01 0.000000000000000000e+00
-7.345349079055736752e+00 -1.303673819426972180e+01 0.000000000000000000e+00
6.731686825541035368e+00 1.555822829696904108e+00 0.000000000000000000e+00
-2.645387595834105099e+00 -6.790490367980643427e+00 0.000000000000000000e+00
1.016137058211081090e+01 -1.404623407588889705e+01 0.000000000000000000e+00
2.487431118005227759e+00 -8.896185555311980409e+00 0.000000000000000000e+00
8.648760436261532902e+00 8.824569541079940294e+00 0.000000000000000000e+00
1.643821509477844245e+01 2.403916324249607772e+00 0.000000000000000000e+00
-1.225624805260165395e+01 -9.187993491424917281e+00 0.000000000000000000e+00
1.705545930514765729e+01 9.557735493135305349e-01 0.000000000000000000e+00
-8.155830995327406185e+00 -1.586714442955035720e+00 0.000000000000000000e+00
3.046255088465222638e+00 -5.170167383520651860e+00 0.000000000000000000e+00
8.363278278754778583e+00 2.075571590688799262e+00 0.000000000000000000e+00
-9.365868934985316585e+00 -1.477027519672669520e+01 0.000000000000000000e+00
-4.694954924074934977e-01 -5.378073515157919537e+00 0.000000000000000000e+00
-4.463736096896449901e+00 -1.689096559611221693e+01 0.000000000000000000e+00
-1.530226277155929715e+01 -6.771593506760238412e+00 0.000000000000000000e+00
1.064343307544785233e+01 7.228837900109030379e+00 0.000000000000000000e+00
-1.106486295453784408e+01 1.291813578146262564e+01 0.000000000000000000e+00
-8.123162573727556790e+00 8.960545779521923437e-01 0.000000000000000000e+00
1.490727389435211769e+00 -5.605791306889912340e-01 0.000000000000000000e+00
1.226896260081616141e+01 -8.135555798806914041e+00 0.000000000000000000e+00
-1.674789855775037850e+01 4.050331966364564273e+00 0.000000000000000000e+00
1.547660665553972059e+01 -4.871150358102789291e-01 0.000000000000000000e+00
6.679778783941500819e+00 -4.877174084412708943e+00 0.000000000000000000e+00
-3.626752875692901945e+00 3.024893870530946938e-01 0.000000000000000000e+00
-6.186891027341864024e+00 4.594295886608911417e+00 0.000000000000000000e+00
-1.732367571305312026e+01 -2.374460893643168813e+00 0.000000000000000000e+00
-1.148714482610948018e+01 4.481202261599196990e-01 0.000000000000000000e+00
6.723722991147254469e+00 1.591583772685769382e+01 0.000000000000000000e+00
1.158258724483568258e+01 -1.001210468220500438e+01 0.000000000000000000e+00
-6.151729953660764139e+00 -1.032359403372137763e+01 0.000000000000000000e+00
1.626568548566354622e+01 6.267477796077288943e+00 0.000000000000000000e+00
-3.827925788092503279e+00 1.626675729853388930e+01 0.000000000000000000e+00
8.320038816326805531e+00 -6.763305092243400374e+00 0.000000000000000000e+00
-8.964897282710781568e+00 -6.395396841049417525e+00 0.000000000000000000e+00
-1.185804326322841362e+01 -4.556383363339045367e+00 0.000000000000000000e+00
1.171113528475890142e+01 1.178757762436448475e+00 0.000000000000000000e+00
3.250661518734811573e+00 1.380906459857510704e+01 0.000000000000000000e+00
3.694403985763301090e+00 1.582005746220471032e+01 0.000000000000000000e+00
1.054798497635898613e+00 1.718778107578331316e+01 0.000000000000000000e+00
-3.355067815686873178e+00 9.718669609519599462e+00 0.000000000000000000e+00
