5.827855937938013930e+00 -1.589684970337020431e+01 0.000000000000000000e+00
-3.100408221001650588e+00 1.217750708866979670e+00 0.000000000000000000e+00
-1.692440211489886792e+01 1.167932097308466283e-01 0.000000000000000000e+00
-2.116677661152501333e+00 -6.140179049936464573e+00 0.000000000000000000e+00
9.956647356434421781e+00 -9.947668726602937994e+00 0.000000000000000000e+00
-1.484626607068195803e+01 -3.662086419262044590e+00 0.000000000000000000e+00
2.994968902769275854e+00 1.295321273102627657e+01 0.000000000000000000e+00
-4.909972745142533235e+00 1.005860897134370724e+01 0.000000000000000000e+00
-1.521075811506281106e+01 5.460073028405608042e+00 0.000000000000000000e+00
-9.512469302502101209e-01 -1.213289109842934543e+01 0.000000000000000000e+00
-1.439125970770877672e+01 -1.001100090708000545e+00 0.000000000000000000e+00
1.562178048197448810e+01 -3.321992501574629220e+00 0.000000000000000000e+00
8.391935227416823295e+00 1.818436030623996613e+00 0.000000000000000000e+00
8.296926961309825543e+00 -1.481641121189564458e+01 0.000000000000000000e+00
-4.352170309205134480e+00 -1.679825403392015915e+01 0.000000000000000000e+00
-7.358240041312464008e+00 6.808170204651762702e+00 0.000000000000000000e+00
-6.592051733213281750e+00 8.995752965363008613e+00 0.000000000000000000e+00
-3.166440531232668221e+00 1.025130866116618655e+01 0.000000000000000000e+00
1.106428920747968903e+01 4.710836159543213775e+00 0.000000000000000000e+00
7.946609131069951593e-01 -1.119066252509283288e+01 0.000000000000000000e+00
-9.616607032155522816e+00 4.567494924360095077e+00 0.000000000000000000e+00
2.299927255617550959e+00 -1.046757052904337471e+01 0.000000000000000000e+00
1.059432607113624769e+01 -2.384245205806835521e+00 0.000000000000000000e+00
4.636361936985521126e+00 -7.161057660045800688e+00 0.000000000000000000e+00
-1.327491528776157281e+01 -1.078157133332826234e+01 0.000000000000000000e+00
1.194852291239392983e+01 1.264384829399777743e+01 0.000000000000000000e+00
-3.167744909687391086e+00 -1.370183202857265314e+01 0.000000000000000000e+00
-1.079087772274008117e+01 -1.058325480492525017e+01 0.000000000000000000e+00
-1.335469910764647139e+01 3.679352775564004752e+00 0.000000000000000000e+00
-1.281688131604756187e+01 1.170708476507758711e+01 0.000000000000000000e+00
2.853640784410782061e+00 -2.837110721912383227e+00 0.000000000000000000e+00
4.579579875599637973e+00 1.058278360041381561e+01 0.000000000000000000e+00
-7.486890402191308524e+00 -1.428201154767957526e+01 0.000000000000000000e+00
6.562714933283185559e+00 -7.831921377115622640e-01 0.000000000000000000e+00
5.935426198725901159e+00 -3.742842747070096010e+00 0.000000000000000000e+00
2.381392777740700684e+00 7.338915255010703298e+00 0.000000000000000000e+00
1.046382025766922119e+01 1.780578362014751725e+00 0.000000000000000000e+00
-1.661570574510418652e+01 3.045660254326068461e+00 0.000000000000000000e+00
1.712914488438155658e+01 3.243405449874996904e+00 0.000000000000000000e+00
-1.186033079099926368e+01 -5.636102827618841182e+00 0.000000000000000000e+00
4.980594110161541410e-01 -1.414534883574768287e+01 0.000000000000000000e+00
7.319936106951748789e-01 3.885598857949257301e+00 0.000000000000000000e+00
5.190093002679621037e+00 -1.353875748159048342e+01 0.000000000000000000e+00
6.708798103779845867e+00 7.087749387022703296e+00 0.000000000000000000e+00
-8.246437737274659341e+00 -7.641322054655383056e+00 0.000000000000000000e+00
-8.995737827748923721e+00 -8.962364193988719308e+00 0.000000000000000000e+00
1.214881847794152980e+00 9.501080775047757498e+00 0.000000000000000000e+00
-1.095474887014497867e+01 1.052461918442146960e+01 0.000000000000000000e+00
-1.583163092467855471e+00 4.442499202365406963e-01 0.000000000000000000e+00
6.825877308081788719e+00 -1.438103694315045367e+01 0.000000000000000000e+00
-4.412108165919605973e-01 -7.717976753254340849e+00 0.000000000000000000e+00
1.389479817169031328e+01 1.531738102042611072e+00 0.000000000000000000e+00
-6.606389050413628006e+00 4.404728614510410978e+00 0.000000000000000000e+00
-3.016593604220195068e+00 -9.756628241330233209e+00 0.000000000000000000e+00
7.643414159716253486e+00 1.078398498489537438e+01 0.000000000000000000e+00
1.277409513937875829e+01 1.054972770181139197e+01 0.000000000000000000e+00
-1.357048751881125526e+01 -4.672196819011344537e+00 0.000000000000000000e+00
-9.046015417860459706e+00 7.108468964396502443e+00 0.000000000000000000e+00
-1.078093743813657923e+01 1.268258717547886150e+01 0.000000000000000000e+00
2.116097465728226656e-01 1.715634196956296975e+01 0.000000000000000000e+00
1.869553127263015257e+00 1.410021376814201766e+01 0.000000000000000000e+00
1.355825416348008794e+01 7.881915459304263294e+00 0.000000000000000000e+00
1.228731934768458167e+01 7.956442365575550069e-01 0.000000000000000000e+00
1.096423834920739537e+01 -1.238755858749598815e+01 0.000000000000000000e+00
-3.122412015247043371e+00 -1.158858548087883245e+00 0.000000000000000000e+00
-5.058693227995596509e+00 1.673077133090894719e+01 0.000000000000000000e+00
-5.505605813957334504e+00 -9.252432869736482601e+00 0.000000000000000000e+00
1.305673608568408639e+01 -2.760717900810408132e+00 0.000000000000000000e+00
-1.182159083079975304e+01 7.272555470349391094e+00 0.000000000000000000e+00
-7.751694140784426423e+00 -8.783897002653227037e-01 0.000000000000000000e+00
-8.182467451961686677e+00 1.011545103044587179e+01 0.000000000000000000e+00
-4.722782727295289362e+00 1.303134207898779096e+01 0.000000000000000000e+00
-1.783471526159675857e+00 -4.133911422132883651e+00 0.000000000000000000e+00
4.658554555543526376e+00 1.497979544028981636e+01 0.000000000000000000e+00
-1.338424984278366914e+01 -6.663388085184847043e+00 0.000000000000000000e+00
1.653817439926378441e+01 1.644241570931694429e+00 0.000000000000000000e+00
4.477809202162760016e+00 -1.503696796850747397e+01 0.000000000000000000e+00
-6.182361225627855283e+00 1.396284941833743742e+00 0.000000000000000000e+00
-5.419053226478430574e+00 6.319422160109924747e+00 0.000000000000000000e+00
1.494984213789084038e+01 7.132044255263399357e+00 0.000000000000000000e+00
2.651614120936999885e+00 1.045123415089504704e+01 0.000000000000000000e+00
1.866631757057719831e-01 1.141798224704879416e+01 0.000000000000000000e+00
7.965577140014754143e+00 -2.687046191455033206e+00 0.000000000000000000e+00
9.654893101075703754e+00 -8.117088635573695754e+00 0.000000000000000000e+00
8.048160226729434541e+00 1.540153693037121663e+01 0.000000000000000000e+00
6.159205728362040944e+00 -1.130375651593465136e+01 0.000000000000000000e+00
1.441112814429386191e+01 -1.964382444431492569e+00 0.000000000000000000e+00
-2.410122699068385277e+00 3.328969611463665768e+00 0.000000000000000000e+00
1.252664528640052488e+01 -7.567846463930308687e+00 0.000000000000000000e+00
1.007195649951259853e+01 2.631858872260216531e-01 0.000000000000000000e+00
6.632915440494744352e+00 -9.629989903958810160e+00 0.000000000000000000e+00
3.382425583815801051e+00 1.689775343883362169e+01 0.000000000000000000e+00
-3.394804041334347655e+00 8.124656412384679172e+00 0.000000000000000000e+00
-7.342872149128066850e-01 9.346652944236261362e+00 0.000000000000000000e+00
2.767639342610857422e+00 -6.770736294448585824e+00 0.000000000000000000e+00
-1.840427722174795999e+00 -2.202913536440860298e+00 0.000000000000000000e+00
4.579548071713207769e+00 4.105701967809773367e-01 0.000000000000000000e+00
-4.037914556347771189e+00 -1.098410602108778455e+01 0.000000000000000000e+00
2.519525621440312224e-01 -1.332452575487429680e+00 0.000000000000000000e+00
1.395251488485287972e+01 -8.091471617267407268e+00 0.000000000000000000e+00
-1.558212855190919477e+01 1.758425808457792616e+00 0.000000000000000000e+00
7.578416745538304689e+00 -5.159904355626904859e+00 0.000000000000000000e+00
8.608923338187423724e+00 6.726935550095827665e+00 0.000000000000000000e+00
-9.981939073548565133e+00 -6.394689338714282911e+00 0.000000000000000000e+00
-1.138614631407120292e+01 5.564522894963697119e+00 0.000000000000000000e+00
3.696500674375504669e-01 -4.458433773339469219e+00 0.000000000000000000e+00
2.256555060522155376e+00 5.232074711753068819e+00 0.000000000000000000e+00
-3.027835132830840603e-01 -9.808615263747260116e+00 0.000000000000000000e+00
1.672198876601810369e+01 -2.074685725717937412e-01 0.000000000000000000e+00
1.255774988555496385e+01 -4.714768209833270163e+00 0.000000000000000000e+00
2.070038578127292084e+00 4.584590861330643530e-01 0.000000000000000000e+00
1.116050177180553682e+01 8.142084434309497354e+00 0.000000000000000000e+00
-9.661011367742201372e+00 1.447301477634724520e+01 0.000000000000000000e+00
6.181262336737689544e+00 1.305406658081336424e+01 0.000000000000000000e+00
2.586420224061764195e+00 -1.195469384995089612e+01 0.000000000000000000e+00
1.541051424985216478e+01 -6.646403056223074479e+00 0.000000000000000000e+00
6.061760757338217509e+00 8.834767923159118297e+00 0.000000000000000000e+00
1.529557191377080017e+01 4.927504135687117426e+00 0.000000000000000000e+00
-5.828852411318832694e+00 -7.000322437568466505e+00 0.000000000000000000e+00
-3.016594137867421477e+00 1.707793951870429794e+01 0.000000000000000000e+00
-1.147366216728606148e+01 3.406081994597110807e+00 0.000000000000000000e+00
-2.938103387423545154e-01 1.390909601868909640e+01 0.000000000000000000e+00
-2.149937134644440473e+00 6.296882223893676134e+00 0.000000000000000000e+00
1.868397160052882811e+00 -8.730237603473646857e+00 0.000000000000000000e+00
-1.340599235785697019e+01 7.530015905107364738e+00 0.000000000000000000e+00
-2.501477699540830546e+00 1.540524433542566740e+01 0.000000000000000000e+00
-8.699570650902733959e+00 -3.343283999682512331e+00 0.000000000000000000e+00
-1.180867246449853525e+01 -1.237500507903362035e+01 0.000000000000000000e+00
4.653773439234082154e+00 4.925426146460204713e+00 0.000000000000000000e+00
-1.480503549930482876e+01 -8.711104737491773164e+00 0.000000000000000000e+00
-6.840558648984973011e+00 1.242549099389824008e+01 0.000000000000000000e+00
-6.383276743374302953e+00 -3.848042328342962559e+00 0.000000000000000000e+00
6.496343975322714792e-01 7.493341634830479769e+00 0.000000000000000000e+00
1.151679531205401652e+01 6.238946337490642868e+00 0.000000000000000000e+00
9.564199832579165061e+00 5.480660407446559468e+00 0.000000000000000000e+00
8.784494887549209707e+00 8.402179680103346371e+00 0.000000000000000000e+00
-5.503795585365991450e+00 -2.307008979817613881e+00 0.000000000000000000e+00
-1.169816921454827074e+01 1.752076167678701335e+00 0.000000000000000000e+00
5.013605974131349896e+00 -8.961845898926629417e+00 0.000000000000000000e+00
-7.036344083002985528e+00 -1.161875352450144661e+01 0.000000000000000000e+00
1.571055022668871093e+00 1.612760147807754407e+01 0.000000000000000000e+00
7.756839847181135283e+00 -7.941986645405853196e+00 0.000000000000000000e+00
-9.017459574892439989e+00 -1.411476537312961987e+01 0.000000000000000000e+00
-1.443541561621439051e+01 9.108794208715023544e+00 0.000000000000000000e+00
2.503045133011603252e+00 -1.426655047702521273e+01 0.000000000000000000e+00
9.158886104189878807e+00 -5.026719148179418006e+00 0.000000000000000000e+00
1.492241510442045183e+01 2.860171654627611915e+00 0.000000000000000000e+00
-1.127489432486588328e+01 -1.703676853680761161e+00 0.000000000000000000e+00
9.238846136183479274e+00 3.810916190225485334e+00 0.000000000000000000e+00
4.120774420023447959e+00 -1.585451642658715077e+00 0.000000000000000000e+00
-6.162996680862071308e+00 1.093710815634502254e+01 0.000000000000000000e+00
1.021540022493934607e+01 1.168605986736338131e+01 0.000000000000000000e+00
-6.546951940517208079e+00 -1.559672875090338984e+01 0.000000000000000000e+00
-7.110445042498922952e+00 -6.190002176895366581e+00 0.000000000000000000e+00
-9.449056463491263713e+00 2.327640264615818688e-01 0.000000000000000000e+00
-2.748548937773574341e+00 -1.620217483218475607e+01 0.000000000000000000e+00
-1.088757127257738588e+01 -3.388440552956864416e+00 0.000000000000000000e+00
8.522049692759335215e+00 -9.434083334053399383e+00 0.000000000000000000e+00
-1.321483877721938072e+01 -2.226661653659481654e+00 0.000000000000000000e+00
-4.824187238990853999e+00 -4.638519642458943437e+00 0.000000000000000000e+00
-5.077186363458168650e+00 -1.503129737333411242e+01 0.000000000000000000e+00
2.536449623396286879e-01 -1.628476032287866460e+01 0.000000000000000000e+00
-1.005662886376132903e+01 2.644152174717293580e+00 0.000000000000000000e+00
4.640520310926842917e+00 -1.152115466412774403e+01 0.000000000000000000e+00
6.268653101181066667e+00 4.459260205388692277e+00 0.000000000000000000e+00
-7.487362071709941169e+00 2.448307335277033925e+00 0.000000000000000000e+00
-9.282898214441788198e+00 1.212212900295313034e+01 0.000000000000000000e+00
2.102214809555656316e+00 -1.635990466167361035e+01 0.000000000000000000e+00
-4.952450461554073757e-01 -3.149349085894869837e+00 0.000000000000000000e+00
-1.576010288368371759e+00 4.588761416092781431e+00 0.000000000000000000e+00
1.097864871628011052e+01 -7.285987008846936952e+00 0.000000000000000000e+00
-1.238044545628689930e+00 -1.695953028022676889e+01 0.000000000000000000e+00
1.583546587535200523e+01 -5.201966670444594598e+00 0.000000000000000000e+00
6.228096816790823276e+00 1.503759602042166676e+01 0.000000000000000000e+00
1.370262329264610202e+01 6.035649272546888433e+00 0.000000000000000000e+00
1.239278215624642598e+01 -9.466383944957133423e+00 0.000000000000000000e+00
-6.197647432742908080e+00 1.562011434781013364e+01 0.000000000000000000e+00
1.318485972062878098e+01 -6.095156309820797702e+00 0.000000000000000000e+00
-1.388928277713011106e+01 1.452406683523363773e+00 0.000000000000000000e+00
-1.593550736608833285e+00 -1.500216455516982705e+01 0.000000000000000000e+00
4.190839496845624623e+00 7.683450441716423107e+00 0.000000000000000000e+00
-4.797986316965006104e+00 -1.242370497917061378e+01 0.000000000000000000e+00
-1.089552079777682358e+01 -8.124449851771531783e+00 0.000000000000000000e+00
6.733279278272031654e+00 -1.282690742945098528e+01 0.000000000000000000e+00
2.115286858951610782e-01 1.894341832198361830e+00 0.000000000000000000e+00
-2.234523514233925923e+00 1.359856765459827876e+01 0.000000000000000000e+00
-2.075442980202553578e+00 -8.234050100214183487e+00 0.000000000000000000e+00
1.614897275153911460e+00 1.218468241046088174e+01 0.000000000000000000e+00
-9.418757212619008001e+00 -1.161950008946912227e+01 0.000000000000000000e+00
4.831433745178411954e+00 2.742724191442782011e+00 0.000000000000000000e+00
-4.643114280636963187e+00 1.458241861407126727e+01 0.000000000000000000e+00
1.112350302758677500e+01 1.026136345443563158e+01 0.000000000000000000e+00
1.604593108768246879e+01 -1.552527212509025700e+00 0.000000000000000000e+00
1.135308462618838732e+01 -1.087169050665004022e+01 0.000000000000000000e+00
1.265743102661048702e+01 4.452338401733945794e+00 0.000000000000000000e+00
-4.963896787436039126e+00 -1.332653244844078377e-01 0.000000000000000000e+00
1.699565912071875573e+01 -3.927836965976230665e+00 0.000000000000000000e+00
-4.869146145426014094e+00 4.893533112963642573e+00 0.000000000000000000e+00
4.867691552871034055e+00 1.229419340730019528e+01 0.000000000000000000e+00
-3.677737806762218398e+00 -6.419986204713478806e+00 0.000000000000000000e+00
8.279119315983498595e+00 -1.208943221345210084e+01 0.000000000000000000e+00
-1.611514599897261135e+01 -2.566986236342540195e+00 0.000000000000000000e+00
-7.509109027241649414e+00 1.454506571717910468e+01 0.000000000000000000e+00
-1.048084614582124452e+01 8.797955181290713966e+00 0.000000000000000000e+00
2.766962047344514009e+00 3.449280993986093335e+00 0.000000000000000000e+00
-5.604024669667588832e+00 3.064905753494896690e+00 0.000000000000000000e+00
-5.558174705621437894e+00 -1.101488423643849401e+01 0.000000000000000000e+00
7.756943730610714738e+00 1.376749317677164264e+01 0.000000000000000000e+00
-3.330325020192805408e+00 -2.851711757617093834e+00 0.000000000000000000e+00
-6.952090570232051903e+00 -1.009831047589965181e+01 0.000000000000000000e+00
9.987872304361136599e+00 -1.384397470524442220e+01 0.000000000000000000e+00
9.635584909532870057e+00 1.347986187869507724e+01 0.000000000000000000e+00
9.447463032595377896e+00 -3.530437383633790560e+00 0.000000000000000000e+00
-5.012638887052326631e+00 8.440874941535490450e+00 0.000000000000000000e+00
-1.554888941082798182e+00 1.122528528742436471e+01 0.000000000000000000e+00
-1.608606327823533189e+00 7.806113732398601179e+00 0.000000000000000000e+00
6.292897211126026846e+00 9.380069089895705092e-01 0.000000000000000000e+00
-1.050632119522123809e+01 -1.313610970011274581e+01 0.000000000000000000e+00
-1.220132922691159116e+01 -8.916171390144358000e+00 0.000000000000000000e+00
3.003105601095666932e-01 3.120572674653580569e-01 0.000000000000000000e+00
4.519172506848634363e+00 -4.308219625617528692e+00 0.000000000000000000e+00
9.266874707516389975e+00 -1.086283352638699906e+00 0.000000000000000000e+00
1.150020760340162163e+01 -1.073520868905371906e+00 0.000000000000000000e+00
-1.561359586715209424e+01 7.800182062978205266e+00 0.000000000000000000e+00
1.432885050726675935e+01 -9.801597403961254784e+00 0.000000000000000000e+00
1.266031630197463898e+00 -3.110928790727235604e+00 0.000000000000000000e+00
-1.300036105181133728e+01 7.650131502619696156e-02 0.000000000000000000e+00
8.339318026246893112e+00 1.212048809636994129e+01 0.000000000000000000e+00
-8.592613479610298199e+00 -5.225505460977076133e+00 0.000000000000000000e+00
1.019306662268701258e+00 -6.699170870345763973e+00 0.000000000000000000e+00
2.971104255410377704e+00 -4.463200625486466677e+00 0.000000000000000000e+00
1.333947013107297330e+01 -7.560335072661840128e-01 0.000000000000000000e+00
-1.527803350949937666e+01 -6.116340116255468473e+00 0.000000000000000000e+00
-1.257763240044045716e+01 9.481233376597138829e+00 0.000000000000000000e+00
-4.484276876373911591e+00 1.892328840343811880e+00 0.000000000000000000e+00
9.327132667303445146e+00 1.046975022780550546e+01 0.000000000000000000e+00
1.125124797472481575e+01 -3.947288191501899579e+00 0.000000000000000000e+00
-2.465184937577889202e-01 5.354897962568422543e+00 0.000000000000000000e+00
1.521377380607721541e+01 3.902221121820759753e-01 0.000000000000000000e+00
1.296542886791525717e+01 -1.144061470573609895e+01 0.000000000000000000e+00
6.318351304099374843e+00 -7.074736796172029329e+00 0.000000000000000000e+00
-1.657604949623843638e+01 -4.003590666495392192e+00 0.000000000000000000e+00
-1.293411863714861720e+00 1.665202040579137233e+01 0.000000000000000000e+00
4.166361137461263908e+00 -1.690906986513900634e+01 0.000000000000000000e+00
1.235090524022799663e+01 2.529036629638393929e+00 0.000000000000000000e+00
3.518172883125132877e+00 -8.408659648081304283e+00 0.000000000000000000e+00
-9.409244011668487673e+00 -1.576460860816655485e+00 0.000000000000000000e+00
-9.726469322763417469e-02 1.546498445681691081e+01 0.000000000000000000e+00
2.961452019336817898e+00 1.529829262253909050e+01 0.000000000000000000e+00
-2.088607773215336749e+00 -1.111039263347292660e+01 0.000000000000000000e+00
-1.377233934247471936e+01 5.997798476363214171e+00 0.000000000000000000e+00
1.454266054618801718e+01 9.582829739321219620e+00 0.000000000000000000e+00
-8.120520962001096521e+00 4.957832570982477094e+00 0.000000000000000000e+00
-3.066811225764353388e+00 4.946773905478648814e+00 0.000000000000000000e+00
-7.918558144165062096e+00 7.410632201923545992e-01 0.000000000000000000e+00
2.700405881794570639e+00 -9.171563319065555442e-01 0.000000000000000000e+00
