4.545471518150916879e+00 3.731039222114788778e+00 0.000000000000000000e+00
-1.110305348827288618e+01 -4.298569694818426434e+00 0.000000000000000000e+00
-1.133850439870104232e+01 -7.983117085468149909e+00 0.000000000000000000e+00
1.005643216201025503e+01 7.028138903430896534e+00 0.000000000000000000e+00
-1.347038210006984471e+01 -9.366681446541219591e-01 0.000000000000000000e+00
-6.605864571110574346e+00 4.803251609283974433e-01 0.000000000000000000e+00
-1.600860272321643407e+01 -5.386417153876285058e-01 0.000000000000000000e+00
2.505543310427336579e+00 5.113087923656106426e+00 0.000000000000000000e+00
1.992419881009178884e+00 -8.527917488516213729e-02 0.000000000000000000e+00
1.316427860388341387e+01 -6.198795263498791286e+00 0.000000000000000000e+00
1.577159719338311028e+01 3.664743188066547752e+00 0.000000000000000000e+00
-1.407352806107689425e+01 -7.991530333653231288e+00 0.000000000000000000e+00
1.407302065946437786e+01 5.675814854622947436e+00 0.000000000000000000e+00
1.259480970763215524e+00 -2.987276694649821707e+00 0.000000000000000000e+00
3.990332463658632367e+00 -9.870924238240389670e+00 0.000000000000000000e+00
-1.407589489690658979e+01 8.330846323187035551e+00 0.000000000000000000e+00
1.003000631667835840e+01 8.638763631764839745e-01 0.000000000000000000e+00
-7.924412749483411567e+00 1.293088035816309045e+01 0.000000000000000000e+00
4.686883816019586035e+00 8.330180404858531062e+00 0.000000000000000000e+00
5.398243345558171313e-01 1.023370605388242360e+01 0.000000000000000000e+00
1.463398339005285109e+01 -5.185534250426045766e+00 0.000000000000000000e+00
3.743012495990548860e+00 -1.563091212009010000e+01 0.000000000000000000e+00
1.125714362557035608e+00 3.944437625020444926e+00 0.000000000000000000e+00
1.153358367202237389e+01 8.622249185286419149e+00 0.000000000000000000e+00
1.036797710421364727e+01 -6.453036984360199568e+00 0.000000000000000000e+00
9.458490466205176972e+00 1.178515714391565439e+01 0.000000000000000000e+00
7.351197785144901076e+00 -1.016896522762502997e+01 0.000000000000000000e+00
6.355632429283144980e+00 -1.961784058494741245e+00 0.000000000000000000e+00
-4.065195303594906662e+00 4.715453277732357229e+00 0.000000000000000000e+00
-1.574516743875973823e+01 1.675222182388609315e+00 0.000000000000000000e+00
1.960453063550006148e+00 1.292619508026877995e+01 0.000000000000000000e+00
1.323023117628711098e+01 2.292030425128936955e+00 0.000000000000000000e+00
-4.187562135093158666e+00 -9.030891760165626891e+00 0.000000000000000000e+00
5.608165191147195472e+00 6.589621535893959603e+00 0.000000000000000000e+00
-1.288764674947096012e+01 5.397898576833634721e+00 0.000000000000000000e+00
-1.322959277641125864e+00 -6.919064050745515893e+00 0.000000000000000000e+00
-2.533332685722766361e-02 1.531164785791672145e+01 0.000000000000000000e+00
-2.069563300739542200e+00 7.616104093558328181e+00 0.000000000000000000e+00
-5.827813451127128452e+00 -1.025908917040077739e+01 0.000000000000000000e+00
-3.515408408447653787e+00 -2.260516208759194789e+00 0.000000000000000000e+00
3.676859119945400600e+00 -2.354131916874483199e+00 0.000000000000000000e+00
-2.934016290135516236e+00 3.641138317920858292e+00 0.000000000000000000e+00
1.179524005257050590e+01 9.522477198550637345e-01 0.000000000000000000e+00
9.856195952364453561e+00 -4.837604045224248139e+00 0.000000000000000000e+00
1.147122060566637636e+01 4.652322190280047565e+00 0.000000000000000000e+00
-9.519077167219572866e-01 6.573579432302734560e+00 0.000000000000000000e+00
-1.125186838329921635e+01 1.124427612439674817e+01 0.000000000000000000e+00
-9.457210224564089884e+00 4.019336634040288736e+00 0.000000000000000000e+00
5.680403870910488706e-01 -1.619883475408886397e+01 0.000000000000000000e+00
5.979922084667635751e+00 -1.415987249449744922e+01 0.000000000000000000e+00
1.394046669969689844e+01 8.644117014703050828e+00 0.000000000000000000e+00
4.095437574613508325e+00 -1.270779757201806248e+01 0.000000000000000000e+00
-1.260945695476546824e+01 -3.935850912891297959e+00 0.000000000000000000e+00
9.132016680339136272e+00 2.154681017013142963e+00 0.000000000000000000e+00
1.033849824053946698e+01 -8.705074999927418844e+00 0.000000000000000000e+00
-1.299950197462616686e+01 -9.977388428178636914e+00 0.000000000000000000e+00
6.536770724000339428e+00 1.332766288303835545e+01 0.000000000000000000e+00
9.393228528757560980e+00 3.807366115395878658e+00 0.000000000000000000e+00
8.435128321837302323e+00 -7.883909484796602918e-02 0.000000000000000000e+00
5.892539221351731804e+00 1.116710755566059277e+01 0.000000000000000000e+00
-4.650262010401946533e+00 1.173454743797349709e+00 0.000000000000000000e+00
-7.751331585412945202e+00 -1.047218940577967849e+01 0.000000000000000000e+00
-2.042634136357891705e+00 -1.166391708360375468e+01 0.000000000000000000e+00
-4.797638030480964488e+00 -1.200789442983465349e+01 0.000000000000000000e+00
-1.230755650000936363e+01 -1.155259969374220752e+01 0.000000000000000000e+00
-6.422909231367869509e+00 1.101390652221508226e+01 0.000000000000000000e+00
-9.542928909953694472e+00 -7.350353309799175783e+00 0.000000000000000000e+00
-1.144809440795237609e+00 -9.028346004977558792e+00 0.000000000000000000e+00
1.444012167596957852e+01 -2.908632134703055816e-01 0.000000000000000000e+00
8.642523823347993073e+00 -1.364771173439968344e+01 0.000000000000000000e+00
3.719390792076775920e+00 1.783415832202376761e+00 0.000000000000000000e+00
-1.399648086865170171e+01 1.249757254386919092e+00 0.000000000000000000e+00
2.075933438076351223e+00 -1.615349372899649794e+01 0.000000000000000000e+00
2.582579243734965058e+00 6.930571787911716797e+00 0.000000000000000000e+00
-7.454603258598615945e+00 7.339279971708070782e+00 0.000000000000000000e+00
6.371648851083904219e-01 6.063898374281887271e+00 0.000000000000000000e+00
-4.822861289675863361e+00 1.283961168555483390e+01 0.000000000000000000e+00
4.550035178926541413e+00 5.458682577511956069e+00 0.000000000000000000e+00
-2.756233076215584443e+00 -5.785696151154838596e+00 0.000000000000000000e+00
-1.052273820842740015e+01 -1.133736899821618493e+01 0.000000000000000000e+00
-1.419634100309766500e-01 7.995930106264970583e+00 0.000000000000000000e+00
-1.495411174243411878e+01 3.444026236651402950e+00 0.000000000000000000e+00
1.357143688779646418e+01 -1.008397304814752893e+01 0.000000000000000000e+00
-9.206203845008600339e+00 -8.991931382478631107e+00 0.000000000000000000e+00
1.718187224025542648e+01 -1.196942269040982776e+00 0.000000000000000000e+00
7.281750750133095806e+00 7.273546983605140070e+00 0.000000000000000000e+00
-2.532058552094356596e+00 -1.712003701963610425e+01 0.000000000000000000e+00
-5.768894634751889683e+00 2.652271517044642479e+00 0.000000000000000000e+00
2.194465197668399092e+00 -5.842510124259321813e+00 0.000000000000000000e+00
-4.350698064539039400e+00 6.253104130264851790e+00 0.000000000000000000e+00
8.079655622474113841e+00 8.842499664090974321e+00 0.000000000000000000e+00
9.020006111217650613e+00 -9.852848688335981819e+00 0.000000000000000000e+00
-4.550841359801074265e-02 -5.934837354438173840e-01 0.000000000000000000e+00
-9.582417330154612500e+00 8.570180388704995877e+00 0.000000000000000000e+00
1.003742030184334721e+00 -8.905675137051058954e+00 0.000000000000000000e+00
-1.933673152798747186e+00 -1.738329548091669841e+00 0.000000000000000000e+00
-4.764397941116505386e+00 1.030344986297903809e+01 0.000000000000000000e+00
1.529663780871402778e+01 6.764217837710131853e+00 0.000000000000000000e+00
-6.512790645734014561e+00 4.544366311416360382e+00 0.000000000000000000e+00
4.412343185851992367e+00 1.318992777792978721e+01 0.000000000000000000e+00
-4.316723308348687560e+00 -5.440623744390065575e+00 0.000000000000000000e+00
3.515936011028357178e-01 -1.325458385919428750e+01 0.000000000000000000e+00
-9.277983951873165935e+00 -1.651412615835940248e-02 0.000000000000000000e+00
1.282425471552376273e+01 7.177763336204938227e+00 0.000000000000000000e+00
7.742290750774882824e+00 -7.939690857941257285e+00 0.000000000000000000e+00
1.702081222554494389e+01 7.838115932885605375e-01 0.000000000000000000e+00
6.677860406431459062e+00 2.038996374154730784e+00 0.000000000000000000e+00
-6.985082946640930324e+00 -5.922501577459128086e+00 0.000000000000000000e+00
-4.946837988401880715e+00 -3.527287890875214771e-01 0.000000000000000000e+00
-7.528985772803230780e+00 -1.541263612455492549e+01 0.000000000000000000e+00
1.365102346381079279e+01 1.012167411317583721e+01 0.000000000000000000e+00
-8.491721325913401230e+00 6.128346086662841863e+00 0.000000000000000000e+00
-1.724704524427518137e+01 -1.920169474003316612e+00 0.000000000000000000e+00
-1.523126726804047371e+00 1.381606771873352280e+01 0.000000000000000000e+00
2.248348506137231251e+00 8.591388282277399924e+00 0.000000000000000000e+00
-3.583188294552143827e+00 1.537743437502610000e+01 0.000000000000000000e+00
1.097384934976308379e+01 -1.134210586700192280e+01 0.000000000000000000e+00
1.888236584257370732e+00 2.423723440352492542e+00 0.000000000000000000e+00
-8.325043020714986697e-02 -4.503276414662517269e+00 0.000000000000000000e+00
4.099663645770474041e+00 1.029726893469440974e+01 0.000000000000000000e+00
1.624392833075489406e+01 -4.490394468932705330e+00 0.000000000000000000e+00
-1.310218568949301243e+01 9.554239704366151997e+00 0.000000000000000000e+00
7.193980753792309280e+00 5.687835821945579795e+00 0.000000000000000000e+00
-6.314259194804975550e+00 1.253146248948988095e+01 0.000000000000000000e+00
-1.121582189999450385e+01 6.634415215102378305e-01 0.000000000000000000e+00
-1.051040159248023009e+01 5.415540335575740549e+00 0.000000000000000000e+00
-8.072519307769189467e+00 1.524603501122168403e+01 0.000000000000000000e+00
8.309529410830265306e+00 1.319883503300102134e+01 0.000000000000000000e+00
2.093187705664389497e+00 -1.011750746928999511e+01 0.000000000000000000e+00
-2.007435269809993150e-01 -1.139805036212461076e+01 0.000000000000000000e+00
8.882382718508656794e+00 -2.073306885366989150e+00 0.000000000000000000e+00
-7.953427166392478931e+00 -1.250178908564650015e+01 0.000000000000000000e+00
-3.067031407169813928e+00 1.032410147031320591e+01 0.000000000000000000e+00
4.027106624140010638e+00 1.511557907600924011e+01 0.000000000000000000e+00
5.649608599418091126e-01 1.190750686484638798e+01 0.000000000000000000e+00
1.062696352945826384e+01 -1.912925173344112384e+00 0.000000000000000000e+00
6.999221272970933327e+00 4.078519940201061011e+00 0.000000000000000000e+00
-6.105321520284990200e+00 -8.276629587511751041e+00 0.000000000000000000e+00
-1.977217759447795986e+00 -1.451753258730256668e+01 0.000000000000000000e+00
-7.872681384758933198e+00 1.454623724620832226e+00 0.000000000000000000e+00
-2.083779948525661840e+00 1.987022089894688648e+00 0.000000000000000000e+00
-4.216588310379727922e+00 -7.048993196321680976e+00 0.000000000000000000e+00
1.378201757368754699e+01 -2.221026404924480779e+00 0.000000000000000000e+00
-5.528069778264265155e-01 -2.716471466451128691e+00 0.000000000000000000e+00
-2.694738412252442483e+00 1.264720525460027467e+01 0.000000000000000000e+00
-4.169481474890238459e+00 -1.442106020538310140e+01 0.000000000000000000e+00
-1.038843047219189408e+00 4.702821269312056351e+00 0.000000000000000000e+00
6.284788675469209274e+00 -4.806467070445098244e+00 0.000000000000000000e+00
-1.498046183737712767e+01 -3.719388092734933871e+00 0.000000000000000000e+00
-5.540801087559522609e-01 1.716380092774858213e+01 0.000000000000000000e+00
-1.020823903410851052e+01 -1.472501351243828083e+00 0.000000000000000000e+00
6.233634143874287936e+00 -2.806095290480631887e-01 0.000000000000000000e+00
-3.223944457638778349e+00 8.674333520044568147e+00 0.000000000000000000e+00
-1.026787868376846724e+01 2.739412429116745429e+00 0.000000000000000000e+00
1.734852828365373911e+00 1.579232913731987509e+01 0.000000000000000000e+00
-1.696156877950527431e+01 -3.693079337664822326e+00 0.000000000000000000e+00
-5.915539865293975907e+00 -1.337324121003082311e+01 0.000000000000000000e+00
-1.440734140754400761e+00 5.495139293676514214e-01 0.000000000000000000e+00
2.062350860257529117e+00 -1.234010600944621849e+01 0.000000000000000000e+00
1.250757330939794620e+01 -5.095600138800620016e-01 0.000000000000000000e+00
8.180700420552769359e+00 -5.116189616827138131e+00 0.000000000000000000e+00
-1.248583562096360211e+01 2.426943468194671549e+00 0.000000000000000000e+00
1.165341286521133668e+01 -4.068480397736449206e+00 0.000000000000000000e+00
-8.517338701242694654e+00 -3.302639045857785227e+00 0.000000000000000000e+00
-1.209396379288287360e+00 -1.308365057572389212e+01 0.000000000000000000e+00
-1.484142288509115204e+01 -5.553301230589378079e+00 0.000000000000000000e+00
-1.137972421306835713e+01 6.948254952287904018e+00 0.000000000000000000e+00
-1.556527727521500104e+01 6.070980521897194393e+00 0.000000000000000000e+00
1.548324352461213316e+01 -1.833946236582319145e+00 0.000000000000000000e+00
-8.064037894030395393e+00 9.707488985852991803e+00 0.000000000000000000e+00
3.408782456406054706e+00 -4.913626149358449879e+00 0.000000000000000000e+00
4.220537289208645682e+00 -2.903179583018207499e-02 0.000000000000000000e+00
-1.134709656128195832e+01 8.977239295572770672e+00 0.000000000000000000e+00
-1.210691197066552860e+01 -5.413998687757212380e+00 0.000000000000000000e+00
2.026511309393225435e+00 -7.375098060716064552e+00 0.000000000000000000e+00
-1.732089117436174064e+01 7.670874450624423080e-01 0.000000000000000000e+00
3.993071520092100535e+00 1.674966077677138543e+01 0.000000000000000000e+00
-1.401559416708408001e+00 9.971462037648286980e+00 0.000000000000000000e+00
-6.631816830685766107e+00 6.063848021849956638e+00 0.000000000000000000e+00
-1.142415820854260211e+01 -1.305958962459129502e+01 0.000000000000000000e+00
-2.060201586255190787e+00 1.711141040898294818e+01 0.000000000000000000e+00
-3.704003270168627626e+00 -1.597366291289249496e+01 0.000000000000000000e+00
1.554352222865122535e+01 -6.555766412803397891e+00 0.000000000000000000e+00
7.316800936391127053e+00 1.554565191687898462e+01 0.000000000000000000e+00
-2.272708935575167288e+00 -4.058338835428512148e+00 0.000000000000000000e+00
-9.465759345953319581e+00 -1.462632075191654835e+01 0.000000000000000000e+00
-9.535047179321455957e+00 1.153758244396489197e+01 0.000000000000000000e+00
5.721326157062201823e+00 -3.350300472841049704e+00 0.000000000000000000e+00
7.675425170593095814e+00 -1.240362310097179588e+01 0.000000000000000000e+00
-2.731799835343870164e+00 5.814039332845806207e+00 0.000000000000000000e+00
-1.244373849408889399e+01 -2.301264706039346297e+00 0.000000000000000000e+00
1.003896205245163742e+01 -1.289091411876185056e+01 0.000000000000000000e+00
1.227876938129050544e+01 1.219643121732558910e+01 0.000000000000000000e+00
-1.660816047195169176e+01 2.951927024544314104e+00 0.000000000000000000e+00
2.015403857615102101e+00 1.140482118336646877e+01 0.000000000000000000e+00
-4.932854782019926887e+00 1.620820645682248795e+01 0.000000000000000000e+00
2.170731254587126458e+00 -1.685823279142665942e+00 0.000000000000000000e+00
2.176482550078920664e+00 -1.420112177335857773e+01 0.000000000000000000e+00
-9.608733977576022767e+00 1.387014117092725485e+01 0.000000000000000000e+00
1.496866421646147849e+01 -7.965359168508459931e+00 0.000000000000000000e+00
6.646612452445420871e+00 -1.568584022739667283e+01 0.000000000000000000e+00
-1.083186811010627526e+00 -1.645296175671228411e+01 0.000000000000000000e+00
-1.329087558108361122e+01 6.926363315001545118e+00 0.000000000000000000e+00
-3.871669637904766148e+00 -3.784601399606065453e+00 0.000000000000000000e+00
-1.084552556095255582e+01 1.286900892587672907e+01 0.000000000000000000e+00
-2.957194393297857715e+00 -1.028859630953700943e+01 0.000000000000000000e+00
8.740427489629755797e+00 1.044733284798033779e+01 0.000000000000000000e+00
1.240299397001871995e+01 -1.202843960678477941e+01 0.000000000000000000e+00
9.598977211164863022e+00 8.847781184506310126e+00 0.000000000000000000e+00
-1.467584411898401697e+01 -2.051312483920943563e+00 0.000000000000000000e+00
5.314018402896434345e+00 -7.526495039803084985e+00 0.000000000000000000e+00
3.557423518724784489e-02 1.369960547418469510e+01 0.000000000000000000e+00
1.202028032210156105e+01 1.053317526771878931e+01 0.000000000000000000e+00
1.205886301282302497e+01 -8.479733878578565864e+00 0.000000000000000000e+00
4.263201413686906527e+00 -6.259773704680179129e+00 0.000000000000000000e+00
-5.519111912237266715e+00 1.418657855141111845e+01 0.000000000000000000e+00
-5.135589872899264385e+00 8.349687948875017085e+00 0.000000000000000000e+00
-7.343189167633982883e+00 -1.656657694730407027e+00 0.000000000000000000e+00
-6.155240096979157194e+00 -4.066553417685817351e+00 0.000000000000000000e+00
-9.189476668850016239e+00 -5.228390550763521105e+00 0.000000000000000000e+00
6.054705250239255321e+00 -1.206352594576050130e+01 0.000000000000000000e+00
9.709636121223013561e+00 5.517641742118739145e+00 0.000000000000000000e+00
-7.597504697734651202e+00 3.056370373946545538e+00 0.000000000000000000e+00
2.528354815534849642e+00 1.726321249713319972e+01 0.000000000000000000e+00
-9.461043072512016483e-01 1.169996038349861855e+01 0.000000000000000000e+00
1.339048376806760032e+01 -7.732529668100792897e+00 0.000000000000000000e+00
-1.271905862048779667e+01 -6.993282090494169267e+00 0.000000000000000000e+00
-7.890123377601913290e+00 -7.991569585062775261e+00 0.000000000000000000e+00
-1.415485374653287776e-01 2.441193923775947905e+00 0.000000000000000000e+00
1.025416875551135831e+01 1.325363339033927090e+01 0.000000000000000000e+00
7.548123983062984266e-01 -6.371618200322738623e+00 0.000000000000000000e+00
1.486035883399931379e+01 2.249213402212473234e+00 0.000000000000000000e+00
-5.618083825757885563e+00 -1.653452454756379453e+01 0.000000000000000000e+00
1.120953869443833639e+01 3.114433200071643704e+00 0.000000000000000000e+00
-5.378197954110756740e+00 -2.277698473421501557e+00 0.000000000000000000e+00
6.435461772026972227e+00 9.116142808986685608e+00 0.000000000000000000e+00
-3.343607137424607245e+00 -5.446825355723502460e-01 0.000000000000000000e+00
1.418719588138689502e+01 3.636879166727185364e+00 0.000000000000000000e+00
-1.633683082460926173e+01 -5.271600284203054265e+00 0.000000000000000000e+00
-1.063121385689968079e+01 -9.729086070743717229e+00 0.000000000000000000e+00
8.850048284513377439e+00 1.462350360014905526e+01 0.000000000000000000e+00
-9.572228460634386593e+00 -1.312034787409719883e+01 0.000000000000000000e+00
1.725160893743613499e+01 2.511548991418744770e+00 0.000000000000000000e+00
5.701059206481184027e+00 -9.070104830225719894e+00 0.000000000000000000e+00
3.120638416286786843e+00 -8.638936722183684580e+00 0.000000000000000000e+00
7.429156719217439253e+00 1.156851628159160050e+01 0.000000000000000000e+00
-2.615082113395480246e+00 -7.875973119892475616e+00 0.000000000000000000e+00
7.230679097817327428e-01 8.444936276101371320e-01 0.000000000000000000e+00
-6.558654147709314763e+00 1.542381272589711294e+01 0.000000000000000000e+00
-1.273400358046441916e+01 1.193966057816711590e+01 0.000000000000000000e+00
-1.592577965610698598e+01 4.597425820754895476e+00 0.000000000000000000e+00
8.678059651958083265e+00 -6.689166762133855748e+00 0.000000000000000000e+00
7.303274052080878320e+00 -3.480977577744083007e+00 0.000000000000000000e+00
8.066489181579761691e+00 -1.509529817917541550e+01 0.000000000000000000e+00
1.698933606810116359e+01 -2.869818217590021536e+00 0.000000000000000000e+00
-1.271381994451172837e+01 3.722631778377117895e-01 0.000000000000000000e+00
