1.368787377607853806e+01 -7.096149308235259134e+00 0.000000000000000000e+00
-1.200655498667816623e+01 -2.027986599909679555e+00 0.000000000000000000e+00
1.297818460958798070e+01 5.223729558301489106e+00 0.000000000000000000e+00
1.521982751607321882e+00 1.136535135563329924e+01 0.000000000000000000e+00
-2.260889202863185066e+00 6.415083264123909501e+00 0.000000000000000000e+00
1.367590498681689759e+01 2.106771385620224812e+00 0.000000000000000000e+00
1.058760933654837721e+01 8.499217077023457634e+00 0.000000000000000000e+00
-4.630008059914317187e+00 -8.466047722944001208e+00 0.000000000000000000e+00
-1.059419116336131950e+01 -1.360039416653522792e+01 0.000000000000000000e+00
6.753915564316797848e+00 5.111119384453806092e+00 0.000000000000000000e+00
1.346388888048439725e+01 -2.424071538960401728e+00 0.000000000000000000e+00
-1.147328934100613296e+01 1.071472549566707499e+01 0.000000000000000000e+00
2.515788800386044244e+00 -9.815397487245123287e+00 0.000000000000000000e+00
-2.033272891469782184e+00 3.287222448570358502e+00 0.000000000000000000e+00
-6.547504823616070446e-01 8.448272802944348570e+00 0.000000000000000000e+00
-9.241478988159322228e+00 -6.541630122463879538e-01 0.000000000000000000e+00
-1.394120557030212559e+01 6.552160647455384179e+00 0.000000000000000000e+00
5.550202207534597143e+00 3.411831501180304205e+00 0.000000000000000000e+00
-5.048774567628180776e+00 5.911567174339502628e+00 0.000000000000000000e+00
2.792164684764007809e+00 -1.058220633701145053e+00 0.000000000000000000e+00
-6.865811459198456923e+00 4.881629713116533154e+00 0.000000000000000000e+00
3.851075022227691047e+00 1.031871611772625386e+01 0.000000000000000000e+00
1.207747411661223857e+01 -9.911970481233802754e-01 0.000000000000000000e+00
7.958960808922901364e+00 -6.596503281448737432e+00 0.000000000000000000e+00
-1.422528239450036835e+01 -7.245712669045236254e+00 0.000000000000000000e+00
5.099201135636093341e+00 1.483528595888544821e+01 0.000000000000000000e+00
-2.428071808506928608e+00 -1.354337155675313653e+01 0.000000000000000000e+00
5.287485125340514180e+00 1.784159313153617532e+01 0.000000000000000000e+00
-6.102919104956369134e-01 1.896353247823141430e+01 0.000000000000000000e+00
1.277259465243490233e+01 -1.019512576129114301e+01 0.000000000000000000e+00
2.402707998512467302e+00 7.218557885301444266e+00 0.000000000000000000e+00
7.041373539384060187e+00 1.132542172256634849e+01 0.000000000000000000e+00
1.513933902732601489e+01 1.003544821023631739e+00 0.000000000000000000e+00
2.006526332350558217e+00 -1.553035164170113269e+01 0.000000000000000000e+00
1.079775999006402110e+01 1.400174726125130320e+01 0.000000000000000000e+00
-1.035830751293115704e+01 1.257208770135998854e+01 0.000000000000000000e+00
-4.060066142737566164e-01 -1.503292719224798679e+00 0.000000000000000000e+00
1.832190417438867058e+01 -8.256747342459759276e-01 0.000000000000000000e+00
-1.787806085209467710e+01 2.957223278523997134e-01 0.000000000000000000e+00
4.814901619225844698e+00 4.751389279408657629e+00 0.000000000000000000e+00
1.363074256043699428e+01 -4.803569144134772984e+00 0.000000000000000000e+00
1.038713403541791713e+01 2.698755812508050744e-01 0.000000000000000000e+00
8.423136496521026473e+00 4.049262037984037832e+00 0.000000000000000000e+00
-8.434110750276630597e+00 1.009619517568572888e+01 0.000000000000000000e+00
1.600039115078740082e+01 8.158658521644760242e+00 0.000000000000000000e+00
-1.519281277931115781e+01 7.825381776905925513e+00 0.000000000000000000e+00
8.290603677682810257e+00 -1.110265584025505170e+01 0.000000000000000000e+00
-2.052684440922208697e+00 -3.411794116526454701e+00 0.000000000000000000e+00
-6.196014058590731288e+00 1.382907020525518682e+01 0.000000000000000000e+00
1.145935614831513405e+01 4.452994410968783789e+00 0.000000000000000000e+00
-3.801605227036833679e+00 9.130204345105951802e+00 0.000000000000000000e+00
-1.105639894086102082e+00 -7.749871558636380442e+00 0.000000000000000000e+00
1.102774285516042418e+01 -9.137875409557587147e+00 0.000000000000000000e+00
1.252955081677172977e+01 1.217412734020163434e+01 0.000000000000000000e+00
-7.060866019346689892e-02 1.328754361178531695e+01 0.000000000000000000e+00
-9.384683683856465564e+00 6.215392862175780131e+00 0.000000000000000000e+00
-1.295740843582872515e+01 -5.822925362477722189e+00 0.000000000000000000e+00
3.400868612522682799e+00 -1.440396064423084788e+01 0.000000000000000000e+00
-4.022664821534494450e+00 -1.003921066987846800e+01 0.000000000000000000e+00
1.225074176652036861e+01 -1.320371413037257469e+01 0.000000000000000000e+00
1.000324942508122739e+01 -1.068383796163569954e+01 0.000000000000000000e+00
1.028155850531893289e+00 -7.301952971567302164e+00 0.000000000000000000e+00
-1.249800193987701036e+01 5.074169470974609020e+00 0.000000000000000000e+00
-8.688181528855766445e+00 -9.213716243335122513e+00 0.000000000000000000e+00
-1.719630284891206529e+01 -5.697272664010283982e+00 0.000000000000000000e+00
-7.461309418935937465e+00 1.725869350981938410e+01 0.000000000000000000e+00
-5.555357645576882497e+00 1.162881665171133427e+01 0.000000000000000000e+00
-1.385417904632337915e+01 -9.861674673563005200e+00 0.000000000000000000e+00
1.239666770592728451e+00 -3.973441920846453534e+00 0.000000000000000000e+00
1.342579033557983337e+01 -1.167907943149483607e+01 0.000000000000000000e+00
-1.016253093475237712e+01 -8.730713068362669915e+00 0.000000000000000000e+00
1.554745007009144686e+01 9.955941479787556503e+00 0.000000000000000000e+00
-5.100795545581308765e+00 -5.355101761565086882e+00 0.000000000000000000e+00
2.671719479131587693e+00 3.592882177617773287e+00 0.000000000000000000e+00
1.720621257829475326e+01 -4.922669414877688610e+00 0.000000000000000000e+00
-1.565536112320352302e+01 -6.100590399858144330e+00 0.000000000000000000e+00
-7.651346538212950854e-01 6.103825871018627502e+00 0.000000000000000000e+00
-1.440846102206001866e+01 8.602590305685510197e-01 0.000000000000000000e+00
4.516198155186312846e+00 6.961085349908967324e+00 0.000000000000000000e+00
1.689581081343223090e+01 3.217965872493920187e+00 0.000000000000000000e+00
-7.278891045683160144e+00 -1.700992211602538973e+01 0.000000000000000000e+00
-3.906904410739986400e+00 -1.212507007157556416e+01 0.000000000000000000e+00
-3.460529558889794188e+00 -1.500597244046910284e+01 0.000000000000000000e+00
7.758780232222508566e-01 5.718508240646093199e+00 0.000000000000000000e+00
-1.281058212945178187e+00 1.142912626587693126e+01 0.000000000000000000e+00
6.314826451642817418e+00 -1.597758304476041147e+01 0.000000000000000000e+00
1.116798012907515769e+01 -6.959754836435662284e+00 0.000000000000000000e+00
-8.233314498279575844e+00 -1.301393776236752942e+01 0.000000000000000000e+00
8.420895924370670471e+00 1.935861838334115070e+00 0.000000000000000000e+00
-6.447057972313136709e+00 -1.515287124824852150e+01 0.000000000000000000e+00
1.142040857182356817e+01 -1.492623050821569919e+01 0.000000000000000000e+00
-1.346687883312024603e+01 -4.389640224720095518e-01 0.000000000000000000e+00
3.101317958642729078e+00 -3.743665812473290444e+00 0.000000000000000000e+00
-6.476104718879034827e+00 -1.181756023447726811e+01 0.000000000000000000e+00
-1.614792971268639521e+00 -1.753834091059057698e+01 0.000000000000000000e+00
-1.441756594888013154e+01 9.462348165231206920e+00 0.000000000000000000e+00
-4.301380164378351800e+00 -2.091953922558135448e-01 0.000000000000000000e+00
1.129074709554624301e+00 -2.345658740564399380e+00 0.000000000000000000e+00
7.065362167443544728e+00 -2.674457303729012025e+00 0.000000000000000000e+00
-1.265614958859791628e+01 1.319305446719494590e+01 0.000000000000000000e+00
1.443157642913711314e+01 -1.001875000119070513e+01 0.000000000000000000e+00
-2.071067658796026389e+00 -9.174359944612065831e+00 0.000000000000000000e+00
-8.129207024251490665e+00 -1.104424394850163438e+01 0.000000000000000000e+00
-5.851062326838160077e-01 1.595352669338024931e+01 0.000000000000000000e+00
5.109039979403696918e+00 -4.039575118538303755e+00 0.000000000000000000e+00
-2.294286422270555015e+00 -6.251263633943539233e+00 0.000000000000000000e+00
1.468658548345188208e+01 -3.457299016543669890e+00 0.000000000000000000e+00
-3.932912086070585289e+00 -1.817651215708059098e+01 0.000000000000000000e+00
5.405973930406635652e+00 -7.871311801645807016e+00 0.000000000000000000e+00
1.692329449623887072e+01 -8.532862337105157735e+00 0.000000000000000000e+00
-6.801300149123274075e+00 -4.225628319619196382e+00 0.000000000000000000e+00
-9.225073716704706328e+00 3.580695971286745660e+00 0.000000000000000000e+00
3.352490500718365851e+00 1.779037932221427454e+01 0.000000000000000000e+00
6.666204234477222990e+00 9.405589783328279552e+00 0.000000000000000000e+00
-2.092390012755894091e+00 1.873129242963162966e+01 0.000000000000000000e+00
-1.142573511094295213e+01 -6.192778279745795977e+00 0.000000000000000000e+00
-7.841456979964142704e+00 1.574592076649730821e+01 0.000000000000000000e+00
-4.789156390362215632e+00 4.211300148603648985e+00 0.000000000000000000e+00
-1.711598783566311965e+01 -2.540971453006638292e+00 0.000000000000000000e+00
-1.285509935115853786e+01 1.155799490681455666e+01 0.000000000000000000e+00
1.570529801373947265e+01 -1.116209463500437371e+00 0.000000000000000000e+00
-1.136613376613565585e+01 -1.091039963980419536e+01 0.000000000000000000e+00
-3.761134455226314621e+00 -7.086803474427237681e+00 0.000000000000000000e+00
-5.099380718164431059e+00 -1.412227461479355384e+01 0.000000000000000000e+00
1.885225579818014552e+01 1.431363271280752913e+00 0.000000000000000000e+00
-1.092942991926194907e+01 6.754923710193424746e+00 0.000000000000000000e+00
-7.683517273822981331e+00 -7.588765116132537791e+00 0.000000000000000000e+00
-9.869936718342762205e+00 8.242954393999761820e+00 0.000000000000000000e+00
8.349627831774889541e-01 -1.059697748786624061e+01 0.000000000000000000e+00
-9.281747875311763263e-02 -1.889744673560321431e+01 0.000000000000000000e+00
-7.995542222949844735e+00 -1.461681891671306843e+01 0.000000000000000000e+00
-6.135893741706406779e+00 7.972537315206028374e+00 0.000000000000000000e+00
-4.035744868072534963e+00 1.708150794772656766e+01 0.000000000000000000e+00
-3.283992340768402851e+00 1.134804677132509321e+00 0.000000000000000000e+00
2.754403536038058764e+00 -5.959716885865447900e+00 0.000000000000000000e+00
-7.415332775921800845e+00 8.716292118565793778e-01 0.000000000000000000e+00
-4.236899789687782025e+00 7.269974771254336332e+00 0.000000000000000000e+00
2.725544613159866181e+00 -1.700863980428200151e+01 0.000000000000000000e+00
-9.622496455967362028e-01 -1.035362708712520075e+01 0.000000000000000000e+00
-1.529059343695888629e+01 4.347585732174696460e+00 0.000000000000000000e+00
2.643146416462216042e+00 8.957841404937616048e+00 0.000000000000000000e+00
1.201364449968203374e+01 7.815173601165528616e+00 0.000000000000000000e+00
8.299648140646896266e+00 1.233341506386923569e+01 0.000000000000000000e+00
6.459431363949188487e+00 1.379511229739550515e+01 0.000000000000000000e+00
-9.452033201046640798e+00 -1.639668351211910036e+01 0.000000000000000000e+00
1.513150323585062118e+01 5.707527388790023082e+00 0.000000000000000000e+00
-3.103729235797874075e+00 1.187777450363566700e+01 0.000000000000000000e+00
8.049031455772903243e+00 -1.266376184105600444e+01 0.000000000000000000e+00
1.069475811155193945e+01 2.634684008658596532e+00 0.000000000000000000e+00
1.698082788373968910e+01 -6.405964038867012711e+00 0.000000000000000000e+00
-6.582149858091653094e+00 2.608020285447981479e+00 0.000000000000000000e+00
-2.012821128888564903e+00 1.298854197148458312e+01 0.000000000000000000e+00
-8.207323885786108164e+00 1.305628346105736881e+01 0.000000000000000000e+00
1.480878187597546791e+01 -8.548657746804488866e+00 0.000000000000000000e+00
-1.619104855749283089e+01 6.640804977398387265e+00 0.000000000000000000e+00
-2.107171015586913665e+00 9.090954987311471669e+00 0.000000000000000000e+00
1.153920910263916610e+01 -2.999659578329906928e+00 0.000000000000000000e+00
-1.869729696754654213e+01 2.009150221072384834e+00 0.000000000000000000e+00
-1.286477856994954649e+00 -1.192393747765823520e+01 0.000000000000000000e+00
-6.455920285889288124e+00 -1.882882441769140547e+00 0.000000000000000000e+00
-1.561171662574575514e+01 2.675650171835147084e+00 0.000000000000000000e+00
-4.246313352427494969e+00 1.369378124783127326e+01 0.000000000000000000e+00
4.701878282134833498e+00 -1.227036168228839585e+01 0.000000000000000000e+00
-4.772281944084480365e+00 1.544382692719493910e+01 0.000000000000000000e+00
-1.629900272282404217e+01 -1.238207844320075246e+00 0.000000000000000000e+00
4.255879440063668362e+00 1.197321515148737348e+01 0.000000000000000000e+00
3.606371596979368821e+00 1.405859429001122329e+01 0.000000000000000000e+00
2.331679505417944220e+00 -1.150067116749692886e+01 0.000000000000000000e+00
5.526033799109554279e-01 -1.408326871738067432e+01 0.000000000000000000e+00
5.838572181392389204e+00 -1.082945591848264222e+01 0.000000000000000000e+00
-1.401262312348741190e+01 -3.804288557087988742e+00 0.000000000000000000e+00
8.654785919829953045e+00 -1.415239582456086964e+01 0.000000000000000000e+00
-8.757046582963500470e+00 -3.608991297749871485e+00 0.000000000000000000e+00
4.700691445026745185e+00 -1.634062325629959744e+01 0.000000000000000000e+00
1.728334590882953137e+01 4.859597697786648851e+00 0.000000000000000000e+00
9.395214866882044547e+00 -9.085100811652154107e+00 0.000000000000000000e+00
7.154975153151061917e+00 -9.198751260031791332e+00 0.000000000000000000e+00
5.099133873824911234e+00 1.236002461517181628e+00 0.000000000000000000e+00
-1.209183003328470818e+01 -1.325709029878933798e+01 0.000000000000000000e+00
-1.706928559975647630e+01 4.119473962717955295e+00 0.000000000000000000e+00
-1.674673805651922720e+01 -7.240049420176895012e+00 0.000000000000000000e+00
-1.042147928195768181e+01 1.474441174430258172e+01 0.000000000000000000e+00
1.112697932404820733e+00 9.824583896961403440e+00 0.000000000000000000e+00
2.868506339677091344e+00 -7.728547759201838119e+00 0.000000000000000000e+00
9.922253327189684668e+00 -1.559847881601620578e+01 0.000000000000000000e+00
3.168605185607601626e+00 5.128871714308977481e+00 0.000000000000000000e+00
-1.288393659286700377e+01 8.592165967672118043e+00 0.000000000000000000e+00
-1.359530301161179189e+01 -2.214225028880790092e+00 0.000000000000000000e+00
-1.291391145609249769e+01 -1.189934888129840651e+01 0.000000000000000000e+00
-1.870467386287350564e+01 -1.915954696606645857e+00 0.000000000000000000e+00
-1.286300481797600881e+01 -8.391475441040421757e+00 0.000000000000000000e+00
-2.946428001717223299e+00 1.547816882080432777e+01 0.000000000000000000e+00
-4.292983375176842031e+00 -2.768690126106735150e+00 0.000000000000000000e+00
5.191385004354623689e+00 -1.469142456255439200e+01 0.000000000000000000e+00
1.355660406180424005e+01 9.315597558632372710e+00 0.000000000000000000e+00
-2.820127082102982463e+00 -1.411098227083270151e+00 0.000000000000000000e+00
-6.828605244861307710e+00 6.387052992985007727e+00 0.000000000000000000e+00
5.484192895392719258e+00 1.069899730749927613e+01 0.000000000000000000e+00
6.784965374532602844e+00 1.803603257232574697e-01 0.000000000000000000e+00
-8.142225514981475953e+00 -5.556460272982427284e+00 0.000000000000000000e+00
2.292083819142797463e+00 1.193671843492707163e+00 0.000000000000000000e+00
7.562365908070514120e-01 -2.274388660980803389e-01 0.000000000000000000e+00
1.898263453898200170e+00 -1.304561045522592444e+01 0.000000000000000000e+00
8.361028407337501633e+00 6.972770230587293838e+00 0.000000000000000000e+00
1.515189766457802456e+01 4.202737263529001233e+00 0.000000000000000000e+00
3.885728976149821712e+00 2.394597980076010213e+00 0.000000000000000000e+00
1.349184821558428204e+01 3.450460419520889888e-01 0.000000000000000000e+00
1.248275708389337169e+01 -8.051929673353809491e+00 0.000000000000000000e+00
-6.908879141386699452e+00 -9.658889145039561086e+00 0.000000000000000000e+00
1.510529306328174837e+00 1.555191891858178188e+01 0.000000000000000000e+00
-1.375066877264807808e+01 3.216257899871415304e+00 0.000000000000000000e+00
1.737582480178006250e+01 6.629839503367462861e+00 0.000000000000000000e+00
1.035433943580701843e+01 6.967304192066753998e+00 0.000000000000000000e+00
5.655310951280275944e+00 -5.821898627759580336e+00 0.000000000000000000e+00
1.790583357519570384e+01 -3.028485653873194572e+00 0.000000000000000000e+00
2.514196761503821431e+00 1.253365678286824902e+01 0.000000000000000000e+00
-4.269032965185128869e-01 1.514432580146239271e+00 0.000000000000000000e+00
-5.134291395960570270e+00 1.013053427562649844e+01 0.000000000000000000e+00
-4.575535736439055867e+00 -1.679781948008746184e+01 0.000000000000000000e+00
5.328736714026442028e-02 -1.702327575229188383e+01 0.000000000000000000e+00
-9.579220806325356996e-01 -1.456923187563177535e+01 0.000000000000000000e+00
-1.396601799470446270e+00 -4.823629151960004968e+00 0.000000000000000000e+00
-1.527372496917774924e+01 -2.965114005665107744e+00 0.000000000000000000e+00
-1.759970971022320896e+01 5.601299605212395782e+00 0.000000000000000000e+00
1.171727391760002401e+00 3.352307480021885056e+00 0.000000000000000000e+00
5.750984203609741385e+00 -1.759002067144040637e+01 0.000000000000000000e+00
-1.065332669154592793e+01 -4.491882527961912785e+00 0.000000000000000000e+00
-1.080532428152757873e+01 4.605896825494840030e+00 0.000000000000000000e+00
1.311629579130938161e+01 6.746079420658070980e+00 0.000000000000000000e+00
1.095869476000691023e+01 1.038685557625078104e+01 0.000000000000000000e+00
-2.723530916404008462e+00 -1.111665196086541130e+01 0.000000000000000000e+00
9.324064752087114272e+00 1.114177359489628039e+01 0.000000000000000000e+00
-1.153884356760545415e+01 1.762413167254172519e+00 0.000000000000000000e+00
8.646555650341735344e+00 -7.572821107792880868e-01 0.000000000000000000e+00
-1.089791948279534495e+01 -1.516611690082921982e+01 0.000000000000000000e+00
-9.331311441310331745e+00 -7.141504329991930078e+00 0.000000000000000000e+00
-3.385091529729066462e+00 -4.645536035925822205e+00 0.000000000000000000e+00
4.941355058388660737e+00 -7.019832137676451644e-01 0.000000000000000000e+00
-3.104949896128684994e+00 4.711791400059263779e+00 0.000000000000000000e+00
4.064412708135300534e+00 -2.126018048386292492e+00 0.000000000000000000e+00
-6.283940034313941325e+00 1.565433029039568602e+01 0.000000000000000000e+00
5.044713668176751042e+00 9.129901276245355746e+00 0.000000000000000000e+00
1.461249560056469932e+01 1.193903730999433854e+01 0.000000000000000000e+00
1.053709576468221165e+01 -1.269024534525990866e+01 0.000000000000000000e+00
-1.651808433026635825e+01 8.672856797711352428e+00 0.000000000000000000e+00
1.157160718831429413e+01 -5.411210883032198105e+00 0.000000000000000000e+00
1.008556723124622678e+01 5.376888288108117919e+00 0.000000000000000000e+00
-2.104986415293529145e+00 1.677144567117473528e+01 0.000000000000000000e+00
-1.078947701925957681e+01 -2.976005100042355966e-01 0.000000000000000000e+00
6.957428973656257121e+00 -4.586347085822775504e+00 0.000000000000000000e+00
-1.360816395630104036e+00 4.693775171596578311e+00 0.000000000000000000e+00
5.799518361732229899e+00 1.234739108042293054e+01 0.000000000000000000e+00
9.297775924368417932e+00 -3.246903474739486484e+00 0.000000000000000000e+00
1.449673214990466086e+01 7.563629793507166355e+00 0.000000000000000000e+00
-1.710750282417518875e+01 2.034776074114118760e+00 0.000000000000000000e+00
8.063474159467029168e+00 1.458001157270268422e+01 0.000000000000000000e+00
