6.251901795220014435e+00 -1.615613388300595687e+01 0.000000000000000000e+00
3.527032286111967174e+00 -3.809631887742640277e+00 0.000000000000000000e+00
5.610178128653647178e+00 1.474333035840738404e+01 0.000000000000000000e+00
1.362068137084843578e+01 6.017016632593047198e+00 0.000000000000000000e+00
7.099747809292725087e+00 9.692698478901082382e+00 0.000000000000000000e+00
-3.217435156968596388e+00 -4.240819396335195890e+00 0.000000000000000000e+00
1.624514752239936799e+00 1.669060013494973660e+01 0.000000000000000000e+00
1.120408777248558785e+01 8.568752430016992605e-01 0.000000000000000000e+00
-1.862124010672429275e+00 8.566823409206220319e+00 0.000000000000000000e+00
3.816529666352642902e+00 -1.097482795028913038e+01 0.000000000000000000e+00
1.965517975380613569e+00 -5.739441283498405433e+00 0.000000000000000000e+00
-6.892612320489249988e+00 -4.889683911557635376e+00 0.000000000000000000e+00
-1.507977034550124440e+00 -2.062898800793820264e+00 0.000000000000000000e+00
1.730325781202889956e+01 -4.677473947867222925e+00 0.000000000000000000e+00
1.218563905993539365e+01 1.418120558791684971e+01 0.000000000000000000e+00
-1.471284484529423331e+01 -1.034166465722192285e+01 0.000000000000000000e+00
1.572950716315430242e+01 6.566462630761343178e+00 0.000000000000000000e+00
-7.732000685306306131e-01 -6.029099856247272626e+00 0.000000000000000000e+00
1.534642940611253081e+01 1.078849158010028120e+01 0.000000000000000000e+00
5.401981249095959114e+00 -1.283397397761152803e+01 0.000000000000000000e+00
6.895879026179825289e+00 4.030815487928354757e-01 0.000000000000000000e+00
1.341904507160191784e+01 1.233713789074702483e+01 0.000000000000000000e+00
-8.772338586187277798e+00 -1.196883800761164096e+01 0.000000000000000000e+00
-1.005413700687306111e+01 1.440562039355274715e+00 0.000000000000000000e+00
-7.053363284770142627e+00 1.520935802138580151e+00 0.000000000000000000e+00
-3.650295220657344686e+00 -1.201567092817995253e+01 0.000000000000000000e+00
1.094545006895935657e+01 -1.531425604707004773e+01 0.000000000000000000e+00
-1.530138798294356661e+01 7.022671051575552603e+00 0.000000000000000000e+00
5.512541008154755673e+00 -7.655410238037290149e+00 0.000000000000000000e+00
1.160001362778467815e+01 2.763540081543579774e+00 0.000000000000000000e+00
-1.079112601229046220e+01 6.947161863422723904e+00 0.000000000000000000e+00
1.799735598269691650e+01 4.052662542728032058e+00 0.000000000000000000e+00
-5.949946064854353622e+00 1.730443181837766886e+01 0.000000000000000000e+00
-9.930001397732995727e+00 -1.322698189148466952e+01 0.000000000000000000e+00
1.025404384283871195e+01 -8.578151304248565978e+00 0.000000000000000000e+00
3.313817256693101232e+00 -6.552822146461137365e+00 0.000000000000000000e+00
-6.466379461589427891e+00 -1.147410458696975333e+00 0.000000000000000000e+00
-8.730745755143178854e+00 -1.414759884777602927e+01 0.000000000000000000e+00
1.439429553472519219e+00 -1.543903173018052932e+01 0.000000000000000000e+00
1.183448272339524010e+01 -1.196999423247707917e+01 0.000000000000000000e+00
1.731717871269051656e+01 -6.718252293870288661e+00 0.000000000000000000e+00
-1.234951240401499994e+01 -7.928280154834250748e-01 0.000000000000000000e+00
1.049081055781303462e+01 3.932207317764674581e+00 0.000000000000000000e+00
-8.973908191711069904e+00 1.116071280554844947e+01 0.000000000000000000e+00
-6.420287300169930100e-01 -1.015250686559724969e+01 0.000000000000000000e+00
3.277867080168436420e+00 7.005000351226346567e+00 0.000000000000000000e+00
1.565494063088740395e-01 1.334748001359898462e+00 0.000000000000000000e+00
1.424922321971504502e+01 -5.285570642606949754e+00 0.000000000000000000e+00
-1.082959663960717656e+01 -7.536843591634648121e+00 0.000000000000000000e+00
-8.788353200567826207e+00 1.310812971257081827e+01 0.000000000000000000e+00
-1.376271596592506796e+01 -5.104343628148130918e+00 0.000000000000000000e+00
2.735555410783160557e+00 1.458001233919704553e+01 0.000000000000000000e+00
-9.076427485989515986e+00 -8.931603972941255520e+00 0.000000000000000000e+00
-1.030567544024682114e+01 -5.631857077548638735e+00 0.000000000000000000e+00
-1.087530799460759035e+01 1.400007091493998779e+01 0.000000000000000000e+00
-6.260644969535249516e+00 -1.451286467349835263e+01 0.000000000000000000e+00
1.024849311734732815e+00 -1.690236771770153723e+01 0.000000000000000000e+00
1.278956759021222522e+00 -9.844998458183745527e+00 0.000000000000000000e+00
1.449159860277026368e+01 3.500987783264356557e-01 0.000000000000000000e+00
8.451172858921220055e+00 -1.080052213473783596e+01 0.000000000000000000e+00
-1.632267226774691693e+01 1.890926517661563055e+00 0.000000000000000000e+00
5.627499116442104210e+00 1.099313244390787681e+01 0.000000000000000000e+00
-1.395638853952696934e+01 1.264756262010764409e+01 0.000000000000000000e+00
8.721129511072360785e+00 7.197760974958106850e+00 0.000000000000000000e+00
-4.547145962349663506e+00 1.031226271768635527e+01 0.000000000000000000e+00
-1.777384160019839499e+01 -9.235992545691370514e-01 0.000000000000000000e+00
6.173721984710064170e+00 4.772562633525567755e+00 0.000000000000000000e+00
-1.089068855131771585e+01 -1.167868855279184936e+00 0.000000000000000000e+00
-1.525228502036334977e+00 1.166116906031716560e+01 0.000000000000000000e+00
-4.424757132820200667e+00 -6.354708385818165439e+00 0.000000000000000000e+00
-7.064755397615796184e+00 1.291312418016330632e+01 0.000000000000000000e+00
1.141431344027171413e+01 -7.305925456421515918e+00 0.000000000000000000e+00
-1.896022302163077811e+01 1.084678533124776356e+00 0.000000000000000000e+00
1.801995313014289479e+01 -9.727972846170271914e-01 0.000000000000000000e+00
-1.298928851654521210e+01 5.146617406401180261e+00 0.000000000000000000e+00
3.025955534924685608e+00 -1.581484596213896587e+01 0.000000000000000000e+00
-7.142985771162114972e+00 7.143497824258634665e+00 0.000000000000000000e+00
1.413913087954184533e+01 8.018591337059866930e+00 0.000000000000000000e+00
8.615161222497775384e+00 4.768024165613038434e+00 0.000000000000000000e+00
1.028275426434128015e+01 -5.808340778256698478e+00 0.000000000000000000e+00
5.146176803516513409e+00 -1.232649522099188211e+00 0.000000000000000000e+00
5.594456662423760385e+00 1.687548422536237780e+01 0.000000000000000000e+00
-2.534196160517201424e+00 -8.657575690087254472e+00 0.000000000000000000e+00
-1.037013711118769343e+01 4.195913425258760654e+00 0.000000000000000000e+00
1.880819549958174797e+00 2.331442332023937247e+00 0.000000000000000000e+00
-3.194519587475777911e+00 1.562565876309224278e+00 0.000000000000000000e+00
-6.185784470632500032e+00 -1.702639241239631929e+01 0.000000000000000000e+00
-4.168293299558239795e+00 1.297220310215925210e+01 0.000000000000000000e+00
-1.078216954239560321e+00 -5.393944680790091484e-01 0.000000000000000000e+00
-2.349530119238957826e-01 8.586530867573193504e+00 0.000000000000000000e+00
1.601065456817891786e+01 8.723047650015580246e+00 0.000000000000000000e+00
-8.480521214394247664e+00 3.515842034678527739e+00 0.000000000000000000e+00
3.106894372484934053e+00 -1.629177511616158591e-01 0.000000000000000000e+00
-1.181000984350474781e+01 -1.259619391934211485e+01 0.000000000000000000e+00
6.644228979068653729e+00 -2.869017532807110360e+00 0.000000000000000000e+00
-9.748778454318628661e+00 5.667059759169986499e+00 0.000000000000000000e+00
6.970741894743881950e+00 -8.436164021654123601e+00 0.000000000000000000e+00
-1.602996542298567206e+01 4.899064635450674388e+00 0.000000000000000000e+00
-1.518115501594205496e-01 -1.896600531131404566e+01 0.000000000000000000e+00
-4.161602973469523903e+00 1.552589755520286374e+01 0.000000000000000000e+00
-2.080257101499463968e+00 -1.522739569698517847e+01 0.000000000000000000e+00
1.419476759866185489e+01 -6.828910548416189386e+00 0.000000000000000000e+00
1.290477061360339128e+01 9.349590534203393588e+00 0.000000000000000000e+00
-1.045891858340595171e+01 -9.995019591841584727e+00 0.000000000000000000e+00
-1.412277233719273184e+01 8.939852893637896258e+00 0.000000000000000000e+00
2.385232780099012739e+00 -1.764330038166151482e+01 0.000000000000000000e+00
4.071532985911368030e+00 1.285873946726249706e+01 0.000000000000000000e+00
9.672494173434028397e+00 -1.280517046526520986e+01 0.000000000000000000e+00
1.049882532818827130e+01 5.598612481558368437e+00 0.000000000000000000e+00
-6.257859150392473424e+00 3.271649470796959669e+00 0.000000000000000000e+00
1.351827466875649364e+00 4.044936732002536672e+00 0.000000000000000000e+00
-1.342801969650865246e+01 2.582970755577733146e-01 0.000000000000000000e+00
-5.447758569187389988e+00 1.463266312045453965e+01 0.000000000000000000e+00
-1.402451294133394200e+01 3.687582567198869121e+00 0.000000000000000000e+00
-2.479157539434896140e+00 -6.744174636103720033e+00 0.000000000000000000e+00
-1.580052595102106672e+01 -7.701648732184462887e+00 0.000000000000000000e+00
-7.191737446665798394e+00 5.119420395949631164e+00 0.000000000000000000e+00
-1.260744309110580730e+01 2.409870496482003688e+00 0.000000000000000000e+00
-3.248388221798982567e+00 -1.866909995647260123e-01 0.000000000000000000e+00
1.389262667922949213e+01 -1.240198306046067067e+01 0.000000000000000000e+00
1.638276554346785119e+01 -8.796397026039221245e+00 0.000000000000000000e+00
1.744229542944904665e+01 -2.515300089054984589e+00 0.000000000000000000e+00
9.780786859013623769e+00 1.458623581594006779e+01 0.000000000000000000e+00
3.103887279070162375e+00 -1.775825153039653159e+00 0.000000000000000000e+00
-1.841149167558151278e+00 -1.196237720095761503e+01 0.000000000000000000e+00
-6.228298136240273397e-01 3.291615844145113545e+00 0.000000000000000000e+00
-8.127447815290985034e+00 1.648504431524295555e+01 0.000000000000000000e+00
9.164400222624090375e+00 -7.582892234390956054e-02 0.000000000000000000e+00
3.888326090642578947e+00 -1.737850540326994775e+01 0.000000000000000000e+00
1.057331760549421773e+01 1.130873826526341652e+01 0.000000000000000000e+00
1.808794108810051482e-01 -3.761473810362122805e+00 0.000000000000000000e+00
7.751983969401410768e+00 3.262249333605536261e+00 0.000000000000000000e+00
-5.001244635165937424e+00 -2.388245940441451332e+00 0.000000000000000000e+00
-1.835381452118557855e+00 1.727914083975033677e+01 0.000000000000000000e+00
3.474255187018126634e+00 -8.291038406079543677e+00 0.000000000000000000e+00
-9.240694769081651216e+00 1.537726842959347096e+01 0.000000000000000000e+00
-5.084784658881473796e+00 8.157007645166435950e+00 0.000000000000000000e+00
9.949201802080708035e+00 8.258363593909995970e+00 0.000000000000000000e+00
-1.268529004218012801e+01 7.603275815211613775e+00 0.000000000000000000e+00
-1.473838685026346873e+01 -9.136327945802485972e-01 0.000000000000000000e+00
3.981708271426571688e+00 2.455204754958431934e+00 0.000000000000000000e+00
3.420084335360916050e+00 1.813419554482315021e+01 0.000000000000000000e+00
-6.495818806352586350e+00 -6.830832553073491908e+00 0.000000000000000000e+00
-7.942602834742189977e+00 -2.321090652492246331e+00 0.000000000000000000e+00
2.406463449753242667e+00 -1.253569568182372329e+01 0.000000000000000000e+00
7.272076303697845745e+00 1.281945175501064682e+01 0.000000000000000000e+00
-1.223681057357992685e+01 -8.224895519884531936e+00 0.000000000000000000e+00
5.325909358542973315e+00 9.049187905073901916e+00 0.000000000000000000e+00
-5.061918927110399480e+00 -4.983438710135902561e+00 0.000000000000000000e+00
1.391811199056789583e+01 -3.814825108091571160e+00 0.000000000000000000e+00
6.150459487191235475e-01 1.076809356321522948e+01 0.000000000000000000e+00
-3.503255014853422278e+00 -1.600811284548404245e+01 0.000000000000000000e+00
1.299753132840477399e+01 1.966090077526533308e+00 0.000000000000000000e+00
8.475177075079262323e+00 -2.810006638446172822e+00 0.000000000000000000e+00
9.381530856087492154e+00 1.262184674523455996e+01 0.000000000000000000e+00
1.033899527675272978e+01 -3.105603558302464151e+00 0.000000000000000000e+00
1.222681594720898657e+00 1.867546636483580969e+01 0.000000000000000000e+00
6.731110222643066798e+00 -1.463443881604503005e+01 0.000000000000000000e+00
-1.797512969004675298e+01 -4.713821868374113322e+00 0.000000000000000000e+00
1.590502381307525503e+01 3.278066426089027541e+00 0.000000000000000000e+00
-1.886580678989687065e+00 -1.876118830849670616e+01 0.000000000000000000e+00
7.290919973106122498e+00 1.563267913978624257e+01 0.000000000000000000e+00
8.726831111010662667e+00 -8.809384077320441264e+00 0.000000000000000000e+00
1.271428545565248314e+01 -1.081905306068901007e+00 0.000000000000000000e+00
1.476902474143988542e+01 -1.072566178570079742e+01 0.000000000000000000e+00
-6.538441030261683551e-01 1.571187405561484418e+01 0.000000000000000000e+00
-1.072362577209991619e+00 1.374974660482863698e+01 0.000000000000000000e+00
-1.235673704011130347e+01 -4.192478851369159543e+00 0.000000000000000000e+00
-2.975761303208287467e-01 5.460506747932661220e+00 0.000000000000000000e+00
2.269000083828482506e+00 1.016207068221439869e+01 0.000000000000000000e+00
-2.880330621883417930e+00 5.616767061409237094e+00 0.000000000000000000e+00
-9.764369535425746705e+00 -3.728124095055110221e+00 0.000000000000000000e+00
-9.051222450182248025e+00 7.392879931913251212e+00 0.000000000000000000e+00
-8.403078745270775585e+00 -1.632831748569689267e+01 0.000000000000000000e+00
6.703632590673177738e+00 -6.734014892518304762e+00 0.000000000000000000e+00
-1.221478906810385112e+01 -5.842022487300548406e+00 0.000000000000000000e+00
1.248570430444561907e+01 -3.249415167541625404e+00 0.000000000000000000e+00
-1.187918045579792725e+01 1.219025091013678797e+01 0.000000000000000000e+00
1.152393376976064587e+01 -1.371569846648801949e+01 0.000000000000000000e+00
-3.488086705908572505e+00 3.488740348891929521e+00 0.000000000000000000e+00
6.341923050018104746e+00 -1.782972015359453621e+01 0.000000000000000000e+00
1.986712820692764503e-01 1.244627016973912426e+01 0.000000000000000000e+00
-5.037714250406353678e+00 5.005284368361680336e+00 0.000000000000000000e+00
8.673669408651148771e+00 -1.617175907165444571e+01 0.000000000000000000e+00
1.154247826981548286e+01 7.637054979116403963e+00 0.000000000000000000e+00
9.818128747748177787e+00 -1.603910802798839130e+00 0.000000000000000000e+00
1.607932348852197890e+01 -4.151082156652912136e-01 0.000000000000000000e+00
5.274599744896167230e+00 6.395644909617876905e+00 0.000000000000000000e+00
-3.289718818383067678e+00 -2.564603163255767537e+00 0.000000000000000000e+00
1.465956535422796136e+01 -8.273516594143430325e+00 0.000000000000000000e+00
-1.497957612209489930e+01 -3.757188431465689149e+00 0.000000000000000000e+00
8.071115560570802927e+00 -5.011799642914694708e+00 0.000000000000000000e+00
-7.394073285856713085e+00 9.669366233974113101e+00 0.000000000000000000e+00
-1.449194200986766923e+01 2.099115292491259499e+00 0.000000000000000000e+00
1.303623372450523910e+01 -1.041387540945922652e+01 0.000000000000000000e+00
3.767394361838575456e+00 -1.440136206988509926e+01 0.000000000000000000e+00
-1.423194205625017972e+01 -1.186983201181544345e+01 0.000000000000000000e+00
-4.811182295894618766e-01 -1.650354102266230072e+01 0.000000000000000000e+00
-1.399243245615811038e+00 -4.065549097828997205e+00 0.000000000000000000e+00
1.373763200053349109e+01 3.633351205973337272e+00 0.000000000000000000e+00
-6.529282417260309224e+00 -1.265613545546721674e+01 0.000000000000000000e+00
-2.577846575536632656e+00 1.292233862344561679e+01 0.000000000000000000e+00
4.647751750996437892e+00 -1.564656749953700476e+01 0.000000000000000000e+00
1.665904526063762603e+01 1.131653561656662532e+00 0.000000000000000000e+00
1.180561776480467628e+01 -8.940968577900086700e+00 0.000000000000000000e+00
-1.037119970525658808e+01 8.803738169685459525e+00 0.000000000000000000e+00
1.040907705446496134e+00 -3.206655338122786636e-02 0.000000000000000000e+00
-1.589756587445231517e+01 -5.012251347092838927e+00 0.000000000000000000e+00
-4.717334786351663922e+00 -1.832204920722513464e+01 0.000000000000000000e+00
3.640325858653815860e+00 1.659370971704621667e+01 0.000000000000000000e+00
1.782149625657744929e+00 1.332190627577326936e+01 0.000000000000000000e+00
7.873277977166114994e+00 1.729282263946464671e+00 0.000000000000000000e+00
8.101045645102615822e+00 1.715547065757091616e+01 0.000000000000000000e+00
3.899604558168412893e+00 4.478669662742007951e+00 0.000000000000000000e+00
-1.314884141570699150e+01 1.081651880694112577e+01 0.000000000000000000e+00
2.142052069540104853e+00 -3.168669494350821569e+00 0.000000000000000000e+00
5.255197897178021549e+00 -4.545217339426475434e+00 0.000000000000000000e+00
8.803131553583911639e+00 9.636350693110340870e+00 0.000000000000000000e+00
5.589727178608927538e+00 -9.882617145197599484e+00 0.000000000000000000e+00
8.412341534802946441e+00 -7.027858680626243526e+00 0.000000000000000000e+00
5.223970266122637263e+00 9.517673124747196844e-01 0.000000000000000000e+00
-8.646543700176382075e+00 -2.725490502782770275e-01 0.000000000000000000e+00
-1.809279592295265360e+01 3.458628477209985785e+00 0.000000000000000000e+00
1.541886270609529141e+01 -3.678638120953673596e+00 0.000000000000000000e+00
1.216220224549240037e+01 1.143356653418365099e+01 0.000000000000000000e+00
-1.544479591704075894e+01 1.003509937773722704e+01 0.000000000000000000e+00
1.838642924002403589e+01 9.514919611774449448e-01 0.000000000000000000e+00
3.300806775001361437e-01 -8.540612135459566545e+00 0.000000000000000000e+00
-5.524699214864574159e+00 -1.024942307063209945e+01 0.000000000000000000e+00
-1.223863288929426751e+01 -1.413559459364586068e+01 0.000000000000000000e+00
6.829936173946729028e-01 1.446933530361118869e+01 0.000000000000000000e+00
-3.887371795440232702e+00 1.769629056701821312e+01 0.000000000000000000e+00
6.192439868134033354e+00 2.824427149271673265e+00 0.000000000000000000e+00
1.473519018107274192e+01 -1.679718883384131889e+00 0.000000000000000000e+00
2.572790564093694887e-01 6.916577393755757974e+00 0.000000000000000000e+00
-1.619940460083438438e+01 -1.116617867836780104e-01 0.000000000000000000e+00
-1.754675674107014416e+01 5.170888022445817356e+00 0.000000000000000000e+00
-6.007694564000700232e+00 1.068145014683670269e+01 0.000000000000000000e+00
-7.053119954934358837e+00 -8.572424885704625908e+00 0.000000000000000000e+00
7.855910543744096586e+00 -1.240938688344469476e+01 0.000000000000000000e+00
9.000184471083933602e+00 -1.447526053143871927e+01 0.000000000000000000e+00
-1.355457494674666563e+01 -3.212541787166774299e+00 0.000000000000000000e+00
-1.161446325026789061e+01 8.305437682994581960e-01 0.000000000000000000e+00
-1.840791080832619642e+01 -2.604379175851065931e+00 0.000000000000000000e+00
6.716727716101179801e+00 -1.100062109261508958e+01 0.000000000000000000e+00
7.696225890546215531e+00 -8.748925998371457347e-01 0.000000000000000000e+00
-5.323960025953009989e+00 1.509353627866241165e+00 0.000000000000000000e+00
-1.067934889494712891e+01 1.076071555927480006e+01 0.000000000000000000e+00
4.752542315147204599e-01 -6.875275096774046801e+00 0.000000000000000000e+00
-3.840538602581725414e+00 -1.039156421515538042e+01 0.000000000000000000e+00
-3.155622090510235900e+00 1.107786255363148342e+01 0.000000000000000000e+00
2.158771338854684529e+00 5.800347030847622598e+00 0.000000000000000000e+00
-1.689118453761907546e+01 -2.206354487837846268e+00 0.000000000000000000e+00
-4.558431583234627382e+00 -1.369410868206614218e+01 0.000000000000000000e+00
6.902270116132036115e+00 6.380123620021869613e+00 0.000000000000000000e+00
1.209777116565256527e+01 5.714112220347645099e+00 0.000000000000000000e+00
