-1.070797683471019918e-01 -8.135496153595360269e+00 0.000000000000000000e+00
1.688689396582485358e+01 -3.269214790467425580e+00 0.000000000000000000e+00
5.141083865293669675e+00 8.159893027458316794e+00 0.000000000000000000e+00
-1.785124474580101345e-02 1.558511775650001141e+01 0.000000000000000000e+00
5.879160663933480357e+00 1.051214895853466302e+01 0.000000000000000000e+00
8.213590931683031116e+00 5.572422341639580168e+00 0.000000000000000000e+00
-8.026470460531553996e+00 8.453949172549949154e+00 0.000000000000000000e+00
3.498944322932486806e+00 -8.283419010133886928e+00 0.000000000000000000e+00
-5.391343517396584240e+00 -1.441993013778745691e+01 0.000000000000000000e+00
6.008626904177144290e+00 -1.155466097105986734e+01 0.000000000000000000e+00
2.168072117137423316e+00 1.631963646133358736e+01 0.000000000000000000e+00
-4.904557894643248872e-01 3.608700455644215044e+00 0.000000000000000000e+00
8.779728315479758294e+00 -6.836544266530062863e+00 0.000000000000000000e+00
1.931020560733860414e+00 -1.124184242002116818e+01 0.000000000000000000e+00
-6.874113997600360015e+00 3.355668580010434443e+00 0.000000000000000000e+00
-1.015509671846324125e+01 1.432181390712923807e+01 0.000000000000000000e+00
3.037437612577742918e+00 1.861706442513520443e+01 0.000000000000000000e+00
-2.525687240824332491e+00 -5.410833074930214259e+00 0.000000000000000000e+00
1.202063534129816347e+01 9.272829467993847885e+00 0.000000000000000000e+00
1.363347684000331128e+01 4.734741389971487635e+00 0.000000000000000000e+00
1.858182787440382100e+01 -3.266980122665554376e+00 0.000000000000000000e+00
1.154207859859224250e+01 5.558381810548405078e+00 0.000000000000000000e+00
-9.337657361372636800e+00 6.217241856199864358e-01 0.000000000000000000e+00
9.119207673323428409e+00 1.558924019601169775e+00 0.000000000000000000e+00
1.079681923996806958e+01 2.371599877397174261e+00 0.000000000000000000e+00
-1.098582012539441699e+01 -1.070123892888214634e+01 0.000000000000000000e+00
-5.596905474356722365e+00 1.681232624495515182e+01 0.000000000000000000e+00
5.913715860265444491e+00 1.668168436855965098e+01 0.000000000000000000e+00
-1.701149351765714357e+01 6.269064178154549971e+00 0.000000000000000000e+00
-7.610360612411275483e+00 1.477576241539225421e+01 0.000000000000000000e+00
-9.595506188982234619e+00 1.229911939365786644e+01 0.000000000000000000e+00
1.011010749185100366e+00 -5.621098531626560479e+00 0.000000000000000000e+00
7.607362809212846244e+00 1.309784102458547039e+01 0.000000000000000000e+00
1.183035834750801873e+00 -1.425844172827181211e+01 0.000000000000000000e+00
-7.306711476721621246e-01 1.071819640899224169e+01 0.000000000000000000e+00
1.222835971282583856e+01 -1.036004372407771434e+01 0.000000000000000000e+00
9.688995362830109315e+00 4.871592977320624129e+00 0.000000000000000000e+00
-4.674338835488263677e-01 -6.246867589496852169e+00 0.000000000000000000e+00
1.634159949963426062e+00 1.226346718478034425e+01 0.000000000000000000e+00
-6.797161431783822039e+00 9.804911338486284933e+00 0.000000000000000000e+00
1.708842651438293458e+01 7.486788420563369684e+00 0.000000000000000000e+00
9.928245918389073665e+00 8.697033191031094290e+00 0.000000000000000000e+00
-1.604799563818853514e+01 -8.291849065786200512e+00 0.000000000000000000e+00
-9.003873073403123595e-01 6.459735552023101235e+00 0.000000000000000000e+00
3.864577853359709270e+00 -6.045775100338471653e+00 0.000000000000000000e+00
-6.313151630924171087e+00 7.049875856247234118e+00 0.000000000000000000e+00
-7.351757144322603743e+00 8.869986064079124488e-02 0.000000000000000000e+00
4.285538473153672534e+00 -1.692505561876625109e+01 0.000000000000000000e+00
-6.349137765576617021e+00 -1.601841803486395222e+01 0.000000000000000000e+00
-1.306137243045486152e+01 -2.290171874636923732e+00 0.000000000000000000e+00
-4.524136003035849285e+00 -2.353231545929897472e-01 0.000000000000000000e+00
1.232426927432498598e+00 8.168687969129669213e+00 0.000000000000000000e+00
1.399138148415910621e+01 -4.344245442773491561e+00 0.000000000000000000e+00
1.275981237348370101e+01 -2.120274015074623541e+00 0.000000000000000000e+00
-3.136994564299071975e+00 2.312965346459624261e+00 0.000000000000000000e+00
-2.562546544257793268e+00 1.077474849678610092e+01 0.000000000000000000e+00
-1.087725816211142416e+01 -1.359590951475251863e+01 0.000000000000000000e+00
4.856894389280753899e+00 1.798799667634608213e+01 0.000000000000000000e+00
1.313267625071226163e+01 1.206916620362467185e+01 0.000000000000000000e+00
3.784882705484629906e+00 3.329330366814899467e+00 0.000000000000000000e+00
-1.583299928835522863e+01 1.210525061891197796e+00 0.000000000000000000e+00
8.665981608319526686e+00 -1.528283082492601075e+01 0.000000000000000000e+00
3.527372136632350941e+00 -1.346027750121114863e+00 0.000000000000000000e+00
-3.545234883884092358e+00 -1.478559155011215864e+01 0.000000000000000000e+00
-1.409487218298334987e+01 1.265136404361326150e+01 0.000000000000000000e+00
-7.423045493587918209e+00 -1.453013521189434520e+01 0.000000000000000000e+00
5.504726216062508115e+00 3.418227917742035604e+00 0.000000000000000000e+00
-1.329542441845895517e+01 8.241568111934462593e+00 0.000000000000000000e+00
-3.087930446448492017e+00 6.100221196234715926e+00 0.000000000000000000e+00
1.662130879544110584e+01 3.231459248906880521e-01 0.000000000000000000e+00
1.264982799948741032e+01 1.371695595166900183e+01 0.000000000000000000e+00
1.080242859832028657e+01 1.263682965333768138e+01 0.000000000000000000e+00
-5.247506431750809774e+00 -8.988972932485468803e+00 0.000000000000000000e+00
1.471422528523003770e+01 -5.389498655952379425e-01 0.000000000000000000e+00
1.890196303682147771e+01 1.830770703368664876e+00 0.000000000000000000e+00
9.425972407360950100e+00 -8.766113017585372091e+00 0.000000000000000000e+00
1.106869517371516842e+01 -5.946132728682448132e+00 0.000000000000000000e+00
-1.258041861093692404e+01 5.783591898016219091e+00 0.000000000000000000e+00
-4.973354656769769733e+00 1.252780532265528990e+01 0.000000000000000000e+00
1.815230764305477251e+01 -5.086364952994618882e+00 0.000000000000000000e+00
-1.780218735580873357e+01 1.559767372566775334e+00 0.000000000000000000e+00
-1.438802671752662299e+01 4.614821508043612575e+00 0.000000000000000000e+00
5.128594722316029753e+00 -7.109804807357058998e+00 0.000000000000000000e+00
-2.435725685559698483e+00 -7.559909746802245145e+00 0.000000000000000000e+00
1.894189550851710635e+01 1.195643665930173904e-01 0.000000000000000000e+00
5.255994175649739475e+00 -1.388887056575749668e+01 0.000000000000000000e+00
-6.702009085591588367e+00 -6.096521824909975962e+00 0.000000000000000000e+00
-9.156867317266140560e+00 4.726318036618686769e+00 0.000000000000000000e+00
-2.679521747696559930e-01 -1.739467955846798120e+01 0.000000000000000000e+00
1.461051955459415019e+01 2.332250845532069849e+00 0.000000000000000000e+00
4.125229117053971883e+00 -1.503487714859057789e+01 0.000000000000000000e+00
-2.504299036644652698e+00 1.832291659342135404e+01 0.000000000000000000e+00
7.840536497678859407e-01 6.047701210510733283e+00 0.000000000000000000e+00
6.586877902774049831e-01 -3.049744626653734692e+00 0.000000000000000000e+00
8.517856841048409677e+00 1.101142411126332554e+01 0.000000000000000000e+00
6.615869758768342379e+00 -1.475288084774082087e+01 0.000000000000000000e+00
1.135349381111831946e+01 5.809316562473693102e-01 0.000000000000000000e+00
5.669980120930421919e+00 -1.468502834359620479e+00 0.000000000000000000e+00
-1.839902081819120294e+00 -1.629925955609889243e+01 0.000000000000000000e+00
-1.757928117522545719e+01 -6.327886668095856315e+00 0.000000000000000000e+00
-2.199953728689055588e+00 1.266755849311363491e+01 0.000000000000000000e+00
1.706951977721315572e+00 -1.661928180819082002e+01 0.000000000000000000e+00
8.421290274700515610e+00 -1.198858427661905779e+01 0.000000000000000000e+00
-9.155053147599071295e+00 -8.363216240141291280e+00 0.000000000000000000e+00
-1.763595344198038095e+00 -3.851808173067404084e+00 0.000000000000000000e+00
-1.568616299075514853e+01 2.960139566769437014e+00 0.000000000000000000e+00
4.611834614726318948e-01 -1.291829646009041888e+01 0.000000000000000000e+00
-1.198623438790557572e+01 2.377164071279219471e+00 0.000000000000000000e+00
8.922973287003879150e+00 7.325034371829125313e+00 0.000000000000000000e+00
1.504093990114614776e+01 1.041960664654530078e+01 0.000000000000000000e+00
-1.312002875094182008e-01 -1.554358066921685122e+01 0.000000000000000000e+00
-1.815182453104297622e+01 -1.617685351661700965e-01 0.000000000000000000e+00
-5.513582950872280897e+00 -1.554683997125173800e+00 0.000000000000000000e+00
-4.367252754611252175e-01 1.153330206430432048e+00 0.000000000000000000e+00
7.350981448883800340e+00 -3.330393877020895843e+00 0.000000000000000000e+00
7.817348397268692572e+00 3.977947339906026336e+00 0.000000000000000000e+00
1.027423362847449084e+01 -1.406392444275024545e+01 0.000000000000000000e+00
-1.646679995148248921e+01 -4.819238990170955361e+00 0.000000000000000000e+00
-1.873417243184030356e+00 -1.259219388927989947e+01 0.000000000000000000e+00
1.306957454804906860e+01 -7.805940920924122395e+00 0.000000000000000000e+00
-1.239081600259585514e+01 -3.924965826662281665e-01 0.000000000000000000e+00
-7.060621024197296869e+00 -2.024857005405175325e+00 0.000000000000000000e+00
6.200205609824242181e+00 1.597819836907643731e+00 0.000000000000000000e+00
-1.796457572828728644e+01 -1.657992015055220980e+00 0.000000000000000000e+00
5.632850815641278430e+00 -1.611546360456931026e+01 0.000000000000000000e+00
-1.254877246098079624e+01 -4.259563851075855112e+00 0.000000000000000000e+00
-7.374004945084427831e+00 -7.706027899009132653e+00 0.000000000000000000e+00
1.519711343338903298e+01 7.812542282697876317e+00 0.000000000000000000e+00
5.937431125306101620e+00 -5.455156359680692013e+00 0.000000000000000000e+00
-3.049762224813180822e+00 -1.112630508107743310e+01 0.000000000000000000e+00
-7.175973236935746513e+00 5.819537547669990651e+00 0.000000000000000000e+00
1.340810506056906348e+01 7.928192859955570659e-01 0.000000000000000000e+00
-1.614662366565103113e+01 9.454628785818391279e+00 0.000000000000000000e+00
1.729727013683207559e+01 -6.728201976354069913e+00 0.000000000000000000e+00
2.842404392081174347e+00 7.148317995905070887e+00 0.000000000000000000e+00
1.042909057936830308e+00 1.927012364721254256e+00 0.000000000000000000e+00
-1.093886735116040221e+01 4.759980783512356872e+00 0.000000000000000000e+00
-7.186210900975145144e+00 -9.558581469687846166e+00 0.000000000000000000e+00
-7.540007350653795903e+00 -1.740646531103448069e+01 0.000000000000000000e+00
4.756701732776848601e+00 1.008035636784900824e+00 0.000000000000000000e+00
4.715042366739438329e+00 -3.366414933835220502e+00 0.000000000000000000e+00
3.806558662390853165e+00 1.561829831624948817e+01 0.000000000000000000e+00
3.650755813212986478e+00 -1.248610867133823277e+01 0.000000000000000000e+00
2.628686217650385792e+00 9.860554121357997914e+00 0.000000000000000000e+00
2.186375365309565666e+00 -6.565552921091935445e+00 0.000000000000000000e+00
5.275325265753061821e+00 1.514037334082353681e+01 0.000000000000000000e+00
-5.056758418593047644e+00 1.708090560297052418e+00 0.000000000000000000e+00
-5.152222468846749948e+00 -1.209646246062700392e+01 0.000000000000000000e+00
-1.524831491538752859e+00 -3.586046846532425225e-01 0.000000000000000000e+00
-8.669202018837102841e+00 -1.556196233447694199e+00 0.000000000000000000e+00
-3.665633085819723469e+00 -1.471002454219486610e+00 0.000000000000000000e+00
2.635572755167780556e+00 -1.820885207828159835e+01 0.000000000000000000e+00
-1.012486743571723835e+01 -5.355780013103360382e+00 0.000000000000000000e+00
-9.123162260987289329e+00 1.652305775893046658e+01 0.000000000000000000e+00
7.347987210244730782e+00 -3.368097338407277652e-01 0.000000000000000000e+00
1.485074628126186980e+01 -6.449323803826412238e+00 0.000000000000000000e+00
1.148670635502197612e+01 -7.443904762450260115e+00 0.000000000000000000e+00
6.430068165586371620e+00 -1.739139809866454911e+01 0.000000000000000000e+00
-3.558664240051809813e+00 1.201815111689218085e+01 0.000000000000000000e+00
-1.869451604683531087e+01 3.231012650015358201e+00 0.000000000000000000e+00
1.259124650911971166e+01 3.398084860637516247e+00 0.000000000000000000e+00
2.041241105169042669e+00 -2.134860993384842587e+00 0.000000000000000000e+00
-1.232158335900739310e-01 -1.643063142139437494e+00 0.000000000000000000e+00
1.545781899218476596e+01 5.035767822362433144e+00 0.000000000000000000e+00
-1.602232539690410817e+01 -6.649207520384973868e+00 0.000000000000000000e+00
-1.324565464732922493e+01 -7.578128999014013267e+00 0.000000000000000000e+00
-1.435916646173756206e+01 1.110870988538948190e+01 0.000000000000000000e+00
-8.138812509826895081e+00 -1.238065731654731039e+01 0.000000000000000000e+00
-1.425871801102529091e+01 -1.224159453017197841e+01 0.000000000000000000e+00
-1.237505499018235477e+00 1.437403945510407866e+01 0.000000000000000000e+00
-5.097896963670513593e+00 6.143339875129302463e+00 0.000000000000000000e+00
-8.917358287022310037e+00 1.026432705928953482e+01 0.000000000000000000e+00
-6.686729698034159508e-01 1.712832433374793339e+01 0.000000000000000000e+00
-9.824373335281052277e+00 6.133139927968286997e+00 0.000000000000000000e+00
-1.132192636484417925e+01 -6.949456857293304424e+00 0.000000000000000000e+00
8.554121934666367721e+00 -2.327092280780135969e+00 0.000000000000000000e+00
-1.287542234002135189e+01 1.021938579423151339e+01 0.000000000000000000e+00
-1.580808038969851559e+01 7.609100461310675634e+00 0.000000000000000000e+00
-1.473126411064635555e+01 -1.180612365721143142e+00 0.000000000000000000e+00
1.762475534320876491e+01 -1.884450315150277833e+00 0.000000000000000000e+00
1.483910628985232272e+01 -1.163395224822837370e+01 0.000000000000000000e+00
-1.100488954670664654e+01 -3.117935346013171127e+00 0.000000000000000000e+00
-1.304907081578027706e+00 -1.074897155698391060e+01 0.000000000000000000e+00
5.787120014951549152e+00 1.280846602878630591e+01 0.000000000000000000e+00
3.781715428389708311e+00 1.297223395203343976e+01 0.000000000000000000e+00
1.389365867843543079e+01 8.680318973476817135e+00 0.000000000000000000e+00
-3.952276903888421344e+00 1.518728482576960204e+01 0.000000000000000000e+00
2.769701436672352912e+00 1.639666801896400017e+00 0.000000000000000000e+00
7.693176560591028057e+00 1.719622163497055567e+01 0.000000000000000000e+00
1.243320931461261480e+01 -1.415797001320328619e+01 0.000000000000000000e+00
-1.751100356435612326e+01 4.607826843449383425e+00 0.000000000000000000e+00
5.468067747143751767e+00 5.425613748325594621e+00 0.000000000000000000e+00
-1.458771343214163574e+00 -1.856039050313728822e+01 0.000000000000000000e+00
-1.170964074152697876e+01 7.861592072491533578e+00 0.000000000000000000e+00
-2.501276945828537102e+00 7.561076893882257899e+00 0.000000000000000000e+00
-1.197016860055240883e+01 -1.228906274661294695e+01 0.000000000000000000e+00
-5.268920959430198003e+00 1.073766760312497404e+01 0.000000000000000000e+00
-6.801068471633788803e+00 -4.269025866013729242e+00 0.000000000000000000e+00
-1.020675381768360879e+01 -1.073434005888404652e+00 0.000000000000000000e+00
-1.813050509846013369e+01 -3.755332442803632542e+00 0.000000000000000000e+00
1.990201532841685328e+00 -4.475523558865220686e+00 0.000000000000000000e+00
-1.400277194386578294e+01 -3.498783664684529171e+00 0.000000000000000000e+00
4.098714002763792053e+00 6.155058375626629719e+00 0.000000000000000000e+00
-9.290055910988579413e+00 -1.023955149567796319e+01 0.000000000000000000e+00
-1.367845954817108378e+01 -9.727980752333138526e+00 0.000000000000000000e+00
1.457639310138346644e+01 -9.515475066948681615e+00 0.000000000000000000e+00
-1.218539444120882109e+01 -1.439748844797362004e+01 0.000000000000000000e+00
-4.196743037813313593e-01 8.805182564443688520e+00 0.000000000000000000e+00
-8.592859694717978059e+00 -4.674398960865896235e+00 0.000000000000000000e+00
1.030551422513813087e+01 -3.133095723822698631e+00 0.000000000000000000e+00
1.642252099797622122e+01 9.075847843574420537e+00 0.000000000000000000e+00
1.844727119195891518e+01 3.342945559506139031e+00 0.000000000000000000e+00
1.403638923757411616e+00 -8.955765982783567836e+00 0.000000000000000000e+00
-6.571696061008452716e+00 -1.310970726413934351e+01 0.000000000000000000e+00
-8.054196169861537413e+00 2.373907763349714539e+00 0.000000000000000000e+00
-4.318435910068902039e+00 8.115329821443745928e+00 0.000000000000000000e+00
7.526148394404359898e+00 -8.654638645754079818e+00 0.000000000000000000e+00
-3.980082018134462274e+00 -1.703866647160351278e+01 0.000000000000000000e+00
-1.193040213684454365e+01 1.201050042070473012e+01 0.000000000000000000e+00
-4.195531579779027354e+00 1.741964029917762602e+01 0.000000000000000000e+00
1.564874692589659055e+01 -8.300076290888075192e+00 0.000000000000000000e+00
1.701966735076037196e+01 2.533134731648979621e+00 0.000000000000000000e+00
-4.541025359129321259e+00 -6.091619533298017863e+00 0.000000000000000000e+00
-3.417764679382896187e+00 -3.513666722516851859e+00 0.000000000000000000e+00
-4.307551093007649712e+00 4.396200292925091624e+00 0.000000000000000000e+00
8.725958707300371486e+00 1.470188793354602019e+01 0.000000000000000000e+00
-9.379891954449657732e+00 -1.647858748952389618e+01 0.000000000000000000e+00
-1.365198483609633939e+01 1.297640078460809088e+00 0.000000000000000000e+00
9.664856685618145704e+00 -5.097420001334246997e+00 0.000000000000000000e+00
1.048842367648952667e+01 7.176113997189510485e+00 0.000000000000000000e+00
-9.475305340663291886e+00 -1.419254489370757710e+01 0.000000000000000000e+00
-1.125503915945298061e+01 9.298162086104522217e+00 0.000000000000000000e+00
-2.129587325309980184e+00 1.571869711986459350e+01 0.000000000000000000e+00
4.198606658004099046e+00 1.098814582851144195e+01 0.000000000000000000e+00
8.886548105400548181e+00 -3.372514326594919787e-01 0.000000000000000000e+00
7.097386177955233855e+00 -6.847737189929129720e+00 0.000000000000000000e+00
3.964159977971765336e+00 -9.825425589252917646e+00 0.000000000000000000e+00
-2.779645311298816868e+00 4.590734185618177143e+00 0.000000000000000000e+00
7.451916828565281925e+00 -1.325252185823556950e+01 0.000000000000000000e+00
-2.426414693866752792e+00 -9.351820621947586787e+00 0.000000000000000000e+00
7.784040765068177770e+00 9.244584706643012240e+00 0.000000000000000000e+00
-8.132660533943010250e+00 1.156942599179707365e+01 0.000000000000000000e+00
1.289995249131330723e+01 7.346174017761057051e+00 0.000000000000000000e+00
1.801915359003479722e+01 5.481840057969725954e+00 0.000000000000000000e+00
1.246888134368551171e+01 -4.840625723391160484e+00 0.000000000000000000e+00
-2.587446530556645641e+00 8.183773313692930262e-01 0.000000000000000000e+00
-1.011242129839073201e+01 7.765513200914606173e+00 0.000000000000000000e+00
3.491669446527656540e-01 1.332291986988374788e+01 0.000000000000000000e+00
-1.441149673530108899e+01 -5.077597973370266082e+00 0.000000000000000000e+00
-1.620523170172917915e+01 -2.937728831888043235e+00 0.000000000000000000e+00
7.281124556265990755e+00 7.050810187337366308e+00 0.000000000000000000e+00
1.057325595099617566e+01 1.097111229074864447e+01 0.000000000000000000e+00
-1.169635691302888070e+01 -8.932154528886684375e+00 0.000000000000000000e+00
-8.687450459251946810e+00 -6.705216815600532954e+00 0.000000000000000000e+00
1.592841749797080375e+01 -4.454338198336790455e+00 0.000000000000000000e+00
1.257782471045892025e+00 4.354884644794571713e+00 0.000000000000000000e+00
