-1.820387769299315561e+00 1.402201616365568526e+01 0.000000000000000000e+00
2.828233942815678414e+00 -1.890212912780396382e+00 0.000000000000000000e+00
2.540045438728505633e+00 1.558276439393605273e+01 0.000000000000000000e+00
8.204556893651568927e+00 1.331224689080816503e+01 0.000000000000000000e+00
-4.265297594930405722e+00 1.165768925835107872e+01 0.000000000000000000e+00
-1.369380323304826730e+00 -8.348828517034863950e+00 0.000000000000000000e+00
1.137491801833404104e+01 -5.998924481815783416e+00 0.000000000000000000e+00
-1.491134545523252264e+01 -4.851079888078872138e+00 0.000000000000000000e+00
4.411672468267853753e-01 -4.975565517583036002e-01 0.000000000000000000e+00
-5.346129025103318888e+00 6.901610117700955449e+00 0.000000000000000000e+00
3.610395030208968681e+00 -6.656618923132052501e+00 0.000000000000000000e+00
1.443652242244220929e+01 1.757562812087594351e+00 0.000000000000000000e+00
-4.526761618216011307e+00 -5.386823426066538190e+00 0.000000000000000000e+00
4.537365855283948868e+00 2.832526480197465002e+00 0.000000000000000000e+00
8.645965941264684318e+00 -1.210653291887508409e+01 0.000000000000000000e+00
9.987147497968715815e-01 -1.726483475341866480e+01 0.000000000000000000e+00
2.865201121482793045e+00 1.388562503789868607e+01 0.000000000000000000e+00
2.737116934241435207e+00 -1.411136396678551996e+01 0.000000000000000000e+00
-1.082922393694752128e-01 -3.150810123399277796e+00 0.000000000000000000e+00
-2.754926050152147754e-01 9.991015373231610042e+00 0.000000000000000000e+00
-1.462215672479796780e+00 4.759697852689525277e+00 0.000000000000000000e+00
-8.930427081623026453e+00 -6.031531783348818898e+00 0.000000000000000000e+00
1.259006472855872794e+01 1.741557050953130570e-01 0.000000000000000000e+00
1.064197896890461159e+01 2.559002960517239966e+00 0.000000000000000000e+00
-1.703725050828083809e+01 2.032598860354294379e-01 0.000000000000000000e+00
4.733930830093497022e+00 1.081838495751956231e+01 0.000000000000000000e+00
-1.100861448740899462e+01 7.914008119001045394e+00 0.000000000000000000e+00
-1.030871460226249781e+01 -1.869135792515808081e+00 0.000000000000000000e+00
1.084935808387879419e+01 7.897065018724976904e-01 0.000000000000000000e+00
-2.558334103297547291e+00 -9.740305637574990794e-01 0.000000000000000000e+00
-6.590198646494302537e+00 -1.574972276414646766e+00 0.000000000000000000e+00
1.235875533333705967e+01 -2.059825366123314794e+00 0.000000000000000000e+00
-1.113084729209458779e+01 1.208695540419720516e+01 0.000000000000000000e+00
8.707495146989787216e+00 1.166756398375936854e+01 0.000000000000000000e+00
-3.194143141667252994e+00 -1.140691246177339302e+01 0.000000000000000000e+00
1.027829905424800216e+01 -4.840002566407688001e+00 0.000000000000000000e+00
-1.092268019846292049e+01 -4.171880489804488334e+00 0.000000000000000000e+00
9.170644605981647102e-01 -1.140479007305041037e+01 0.000000000000000000e+00
1.316175327631454195e+01 -6.047338825263707029e+00 0.000000000000000000e+00
1.346654736357788540e+00 1.710687494447798329e+01 0.000000000000000000e+00
1.083830689287283455e+01 4.064572852055770014e+00 0.000000000000000000e+00
-1.441930099353145600e+01 7.659299252493656951e+00 0.000000000000000000e+00
-7.434947343858164359e+00 -4.039652501523935513e+00 0.000000000000000000e+00
1.296069121537935409e+01 3.272092973095657165e+00 0.000000000000000000e+00
7.937994105818274804e+00 3.885420884265477603e+00 0.000000000000000000e+00
1.657595287274210349e+01 5.387142388711564145e+00 0.000000000000000000e+00
9.789051031627826305e+00 -9.520118935425850637e+00 0.000000000000000000e+00
1.185700412179947882e+01 -1.011792004728837924e+01 0.000000000000000000e+00
-6.991056176591750493e+00 1.193083845236931895e-01 0.000000000000000000e+00
1.213048962714464629e+01 -4.248176954478860345e+00 0.000000000000000000e+00
-1.632079340820708779e+01 -5.898042138405019230e+00 0.000000000000000000e+00
4.816159248328834686e+00 -1.292124068964695738e+01 0.000000000000000000e+00
1.489439318241630694e+01 5.349798591027377093e+00 0.000000000000000000e+00
7.156420018540654127e+00 6.507026268306961847e-02 0.000000000000000000e+00
-1.307365894745192847e+01 -5.637323863675751667e+00 0.000000000000000000e+00
-5.201663113116229198e+00 -1.177480400771061042e+01 0.000000000000000000e+00
-1.159999882163863383e+01 2.513928022391801687e+00 0.000000000000000000e+00
1.053064882982998496e+00 1.288858646191872293e+00 0.000000000000000000e+00
9.345569756174040066e+00 -6.345060586202815323e+00 0.000000000000000000e+00
-6.080256491791281803e+00 1.418942752329812507e+01 0.000000000000000000e+00
1.742759260787837050e+01 2.642214897495386294e-01 0.000000000000000000e+00
-9.380381154123320186e+00 -7.925707369517474454e+00 0.000000000000000000e+00
-6.313866652645618416e+00 1.076322631318931577e+01 0.000000000000000000e+00
-7.314614215143985021e+00 -6.298280757935905250e+00 0.000000000000000000e+00
-9.021487917536012091e+00 1.103017685873693665e+01 0.000000000000000000e+00
1.081614153801925937e+00 1.258725107184458381e+01 0.000000000000000000e+00
1.109137465008185508e+01 1.128255813363090887e+01 0.000000000000000000e+00
-1.140739727190067754e+01 8.557529336188096636e-01 0.000000000000000000e+00
8.062777971128809895e+00 -3.531578121280422256e+00 0.000000000000000000e+00
1.407165025205902253e+01 -9.408539467230170317e+00 0.000000000000000000e+00
-5.567729667129918347e+00 9.046907240544980411e+00 0.000000000000000000e+00
1.507018366951147037e+01 -6.877553706595418426e-01 0.000000000000000000e+00
2.348411399199536120e+00 4.589623711690206775e+00 0.000000000000000000e+00
-3.604635495142426649e+00 1.380291610902018817e+01 0.000000000000000000e+00
-3.720612254567176258e+00 -1.361875679792184002e+01 0.000000000000000000e+00
7.411511904850631716e+00 8.983043965912759887e+00 0.000000000000000000e+00
-2.683791064083962952e-01 1.701809218481914243e+01 0.000000000000000000e+00
-1.008989094638603135e+01 -1.253901021506936786e+01 0.000000000000000000e+00
3.747719140039960095e+00 2.375732784812598364e-01 0.000000000000000000e+00
-8.027521403534226607e+00 8.139332911828969230e+00 0.000000000000000000e+00
4.341190445447065116e+00 6.384234525734379773e+00 0.000000000000000000e+00
8.557276316966236251e+00 1.804481173851984588e+00 0.000000000000000000e+00
2.867163218393152135e+00 1.122159970725043898e+01 0.000000000000000000e+00
-5.285860334876010036e+00 -3.395946842350415107e+00 0.000000000000000000e+00
-1.368395447386815178e+01 -9.441958432504467424e+00 0.000000000000000000e+00
6.350535944301785030e+00 -1.420113150374699984e+01 0.000000000000000000e+00
-8.850322192487421191e-02 -1.420211999854725526e+01 0.000000000000000000e+00
1.407624694935527465e+01 7.352066260267858588e+00 0.000000000000000000e+00
1.017782226389891909e+00 3.757091586181532161e+00 0.000000000000000000e+00
5.541341917384306370e+00 -1.256320872550645618e+00 0.000000000000000000e+00
7.276312912876696792e+00 6.428825863714432209e+00 0.000000000000000000e+00
-1.613628305221266102e+00 -6.379406722993008039e+00 0.000000000000000000e+00
4.398348961584071404e+00 -5.236407544360507593e+00 0.000000000000000000e+00
5.880278082027293962e+00 -3.978468270513064287e+00 0.000000000000000000e+00
1.475212464038898119e+01 -7.883011228503418621e+00 0.000000000000000000e+00
1.701043846191725883e+00 -9.524606440302390453e+00 0.000000000000000000e+00
5.582393721040466161e+00 1.233316841861300084e+01 0.000000000000000000e+00
4.084742975570241796e+00 4.631935190421427428e+00 0.000000000000000000e+00
-2.414937705127984557e+00 1.042006612601525362e+01 0.000000000000000000e+00
-7.479413435700266177e+00 3.404354124995901731e+00 0.000000000000000000e+00
-1.849161502803803092e+00 -1.277448215746454707e+01 0.000000000000000000e+00
-1.252564276944104726e+01 -1.127461742999847338e+01 0.000000000000000000e+00
-1.162916835053980869e+01 -1.284011800859363106e+01 0.000000000000000000e+00
1.561183894743102307e+01 2.913982247220137545e+00 0.000000000000000000e+00
-3.550174497022005049e+00 -7.534397569096823233e+00 0.000000000000000000e+00
-5.107421101501681271e+00 -7.874391553272685584e+00 0.000000000000000000e+00
-9.503375242107221510e+00 7.373615555915928599e-02 0.000000000000000000e+00
6.510448312021363648e+00 -5.439962627064956813e+00 0.000000000000000000e+00
1.263419354631984959e+01 1.029825309444478165e+01 0.000000000000000000e+00
-9.055182587350724788e+00 3.165393865462346135e+00 0.000000000000000000e+00
-1.412591812720492435e+01 -7.658931622795320138e+00 0.000000000000000000e+00
4.680348909020668025e+00 -1.125254371854945745e+01 0.000000000000000000e+00
8.218206907005540796e-01 1.482008412115169982e+01 0.000000000000000000e+00
5.825427840732567475e+00 1.633291539540236670e+01 0.000000000000000000e+00
-1.375286966494386753e+01 -1.537555743573480793e+00 0.000000000000000000e+00
-1.134966164192545435e+01 -9.356622203759467737e+00 0.000000000000000000e+00
8.902666761619096647e+00 8.644442007832546793e+00 0.000000000000000000e+00
-9.307258809640829966e+00 5.194556728691580361e+00 0.000000000000000000e+00
-2.557267211194806045e+00 1.712485961655848143e+01 0.000000000000000000e+00
-2.018655075165219248e+00 8.563794934327418895e-01 0.000000000000000000e+00
1.335280880927872449e+00 6.480079532641944695e+00 0.000000000000000000e+00
-6.636927300986464218e+00 4.706693815873506104e+00 0.000000000000000000e+00
-1.143254556099518204e+01 -8.651354326795780425e-01 0.000000000000000000e+00
-2.122223699674613773e+00 -3.113795984128632455e+00 0.000000000000000000e+00
8.242810465842438816e+00 -1.897732599993945390e+00 0.000000000000000000e+00
-1.331841032816121384e+01 5.716671829439674557e-01 0.000000000000000000e+00
-3.968440670326944808e+00 -2.597518065056887870e+00 0.000000000000000000e+00
-9.952310216032540069e+00 9.784147726492030017e+00 0.000000000000000000e+00
-1.094608532558897807e+01 5.080308122295808637e+00 0.000000000000000000e+00
-4.605535259378349622e+00 5.337561967382425721e+00 0.000000000000000000e+00
-5.747946906511051779e+00 -1.484880031234965614e+01 0.000000000000000000e+00
-8.722477328731011781e+00 -1.080124087562563062e+01 0.000000000000000000e+00
2.628443948082929360e+00 -1.636062548961625751e+01 0.000000000000000000e+00
-2.390616169179764050e+00 -1.520515669439840956e+01 0.000000000000000000e+00
-3.113199317263587673e+00 7.244939527818401892e+00 0.000000000000000000e+00
-4.158046472536899074e+00 8.324349087371418321e+00 0.000000000000000000e+00
1.096279336652421854e+01 7.154546408704304028e+00 0.000000000000000000e+00
1.386453085249567430e+01 9.141414066311691400e+00 0.000000000000000000e+00
3.818525411912736089e+00 -9.946764739990815229e+00 0.000000000000000000e+00
-6.335115977029839307e+00 -1.326980997255041750e+01 0.000000000000000000e+00
7.412457939630409776e+00 -9.634273286513900914e+00 0.000000000000000000e+00
-5.541085307994384479e+00 -1.004235217699091898e+01 0.000000000000000000e+00
-6.492899853133874410e-01 -1.678831886224229919e+01 0.000000000000000000e+00
-9.654793282816239497e+00 1.342221333641315795e+01 0.000000000000000000e+00
1.550364649345392998e+01 -5.016815091761093193e+00 0.000000000000000000e+00
-2.642943874584218200e+00 5.790452512738486490e+00 0.000000000000000000e+00
-7.569117183247833225e+00 -1.536642521942667550e+01 0.000000000000000000e+00
1.099723309562093476e+01 -7.453384741344295072e+00 0.000000000000000000e+00
-2.185126303614801646e+00 1.550107432768807847e+01 0.000000000000000000e+00
1.115940729723852520e+01 -1.278603488950198752e+01 0.000000000000000000e+00
-5.811172808753484631e+00 2.358146947693330997e+00 0.000000000000000000e+00
5.216628577393853661e+00 -1.540161056052056310e+01 0.000000000000000000e+00
4.689735750713083795e-01 8.485375158665238615e+00 0.000000000000000000e+00
3.013965218607205454e+00 -1.259520137899828462e+01 0.000000000000000000e+00
-8.256432673346104423e+00 -1.491308357388068329e+00 0.000000000000000000e+00
-1.512474996628621504e+01 -3.269828813548553814e+00 0.000000000000000000e+00
-8.547379387498985626e-01 -1.061503127099798327e+01 0.000000000000000000e+00
-7.360542240307394124e+00 -9.742553905057746988e+00 0.000000000000000000e+00
-1.276509061482955687e+01 8.189566668755805523e+00 0.000000000000000000e+00
6.933076497352435030e-01 -7.990340888145639475e+00 0.000000000000000000e+00
-1.360549916729085496e+01 2.563303553723482509e+00 0.000000000000000000e+00
-1.292098951926400119e+01 4.646521572310660098e+00 0.000000000000000000e+00
-1.351916318589359811e+01 1.078797228920119267e+01 0.000000000000000000e+00
9.743994466193639070e+00 -1.943597074593727880e+00 0.000000000000000000e+00
1.259906113702416119e+00 -5.405979361979534659e+00 0.000000000000000000e+00
-1.728838872399397886e+01 2.529889611571112251e+00 0.000000000000000000e+00
5.495340328674398478e+00 1.390781558703823961e+01 0.000000000000000000e+00
-3.950953940708641365e+00 1.702896603440363421e+00 0.000000000000000000e+00
1.689324869761525250e+01 -1.781409687482285564e+00 0.000000000000000000e+00
-1.534216002133363155e+01 4.539759148850619930e+00 0.000000000000000000e+00
5.422217607900937431e+00 -7.085725138227124020e+00 0.000000000000000000e+00
-1.729683857684194237e+01 -2.500267664429696612e+00 0.000000000000000000e+00
1.044211903116547191e+01 9.808415342681138682e+00 0.000000000000000000e+00
-1.542367250204847196e+01 3.040162721783662203e+00 0.000000000000000000e+00
-1.590841770454662729e+01 6.487943839971837434e+00 0.000000000000000000e+00
-5.146244349919975924e+00 -1.652046369929889380e+01 0.000000000000000000e+00
3.134339247586621635e+00 -3.873702671671546138e+00 0.000000000000000000e+00
1.844510661790166317e+00 9.619762586568983309e+00 0.000000000000000000e+00
-1.103540869605694041e+01 -6.907133220684935182e+00 0.000000000000000000e+00
-2.876128289959080320e+00 3.806871004218369325e+00 0.000000000000000000e+00
5.351338654745461554e+00 -9.614475596398364132e+00 0.000000000000000000e+00
7.370947604308237366e+00 -7.912391610408787912e+00 0.000000000000000000e+00
9.109882160321145506e+00 -8.073813610280305753e+00 0.000000000000000000e+00
-6.946698835935059435e+00 -1.189183039504950479e+01 0.000000000000000000e+00
-1.512357503439229589e+01 -8.345877821485320203e-01 0.000000000000000000e+00
4.972335666887101269e+00 8.753678019385541020e+00 0.000000000000000000e+00
-7.085018166076341162e-01 1.713016715773104659e+00 0.000000000000000000e+00
-7.200492424252215251e+00 1.309141829278801694e+01 0.000000000000000000e+00
-6.056484475841075188e+00 -5.190026974995899600e+00 0.000000000000000000e+00
-6.765219620359768093e+00 -8.283234867340233620e+00 0.000000000000000000e+00
-7.321651372946339720e+00 6.587292948190204278e+00 0.000000000000000000e+00
-1.016628853871848648e+01 6.460672400231063150e+00 0.000000000000000000e+00
6.359905401663179525e+00 -1.190919734928199958e+01 0.000000000000000000e+00
7.884962448963871218e+00 1.532504893660396839e+01 0.000000000000000000e+00
6.577881294882144125e+00 1.083057989278064959e+01 0.000000000000000000e+00
7.410168430554559649e+00 -1.556179177552125381e+01 0.000000000000000000e+00
2.240179524846796166e+00 -2.084862137857841913e-01 0.000000000000000000e+00
-5.001460833089103275e+00 1.657204127784157421e+01 0.000000000000000000e+00
1.471483128716448441e+01 -2.177736618452756900e+00 0.000000000000000000e+00
1.383635852356214357e+01 -3.611627941550309639e+00 0.000000000000000000e+00
1.235041468597799330e+01 8.518729465325060701e+00 0.000000000000000000e+00
4.066353225189065057e+00 1.280793726354630557e+01 0.000000000000000000e+00
6.305389990587601190e+00 4.351173954815818590e+00 0.000000000000000000e+00
1.081801589588089385e+01 1.313262155999265168e+01 0.000000000000000000e+00
-4.487783364693954447e+00 -2.869564857257585477e-01 0.000000000000000000e+00
8.972835686374923014e+00 -4.826804676952307083e-01 0.000000000000000000e+00
-2.810448579593851637e+00 -5.236096181927251791e+00 0.000000000000000000e+00
-2.492775199801247510e+00 -9.729408935464698871e+00 0.000000000000000000e+00
1.148229892852540512e+00 -1.565668414914368611e+01 0.000000000000000000e+00
-8.369066970758471058e+00 -1.404293426554188962e+01 0.000000000000000000e+00
1.283295113542767396e+01 -1.162265239550970719e+01 0.000000000000000000e+00
-1.287162366832491855e+01 6.213451603092420505e+00 0.000000000000000000e+00
4.287563415515231569e+00 1.577583956339853444e+01 0.000000000000000000e+00
-1.466199778423449196e+01 9.286118699075510463e+00 0.000000000000000000e+00
-7.797906525499415764e+00 1.756999386901263671e+00 0.000000000000000000e+00
3.181200652428524567e+00 1.666645962254743374e+00 0.000000000000000000e+00
3.015875499603176024e+00 7.569311222450681775e+00 0.000000000000000000e+00
-8.563430874203431742e+00 1.478554936427824629e+01 0.000000000000000000e+00
1.597508967290008641e+01 -6.494162002252169330e+00 0.000000000000000000e+00
1.229727682428742419e+01 1.775333063024124414e+00 0.000000000000000000e+00
3.476090976480097794e+00 9.399814514700144841e+00 0.000000000000000000e+00
-5.214786070529666695e-01 -4.613476018464738537e+00 0.000000000000000000e+00
-6.813701217340467409e+00 1.599409007527270177e+01 0.000000000000000000e+00
-1.178151371990149343e+01 9.945311583019496027e+00 0.000000000000000000e+00
1.298897768805326969e+01 5.003851535091033753e+00 0.000000000000000000e+00
-7.751568685774955725e+00 1.001019432713927237e+01 0.000000000000000000e+00
9.991502789439580923e+00 -1.377495335511416563e+01 0.000000000000000000e+00
-3.697809805584695853e-01 1.308057447018967601e+01 0.000000000000000000e+00
-2.649558512302725433e+00 -1.680343813534208053e+01 0.000000000000000000e+00
-9.536590035838200530e-01 6.426341900529259910e+00 0.000000000000000000e+00
8.664390187176836733e+00 7.022164650567541244e+00 0.000000000000000000e+00
-1.335358133428840688e+00 8.734938017388236275e+00 0.000000000000000000e+00
-1.241583351319969530e+01 -3.626699208160416354e+00 0.000000000000000000e+00
1.268754117011644311e+01 6.609384444348385124e+00 0.000000000000000000e+00
-9.161576393989928846e+00 -3.690969701238209666e+00 0.000000000000000000e+00
-2.178464380818058821e+00 1.218917237729952596e+01 0.000000000000000000e+00
-4.139466166287447457e+00 9.894935628772756786e+00 0.000000000000000000e+00
-4.676629319608602842e+00 3.413270571913320062e+00 0.000000000000000000e+00
6.526375033341561327e+00 1.772891012184220738e+00 0.000000000000000000e+00
2.837308777259510251e+00 6.014240036307302084e+00 0.000000000000000000e+00
-5.848846952475669769e-02 1.157760541460284820e+01 0.000000000000000000e+00
1.656844336434911247e+00 -3.583000207530235848e+00 0.000000000000000000e+00
1.315941912863937091e+01 -7.774914332840850761e+00 0.000000000000000000e+00
3.381656850244069812e+00 -8.449331528463870811e+00 0.000000000000000000e+00
-5.556604567772320813e+00 7.822912145890096314e-01 0.000000000000000000e+00
9.250177946776140914e+00 4.792155964757525588e+00 0.000000000000000000e+00
1.569880455728648094e+01 -3.483712620685496031e+00 0.000000000000000000e+00
-1.093330490013682210e+00 -3.797217314942399891e-01 0.000000000000000000e+00
8.604506705001375710e-01 -1.290767450922096238e+01 0.000000000000000000e+00
1.712203703121114273e+01 2.380965807911941567e+00 0.000000000000000000e+00
1.096276672271310870e+00 -1.924487116538922793e+00 0.000000000000000000e+00
-1.698592231986851786e+01 -4.022878856944103632e+00 0.000000000000000000e+00
1.529187118742839147e+01 8.369915516893081886e+00 0.000000000000000000e+00
8.190585262284233892e+00 -1.368702910598348588e+01 0.000000000000000000e+00
2.117148050349815680e+00 -6.918847889000446116e+00 0.000000000000000000e+00
1.053202135948381013e+01 -1.129970362425754082e+01 0.000000000000000000e+00
