-1.256159922500922299e+01 -3.277465019555540149e+00 0.000000000000000000e+00
8.455210673030006063e+00 6.855735539211004870e+00 0.000000000000000000e+00
1.801070887469953030e+00 1.547323914948804813e+01 0.000000000000000000e+00
6.157723652974162604e-02 1.029851938023496949e+01 0.000000000000000000e+00
-1.685970513818156746e+01 3.698524517973440506e+00 0.000000000000000000e+00
-8.769318346163712974e+00 -1.654848835653932326e+01 0.000000000000000000e+00
-5.164981005533183733e+00 -7.361376415119704752e-01 0.000000000000000000e+00
4.137466284981655029e+00 1.506880593408845037e+01 0.000000000000000000e+00
4.857739975285299550e-01 -1.904344076534326691e+00 0.000000000000000000e+00
4.961557595739245485e+00 3.930059062673158188e+00 0.000000000000000000e+00
-1.410688996510833348e+00 9.524395266233669943e+00 0.000000000000000000e+00
4.117497959109392980e+00 -7.302096530415289166e+00 0.000000000000000000e+00
4.956844015051030894e+00 -2.073052736178235822e+00 0.000000000000000000e+00
-7.981103630515518077e-01 1.618511160185098774e+01 0.000000000000000000e+00
-8.182598168437651864e+00 -2.593590401336582030e+00 0.000000000000000000e+00
-4.180153858584790605e+00 -1.850877366452989747e+01 0.000000000000000000e+00
-8.835005223102127658e+00 1.564398972492550222e+01 0.000000000000000000e+00
-1.063974013323199941e+01 -4.524690293829000787e+00 0.000000000000000000e+00
6.268103385138134698e+00 -1.461861775389968798e+01 0.000000000000000000e+00
-1.327120279426733518e+01 1.276328897980948263e+01 0.000000000000000000e+00
-4.353919506757796043e+00 -5.912555836600676962e+00 0.000000000000000000e+00
-1.608994436675089901e+01 7.675523991583281358e+00 0.000000000000000000e+00
1.607664657943370656e+01 8.832525697150979127e+00 0.000000000000000000e+00
-1.325298495349481875e+01 5.703110786178299030e+00 0.000000000000000000e+00
1.209459865399552037e+01 -9.980867122543720882e+00 0.000000000000000000e+00
1.263925843752718992e+00 7.240478234503544108e+00 0.000000000000000000e+00
-1.821492126333120964e+01 -5.213649645603162242e+00 0.000000000000000000e+00
-6.776705492862276969e+00 -1.223040661232582771e+01 0.000000000000000000e+00
2.996879168189159337e+00 1.755594771728048542e+01 0.000000000000000000e+00
-7.611363541101685115e+00 -5.906560761146096850e-01 0.000000000000000000e+00
-3.894596210144901094e-01 -1.569096768374329365e+01 0.000000000000000000e+00
1.345270264717795605e+01 -9.268934792697006486e+00 0.000000000000000000e+00
-5.900063730506280996e-02 -4.145198994945708648e+00 0.000000000000000000e+00
-1.222187434878957646e+01 4.612093713485626800e+00 0.000000000000000000e+00
1.173816030555665968e+01 -1.163404335324689676e+01 0.000000000000000000e+00
-2.373219144491523380e+00 -4.181338177243103083e+00 0.000000000000000000e+00
-1.312823633797324918e+00 -2.732986153114235428e+00 0.000000000000000000e+00
1.644428645196115113e+01 -3.759520871830585254e+00 0.000000000000000000e+00
7.539831764626798716e+00 1.162272954110060574e+01 0.000000000000000000e+00
7.019093463906704855e+00 -1.627704927704509075e+01 0.000000000000000000e+00
-1.805128719366131307e+01 -1.504219694254715245e+00 0.000000000000000000e+00
-7.867544918351412342e+00 5.938552692021768387e+00 0.000000000000000000e+00
6.594226479492012238e+00 -9.407468698122666950e+00 0.000000000000000000e+00
1.091311391626511362e+00 -7.716246142593378821e+00 0.000000000000000000e+00
1.156294799727635869e+01 3.321841897531171983e-01 0.000000000000000000e+00
3.036660848537260371e+00 -9.140485306652323061e+00 0.000000000000000000e+00
1.955024450589941676e+00 9.464882737451180361e+00 0.000000000000000000e+00
-1.159537948246160965e+01 -7.278964248275131554e-01 0.000000000000000000e+00
-4.128063071688215402e+00 7.180633461694863051e+00 0.000000000000000000e+00
-6.495561578588006313e+00 -2.007970190082134732e+00 0.000000000000000000e+00
-3.453412597588002342e+00 -1.014808674676064193e+01 0.000000000000000000e+00
-1.243396378117509915e+00 -7.539939164462452936e+00 0.000000000000000000e+00
-5.546645809875664135e+00 -9.406325669379091536e+00 0.000000000000000000e+00
-8.322809423153394448e+00 1.290211098562673264e+01 0.000000000000000000e+00
1.162830770170551986e+01 1.071449847389465759e+01 0.000000000000000000e+00
9.925535082752421800e+00 1.458809973315410247e+01 0.000000000000000000e+00
-2.331666700128125935e+00 5.163008719053946649e+00 0.000000000000000000e+00
-1.120960558577216482e+01 1.215586709985480596e+01 0.000000000000000000e+00
2.329140514807411133e+00 -8.739589661044230851e-02 0.000000000000000000e+00
-1.700029009910831057e+00 1.138529050022263611e+01 0.000000000000000000e+00
-1.589780785325324608e+01 -1.014952055083615612e+01 0.000000000000000000e+00
-5.866978933546813657e+00 -4.917809664884849497e+00 0.000000000000000000e+00
1.727201191450943440e+01 4.079783446355972565e+00 0.000000000000000000e+00
-1.674866978308723020e+01 -2.692594102247098942e+00 0.000000000000000000e+00
1.240302179803778948e+01 -3.071499429832297068e+00 0.000000000000000000e+00
-6.278111722555814289e+00 8.902080747440280772e-01 0.000000000000000000e+00
-9.404372491388931721e+00 1.160608501329047115e+01 0.000000000000000000e+00
1.265172000400907493e+01 -6.933944493174743151e+00 0.000000000000000000e+00
-5.750974604495910469e+00 -1.700100867850732911e+01 0.000000000000000000e+00
7.453167097360612559e+00 -6.747336855419235668e+00 0.000000000000000000e+00
1.135992797868877191e-01 1.431440005980955377e+01 0.000000000000000000e+00
-3.965137576193258351e+00 -1.215333975025831315e+01 0.000000000000000000e+00
3.052741285391773030e+00 -1.081065033647257501e+01 0.000000000000000000e+00
-1.835084214236925249e+01 7.234850897580508144e-01 0.000000000000000000e+00
-1.167361680508615507e+01 7.313814876386103059e+00 0.000000000000000000e+00
1.443208291470265614e+01 1.082571296016115703e+01 0.000000000000000000e+00
-5.033582133121349500e+00 3.670119315384205549e+00 0.000000000000000000e+00
-8.472610765300872870e+00 -1.343277828940433238e+01 0.000000000000000000e+00
5.035144178198157405e+00 1.473197939537162215e-01 0.000000000000000000e+00
-2.209256361924077705e+00 3.166212289923109768e+00 0.000000000000000000e+00
-1.748564336249303253e+01 1.968244199952329687e+00 0.000000000000000000e+00
3.074901347793749462e+00 1.462536996201964090e+00 0.000000000000000000e+00
6.376382214759406253e+00 1.277126720010106453e+01 0.000000000000000000e+00
-5.833427306597102735e+00 1.339089659386070785e+01 0.000000000000000000e+00
-1.038039948201886986e+01 -1.990587720103282443e+00 0.000000000000000000e+00
5.202742048050439827e+00 -5.724980059394727760e+00 0.000000000000000000e+00
1.247048272592218687e+01 -1.309246339879258514e+01 0.000000000000000000e+00
-3.769122615461603654e-01 -1.382290983858283440e+01 0.000000000000000000e+00
6.753883508650570633e+00 2.118325709014476477e+00 0.000000000000000000e+00
3.546225462330782285e+00 5.436961405223812882e+00 0.000000000000000000e+00
-5.378602715911962484e+00 1.750138165582729854e+01 0.000000000000000000e+00
-1.001588963011847433e+01 3.429600287132763548e-01 0.000000000000000000e+00
-1.124391734371864437e+01 -1.000309715629779639e+01 0.000000000000000000e+00
1.496889898990986545e+01 -1.386045939615193179e+00 0.000000000000000000e+00
1.053217997992716448e+01 2.197166604494707354e+00 0.000000000000000000e+00
-1.187511237752888604e+01 -1.245478903422152328e+01 0.000000000000000000e+00
9.229216401342238640e+00 -4.676354395932233565e+00 0.000000000000000000e+00
2.086043938113496754e+00 -2.209530972087348388e+00 0.000000000000000000e+00
3.749465013223340026e+00 -4.934758844166667657e+00 0.000000000000000000e+00
-1.091207294637431069e+01 -1.462114893858979414e+01 0.000000000000000000e+00
9.954837253280452103e+00 -1.292532553025905884e+01 0.000000000000000000e+00
4.900931842779925773e+00 1.371836948779678700e+01 0.000000000000000000e+00
4.069890599703517076e+00 1.146959647871545407e+01 0.000000000000000000e+00
9.689521946381792761e-01 5.119452802948984527e+00 0.000000000000000000e+00
1.295693879997181497e-01 -5.659828811371439450e+00 0.000000000000000000e+00
1.568353491107228770e+00 -9.680513869176625263e+00 0.000000000000000000e+00
1.798222262268529192e+01 -2.502720472174114530e+00 0.000000000000000000e+00
1.968170200637975764e+00 -1.564138596233010325e+01 0.000000000000000000e+00
1.511559484649785734e+00 -1.242567610924723986e+01 0.000000000000000000e+00
-1.648927768795006799e+01 5.847805901305496157e-01 0.000000000000000000e+00
1.000773231967628618e+01 4.834012138091948962e+00 0.000000000000000000e+00
-4.880893586083611346e+00 1.584938702379352549e+01 0.000000000000000000e+00
-1.259218124313641063e+01 -6.238036220553430766e+00 0.000000000000000000e+00
9.094029082118060714e+00 2.722147100246468554e+00 0.000000000000000000e+00
-8.068570448629005298e+00 1.032280652476718741e+00 0.000000000000000000e+00
1.416735141590721625e+01 2.898629745354859288e-01 0.000000000000000000e+00
-1.417237885365688843e+00 7.138430327495324690e+00 0.000000000000000000e+00
-2.365969567011371844e+00 1.767777684747559874e+01 0.000000000000000000e+00
4.847774090724334073e+00 -9.993357042685916625e+00 0.000000000000000000e+00
1.396130009966530849e+01 -5.478501036870971674e+00 0.000000000000000000e+00
-1.509856659106191934e+01 4.724923028255883395e+00 0.000000000000000000e+00
-5.445523307651798817e+00 9.079745870578893374e+00 0.000000000000000000e+00
-1.594631695192206067e+01 -7.374032344708027154e+00 0.000000000000000000e+00
1.657675226275313918e+01 -6.254530233385651172e+00 0.000000000000000000e+00
7.376966399723283274e+00 1.459525480070547943e+01 0.000000000000000000e+00
9.940487421035607341e+00 -7.541974849793208868e+00 0.000000000000000000e+00
-1.886741256341565975e+00 1.399384891063154690e+01 0.000000000000000000e+00
1.282714257434915517e+01 5.975042780231717643e+00 0.000000000000000000e+00
-8.848054350834093640e+00 -6.347277708355279380e+00 0.000000000000000000e+00
7.391686800565491211e+00 1.653820098510522740e+01 0.000000000000000000e+00
1.199299579110811464e+01 1.374620887793848745e+01 0.000000000000000000e+00
1.326238598456673756e+01 1.509657438966083731e+00 0.000000000000000000e+00
1.389554520993625530e+01 4.843258045650745913e+00 0.000000000000000000e+00
-1.251020774924514711e+01 1.000489996535626958e+01 0.000000000000000000e+00
1.521864392096954077e+01 4.129114528818876195e+00 0.000000000000000000e+00
-1.013750880022519674e+01 8.074491554205918575e+00 0.000000000000000000e+00
6.990253816469822468e+00 5.903104434089074815e-01 0.000000000000000000e+00
1.827331206719385870e-01 1.197450541141090419e+01 0.000000000000000000e+00
1.209396003362350341e-01 -9.159884662343658945e+00 0.000000000000000000e+00
-1.175034369734969353e+01 3.021797312018903447e+00 0.000000000000000000e+00
-1.477489569181340023e+01 6.231935866669940260e+00 0.000000000000000000e+00
9.821316850499002271e+00 1.172653617979849905e+01 0.000000000000000000e+00
-3.596916240273986709e+00 2.101078384579102121e+00 0.000000000000000000e+00
3.639254543875945075e-02 -1.736581019275500992e+01 0.000000000000000000e+00
-1.396194637978766018e+01 -9.911441707076628305e+00 0.000000000000000000e+00
-1.287237231758759393e+01 3.813489337300225435e-01 0.000000000000000000e+00
-1.495236474620376299e+01 -1.781965240419953522e+00 0.000000000000000000e+00
-1.284898048109972457e+01 -1.611929498394267579e+00 0.000000000000000000e+00
1.847427535630035678e+01 -2.774609802232925193e-01 0.000000000000000000e+00
-6.804147365177050766e+00 -7.112379123629304800e+00 0.000000000000000000e+00
1.584294804133848089e+01 8.898845503667826007e-01 0.000000000000000000e+00
-7.624083179971539614e+00 1.093761608354822101e+01 0.000000000000000000e+00
5.150492247146208236e+00 8.234030462790668636e+00 0.000000000000000000e+00
3.086871045211995401e+00 -1.718598233392113883e+01 0.000000000000000000e+00
7.110061385776450749e+00 -1.199124502332409925e+01 0.000000000000000000e+00
-7.277353612324185761e+00 -1.500819008912345431e+01 0.000000000000000000e+00
-6.940145992795778263e+00 8.952268756180085774e+00 0.000000000000000000e+00
1.139203377436413422e+00 -1.413005429089097653e+01 0.000000000000000000e+00
-3.646182083845353361e+00 -3.166960536598461218e+00 0.000000000000000000e+00
-8.679739733643263566e-01 3.345321260717379341e-01 0.000000000000000000e+00
1.552450377403634185e+01 -9.608014503080333668e+00 0.000000000000000000e+00
8.635705038943461531e+00 -1.111613398464624858e+01 0.000000000000000000e+00
-6.799447405441255476e+00 1.599581349147596754e+01 0.000000000000000000e+00
-1.485542159370636206e+01 1.241700770861355441e+00 0.000000000000000000e+00
9.656445462504617439e+00 -1.444151221764594339e+01 0.000000000000000000e+00
3.721321064118552902e-01 3.377154090248337681e+00 0.000000000000000000e+00
2.881200956910068722e+00 7.073979526908232174e+00 0.000000000000000000e+00
1.060173206217787012e+01 8.064882241286094100e+00 0.000000000000000000e+00
2.079487399748860543e+00 1.221383957072765369e+01 0.000000000000000000e+00
9.212823960120077871e+00 9.412687503715607917e+00 0.000000000000000000e+00
1.702781738119730548e+01 -7.696194386512963170e+00 0.000000000000000000e+00
-9.765840777891966695e+00 -9.484446546609254014e+00 0.000000000000000000e+00
-1.065877600727701591e+01 5.757362865609477964e+00 0.000000000000000000e+00
-3.796731680168853984e+00 9.931610063305374325e+00 0.000000000000000000e+00
1.385160432334545000e+01 -3.787258230624870770e+00 0.000000000000000000e+00
-5.762656219464150631e+00 5.218914528589348123e+00 0.000000000000000000e+00
5.502124568937778903e+00 1.699592974627874042e+01 0.000000000000000000e+00
-2.247108026260087321e+00 -1.127349751072399364e+01 0.000000000000000000e+00
-1.499474085834916082e+01 -4.830504460871706485e+00 0.000000000000000000e+00
-2.311941832546484665e+00 -1.866067367387130460e+01 0.000000000000000000e+00
1.801055685888903746e+00 -4.698825666946857993e+00 0.000000000000000000e+00
-2.421417091882856809e+00 -8.973449205348771329e+00 0.000000000000000000e+00
6.214037674892495922e+00 -3.887477501980808547e+00 0.000000000000000000e+00
9.012683711213806959e+00 -1.293832278720265183e+00 0.000000000000000000e+00
9.897372786016539692e+00 -1.602710835339588158e+01 0.000000000000000000e+00
-1.666693095174863259e+01 -5.811211158413382982e+00 0.000000000000000000e+00
-1.804899773068636293e+01 4.915447732484248711e+00 0.000000000000000000e+00
1.678919286850328518e+01 6.795412726630715383e+00 0.000000000000000000e+00
4.692180460951183463e+00 -1.494409810323101873e+01 0.000000000000000000e+00
1.029593280640072095e+01 -3.273253311434865420e+00 0.000000000000000000e+00
1.373784883029331283e+01 9.193859973957636100e+00 0.000000000000000000e+00
-1.481660536614248436e+01 1.167478884754642010e+01 0.000000000000000000e+00
-1.013370031036719610e+01 -1.111204453280486604e+01 0.000000000000000000e+00
-7.206752103612075189e+00 3.932492418527537836e+00 0.000000000000000000e+00
-1.019870946957077074e+01 1.401394917273174912e+01 0.000000000000000000e+00
5.391806082757158336e+00 -1.298297547625895909e+01 0.000000000000000000e+00
-1.284824135549513180e+01 -1.379262674436655800e+01 0.000000000000000000e+00
-2.416898868927362276e+00 3.362887803536207532e-01 0.000000000000000000e+00
-7.786362310733448311e+00 -9.635552770432020964e+00 0.000000000000000000e+00
-4.408536549466784749e+00 -1.500038039473666984e+01 0.000000000000000000e+00
-5.094213570500453869e+00 -1.092242766044664393e+01 0.000000000000000000e+00
1.003139406513788146e+01 5.338525842026684565e-01 0.000000000000000000e+00
-6.481889512835064870e+00 7.064107447956585517e+00 0.000000000000000000e+00
-1.361936279877748568e+01 -1.187768711120877718e+01 0.000000000000000000e+00
-1.003626995770743235e+01 -7.869024509359405783e+00 0.000000000000000000e+00
-1.088515406352248860e+01 9.450660940438616819e+00 0.000000000000000000e+00
1.275270073091767387e+01 3.777768960104689544e+00 0.000000000000000000e+00
-8.876550535044895440e+00 9.001884188820325150e+00 0.000000000000000000e+00
-5.084422783264975543e+00 -1.336423784809225879e+01 0.000000000000000000e+00
2.087248416382404770e+00 2.859378964135470991e+00 0.000000000000000000e+00
-1.723437613778905364e-01 -1.226037765344400832e+01 0.000000000000000000e+00
4.776573442486246712e+00 1.751631688956046151e+00 0.000000000000000000e+00
-1.355311796895541221e+01 -7.507280097024885634e+00 0.000000000000000000e+00
1.660229036525321078e+01 -1.511759185072201861e+00 0.000000000000000000e+00
-7.532911240379981166e+00 1.441505241772542512e+01 0.000000000000000000e+00
1.797989677571129263e+01 1.173531386379114583e+00 0.000000000000000000e+00
-1.670927979703433408e+01 5.592119102176253520e+00 0.000000000000000000e+00
-5.060522105607870635e+00 1.205179281049616513e+01 0.000000000000000000e+00
7.978948028744552445e+00 -1.441462592549002864e+01 0.000000000000000000e+00
-4.438985878847785393e+00 -8.228120741198946320e+00 0.000000000000000000e+00
-2.767059515825791571e+00 -1.579811915717087345e+01 0.000000000000000000e+00
7.608008948177515940e-01 1.821433840924745340e+01 0.000000000000000000e+00
-1.377247665515146302e+01 8.482923536087302097e+00 0.000000000000000000e+00
1.855006716435342540e+01 3.096626576933795061e+00 0.000000000000000000e+00
1.166817996162398963e+01 -1.478047594294282518e+01 0.000000000000000000e+00
-1.423213187007918812e+01 -3.098087707475414732e+00 0.000000000000000000e+00
-7.463712387049354469e+00 -4.202990011493390909e+00 0.000000000000000000e+00
-2.987742781334614239e+00 8.585516420607225641e+00 0.000000000000000000e+00
3.566164362523509102e+00 -1.298138376955523476e+01 0.000000000000000000e+00
-1.404406357186248755e+01 3.551918865415635729e+00 0.000000000000000000e+00
-3.225862678137807027e+00 1.606140062123432344e+01 0.000000000000000000e+00
-9.855722517251995995e+00 2.989082892070512809e+00 0.000000000000000000e+00
6.997109929716963883e+00 3.741670061180844886e+00 0.000000000000000000e+00
3.658000388864857122e+00 -7.920070423719524078e-01 0.000000000000000000e+00
3.395202349813336795e+00 1.319685412875174357e+01 0.000000000000000000e+00
-3.679467193036933814e+00 1.362144044710969482e+01 0.000000000000000000e+00
8.013372350927303600e+00 -3.576031308421605548e+00 0.000000000000000000e+00
5.515101474818114191e+00 -1.677866533216459999e+01 0.000000000000000000e+00
-1.069960224452670516e+01 -6.150165164375694715e+00 0.000000000000000000e+00
1.275927875557114888e+01 -6.813754684879852475e-01 0.000000000000000000e+00
-7.295985514432251406e+00 -1.710289962777049411e+01 0.000000000000000000e+00
3.422561032117887869e+00 3.627320339388224735e+00 0.000000000000000000e+00
6.917368553512173612e+00 1.004770226396379584e+01 0.000000000000000000e+00
-4.014779381170676231e+00 5.105369012012048735e+00 0.000000000000000000e+00
-1.184520661513898787e+01 1.418496713313321500e+01 0.000000000000000000e+00
1.016673273674437183e+01 -6.026120374232529997e+00 0.000000000000000000e+00
8.370964828394399149e+00 -9.083145730559259334e+00 0.000000000000000000e+00
5.252941120459710511e+00 5.451339167912084172e+00 0.000000000000000000e+00
1.362731624916792050e+01 -1.075915687215605665e+01 0.000000000000000000e+00
-4.085517301714462590e+00 -1.654014924045418056e+01 0.000000000000000000e+00
8.412795125464642254e+00 4.760531523940484178e+00 0.000000000000000000e+00
1.455589969599463451e+01 7.460825838899956430e+00 0.000000000000000000e+00
6.317754711253323885e-01 1.671397115986437143e+01 0.000000000000000000e+00
-1.559517779545875626e+01 9.231696234621677988e+00 0.000000000000000000e+00
6.951424953257149042e+00 6.916030998935983831e+00 0.000000000000000000e+00
9.204000725370599101e-01 1.309668707328071502e+00 0.000000000000000000e+00
