6.755367277721142649e+00 1.466368207951029667e+01 0.000000000000000000e+00
1.596810778924002916e+00 1.285761180085152233e+01 0.000000000000000000e+00
-1.070828535794903047e+01 -1.364049142954804417e+01 0.000000000000000000e+00
8.604005158978539569e+00 -4.776966618371457085e-01 0.000000000000000000e+00
4.922624250752492436e+00 -6.697761557763251439e+00 0.000000000000000000e+00
1.290934381995615787e+01 1.053370032048044358e+01 0.000000000000000000e+00
1.400288122667052715e-01 -1.334526944344347399e+01 0.000000000000000000e+00
8.200231345446166387e+00 6.463263003984740074e+00 0.000000000000000000e+00
-6.780271732707506160e+00 -2.587287626219150649e+00 0.000000000000000000e+00
-1.248605315196443932e+01 5.123125249805131176e+00 0.000000000000000000e+00
-7.309212682576093023e+00 -1.457675735761043612e+01 0.000000000000000000e+00
-5.922475236800763376e+00 7.959093282105878409e+00 0.000000000000000000e+00
1.711305001385122893e+01 1.233421123698551503e+00 0.000000000000000000e+00
7.688283972594394555e+00 -1.325693473725510074e+01 0.000000000000000000e+00
-8.129959464107738398e+00 5.446913162693344468e+00 0.000000000000000000e+00
-2.167930555273811066e+00 1.143002378978782291e-01 0.000000000000000000e+00
1.326032813533312904e+01 -1.287413094916235679e+00 0.000000000000000000e+00
-2.152856448353933860e+00 5.095390190967562738e+00 0.000000000000000000e+00
-7.086989687544595462e+00 -6.952529143213584950e-01 0.000000000000000000e+00
1.595931434426478290e+01 -5.939310201428598113e+00 0.000000000000000000e+00
-9.689934597573385489e+00 -7.282566649283069182e+00 0.000000000000000000e+00
1.627610507287995389e+01 -1.014601944896242225e+00 0.000000000000000000e+00
2.209346917850550707e+00 1.454356306158349765e-01 0.000000000000000000e+00
-5.173432391626797688e+00 1.274809118724024870e+01 0.000000000000000000e+00
6.261461003935987257e+00 9.743849663947655060e+00 0.000000000000000000e+00
-5.613266741536939719e+00 1.537324371454303673e+01 0.000000000000000000e+00
1.129515852562252398e+01 6.902834408683244938e+00 0.000000000000000000e+00
7.941484014154334137e-01 -1.623616820005376127e+01 0.000000000000000000e+00
6.549276203024836818e+00 5.280434081677769509e-01 0.000000000000000000e+00
-5.854516129734688157e+00 1.021485625313540879e+01 0.000000000000000000e+00
3.432503896025713708e+00 -9.448247434319108962e+00 0.000000000000000000e+00
-1.596180326230390634e+01 -3.518745395701031953e+00 0.000000000000000000e+00
-6.754628197340779572e+00 1.344851547592410945e+01 0.000000000000000000e+00
-6.219820028029470649e+00 4.793463167020499682e+00 0.000000000000000000e+00
3.418823045437021868e+00 -7.496493110988653896e+00 0.000000000000000000e+00
3.548173613034628193e+00 1.046321521604016169e+01 0.000000000000000000e+00
-6.920503319218286542e+00 3.317609598663488146e+00 0.000000000000000000e+00
1.451872291239514112e+01 1.133634216472936718e+00 0.000000000000000000e+00
-4.512143947216554096e+00 2.783468179994938119e+00 0.000000000000000000e+00
-9.549468786903627660e+00 3.186138761220697724e+00 0.000000000000000000e+00
-1.270634492177777375e+01 -5.780697166558806721e+00 0.000000000000000000e+00
-3.413776094690569085e+00 1.483018726620508154e+01 0.000000000000000000e+00
1.452328731474324286e+01 8.574428975414081222e+00 0.000000000000000000e+00
4.287434696609210505e+00 -1.102728977214623818e+01 0.000000000000000000e+00
5.738835510160351205e+00 1.265487386246644341e+01 0.000000000000000000e+00
2.429571075851872097e-01 6.057740863169740919e+00 0.000000000000000000e+00
7.517844686038042568e+00 3.518465080951041379e+00 0.000000000000000000e+00
-1.243781493458333998e+01 -8.037079153402469700e+00 0.000000000000000000e+00
9.694372942254721792e+00 5.920509548865824812e+00 0.000000000000000000e+00
-9.316161135472896149e+00 -2.265518044882993465e+00 0.000000000000000000e+00
7.092714073895158400e+00 -8.849198267159064102e+00 0.000000000000000000e+00
-1.255315269838399672e+01 -3.925747242528158765e+00 0.000000000000000000e+00
-6.146287670532545322e-01 1.535293041761624977e+01 0.000000000000000000e+00
-9.980900673395767697e+00 1.062913147113276047e+01 0.000000000000000000e+00
3.520586078128649543e+00 1.236150488349938925e+01 0.000000000000000000e+00
6.479825348505104721e+00 7.095090199826799449e+00 0.000000000000000000e+00
1.504136961536509887e+01 4.801223050498282241e+00 0.000000000000000000e+00
2.574058212683269620e+00 -1.220085946063612958e+01 0.000000000000000000e+00
8.591643661666752863e+00 4.713008624388121959e+00 0.000000000000000000e+00
-2.048371919661825746e+00 3.359101889500863969e+00 0.000000000000000000e+00
-5.567681972489274322e+00 -1.188903154030735365e+01 0.000000000000000000e+00
-1.194561595161223266e+01 7.505562158712201004e+00 0.000000000000000000e+00
-8.568589824486226192e+00 -4.398468094575110676e+00 0.000000000000000000e+00
-1.246132041446514016e+01 -9.820097675784762004e+00 0.000000000000000000e+00
3.306433937772013998e+00 1.282059558111676933e+00 0.000000000000000000e+00
-3.230159355368543928e+00 -8.725628519739910161e+00 0.000000000000000000e+00
-6.548882174954187008e-01 -9.681263890390360061e+00 0.000000000000000000e+00
1.337018311811352511e+01 -3.432210390947807443e+00 0.000000000000000000e+00
1.157935345912829650e+00 -3.210582093600836462e+00 0.000000000000000000e+00
4.453516000881634795e+00 4.593710212209251686e+00 0.000000000000000000e+00
-1.372622297224094190e+01 9.781250756102901178e+00 0.000000000000000000e+00
-1.206692380748858540e+01 1.960297117412083567e+00 0.000000000000000000e+00
6.283251119625216319e+00 -1.065428903758313872e+01 0.000000000000000000e+00
-7.585737890406572426e+00 9.816653187194447128e+00 0.000000000000000000e+00
1.209358608982925887e+01 -6.289898483819313491e+00 0.000000000000000000e+00
1.066326417090589196e+01 9.651430816813030944e+00 0.000000000000000000e+00
1.660715052083535781e+01 4.417657802819026536e+00 0.000000000000000000e+00
-4.152009032788032350e+00 -7.262154431082456618e+00 0.000000000000000000e+00
-7.108703904541723517e+00 -1.159031892540359188e+01 0.000000000000000000e+00
1.487975144141368311e+01 6.790090315338962235e+00 0.000000000000000000e+00
1.128588527366695438e+01 -1.299550833605571221e+01 0.000000000000000000e+00
-2.815786729571167005e-02 3.137203630108372998e+00 0.000000000000000000e+00
-6.349267377841742999e+00 -5.512626719107857731e+00 0.000000000000000000e+00
-1.133623368693935696e+01 -7.470075624126433222e-01 0.000000000000000000e+00
-2.094231940344009946e+00 -3.235887373640315534e+00 0.000000000000000000e+00
4.647379562578326961e+00 -1.345305665124100258e+01 0.000000000000000000e+00
3.021397698225821493e+00 1.624175898691497721e+01 0.000000000000000000e+00
-3.084604437883271544e+00 7.405043364273559803e+00 0.000000000000000000e+00
5.584799069000566440e+00 -4.869301473791354695e+00 0.000000000000000000e+00
-7.713347389969673618e-01 -4.164754530863229220e+00 0.000000000000000000e+00
-8.639771115061520845e+00 1.340452061887893898e+01 0.000000000000000000e+00
1.191169182929579762e+01 2.749712912963794831e-01 0.000000000000000000e+00
1.377927247799506105e+01 -7.114679612855585589e+00 0.000000000000000000e+00
1.246284652306439789e+01 1.224748909879504666e+01 0.000000000000000000e+00
-8.937929388532259267e+00 1.192515714967492357e+01 0.000000000000000000e+00
-1.920633480175077290e+00 -1.514899573014363732e+01 0.000000000000000000e+00
2.640817173739524737e+00 1.415830487660992354e+01 0.000000000000000000e+00
1.195152011459379082e+01 8.701295365433102447e+00 0.000000000000000000e+00
-1.381068668257319310e+01 2.452323266374688338e+00 0.000000000000000000e+00
-4.447815068937051919e+00 -2.569539958681879011e+00 0.000000000000000000e+00
1.290136959122513893e+01 1.955746540429280644e+00 0.000000000000000000e+00
-8.918879506868902851e+00 8.113388795103414708e+00 0.000000000000000000e+00
1.523598289406166595e+00 1.725308886962355004e+01 0.000000000000000000e+00
8.037535927488940857e+00 9.571433927922441853e+00 0.000000000000000000e+00
-1.587005633717128994e+00 1.729017774824621156e+01 0.000000000000000000e+00
-4.078824570313118514e+00 9.114828830819284633e+00 0.000000000000000000e+00
-1.485063360875566563e+00 -1.205657758558180603e+01 0.000000000000000000e+00
-1.128343257611429351e+01 9.381577723061250040e+00 0.000000000000000000e+00
1.253039840404531313e+00 1.543351318289164809e+01 0.000000000000000000e+00
1.560147126938618278e+01 -3.138745382578700394e+00 0.000000000000000000e+00
1.639186305585550452e+00 8.331032992602770193e+00 0.000000000000000000e+00
9.029930698526422717e+00 1.443035130117713472e+01 0.000000000000000000e+00
-1.520147021671346366e+01 8.494924502635184282e+00 0.000000000000000000e+00
1.001037261990721072e+00 -9.527508098526144664e+00 0.000000000000000000e+00
-1.367899890737930946e+00 8.029235690900838662e+00 0.000000000000000000e+00
1.415602267163963646e+00 -7.867427542552721142e+00 0.000000000000000000e+00
3.654807229372427635e+00 -1.654161748669716303e+01 0.000000000000000000e+00
-1.615576952099617714e+00 -1.729988022782555390e+01 0.000000000000000000e+00
-1.347919211996727318e-01 -6.944585202461211360e+00 0.000000000000000000e+00
9.565968261973928577e+00 -1.128428575454627136e+01 0.000000000000000000e+00
-1.005374600428788412e+01 6.437822392250078352e+00 0.000000000000000000e+00
-1.346931707691235758e+01 6.895322970180981059e+00 0.000000000000000000e+00
5.929553476703147474e+00 3.530617427606230319e+00 0.000000000000000000e+00
5.786881650957219847e+00 -1.237885751827790060e+01 0.000000000000000000e+00
1.636532407626388164e+01 2.884701966722853061e+00 0.000000000000000000e+00
9.494709335864840227e+00 -1.327263816822331499e+01 0.000000000000000000e+00
4.307530155244493564e+00 -2.499278289849486967e+00 0.000000000000000000e+00
-1.496053145245339344e+01 -8.786289505876132111e+00 0.000000000000000000e+00
-5.812477153335504632e+00 6.316916236325798906e+00 0.000000000000000000e+00
4.833026976799556507e-01 -1.707769652906997671e+00 0.000000000000000000e+00
-8.296450862201844245e+00 -8.281374444269143709e+00 0.000000000000000000e+00
9.568429151682899203e+00 -5.422010843541618996e+00 0.000000000000000000e+00
-9.233889681651337611e+00 -6.465082230010511521e-01 0.000000000000000000e+00
-4.200185225153099111e+00 -5.276318463308101725e-01 0.000000000000000000e+00
3.177616687396474848e+00 5.986408571862777528e+00 0.000000000000000000e+00
-1.482154573277726151e+01 -5.288689458179559599e-01 0.000000000000000000e+00
-1.178992253853856909e+01 1.187701354088130401e+01 0.000000000000000000e+00
6.558943395156165757e+00 -7.089750605633077463e+00 0.000000000000000000e+00
-1.599261674721848614e+01 5.633534516872776621e+00 0.000000000000000000e+00
1.283077273653285388e+00 1.003672669630278413e+01 0.000000000000000000e+00
-3.041962079065316349e+00 -1.210666222701272687e+01 0.000000000000000000e+00
1.138855653278814906e+01 -1.056925226083004610e+01 0.000000000000000000e+00
-5.211021294660093339e+00 -1.530549930040656470e+01 0.000000000000000000e+00
1.206267630386584777e+01 -9.145623928653483503e+00 0.000000000000000000e+00
-1.489203624480866139e+01 -6.861481544643803332e+00 0.000000000000000000e+00
1.051100293341550262e+01 4.457138789862632677e+00 0.000000000000000000e+00
8.429712894041076154e+00 -3.715405858453450172e+00 0.000000000000000000e+00
1.332203449430144993e+01 4.025777609394103784e+00 0.000000000000000000e+00
-1.614129266796709317e+00 9.653336165320020257e+00 0.000000000000000000e+00
2.573687791585304030e+00 -1.522595730491216770e+01 0.000000000000000000e+00
-1.589270182601477188e+01 -5.169905263470996104e+00 0.000000000000000000e+00
-1.392910528096562928e+01 -1.861681901377148396e+00 0.000000000000000000e+00
-1.567383160987297153e+01 4.085678355954101448e+00 0.000000000000000000e+00
-5.585019594990354719e+00 7.805668426255637504e-01 0.000000000000000000e+00
-1.051273660291892575e+01 -4.576981863872297218e+00 0.000000000000000000e+00
-1.658702939922043740e+01 7.733455125285778609e-01 0.000000000000000000e+00
8.618724144477585725e+00 1.793094579425607460e+00 0.000000000000000000e+00
1.034091057208771680e+01 1.368344827417548970e+01 0.000000000000000000e+00
-2.736041795407623267e-01 1.112017071285241343e+01 0.000000000000000000e+00
5.084615352150261280e+00 8.194041455228918969e-02 0.000000000000000000e+00
4.496995498907011779e+00 7.117006420508744213e+00 0.000000000000000000e+00
-3.203180277966688472e+00 -1.669666928950282525e+01 0.000000000000000000e+00
-9.418780486125351459e+00 -1.282265251950145846e+01 0.000000000000000000e+00
-1.452769344788471528e+01 9.500554516679391437e-01 0.000000000000000000e+00
1.082713449112097770e+01 1.727482709745989942e+00 0.000000000000000000e+00
5.414676794207216481e+00 -1.621619802419704826e+01 0.000000000000000000e+00
-5.983883168941632746e+00 -1.343527763169329425e+01 0.000000000000000000e+00
3.063164197160345825e+00 -4.517977898152076399e+00 0.000000000000000000e+00
-6.778229106905339307e+00 -1.008322299858773974e+01 0.000000000000000000e+00
1.290040251943254468e+01 -4.924296311675716353e+00 0.000000000000000000e+00
-1.033187262980583476e+01 1.835300435676045616e+00 0.000000000000000000e+00
-5.735784861595218054e+00 -4.078580435789056935e+00 0.000000000000000000e+00
-4.838187002811338289e+00 -8.870402630706486491e+00 0.000000000000000000e+00
-9.943966886635120517e+00 -9.053182872010870241e+00 0.000000000000000000e+00
9.688530073049204105e+00 8.172463502049426509e+00 0.000000000000000000e+00
1.180679464403042545e+01 -3.373248969252178764e+00 0.000000000000000000e+00
1.051145204360097374e+01 -2.774509641507617030e-01 0.000000000000000000e+00
-4.113936598746765760e+00 5.415793850215883332e+00 0.000000000000000000e+00
-3.994104622814584893e+00 -1.373126575502280389e+01 0.000000000000000000e+00
-1.705207260283031090e+01 -2.037610435209070925e+00 0.000000000000000000e+00
1.104628647692611487e+01 -1.736779559512545479e+00 0.000000000000000000e+00
1.306889160934990990e+01 5.594430454842249212e+00 0.000000000000000000e+00
-1.430155873676006273e+01 4.840939959198432341e+00 0.000000000000000000e+00
-1.093948718252155139e+01 -2.253024324024843317e+00 0.000000000000000000e+00
5.149347300728363663e+00 1.856463272306268175e+00 0.000000000000000000e+00
1.509662089999664047e+01 -8.041669255137213312e+00 0.000000000000000000e+00
-4.323940495724839295e+00 -5.540657285137173815e+00 0.000000000000000000e+00
1.574078347479444195e+00 6.789542069533534452e+00 0.000000000000000000e+00
7.085091511281959020e-01 -5.687240673700816096e+00 0.000000000000000000e+00
1.479500580646447716e+01 -1.721759854513882360e+00 0.000000000000000000e+00
-1.318251418311855261e+01 2.156589300058541769e-01 0.000000000000000000e+00
8.330870222082696230e+00 -6.504232676031932670e+00 0.000000000000000000e+00
-3.234043730615029144e+00 1.060247254125159522e+01 0.000000000000000000e+00
4.204615994865590345e+00 1.461948507663701768e+01 0.000000000000000000e+00
-7.340330901689579690e+00 1.182948032652458714e+01 0.000000000000000000e+00
6.746836108869270099e+00 -3.152618324984815423e+00 0.000000000000000000e+00
5.065451273262556953e+00 -9.673974255784505871e+00 0.000000000000000000e+00
-1.147127553545412049e+01 -6.745994613927746464e+00 0.000000000000000000e+00
1.406290771828774266e+00 4.604671006011185064e+00 0.000000000000000000e+00
1.087663105655790474e+01 1.210748069327739529e+01 0.000000000000000000e+00
1.084522341441748239e+01 -4.607653003951075021e+00 0.000000000000000000e+00
-9.284948703339704679e+00 -1.464218714635394214e+01 0.000000000000000000e+00
7.187013591067074714e+00 -1.223975771874064478e+00 0.000000000000000000e+00
-4.874755360289615563e-02 -1.106217367152165387e+01 0.000000000000000000e+00
-6.779488947212435335e+00 -7.510896597009256048e+00 0.000000000000000000e+00
7.812248676845426232e+00 -1.489060770883947882e+01 0.000000000000000000e+00
-2.828593193029285580e+00 1.506908771261058932e+00 0.000000000000000000e+00
1.719509460331080675e+01 -2.861544015169391386e+00 0.000000000000000000e+00
6.797474710861495240e+00 2.084822849744896622e+00 0.000000000000000000e+00
1.042288655801933395e+01 -8.890253673079611119e+00 0.000000000000000000e+00
-2.670491244903939521e+00 -6.881614280354606095e+00 0.000000000000000000e+00
-7.099210478602488994e-01 -4.989030449451822280e-01 0.000000000000000000e+00
-9.365700104231845513e-01 1.344393310967356037e+01 0.000000000000000000e+00
2.516284183258720386e+00 3.160804456703950827e+00 0.000000000000000000e+00
-7.159564569524107469e+00 9.648895178761851543e-01 0.000000000000000000e+00
7.733645977432114016e+00 -1.104469209149502973e+01 0.000000000000000000e+00
-7.546213846170379824e-01 1.422420549489158192e+00 0.000000000000000000e+00
8.937396550391722982e+00 -8.034951844372725915e+00 0.000000000000000000e+00
8.528884519009775289e+00 1.222095127450087837e+01 0.000000000000000000e+00
-1.064037058867373808e+01 4.394394123146999398e+00 0.000000000000000000e+00
6.286018896760091401e+00 5.114458995966816524e+00 0.000000000000000000e+00
-1.243123983514170305e+01 -1.153917680489385944e+01 0.000000000000000000e+00
-2.195761887932303758e+00 1.584020173474285365e+01 0.000000000000000000e+00
-3.037689690928371267e+00 1.295759142820130627e+01 0.000000000000000000e+00
-7.437319828244963738e+00 6.831022176253330080e+00 0.000000000000000000e+00
9.035031144085504451e+00 -9.792078002158879357e+00 0.000000000000000000e+00
-9.429987506045774737e+00 -1.062736277312611755e+01 0.000000000000000000e+00
-4.766315059636979434e+00 1.668623016245837221e+01 0.000000000000000000e+00
9.775575930684395232e+00 2.828206035579348132e+00 0.000000000000000000e+00
1.440170918203954820e+01 -4.594250822918866106e+00 0.000000000000000000e+00
-7.977266185831759948e+00 1.518189973954669370e+01 0.000000000000000000e+00
-2.266131347513460348e+00 -5.250840659346162731e+00 0.000000000000000000e+00
1.450130513062459059e+01 -9.691161399163846113e+00 0.000000000000000000e+00
7.054003742000276578e-01 6.746402268853822493e-02 0.000000000000000000e+00
5.986855300746076303e+00 1.606386707230035071e+01 0.000000000000000000e+00
3.379390085893085427e+00 8.328246137908196900e+00 0.000000000000000000e+00
1.732054706141674894e+00 -1.091354560979936750e+01 0.000000000000000000e+00
1.629367952796984298e+01 6.232081441533481758e+00 0.000000000000000000e+00
5.369380350927569268e+00 8.508410949898346232e+00 0.000000000000000000e+00
9.811369163546013183e+00 1.095555816731512166e+01 0.000000000000000000e+00
-1.079893109716221034e+01 -1.177165282179660366e+01 0.000000000000000000e+00
-4.324884837448036201e+00 -1.095566692300066869e+01 0.000000000000000000e+00
1.271384577981268693e+00 1.589151470320120385e+00 0.000000000000000000e+00
-7.981615689017194093e+00 -6.476459611086712087e+00 0.000000000000000000e+00
7.000244033689191347e+00 1.151568476088350401e+01 0.000000000000000000e+00
2.604448903193392617e+00 -6.175212856779095816e+00 0.000000000000000000e+00
1.030939262913076782e+01 -6.855789927111871407e+00 0.000000000000000000e+00
9.251024796022564445e+00 -2.053938474372762446e+00 0.000000000000000000e+00
-1.116836389337335511e+01 1.327522580188306733e+01 0.000000000000000000e+00
-8.719379389233719024e+00 7.777732626724866982e-01 0.000000000000000000e+00
-1.627783643528698221e+01 2.668990959356143389e+00 0.000000000000000000e+00
1.661473234093773499e+01 -4.516417595714388611e+00 0.000000000000000000e+00
1.419808160270663810e+00 -1.414841445017469113e+01 0.000000000000000000e+00
2.220869746443547399e+00 1.124782667342126175e+01 0.000000000000000000e+00
7.302993464196086748e+00 -5.363243156978611204e+00 0.000000000000000000e+00
2.132046017470743404e+00 -1.935834050715431021e+00 0.000000000000000000e+00
