1.051758176659156518e+01 -1.002760807840902224e+01 0.000000000000000000e+00
-1.167417556804204182e+01 -9.147313091546884323e+00 0.000000000000000000e+00
-1.738385103955753763e+01 -1.630145848673115516e+00 0.000000000000000000e+00
-1.116318714534073919e+01 8.702085798703501851e+00 0.000000000000000000e+00
1.249834037856089930e+00 1.223920760490100434e+01 0.000000000000000000e+00
-1.354755553697222581e+01 -9.186608425800043776e+00 0.000000000000000000e+00
-1.193349822376030112e+01 -6.502670511618072524e+00 0.000000000000000000e+00
-3.638394390464168571e-01 -8.893907227614434419e+00 0.000000000000000000e+00
-7.553762306685847250e+00 -1.357534287931391326e+01 0.000000000000000000e+00
-1.427948464035901255e+00 -1.346534677116415324e+01 0.000000000000000000e+00
3.374337529484395581e+00 5.266168429270729590e+00 0.000000000000000000e+00
2.087194410503598885e+00 -1.673336090418164801e+01 0.000000000000000000e+00
-1.568583516803792577e+01 -3.264783428783901709e+00 0.000000000000000000e+00
-3.196680411779062592e-01 1.429310724662312104e+01 0.000000000000000000e+00
-2.306005721797053543e+00 9.066656967734473938e+00 0.000000000000000000e+00
-9.319446655052994188e+00 -2.205740287413778145e+00 0.000000000000000000e+00
-3.390698191255290816e-01 8.823199585148699953e+00 0.000000000000000000e+00
-5.420867252194812913e+00 8.087048992302268147e+00 0.000000000000000000e+00
6.823961263987086134e+00 -5.302339979118821933e-01 0.000000000000000000e+00
-2.646561551442772942e+00 2.341057056223048605e+00 0.000000000000000000e+00
2.798524174794579267e+00 -2.805918057933249443e+00 0.000000000000000000e+00
6.739686804561446642e+00 1.084543520042823772e+01 0.000000000000000000e+00
3.680899999568027159e+00 1.244892533012348323e+01 0.000000000000000000e+00
3.263416553812573895e+00 -1.284989466837621919e+01 0.000000000000000000e+00
-6.090723577169673497e+00 -1.127033148893426606e+01 0.000000000000000000e+00
1.397721267639506237e+01 1.285214419674919117e+00 0.000000000000000000e+00
8.834447090662880697e+00 1.478632999201603404e+01 0.000000000000000000e+00
6.866158471322371781e+00 1.102392258416557747e+00 0.000000000000000000e+00
2.387181086108929318e+00 -6.655249591161804368e+00 0.000000000000000000e+00
2.679873715692485892e+00 -1.099892069547393980e+01 0.000000000000000000e+00
3.720476740540445082e+00 1.641613076965196782e+01 0.000000000000000000e+00
-7.575167034907837937e+00 -6.718290743538031684e+00 0.000000000000000000e+00
-3.052514021703139235e+00 1.346839380647491957e+01 0.000000000000000000e+00
4.316221367865409775e+00 -1.550026306417461441e+01 0.000000000000000000e+00
-8.486754969969451778e+00 -1.071247184464874280e+01 0.000000000000000000e+00
-6.782558496973395634e+00 -1.511611225890294641e+01 0.000000000000000000e+00
-5.582948803004793348e+00 -4.129237715719181523e+00 0.000000000000000000e+00
-3.339178307919140831e+00 -4.713171003732460562e+00 0.000000000000000000e+00
-1.438430796333476991e+01 2.196701634662308944e+00 0.000000000000000000e+00
-5.337188180583702035e+00 5.003741249706947336e+00 0.000000000000000000e+00
1.612820582885539267e+01 6.383767494474739124e+00 0.000000000000000000e+00
3.571097848099972438e+00 -8.578217978557002965e+00 0.000000000000000000e+00
-1.398933215153356180e+01 8.375941962636144211e+00 0.000000000000000000e+00
1.108538001653159988e+01 -1.212067761727858795e+01 0.000000000000000000e+00
-5.939712158879152604e+00 -1.076301361920428024e+00 0.000000000000000000e+00
7.278042503336012103e+00 6.650856029965588334e+00 0.000000000000000000e+00
-2.083762598544253386e+00 6.333078412801532053e+00 0.000000000000000000e+00
1.434921824209203223e+01 -3.432130711085038755e+00 0.000000000000000000e+00
-1.607299971821601048e+01 6.868941958116649982e-01 0.000000000000000000e+00
-8.414549162008461147e-02 1.582953028975011556e+01 0.000000000000000000e+00
8.007330372898998405e+00 -9.960865645210866148e+00 0.000000000000000000e+00
1.051387477276446170e+01 -1.388648367530817573e+01 0.000000000000000000e+00
1.152077197607002645e+01 5.212540588173383505e+00 0.000000000000000000e+00
-9.019126130278126041e+00 1.888559635168772788e+00 0.000000000000000000e+00
-4.626001764284949580e+00 -5.835487494901344441e+00 0.000000000000000000e+00
1.002137761132215488e+01 -5.192789413409926169e+00 0.000000000000000000e+00
-4.585598507578944272e+00 -1.500304487069658066e+01 0.000000000000000000e+00
-1.125281082077287831e+00 -2.584906065649716922e+00 0.000000000000000000e+00
2.001801619950513533e+00 1.640087329321492149e+01 0.000000000000000000e+00
9.702046128505581457e-01 -1.409063960068711019e+01 0.000000000000000000e+00
-2.964553784137210712e+00 -7.104342965998390547e+00 0.000000000000000000e+00
1.261030589407988423e+01 9.700031925046193493e+00 0.000000000000000000e+00
-3.635375143499716355e+00 6.879891994733839056e+00 0.000000000000000000e+00
-6.415936069054748003e+00 1.340595233511651152e+01 0.000000000000000000e+00
1.576062068438508312e+01 -4.020019429530930388e+00 0.000000000000000000e+00
1.337171723895209219e+00 1.433847733094665955e+01 0.000000000000000000e+00
8.108275912000253882e+00 1.213982915565424570e+01 0.000000000000000000e+00
5.233111060241532719e+00 -1.008793848909527213e+01 0.000000000000000000e+00
-1.289210519916213826e+01 4.244992516019450157e+00 0.000000000000000000e+00
2.122462423056479253e-01 1.057215484549919005e+01 0.000000000000000000e+00
1.192711909980516793e+01 -5.605328361183665287e+00 0.000000000000000000e+00
9.749723344311306272e-01 -5.572114493028758275e+00 0.000000000000000000e+00
-8.720075380792252417e+00 -8.776117321811316430e+00 0.000000000000000000e+00
-7.439731720147770844e+00 1.229541497264508010e+01 0.000000000000000000e+00
-4.211391712499554352e+00 1.422901441996773153e+00 0.000000000000000000e+00
-1.134147257410280041e+01 1.611372137948990924e+00 0.000000000000000000e+00
1.017617579131676386e+01 9.205785417975260732e-01 0.000000000000000000e+00
-1.028087392693899993e+01 1.094346430895580902e+01 0.000000000000000000e+00
6.699316290812022956e+00 -6.903671436213139501e+00 0.000000000000000000e+00
-1.460226585515494868e+01 -6.138534140805180783e-01 0.000000000000000000e+00
6.845802286763919220e+00 -1.296590390455373942e+01 0.000000000000000000e+00
2.172152967186247174e+00 7.477331405911418649e+00 0.000000000000000000e+00
3.323076230729077984e+00 1.061954280768254222e+01 0.000000000000000000e+00
-1.758095171524679756e+00 9.058396133727671939e-01 0.000000000000000000e+00
-1.339775105583355952e+01 1.016584447158955307e+01 0.000000000000000000e+00
4.878243120312470538e+00 -2.380577991164380514e+00 0.000000000000000000e+00
-7.331377568335309292e+00 6.265432886128297518e+00 0.000000000000000000e+00
7.601425931905438915e+00 8.332670577120028454e+00 0.000000000000000000e+00
1.112523284454696615e+01 -1.572767385430419385e+00 0.000000000000000000e+00
-1.667816843583671771e+00 1.272624318963923606e+01 0.000000000000000000e+00
1.357225145593484328e+01 -7.573477851678413586e+00 0.000000000000000000e+00
4.445442769955190165e+00 8.845735716423011041e+00 0.000000000000000000e+00
1.547664374068969118e-01 5.028238060286420286e+00 0.000000000000000000e+00
1.249968213073852752e+01 2.284266950406014907e+00 0.000000000000000000e+00
-4.256266431612209189e+00 1.018825601249332813e+01 0.000000000000000000e+00
-8.867664756260044356e+00 1.329563214580462827e+01 0.000000000000000000e+00
9.120363492730806598e+00 6.132161694416405240e+00 0.000000000000000000e+00
-6.209828292843545761e+00 1.223933733521796352e+00 0.000000000000000000e+00
-4.679159811471138575e+00 -1.963620875717984715e+00 0.000000000000000000e+00
-7.905054471903747881e+00 -3.159039304807620407e-01 0.000000000000000000e+00
5.344500992225992952e+00 -5.452457257334831553e+00 0.000000000000000000e+00
8.654996365889932264e+00 -6.022503358093770132e+00 0.000000000000000000e+00
-9.441575407479788851e+00 -1.339059063476168632e+01 0.000000000000000000e+00
2.695990852500386836e+00 -4.721996887260788256e+00 0.000000000000000000e+00
9.496790076372869649e+00 8.213331959654890824e+00 0.000000000000000000e+00
1.525397735676397915e+01 8.115613309816929188e+00 0.000000000000000000e+00
1.348458757703647137e+01 7.015498274693483083e+00 0.000000000000000000e+00
-9.353238565202840249e+00 5.876071415142847698e+00 0.000000000000000000e+00
-7.537235219400003849e+00 4.407631927669541483e+00 0.000000000000000000e+00
5.901510367953100022e+00 -1.455047005340336597e+01 0.000000000000000000e+00
-9.955975990965367117e+00 -6.832685604590981399e+00 0.000000000000000000e+00
1.111696557867656843e+01 7.114835636790660445e+00 0.000000000000000000e+00
7.326892107775033303e+00 -1.583934228195973581e+01 0.000000000000000000e+00
3.721634573125768952e+00 1.741379518393785686e+00 0.000000000000000000e+00
7.602730563902941441e+00 3.224767609268420987e+00 0.000000000000000000e+00
-1.311424180308154952e+01 6.899144977520893285e+00 0.000000000000000000e+00
-1.333272319002721584e+00 -6.190056973074026914e+00 0.000000000000000000e+00
1.467298980199474201e+01 -1.054560513691010115e+00 0.000000000000000000e+00
-3.691817749903048895e+00 4.334319460516819156e+00 0.000000000000000000e+00
-9.585247419407130209e+00 -4.886393815839565669e+00 0.000000000000000000e+00
-1.008070023844107688e+01 -1.178542833173033877e+01 0.000000000000000000e+00
-1.581375102293899637e+01 5.105834693374332822e+00 0.000000000000000000e+00
-6.587394739177709013e+00 -5.254319779735394214e+00 0.000000000000000000e+00
2.221589907319438062e+00 1.820296074387897978e+00 0.000000000000000000e+00
-5.698431793420439817e+00 1.171921452114658457e+01 0.000000000000000000e+00
2.735091350875183291e+00 1.375148250631451674e+01 0.000000000000000000e+00
6.117847585738452665e+00 -8.850874667404449170e+00 0.000000000000000000e+00
1.733814781681532935e+01 -1.473024125232323733e+00 0.000000000000000000e+00
8.703716266291914749e+00 1.787766553187646323e-01 0.000000000000000000e+00
1.212427719840075468e+01 -1.086089537388885340e+01 0.000000000000000000e+00
-2.582618065490860815e+00 1.730475535768669459e+01 0.000000000000000000e+00
5.872439803136158432e+00 7.342740521052425251e+00 0.000000000000000000e+00
1.187292519393268364e+01 -7.863392837240231970e+00 0.000000000000000000e+00
5.434679762777657741e-01 -1.722180294090721375e+01 0.000000000000000000e+00
-4.130602955458787306e+00 -1.016520777530683439e+01 0.000000000000000000e+00
5.822388821945707615e-01 1.430394639689931857e+00 0.000000000000000000e+00
7.577314896365772157e+00 -2.208523336451337915e+00 0.000000000000000000e+00
1.509551820901699593e+01 -7.923952463163533189e+00 0.000000000000000000e+00
-6.134819848717071089e+00 9.571434276668334462e+00 0.000000000000000000e+00
9.851464340859008573e+00 1.101127561598569926e+01 0.000000000000000000e+00
-1.397883568993791137e+01 -2.778655208096590723e+00 0.000000000000000000e+00
8.181632909530669906e+00 1.034366542957658197e+01 0.000000000000000000e+00
-1.238638767690618536e+01 -2.044318143278006428e+00 0.000000000000000000e+00
8.889738080187116864e+00 -1.475336118999646473e+01 0.000000000000000000e+00
-8.052601513506237874e-01 3.597795852475984546e+00 0.000000000000000000e+00
5.242116821953238137e+00 1.630665598342672595e+01 0.000000000000000000e+00
-1.295503889707981138e+01 6.088668515636181944e-01 0.000000000000000000e+00
-1.167353345342573512e+01 -3.546817689306234644e+00 0.000000000000000000e+00
8.931599347379179932e+00 -1.268596577190573527e+01 0.000000000000000000e+00
-1.657885341971015336e+01 2.636159798601475313e+00 0.000000000000000000e+00
-3.345582206023179683e+00 1.160426553405091887e+01 0.000000000000000000e+00
9.905886887879510994e+00 -7.547821294770569622e+00 0.000000000000000000e+00
-4.420964537466044675e+00 -1.191848844778566274e+01 0.000000000000000000e+00
1.264079676152549148e+01 1.198076717582669737e+01 0.000000000000000000e+00
-6.062952908029539678e+00 -8.747884645154622163e+00 0.000000000000000000e+00
5.529122549100752515e+00 1.475733608560574517e+01 0.000000000000000000e+00
-1.159852112766423415e+00 -1.088009851227135805e+01 0.000000000000000000e+00
4.206774370664825291e+00 -1.163884360544172836e+01 0.000000000000000000e+00
3.940438310971831282e+00 -5.996758779559017150e+00 0.000000000000000000e+00
-3.366579098713156637e-01 -1.561746960139073082e+01 0.000000000000000000e+00
5.921768822056474590e+00 3.018686222448106360e+00 0.000000000000000000e+00
-3.197352388341774709e+00 -1.348153035201377747e+01 0.000000000000000000e+00
1.709018624220014937e+00 1.013501147568580940e+01 0.000000000000000000e+00
-1.542079457557931299e+01 6.834768513606380047e+00 0.000000000000000000e+00
-2.068441679748664441e+00 -1.607625949632054585e+01 0.000000000000000000e+00
5.580226502947681633e-01 7.068328940843760400e+00 0.000000000000000000e+00
2.763696631586615826e+00 -1.254331938005100122e+00 0.000000000000000000e+00
1.538174084786387397e+01 2.065326233485821561e+00 0.000000000000000000e+00
-7.102654291090559013e+00 1.492057832563400588e+01 0.000000000000000000e+00
-6.777424817177672089e+00 2.810815143134965055e+00 0.000000000000000000e+00
1.279320931855983901e+01 -1.111198572631280967e+00 0.000000000000000000e+00
5.790515007667548453e+00 4.609097937016080060e+00 0.000000000000000000e+00
3.974718713690323479e+00 6.640796681929175271e+00 0.000000000000000000e+00
1.325076142875550822e+01 -9.323435877889085788e+00 0.000000000000000000e+00
1.418004137646275353e+01 -6.044720277786287177e+00 0.000000000000000000e+00
-1.388007632411683190e+01 -4.964189848266149063e+00 0.000000000000000000e+00
-2.353051828352839436e+00 -8.992953205461995836e+00 0.000000000000000000e+00
-3.621543001138467943e+00 1.537832207620425429e+01 0.000000000000000000e+00
-7.676399647804092119e+00 8.362430912822933493e+00 0.000000000000000000e+00
1.591203389443831284e+01 -6.219687567838867892e+00 0.000000000000000000e+00
-7.794683067255367526e+00 1.071938126632417543e+01 0.000000000000000000e+00
7.032764148200483234e+00 1.486505284242352332e+01 0.000000000000000000e+00
-7.129180217661224894e+00 -3.558938524986718477e+00 0.000000000000000000e+00
-1.041433758344441607e+01 -5.109264501571085804e-01 0.000000000000000000e+00
1.022777340625881548e+00 -8.147109435701961333e-01 0.000000000000000000e+00
1.017044355965769675e+01 1.386654200354430877e+01 0.000000000000000000e+00
-8.656009781520950241e+00 1.493605148505525371e+01 0.000000000000000000e+00
1.706827520458138281e+01 2.770243968724288131e+00 0.000000000000000000e+00
9.730379963886534256e+00 -2.324329823609242673e+00 0.000000000000000000e+00
9.066621721607425188e-01 -1.174397458534346939e+01 0.000000000000000000e+00
-4.995233016815872951e+00 3.494732590318507359e+00 0.000000000000000000e+00
8.728088647347300721e+00 -3.806291705431989580e+00 0.000000000000000000e+00
-3.465945377018472051e+00 -1.666423772035877349e+01 0.000000000000000000e+00
1.534610605512189530e+01 4.110163330702261142e+00 0.000000000000000000e+00
-9.627437770579337695e+00 7.823861425280411730e+00 0.000000000000000000e+00
1.165217680677791634e+00 -2.878374518890427503e+00 0.000000000000000000e+00
-2.658813790153385703e+00 -1.008649699467230709e+00 0.000000000000000000e+00
8.697714720428771917e-01 -7.177168429119087811e+00 0.000000000000000000e+00
1.140858781744121231e+01 1.295638202308144216e+01 0.000000000000000000e+00
1.010229510301884481e+01 3.317013155883238085e+00 0.000000000000000000e+00
-1.615637816466034238e+01 -6.204589306203676102e+00 0.000000000000000000e+00
-1.466957986697827288e+01 -7.500606956431981942e+00 0.000000000000000000e+00
-1.014517630376445467e+01 4.160101348680400157e+00 0.000000000000000000e+00
-5.651128537566202148e+00 1.564517271994984426e+01 0.000000000000000000e+00
1.709152874797529265e+01 7.851887796372665207e-01 0.000000000000000000e+00
-1.115458125343095119e+01 6.240848962625899610e+00 0.000000000000000000e+00
-2.177654695610914626e+00 -1.199211303728006150e+01 0.000000000000000000e+00
5.175626069748118674e+00 1.581168757558270854e-01 0.000000000000000000e+00
-7.277715503327469859e-01 1.740294365593577908e+01 0.000000000000000000e+00
9.403832371609974761e-01 3.506559694359124624e+00 0.000000000000000000e+00
-5.195366310060919091e+00 -7.433288148885394797e+00 0.000000000000000000e+00
3.168441997824104073e-01 -4.208391543625983111e+00 0.000000000000000000e+00
-1.227305240443093659e+01 1.182375851454188975e+01 0.000000000000000000e+00
4.895059014803158526e+00 -7.176706694508848905e+00 0.000000000000000000e+00
-1.442646771641900472e+00 -7.719949380037845366e+00 0.000000000000000000e+00
6.138017302800113484e+00 -3.376359951861563680e+00 0.000000000000000000e+00
7.409437158161026105e+00 -4.960494451335579313e+00 0.000000000000000000e+00
4.208349902168747825e+00 3.483914931415289296e+00 0.000000000000000000e+00
-1.392247409831822935e+01 5.576932127107455450e+00 0.000000000000000000e+00
-1.081256199627155468e+01 1.374944364824630583e+01 0.000000000000000000e+00
3.678827399695583811e+00 -1.398367565699596381e-02 0.000000000000000000e+00
2.372564155766792027e+00 -1.494501128308178117e+01 0.000000000000000000e+00
-1.677707523627739228e+00 1.549116045469511072e+01 0.000000000000000000e+00
-4.764559454055595111e+00 1.398381570558241371e+01 0.000000000000000000e+00
-9.728247979317414362e+00 9.415356205573823800e+00 0.000000000000000000e+00
-2.188858295711777480e+00 4.393253787776054686e+00 0.000000000000000000e+00
-1.136279965696445871e+01 -1.317175664925771805e+01 0.000000000000000000e+00
4.484693702290941886e+00 -4.009627081974240781e+00 0.000000000000000000e+00
1.141841171118083764e+01 -3.481664565119712229e+00 0.000000000000000000e+00
7.019577478127224657e-01 -1.014079825823606207e+01 0.000000000000000000e+00
6.336138833291268924e+00 1.250496688594001959e+01 0.000000000000000000e+00
1.603233084858591084e+01 -2.416625426509355634e+00 0.000000000000000000e+00
-1.464992743359287708e+01 3.711593117837623801e+00 0.000000000000000000e+00
8.031284256869730243e+00 -8.446869172929275749e+00 0.000000000000000000e+00
4.603921761252141920e+00 -1.355209317633525146e+01 0.000000000000000000e+00
1.334489395819050728e+01 -4.571359511236490647e+00 0.000000000000000000e+00
1.392152554957431754e+01 5.414717530287712854e+00 0.000000000000000000e+00
8.278722346584171277e+00 4.736486262990735163e+00 0.000000000000000000e+00
-5.558060744636489581e+00 -1.616172557449749903e+01 0.000000000000000000e+00
1.356074594953501133e+01 3.461767923705926897e+00 0.000000000000000000e+00
5.145546519943466457e+00 1.147425829870912928e+01 0.000000000000000000e+00
1.068457038800783643e+01 9.411785899115688636e+00 0.000000000000000000e+00
-7.315393140245437520e-01 -1.014165409160729503e+00 0.000000000000000000e+00
-1.295850036243156200e+00 -4.569332827428790544e+00 0.000000000000000000e+00
1.000648063064898174e+01 4.892442930031291048e+00 0.000000000000000000e+00
-4.624908469152773094e+00 1.676669367636819175e+01 0.000000000000000000e+00
6.577903092013404063e+00 -1.099620474258511749e+01 0.000000000000000000e+00
-2.615202035008620030e+00 -2.899307066893462181e+00 0.000000000000000000e+00
8.337572951934216547e+00 1.757765063094372637e+00 0.000000000000000000e+00
5.987939532891074279e+00 9.008398509577672186e+00 0.000000000000000000e+00
-1.157981011241346714e+01 -1.109072212839838478e+01 0.000000000000000000e+00
-4.002509197225823989e+00 -8.483124135138593591e-02 0.000000000000000000e+00
1.432340388669183540e+01 9.752891246752923848e+00 0.000000000000000000e+00
-1.783773030931185666e+00 1.085449448493715430e+01 0.000000000000000000e+00
1.591948211691570192e+00 5.557350751782398568e+00 0.000000000000000000e+00
-5.802406281470006810e+00 -1.308641299231272370e+01 0.000000000000000000e+00
