-1.414053514002540801e+01 -6.719637980811556943e+00 0.000000000000000000e+00
-1.750136146089662859e+01 5.523550057527628177e+00 0.000000000000000000e+00
1.144753138514955193e+00 1.053589018531123855e+01 0.000000000000000000e+00
1.132759531597794123e+01 -3.321651067124994139e+00 0.000000000000000000e+00
-1.204636792500383180e+01 -4.989312791800421643e+00 0.000000000000000000e+00
-3.218174292359859301e+00 1.903359034764103841e-01 0.000000000000000000e+00
1.056316478254551861e+01 -1.519476243524633041e+01 0.000000000000000000e+00
-1.027647764290630050e+01 -1.436056350231732992e+01 0.000000000000000000e+00
1.164157107893419862e+01 1.319571974296585992e+01 0.000000000000000000e+00
-3.447229437713575928e-01 -1.635200246013803493e+01 0.000000000000000000e+00
8.126107410669796138e+00 -1.473011433313055996e+01 0.000000000000000000e+00
7.334081222696000602e+00 1.151546239057966758e+01 0.000000000000000000e+00
1.126704330135402898e+01 8.094175220819165517e+00 0.000000000000000000e+00
-3.332592148990530134e+00 6.715897586989521884e+00 0.000000000000000000e+00
-4.182252816605079637e+00 -1.173064787617377114e+01 0.000000000000000000e+00
-2.408649466962674346e+00 -1.032209449167540427e+01 0.000000000000000000e+00
5.512586456098935273e+00 -4.811346686470382217e+00 0.000000000000000000e+00
-3.815007390516514274e+00 -1.753901485047957465e+01 0.000000000000000000e+00
-1.102137518457390364e+01 -7.263784143504251611e-01 0.000000000000000000e+00
-9.973017847337528607e+00 -1.080894326138368022e+01 0.000000000000000000e+00
4.480794474774501879e+00 9.879188600844583945e+00 0.000000000000000000e+00
-7.879884968432498304e+00 -1.496145090998504834e+01 0.000000000000000000e+00
-7.060274780460259469e-01 -2.014977065622403529e+00 0.000000000000000000e+00
-7.006339479575292017e+00 -1.209585719514312707e+01 0.000000000000000000e+00
1.069989508277042667e+01 1.486991688978048032e+01 0.000000000000000000e+00
-8.380664343060290733e+00 -1.517471174507295739e+00 0.000000000000000000e+00
-1.734640963986304740e+00 -1.777509170645384984e+01 0.000000000000000000e+00
-6.989121631362514186e+00 5.368850043486907531e+00 0.000000000000000000e+00
6.828786711596137593e+00 1.630077291822795260e+01 0.000000000000000000e+00
1.008014066134488296e+01 -7.076784086847465183e-01 0.000000000000000000e+00
1.328693450677822518e+00 1.452927310633496560e+01 0.000000000000000000e+00
-9.202213034818308657e+00 -1.226362037685490591e+01 0.000000000000000000e+00
7.909583701882472617e+00 1.478485986267766172e+01 0.000000000000000000e+00
9.653960220395632064e+00 9.328060739005819002e+00 0.000000000000000000e+00
4.129572286695173844e+00 -9.570352150028117677e+00 0.000000000000000000e+00
-5.252672241402057907e+00 3.827969837560985855e+00 0.000000000000000000e+00
4.954530180130490180e+00 -1.197663429782888223e+01 0.000000000000000000e+00
-8.847431613925467175e+00 1.321336202914436164e+01 0.000000000000000000e+00
6.148854874769336121e+00 -8.567400923887396047e+00 0.000000000000000000e+00
-1.596416840884041832e+01 7.169726090016336428e+00 0.000000000000000000e+00
2.045339253656903722e+00 2.433762186074016898e-01 0.000000000000000000e+00
-1.084362501226824804e+01 -3.905797859491531465e+00 0.000000000000000000e+00
-3.240388930209528784e+00 1.208279990029614126e+01 0.000000000000000000e+00
9.534974656315338137e+00 1.311195161057023029e+01 0.000000000000000000e+00
4.454595467004417997e-01 -3.004198799735779524e+00 0.000000000000000000e+00
-5.473113700316837971e+00 8.150366181814605593e-01 0.000000000000000000e+00
-1.048307742243212104e+01 7.645648457171904333e+00 0.000000000000000000e+00
-1.193897034985505101e+01 -1.232620398351654245e+01 0.000000000000000000e+00
-8.552667177054042114e+00 -8.640297613530174559e+00 0.000000000000000000e+00
1.181586836173095989e+01 -8.914681826600984849e+00 0.000000000000000000e+00
1.268319086232091220e+00 -6.087196016927673980e+00 0.000000000000000000e+00
7.801334378798827629e+00 -8.578585069807399321e+00 0.000000000000000000e+00
1.793825743046060683e+00 -1.676524915204545252e+01 0.000000000000000000e+00
1.121203371187237341e+00 8.319294824722000214e+00 0.000000000000000000e+00
-1.339234914663205522e+01 7.745657766480168682e+00 0.000000000000000000e+00
5.663218598056637632e+00 1.375698604726477869e+00 0.000000000000000000e+00
6.569868830144614869e+00 -1.020730046373774869e+01 0.000000000000000000e+00
1.453142567905761906e+00 2.564154918926972559e+00 0.000000000000000000e+00
5.907505137094912762e+00 -2.270537888298957085e+00 0.000000000000000000e+00
-1.371309445194638243e+01 -2.056924875862514046e+00 0.000000000000000000e+00
1.700919427941160222e+01 -4.879917834403048715e+00 0.000000000000000000e+00
-4.574490799758416770e+00 -2.387201339407378775e+00 0.000000000000000000e+00
-6.411456423666212601e+00 9.480307758432637399e+00 0.000000000000000000e+00
-9.730821796685500402e+00 1.436846207048018575e+00 0.000000000000000000e+00
4.187590420594926144e+00 1.356912435000160855e+01 0.000000000000000000e+00
-5.496490797030013642e-01 3.381378213269608857e+00 0.000000000000000000e+00
-9.055621504168025027e+00 -4.009074281942910822e+00 0.000000000000000000e+00
-6.051296619521313591e-01 1.203919444135962458e+01 0.000000000000000000e+00
1.712504916563783652e+01 7.310409483147447318e+00 0.000000000000000000e+00
1.040218989485998513e+01 -7.428809037302876561e+00 0.000000000000000000e+00
-1.039750863070457321e+01 1.262484990540123775e+01 0.000000000000000000e+00
-1.274004809053480969e+01 5.594429174328615417e+00 0.000000000000000000e+00
-1.867361507773471541e+00 1.539308341606820063e+00 0.000000000000000000e+00
-3.516686374322949948e+00 1.698904443865274061e+01 0.000000000000000000e+00
-1.672532961451457822e+01 -8.214145397685792105e+00 0.000000000000000000e+00
-2.867040552863301617e+00 -5.279443725805648135e+00 0.000000000000000000e+00
-1.221863510084173754e+01 7.184778357532616289e-01 0.000000000000000000e+00
-5.929601881896164883e+00 -1.048486246758593943e+01 0.000000000000000000e+00
2.916159437667111831e+00 4.946513172910797174e+00 0.000000000000000000e+00
-3.730338008884276579e+00 -6.837392578164144474e+00 0.000000000000000000e+00
-9.306119959551629961e+00 -6.713459284809242256e+00 0.000000000000000000e+00
8.773370702653512154e+00 1.112034972617723105e-01 0.000000000000000000e+00
-7.088580014483548020e+00 -7.377552213752571753e-01 0.000000000000000000e+00
1.325489217057422486e+01 -1.030735789662222501e+01 0.000000000000000000e+00
8.440628709669979912e+00 5.519432420351888524e+00 0.000000000000000000e+00
-1.383909728532170824e+01 -1.064308230907615815e+01 0.000000000000000000e+00
-7.025432950532517928e+00 7.469898001477600857e+00 0.000000000000000000e+00
3.643010006348242236e+00 -4.716268850742525665e+00 0.000000000000000000e+00
1.424582359411158983e+01 1.095713898230476069e+01 0.000000000000000000e+00
1.822429425374291512e+01 2.552153143467802643e+00 0.000000000000000000e+00
1.639733161795719241e+01 -7.477775469624431182e+00 0.000000000000000000e+00
-1.448365639849636466e+01 -3.664656998623224471e+00 0.000000000000000000e+00
1.481612490411279559e+01 -2.495664041471559624e+00 0.000000000000000000e+00
-1.808952938219744455e+00 4.330914123557835005e+00 0.000000000000000000e+00
1.058483824087119274e+01 2.260945809479659729e+00 0.000000000000000000e+00
2.952689216191165755e+00 6.486172731605756248e+00 0.000000000000000000e+00
8.293875193412825197e+00 1.981856178186751416e+00 0.000000000000000000e+00
-1.478959900807205585e+01 4.487754115295411239e+00 0.000000000000000000e+00
1.232164720635523558e+01 1.748741853519792722e+00 0.000000000000000000e+00
6.195477520014964767e+00 3.747492880270798743e+00 0.000000000000000000e+00
8.363991001958519078e+00 -1.096193311884944777e+01 0.000000000000000000e+00
-9.531218789459902752e+00 1.640873304768090790e+01 0.000000000000000000e+00
-6.827096856478462428e+00 2.106546916681281800e+00 0.000000000000000000e+00
5.283765383003563798e+00 -1.357320613976629353e+01 0.000000000000000000e+00
-1.133647595240991102e+01 -7.438381921560716314e+00 0.000000000000000000e+00
-1.104034885829154877e+00 7.039071067610493060e+00 0.000000000000000000e+00
-1.711183995368332589e+01 -5.316180917714122600e+00 0.000000000000000000e+00
1.273338803887277138e+01 3.952458862336438283e+00 0.000000000000000000e+00
-6.462714540692664933e+00 -1.664460482233900862e+01 0.000000000000000000e+00
3.180350239864278450e+00 9.102282339926549781e+00 0.000000000000000000e+00
-5.428457868232518635e+00 1.176105358544031532e+01 0.000000000000000000e+00
-1.126421274556210328e+01 2.728247326345173640e+00 0.000000000000000000e+00
-1.905386363338174904e+00 -1.363871021469809897e+01 0.000000000000000000e+00
1.700902620440185942e+01 -1.804428170196850090e+00 0.000000000000000000e+00
4.502577375756641409e+00 -3.320711996574522207e+00 0.000000000000000000e+00
5.979649928640728085e+00 7.560223309919945400e+00 0.000000000000000000e+00
1.638476931155374627e+00 -1.341751605634678945e+01 0.000000000000000000e+00
-1.502350474046973261e+01 -8.645548443171275466e+00 0.000000000000000000e+00
-6.078505341461919453e-01 3.961312542900238820e-01 0.000000000000000000e+00
1.093738953993845442e+01 -1.059857979181146348e+01 0.000000000000000000e+00
-9.703167109263732826e+00 1.026481494702044905e+01 0.000000000000000000e+00
-3.080038558298564766e+00 -1.484923598607436945e+00 0.000000000000000000e+00
-7.626150100162452539e+00 1.425970401009937305e+01 0.000000000000000000e+00
-1.042919911761705265e+01 -9.217996315317719791e+00 0.000000000000000000e+00
-5.274413803571095904e+00 -1.349285326219011161e+01 0.000000000000000000e+00
7.026191506094659367e+00 -1.647031888247626341e+01 0.000000000000000000e+00
-1.422922271692926799e+01 2.830253615841990644e+00 0.000000000000000000e+00
4.334532897039268917e+00 2.143598547660731768e+00 0.000000000000000000e+00
-5.381604712918909961e+00 -6.889690160827369958e+00 0.000000000000000000e+00
-1.275206253601929518e+01 1.109239471797406473e+01 0.000000000000000000e+00
6.947579845783893759e+00 -4.062727405703640216e+00 0.000000000000000000e+00
4.990518847996386675e+00 -1.832303315024988777e+01 0.000000000000000000e+00
5.654740857091873352e+00 -1.535087940414623553e+01 0.000000000000000000e+00
-8.941950131842272276e-01 -1.172863135263806633e+01 0.000000000000000000e+00
1.342164061223084559e+01 -1.222348819433480749e+01 0.000000000000000000e+00
-5.825037642892720413e+00 -3.255177577200325079e+00 0.000000000000000000e+00
1.963129319871120604e+00 -1.326985972004850911e+00 0.000000000000000000e+00
-9.708766399865309538e-01 -7.316396050389224470e+00 0.000000000000000000e+00
-1.609833922140576234e+01 -1.001705068297009227e+00 0.000000000000000000e+00
1.508241727527002141e+01 -6.407919075620978511e+00 0.000000000000000000e+00
1.224070499310076876e+01 1.055812084974515308e+01 0.000000000000000000e+00
-3.287524907203573488e+00 -1.563727047481995491e+01 0.000000000000000000e+00
-7.199493724187834509e+00 3.611697553063552668e+00 0.000000000000000000e+00
1.701619786521856881e+01 1.008227164453088021e+00 0.000000000000000000e+00
-6.835774124190315604e+00 1.614753898488615036e+01 0.000000000000000000e+00
-5.396142584271922393e-01 1.872318367777081960e+01 0.000000000000000000e+00
-4.305718171727097143e+00 5.264984631960007988e+00 0.000000000000000000e+00
1.110456821884175049e+01 3.837312281727160546e+00 0.000000000000000000e+00
-1.135965777387700903e+01 4.385452473395793582e+00 0.000000000000000000e+00
1.596265244148245266e+01 4.362460834072907190e+00 0.000000000000000000e+00
1.115166503387162678e+01 -1.374160088918503320e+01 0.000000000000000000e+00
1.447093964232607499e+00 6.549175502409822158e+00 0.000000000000000000e+00
5.379097149991327598e-01 1.730396525242438344e+01 0.000000000000000000e+00
-2.042027702827529101e+00 8.405330554538524623e+00 0.000000000000000000e+00
-1.463846590263484515e+01 -4.840684183151547915e-01 0.000000000000000000e+00
-1.922595216189187495e+00 1.350089791293486208e+01 0.000000000000000000e+00
9.439228147027643345e+00 7.385478663570133939e+00 0.000000000000000000e+00
-5.226870859054630891e+00 1.626997415475867470e+01 0.000000000000000000e+00
-1.873822870546099750e+01 1.234461349344529557e+00 0.000000000000000000e+00
-3.061334160284196582e+00 -8.320311609767832906e+00 0.000000000000000000e+00
-1.209506387389515325e+01 -9.892229809605288082e+00 0.000000000000000000e+00
1.641242866974037895e+01 2.636643929108784423e+00 0.000000000000000000e+00
-4.674688831382632692e+00 -7.598782062324838105e-01 0.000000000000000000e+00
1.369811307527097277e+01 -4.350911162278596755e+00 0.000000000000000000e+00
-7.166772667329094126e+00 1.281559137150876815e+01 0.000000000000000000e+00
8.072153198478863700e+00 8.583605923555030159e+00 0.000000000000000000e+00
9.472416164036697950e+00 -5.901092794634708483e+00 0.000000000000000000e+00
-1.537222897619964890e+01 1.025175898087329074e+01 0.000000000000000000e+00
-4.330371205661864287e-01 1.519261528636991443e+01 0.000000000000000000e+00
-1.707126700770386662e+01 3.864156223954243963e+00 0.000000000000000000e+00
4.717224258041206930e+00 1.583484753162864322e+01 0.000000000000000000e+00
8.887199926328708255e-01 -7.992215021932800312e+00 0.000000000000000000e+00
7.014233810212944675e+00 -3.811111449076880486e-01 0.000000000000000000e+00
-1.288069629777306524e+01 1.389105036086482059e+01 0.000000000000000000e+00
-2.316403489661688297e+00 1.523976068062597378e+01 0.000000000000000000e+00
-8.112499151342008830e+00 1.208713804021422700e+00 0.000000000000000000e+00
1.314903688472886500e+01 7.654310256141059199e+00 0.000000000000000000e+00
3.059496283120676008e+00 1.553806570745303262e+01 0.000000000000000000e+00
1.508713170963426009e+01 -2.355795715792568801e-01 0.000000000000000000e+00
1.564059583220899796e+01 -9.497469590049101740e+00 0.000000000000000000e+00
1.514209690712890399e+01 9.168267863456046385e+00 0.000000000000000000e+00
-1.837170409072471200e+00 1.097267973571000965e+01 0.000000000000000000e+00
3.967246834432630043e-01 -1.030723626288570038e+01 0.000000000000000000e+00
-1.180790663960234710e+01 -2.723649364297693332e+00 0.000000000000000000e+00
-1.802906193917132427e+01 -3.958978639828043544e+00 0.000000000000000000e+00
3.005709904343373040e+00 1.242885301831146627e+01 0.000000000000000000e+00
-8.805699689616119485e+00 7.928118788999982236e+00 0.000000000000000000e+00
1.042667654843838321e+01 1.074256827676442505e+01 0.000000000000000000e+00
1.603858833942881645e+00 -1.866291142684314508e+01 0.000000000000000000e+00
-9.936135187212318698e+00 -2.101437552880270676e+00 0.000000000000000000e+00
-1.703900283102303570e+00 -4.023312960945423455e+00 0.000000000000000000e+00
7.827587987959285787e-01 -1.523229831233451748e+01 0.000000000000000000e+00
-1.436612811625644248e+01 6.370528296860983097e+00 0.000000000000000000e+00
1.867666475558111117e+01 -1.137750184038339718e+00 0.000000000000000000e+00
8.325669894092010637e+00 -2.816568973640098061e+00 0.000000000000000000e+00
-8.357038007495899423e-01 -1.485171420263765185e+01 0.000000000000000000e+00
2.287045743401438180e+00 1.767018155159002646e+01 0.000000000000000000e+00
4.793182465829835870e+00 -4.324058863539219089e-01 0.000000000000000000e+00
-1.079890783515378772e+01 -5.911650704904709563e+00 0.000000000000000000e+00
2.470856469123022148e+00 -3.721688024927507499e+00 0.000000000000000000e+00
-8.833681302318638018e+00 6.415286097157335554e+00 0.000000000000000000e+00
-8.793693519502156164e+00 2.686610620037409802e+00 0.000000000000000000e+00
8.931046378242887940e+00 -1.262330839174307862e+01 0.000000000000000000e+00
-5.261818204806022692e+00 -4.919309651995136257e+00 0.000000000000000000e+00
-4.340612837183154937e+00 2.224444073398599730e+00 0.000000000000000000e+00
-1.572488832864494235e+01 -1.047738569961444810e+01 0.000000000000000000e+00
2.816758062717822142e+00 -1.110505545777428971e+01 0.000000000000000000e+00
1.468616425282379723e+01 6.970409827156555771e+00 0.000000000000000000e+00
1.793756145924088941e+01 4.256101612443314863e+00 0.000000000000000000e+00
-4.107234314590959556e+00 1.492206958643675740e+01 0.000000000000000000e+00
7.330296738986684879e+00 -1.324953606180313592e+01 0.000000000000000000e+00
7.390097770334618232e+00 7.033026306302772035e+00 0.000000000000000000e+00
1.300265251415811996e+01 -7.801513274274272547e+00 0.000000000000000000e+00
1.299243926149405759e+01 -2.837706501253129884e-02 0.000000000000000000e+00
-7.982348132581724265e+00 -1.687719297474616198e+01 0.000000000000000000e+00
3.785468489950416959e+00 -1.465673929970092892e+01 0.000000000000000000e+00
1.033369668027936328e+01 5.410560753521213684e+00 0.000000000000000000e+00
-1.702829188229049961e+01 -2.810124483264401896e+00 0.000000000000000000e+00
6.099243736019041684e+00 1.371074356804442118e+01 0.000000000000000000e+00
1.195927006950950222e+01 -5.806021638571494670e+00 0.000000000000000000e+00
8.939992294895764857e+00 3.623124474910084380e+00 0.000000000000000000e+00
-5.121532340627306112e+00 8.367079191485576217e+00 0.000000000000000000e+00
4.161893845623623633e+00 1.808600077110130755e+01 0.000000000000000000e+00
4.561901263305955662e-02 4.967223034892093381e+00 0.000000000000000000e+00
-1.137783774424278782e+01 1.400424411840231720e+01 0.000000000000000000e+00
8.641573972192334807e+00 -1.659160690376888780e+01 0.000000000000000000e+00
-1.700666936388192241e+01 1.249639884620030950e+00 0.000000000000000000e+00
-1.288108772593630569e+01 -8.492044925867149985e+00 0.000000000000000000e+00
-2.997941001445604048e+00 -3.145710962616918405e+00 0.000000000000000000e+00
6.964089118981759086e+00 -5.703793769650649104e+00 0.000000000000000000e+00
-1.887687025810138808e+00 1.696778848968690312e+01 0.000000000000000000e+00
-1.518026446854408285e+01 1.670189223929220201e+00 0.000000000000000000e+00
1.482702434982454953e+01 -8.189733756440968904e+00 0.000000000000000000e+00
2.675492060192484201e-01 -1.785600351930646923e+01 0.000000000000000000e+00
-7.941296043947527750e-01 -5.222774597241608419e+00 0.000000000000000000e+00
3.311754534786843784e+00 -1.665310229600313008e+01 0.000000000000000000e+00
1.846798203082363088e+01 -2.777319041699773727e+00 0.000000000000000000e+00
3.322999643796725522e+00 -7.260388477720164602e+00 0.000000000000000000e+00
-4.569384889179014309e+00 -9.352898369585608052e+00 0.000000000000000000e+00
1.753003146590477712e+01 -6.448291195625205141e+00 0.000000000000000000e+00
1.277648982964247359e+01 -1.833582991151835984e+00 0.000000000000000000e+00
-1.182340779240530892e+01 -1.387535947818865445e+01 0.000000000000000000e+00
6.242970605714313947e+00 5.276380683377293046e+00 0.000000000000000000e+00
8.606576994227232547e+00 1.675540615972071379e+01 0.000000000000000000e+00
1.289871170252910026e+01 6.054762523352652082e+00 0.000000000000000000e+00
-1.179076326230529581e+01 6.817412562139983478e+00 0.000000000000000000e+00
4.045117828507717839e+00 7.806360530543503096e+00 0.000000000000000000e+00
3.492648378112511054e+00 -1.315728211700515082e+01 0.000000000000000000e+00
-1.394521687995317727e+01 1.204662591289643103e+01 0.000000000000000000e+00
-1.027037784848718083e+01 5.730414668138451795e+00 0.000000000000000000e+00
-4.645851866096005978e+00 1.042371482376786673e+01 0.000000000000000000e+00
2.860226942667793981e+00 1.860329166407074020e+00 0.000000000000000000e+00
-1.835267820617480794e+01 -1.985063354813683567e+00 0.000000000000000000e+00
-1.537628490249597313e+01 -5.523166136971382478e+00 0.000000000000000000e+00
6.121143290100065748e+00 9.788323801547619496e+00 0.000000000000000000e+00
8.165657321774336452e+00 -6.981277970324685000e+00 0.000000000000000000e+00
