3.488756970562991278e+00 1.461370622601300617e+01 0.000000000000000000e+00
7.815288118056253452e+00 -6.353369990115859345e+00 0.000000000000000000e+00
2.301098600337359024e+00 -8.029982865793988012e+00 0.000000000000000000e+00
1.833691542649162010e+00 1.033405717189801720e+01 0.000000000000000000e+00
-1.275643610184666521e+01 -5.835015997679147581e+00 0.000000000000000000e+00
-2.417575991605984687e+00 6.731204440599913852e+00 0.000000000000000000e+00
2.469765889154940941e-01 5.998974770063122186e+00 0.000000000000000000e+00
1.255158722879164657e+01 -9.375157068411146710e+00 0.000000000000000000e+00
-4.475158652311237439e+00 -2.510379896255706011e+00 0.000000000000000000e+00
7.102905422280713310e+00 -8.837576381240232593e+00 0.000000000000000000e+00
1.290590462250245807e+01 -7.792116537861427439e+00 0.000000000000000000e+00
4.037737370730283715e+00 1.223384913923098694e+01 0.000000000000000000e+00
7.618624279960407364e+00 1.096836744790523177e+01 0.000000000000000000e+00
1.202638233503764909e+01 -4.495789480824398332e+00 0.000000000000000000e+00
2.251715746776363769e+00 -1.015632001004292206e+01 0.000000000000000000e+00
-1.037740426608010758e+01 7.694603829720394472e-01 0.000000000000000000e+00
9.396067142897138069e+00 1.460383090190396160e+01 0.000000000000000000e+00
1.552500299439648579e+01 -3.250178805507363933e+00 0.000000000000000000e+00
1.663711370504980636e+01 2.116236005910737017e+00 0.000000000000000000e+00
1.189443956726466034e+01 -1.182637788785589983e+01 0.000000000000000000e+00
7.941060846236747572e+00 -1.385333721328054679e+01 0.000000000000000000e+00
-7.870132590039040643e-01 -1.102711007569088864e+01 0.000000000000000000e+00
1.184695644366215284e+01 4.768518287333677108e+00 0.000000000000000000e+00
-1.746368921409004926e+01 -8.721054679705445567e-01 0.000000000000000000e+00
-4.783557781563789746e-01 -1.367641293142830072e+01 0.000000000000000000e+00
-1.345453910205888093e+01 -8.953008360842174440e+00 0.000000000000000000e+00
6.859279084391157966e+00 1.448127729776502370e+01 0.000000000000000000e+00
-5.931341039761545808e+00 9.841932910702128723e+00 0.000000000000000000e+00
1.133235060377239645e+00 -1.321437684621364683e+00 0.000000000000000000e+00
9.227829038432716402e+00 -1.037982487386239105e+00 0.000000000000000000e+00
1.306119215235395181e+01 6.265386930217096584e+00 0.000000000000000000e+00
-6.137645791712458276e+00 -1.151599609434183868e+01 0.000000000000000000e+00
-5.137790244191293709e+00 1.873799706402980325e+00 0.000000000000000000e+00
-1.159628925111501196e+01 1.021259140698279921e+01 0.000000000000000000e+00
-1.293819532774447723e+00 1.198857329206553501e+01 0.000000000000000000e+00
-1.082283690806604426e+01 3.407816029928473878e+00 0.000000000000000000e+00
1.417461992688216732e+01 7.396500360254652406e+00 0.000000000000000000e+00
-4.950575270834700170e+00 -4.617265068922836946e+00 0.000000000000000000e+00
1.024371534074499301e+01 1.260029066573510015e+01 0.000000000000000000e+00
-1.365538185945774030e+00 4.084246256618686011e-01 0.000000000000000000e+00
-8.409440083964733859e+00 1.373540200686749913e+01 0.000000000000000000e+00
6.045223495361655708e+00 -1.492439196556571979e+00 0.000000000000000000e+00
1.427177446802647465e+00 2.323123349059109888e+00 0.000000000000000000e+00
-8.721536785279813131e-01 -1.613297827603245338e+01 0.000000000000000000e+00
-1.538189416261956488e+01 1.260913348317074689e+00 0.000000000000000000e+00
6.163393669031950850e+00 2.177469005563647197e+00 0.000000000000000000e+00
-5.753892923666264814e+00 -1.578425938672507378e+01 0.000000000000000000e+00
-8.012011239062330148e+00 1.636158162570537922e+00 0.000000000000000000e+00
2.179734398341649726e+00 1.254947490508552654e+01 0.000000000000000000e+00
4.203921388695136763e+00 8.924925480228045771e+00 0.000000000000000000e+00
7.014689875803181707e-01 -1.655111613888502475e+01 0.000000000000000000e+00
5.500304348184953396e-01 3.776429538986664447e+00 0.000000000000000000e+00
1.363769772735895103e+01 -8.061254894195422904e-02 0.000000000000000000e+00
-7.881333904400655399e+00 -9.908624125828042750e+00 0.000000000000000000e+00
9.156919786999207389e+00 8.755572308183461772e+00 0.000000000000000000e+00
-1.281720434547996135e+01 5.524132791153123279e+00 0.000000000000000000e+00
-5.701645984955966417e-01 -3.255912588617071002e+00 0.000000000000000000e+00
-4.249576332684425140e+00 8.318491381070789004e+00 0.000000000000000000e+00
-1.474993488438526335e+01 -2.957671945499437793e+00 0.000000000000000000e+00
1.086438712659749450e+00 -6.738894133302183675e+00 0.000000000000000000e+00
6.870055886829183223e+00 -1.084910000447633749e+01 0.000000000000000000e+00
-1.160104629731180914e+01 -2.122761047334460915e+00 0.000000000000000000e+00
7.499008675596027906e+00 -4.033924676110000718e+00 0.000000000000000000e+00
-1.043728767687383430e+00 -9.283023398899519663e+00 0.000000000000000000e+00
-1.447323696452368225e+01 -1.281583805196482517e+00 0.000000000000000000e+00
-8.375257186084141381e+00 -2.983164178939532452e+00 0.000000000000000000e+00
1.412138780891463874e+01 -2.269077299355750643e+00 0.000000000000000000e+00
5.574048687556354409e-01 -1.028156906506786505e+01 0.000000000000000000e+00
-9.812999126362814906e+00 1.114205831861270113e+01 0.000000000000000000e+00
2.195768359214071153e-01 1.010331610561136273e+01 0.000000000000000000e+00
-1.088167073533255369e+01 6.297705041368004686e+00 0.000000000000000000e+00
1.076691614849910827e+01 5.883501605645307997e+00 0.000000000000000000e+00
9.691090093223897028e+00 -8.853607818878554525e+00 0.000000000000000000e+00
-4.580365435978958288e+00 -8.377384835358714810e+00 0.000000000000000000e+00
4.818834095022309860e+00 -4.140397245728828501e+00 0.000000000000000000e+00
4.267328017681522923e+00 -8.242579714344213215e+00 0.000000000000000000e+00
-2.681822245216985312e+00 1.729186773594618742e+01 0.000000000000000000e+00
4.052158533944385077e+00 -1.390591929804413418e+01 0.000000000000000000e+00
-3.538724149013313003e+00 3.258082884938878543e+00 0.000000000000000000e+00
9.273580578640592265e+00 3.798169172043432518e+00 0.000000000000000000e+00
4.164095942092767899e+00 -2.563922083892929749e+00 0.000000000000000000e+00
1.048298192062109635e+01 -4.802012948122564850e+00 0.000000000000000000e+00
-8.190194465869266693e+00 -5.412841220245280027e+00 0.000000000000000000e+00
1.352200368034040423e+01 4.532587956831574338e+00 0.000000000000000000e+00
-4.054059714065657793e+00 1.629853908201189938e+01 0.000000000000000000e+00
-6.784063692485187147e+00 8.378001043547104842e+00 0.000000000000000000e+00
1.464172138718111960e+01 3.433686405611412251e+00 0.000000000000000000e+00
5.505195221600599709e+00 6.781419679791111932e+00 0.000000000000000000e+00
-3.138203689367920379e+00 -5.070667150925547872e+00 0.000000000000000000e+00
7.762345448386185787e+00 5.010931470699577339e+00 0.000000000000000000e+00
5.122231488122294847e-03 1.438006756346238113e+01 0.000000000000000000e+00
-1.096465622681090935e+01 -1.151022834829160146e+01 0.000000000000000000e+00
-1.783260858997022247e+00 -1.287627915524199196e+00 0.000000000000000000e+00
-1.208262999093285828e+01 7.725835085612792419e+00 0.000000000000000000e+00
-1.520358420747672312e+01 -4.538337359846351227e+00 0.000000000000000000e+00
8.947707656419352062e+00 -7.410598264712882965e+00 0.000000000000000000e+00
-4.073582567655407161e+00 -1.166627157607525511e+01 0.000000000000000000e+00
1.522260879317717697e+00 1.537815380374292040e+01 0.000000000000000000e+00
8.837460346420292767e-01 -4.000440378959019938e+00 0.000000000000000000e+00
-4.206623562978833775e+00 -1.326416523050384733e+01 0.000000000000000000e+00
-4.908340288115081052e+00 6.960172898969795519e+00 0.000000000000000000e+00
-1.998109545676401089e+00 3.438134579022507964e+00 0.000000000000000000e+00
-2.427894414102839349e+00 -7.034075222278806550e+00 0.000000000000000000e+00
-1.374640451990967094e+01 3.269885029872252602e+00 0.000000000000000000e+00
1.537863856897735459e+01 -6.747408401147507284e+00 0.000000000000000000e+00
-1.904109816662924004e+00 -1.429094082750864025e+01 0.000000000000000000e+00
5.466582082416081789e+00 1.020760010881414637e+01 0.000000000000000000e+00
6.633737263799513784e+00 -1.543961374401342823e+01 0.000000000000000000e+00
-7.117509064232473648e+00 -1.363372626774946994e+01 0.000000000000000000e+00
6.155588424220618471e+00 8.286243674212695254e+00 0.000000000000000000e+00
1.500243468077508879e+01 -8.851947087772863654e+00 0.000000000000000000e+00
5.632344335191397100e+00 1.300864727709475410e+01 0.000000000000000000e+00
-1.112172379765477892e+01 -7.615344055616358077e+00 0.000000000000000000e+00
3.238993712507286737e+00 -1.172116868340561613e+00 0.000000000000000000e+00
2.810041079274306686e+00 4.980518759406253437e+00 0.000000000000000000e+00
1.040501461432210739e+01 -1.071723158738452142e+01 0.000000000000000000e+00
-7.231314796647413168e+00 2.977828875474613390e+00 0.000000000000000000e+00
-1.196866739305979621e+01 1.904700817770699883e+00 0.000000000000000000e+00
1.235548329658742439e+01 1.248607111927948266e+00 0.000000000000000000e+00
-3.724654680623466163e+00 5.093578836848199343e-01 0.000000000000000000e+00
-1.004277360448720735e+01 9.148312621384407706e+00 0.000000000000000000e+00
2.447964287728702892e+00 -1.253735399002131956e+01 0.000000000000000000e+00
-1.387723084866411760e+01 1.027564676403721400e+01 0.000000000000000000e+00
-9.175808356883440098e+00 -8.239930024950361087e+00 0.000000000000000000e+00
-7.883743334094507560e+00 5.360190153012093894e+00 0.000000000000000000e+00
9.092259087918327154e+00 -1.165877897696962684e+01 0.000000000000000000e+00
5.864632928191211292e+00 1.592493461435009117e+01 0.000000000000000000e+00
1.135585471045039796e+01 2.923256227956235520e+00 0.000000000000000000e+00
-1.534837713633329415e+01 7.195836915485283036e+00 0.000000000000000000e+00
-1.616242541393557985e+01 2.778456756451164189e+00 0.000000000000000000e+00
-1.834916544533468308e+00 -1.262280096162588627e+01 0.000000000000000000e+00
-2.753146539634475420e+00 -1.586633563731371765e+01 0.000000000000000000e+00
-1.745538363892393363e+00 5.376441636080597775e+00 0.000000000000000000e+00
-7.813797091453394295e+00 1.175892067358984683e+01 0.000000000000000000e+00
-1.635858771994844574e+01 -2.184689417257626776e+00 0.000000000000000000e+00
4.084938285789734835e-01 1.227632034345812784e+01 0.000000000000000000e+00
-4.287053756632535517e+00 1.393206579926031630e+01 0.000000000000000000e+00
-3.105830251248245855e+00 1.007404937915785048e+01 0.000000000000000000e+00
-1.235231375732468173e+01 -1.024809034236836425e+01 0.000000000000000000e+00
2.171907993388252578e+00 -1.702577215860372917e+01 0.000000000000000000e+00
-9.050322901533441211e+00 -5.704122616697349102e-01 0.000000000000000000e+00
-1.918004758366347096e+00 1.530702519099462933e+01 0.000000000000000000e+00
5.396981946277436215e+00 7.014908769480245887e-01 0.000000000000000000e+00
-3.805480923513991254e+00 -1.703800286263209429e+01 0.000000000000000000e+00
8.359274547570025859e+00 6.597128174214371477e+00 0.000000000000000000e+00
-8.780023906949587342e+00 -1.173785727864315120e+01 0.000000000000000000e+00
-5.044417463331456908e+00 5.082622407372035411e+00 0.000000000000000000e+00
-2.500394740354986212e+00 -9.978384017521694460e+00 0.000000000000000000e+00
1.281258572251330641e+01 1.102577716709596523e+01 0.000000000000000000e+00
-1.291475370102232745e+01 -3.474519091180185981e+00 0.000000000000000000e+00
7.428612089281097397e+00 9.175103336673180010e+00 0.000000000000000000e+00
1.124331433258399926e+01 9.986765242476609572e+00 0.000000000000000000e+00
5.534053968608629304e-02 7.688005287006494548e+00 0.000000000000000000e+00
-1.453011901446736331e+01 -6.337899658982868445e+00 0.000000000000000000e+00
3.029948421862986851e+00 1.059738762863737138e+00 0.000000000000000000e+00
-7.473567923392828050e+00 1.553188534047652425e+01 0.000000000000000000e+00
-1.583183783788410537e+01 4.761195582230702605e+00 0.000000000000000000e+00
1.441076037779855135e+01 -5.207903761579006030e+00 0.000000000000000000e+00
-2.835724534011797360e+00 1.320954943481743271e+01 0.000000000000000000e+00
-5.843947209183952829e+00 -1.895492324355742886e+00 0.000000000000000000e+00
-9.926755705874244384e+00 -1.409759798872575409e+01 0.000000000000000000e+00
1.125438433273670391e+01 -8.463691940707134265e+00 0.000000000000000000e+00
4.788496281240554708e+00 5.311495389473519957e+00 0.000000000000000000e+00
-1.572602074168372077e+01 -7.412222651722796485e+00 0.000000000000000000e+00
-6.576196292203411176e+00 -6.686576608179698233e+00 0.000000000000000000e+00
1.122975982918262616e+00 -1.370543415216045169e+01 0.000000000000000000e+00
4.969202106417284881e+00 -1.219043776521649747e+01 0.000000000000000000e+00
1.627804276594869393e+01 6.232800410577104877e+00 0.000000000000000000e+00
-9.333381570437865093e+00 6.825314563651635247e+00 0.000000000000000000e+00
1.706438748064999089e+01 -1.552849351291555102e+00 0.000000000000000000e+00
1.288689492495787015e+01 2.668230791038833871e+00 0.000000000000000000e+00
9.312585239990625041e+00 -1.321655939642264599e+01 0.000000000000000000e+00
9.166653762668406813e+00 1.195235596519617527e+00 0.000000000000000000e+00
-1.225715605641678962e+01 1.241551518601704451e+01 0.000000000000000000e+00
4.721527537323279233e+00 2.732872808079677363e+00 0.000000000000000000e+00
1.682422647123876303e+01 -4.754075802155107056e+00 0.000000000000000000e+00
4.137157485216055308e-01 -1.229997810685866177e+01 0.000000000000000000e+00
1.472581232478059523e-03 1.744362987133448328e+01 0.000000000000000000e+00
-1.110028794908964223e+01 -9.223665316566142636e+00 0.000000000000000000e+00
1.082430106912486645e+00 6.228532917763177634e-01 0.000000000000000000e+00
-7.774410039374684445e+00 -1.567419449387314501e+01 0.000000000000000000e+00
-1.039169299278750458e+01 1.267325150056710470e+01 0.000000000000000000e+00
-4.624213809665011610e+00 1.105689852724007594e+01 0.000000000000000000e+00
-5.198521719491389526e+00 1.267157571924349746e+01 0.000000000000000000e+00
-1.679767246057621577e+01 -4.238924681363856806e+00 0.000000000000000000e+00
-9.592058978006150483e+00 5.273147423535749390e+00 0.000000000000000000e+00
-1.444174502153345330e+01 8.576492636282861071e+00 0.000000000000000000e+00
1.177893790290341691e+01 -2.133620906162864816e+00 0.000000000000000000e+00
1.099557019971774530e+01 -1.316293842911764322e+01 0.000000000000000000e+00
-6.476009321830295207e+00 -8.612905582656782855e+00 0.000000000000000000e+00
-9.056526582747785881e+00 3.363368881760682161e+00 0.000000000000000000e+00
7.326979693626351597e+00 -5.345178034060619199e-01 0.000000000000000000e+00
1.625160048778183963e+01 2.497212910965669885e-01 0.000000000000000000e+00
-4.709388933846796466e-01 -6.625652252178019452e+00 0.000000000000000000e+00
3.743539672731492018e+00 1.692096662871454527e+01 0.000000000000000000e+00
2.647482839135305799e+00 7.410497356243627820e+00 0.000000000000000000e+00
-8.617954784408111024e+00 8.371179790753657812e+00 0.000000000000000000e+00
1.057586750070348636e+01 -6.409553152320353497e+00 0.000000000000000000e+00
5.364072823124361733e+00 -9.451681021301981289e+00 0.000000000000000000e+00
-1.368391520545842965e+01 1.643841192811155372e+00 0.000000000000000000e+00
6.075918233732925167e+00 -7.500843900909382356e+00 0.000000000000000000e+00
-1.314291937347759820e+01 -1.747720731181819920e-01 0.000000000000000000e+00
-1.687899979236342318e+01 9.120739323456161785e-01 0.000000000000000000e+00
-1.429827729588642704e+01 5.818739108866199494e+00 0.000000000000000000e+00
7.292607444236092640e+00 1.163911943719498909e+00 0.000000000000000000e+00
-5.415034706870512693e+00 -1.004379285532051291e+01 0.000000000000000000e+00
1.131116227188990031e+01 1.151798921371492490e+01 0.000000000000000000e+00
1.629220303160685779e+00 8.654730218616212056e+00 0.000000000000000000e+00
-6.610040950150742667e+00 1.389075157997390164e+01 0.000000000000000000e+00
2.607560620076290636e+00 -3.296799684977553380e+00 0.000000000000000000e+00
-1.640770594300006602e+00 9.383641901726836210e+00 0.000000000000000000e+00
4.849552949244856137e+00 -6.520262717969637301e+00 0.000000000000000000e+00
8.506312399058188589e+00 -1.527653947147457814e+01 0.000000000000000000e+00
1.349705954592821655e+01 -3.683339608114726271e+00 0.000000000000000000e+00
1.080584624203396693e+01 1.995109575915187394e-01 0.000000000000000000e+00
-6.397044513683916023e+00 -3.549944590863211680e+00 0.000000000000000000e+00
-5.154754267983685523e+00 3.439756369972229777e+00 0.000000000000000000e+00
6.680182476044505435e+00 -1.233798802272384521e+01 0.000000000000000000e+00
-7.645655945579414414e+00 7.121356143939139294e+00 0.000000000000000000e+00
1.146447340111841307e+01 7.454800819528827560e+00 0.000000000000000000e+00
-6.335210302772132707e+00 2.821724520926868762e-01 0.000000000000000000e+00
-1.103954483103786366e+01 -5.270823219247086300e+00 0.000000000000000000e+00
8.241040342199113411e+00 1.333053187869779599e+01 0.000000000000000000e+00
4.307156115605648594e+00 -1.082294589963156461e+01 0.000000000000000000e+00
4.059014150460786396e+00 -1.652257313069366518e+01 0.000000000000000000e+00
-8.107643599926319666e-01 2.282800572570815145e+00 0.000000000000000000e+00
-1.070291604188796697e+01 -3.712861875148085744e+00 0.000000000000000000e+00
-1.266524764695921768e+01 9.110220861347750443e+00 0.000000000000000000e+00
3.653882521597175526e+00 6.295818650194728860e+00 0.000000000000000000e+00
6.133559160430007040e+00 -5.075377743639420736e+00 0.000000000000000000e+00
-2.016680047829082500e+00 -4.002895424017114401e+00 0.000000000000000000e+00
-5.569651989057179620e+00 1.584540326821334588e+01 0.000000000000000000e+00
9.860830533712382717e+00 1.098689738416979189e+01 0.000000000000000000e+00
9.002278296068762842e+00 -3.131761964252153696e+00 0.000000000000000000e+00
3.490973418203690670e+00 1.073542322235755897e+01 0.000000000000000000e+00
1.245764641816125007e+01 8.676607181508803279e+00 0.000000000000000000e+00
7.385549514370886470e+00 3.289443711276835547e+00 0.000000000000000000e+00
-3.412742027137439127e+00 5.580506368798021199e+00 0.000000000000000000e+00
1.481820408533148914e+01 5.453025278615225346e+00 0.000000000000000000e+00
2.453268574167370986e+00 -1.488644465702889974e+01 0.000000000000000000e+00
-1.028592439116811308e+00 -5.202610329382994614e+00 0.000000000000000000e+00
-4.339026526528980021e+00 -8.798581533150909850e-01 0.000000000000000000e+00
2.993231494836357864e+00 3.132440374015567741e+00 0.000000000000000000e+00
1.377043205795602177e+01 -1.064158765772664772e+01 0.000000000000000000e+00
1.436319892166699219e+01 1.891419083458043104e+00 0.000000000000000000e+00
6.115051682159805324e+00 -3.086555639342264623e+00 0.000000000000000000e+00
-8.160147907832254077e+00 9.901991010603426346e+00 0.000000000000000000e+00
-7.641121568218674831e+00 -1.258363386625735991e+00 0.000000000000000000e+00
3.296497841376839211e-01 -8.601052105952573967e+00 0.000000000000000000e+00
2.373539168064803917e+00 -5.174252306512609145e+00 0.000000000000000000e+00
-2.470165024957336808e+00 1.650706491837615308e+00 0.000000000000000000e+00
-1.008582412992170241e+01 -1.973934198490256309e+00 0.000000000000000000e+00
-4.253248146974478949e+00 -1.498391849432712419e+01 0.000000000000000000e+00
1.410333722721945016e+01 9.439626601751445634e+00 0.000000000000000000e+00
-1.259343421415737474e+01 -1.181596534929752806e+01 0.000000000000000000e+00
2.148448272781228852e+00 1.684852032452544890e+01 0.000000000000000000e+00
