-7.474345551051337466e+00 -9.609278033850255696e+00 0.000000000000000000e+00
-1.357395932153833051e+01 -1.110160871831113916e+01 0.000000000000000000e+00
-8.203007198188599247e+00 -4.455074614924832588e+00 0.000000000000000000e+00
7.296166798536146914e+00 -1.548950000710919106e+01 0.000000000000000000e+00
-1.524753622381820550e+00 7.288431166213732659e+00 0.000000000000000000e+00
2.336774684142959302e+00 3.007237415379226952e+00 0.000000000000000000e+00
-1.986933714084903713e+00 -1.607668373251639471e+00 0.000000000000000000e+00
-1.035607798684093361e-01 -1.487694787447343847e+00 0.000000000000000000e+00
-5.282433036021044748e-01 -1.554412359291264600e+01 0.000000000000000000e+00
2.369342805393220619e+00 1.421793800304319788e+01 0.000000000000000000e+00
3.975892033427384842e+00 -7.546830282735720985e+00 0.000000000000000000e+00
1.503305986387494642e+01 -4.784908933790668506e+00 0.000000000000000000e+00
-7.476979132096399638e+00 1.628601333610910729e+01 0.000000000000000000e+00
1.660999326662258468e+01 1.419561909531334765e+00 0.000000000000000000e+00
1.663822001499301706e+01 8.060892628785483183e+00 0.000000000000000000e+00
1.336766212194842218e+01 6.375061948914810372e+00 0.000000000000000000e+00
3.129373943167250705e-01 -1.396631591766437275e+01 0.000000000000000000e+00
-9.963773421768188143e+00 1.545592380486403705e+01 0.000000000000000000e+00
-1.629320606900577673e+01 -3.291803805211956480e+00 0.000000000000000000e+00
-1.065133500853014503e+01 -3.340460077921702520e-01 0.000000000000000000e+00
9.992465967832103502e+00 -1.354278515858450227e+01 0.000000000000000000e+00
-1.426634411050458695e+01 -8.546277993438708975e-01 0.000000000000000000e+00
-4.547886597323805624e+00 -1.590668380772712887e+00 0.000000000000000000e+00
-2.149803539532569641e+00 1.318015812039166867e+01 0.000000000000000000e+00
6.531184036825330885e+00 8.593417274125210170e+00 0.000000000000000000e+00
1.334808180379575049e+01 3.217786010219768400e+00 0.000000000000000000e+00
1.144046775524958370e+01 -6.057340147906729477e+00 0.000000000000000000e+00
-9.085919649900997541e+00 1.084135428607869578e+01 0.000000000000000000e+00
8.376231196437384341e+00 -1.255430655652841310e+01 0.000000000000000000e+00
5.934022947830321471e+00 1.131649486394271875e+01 0.000000000000000000e+00
-6.314978072902576400e+00 -1.956806990908168897e+00 0.000000000000000000e+00
-6.151326988360048098e+00 -5.797717073540760602e+00 0.000000000000000000e+00
-2.219880807025656377e+00 -1.490469381411157279e+01 0.000000000000000000e+00
6.300561084002595180e+00 -1.323252468409517135e+01 0.000000000000000000e+00
-8.990456518020121024e+00 7.436963382284793589e+00 0.000000000000000000e+00
-6.491746518666859700e+00 -1.455543813624924354e+01 0.000000000000000000e+00
1.473819552007875089e+01 1.045890095301243772e+00 0.000000000000000000e+00
-5.882877641205732644e-01 1.377778475264504898e+01 0.000000000000000000e+00
-8.066954168871380837e-01 4.988067694795595308e+00 0.000000000000000000e+00
-1.849873626213348743e+01 -1.465293988748502252e-01 0.000000000000000000e+00
8.877522578488575178e+00 -4.754427825659805151e+00 0.000000000000000000e+00
8.751056946486222898e+00 3.955702180077348196e+00 0.000000000000000000e+00
-6.979810756381262138e+00 6.498970942039219878e+00 0.000000000000000000e+00
-1.231755882353781750e+01 1.200458189165170175e+01 0.000000000000000000e+00
-3.746820267893036238e+00 3.820977134210885584e+00 0.000000000000000000e+00
4.381918909678071294e+00 -1.413745011167770649e+01 0.000000000000000000e+00
4.714030635875290365e+00 1.783016314516836687e+01 0.000000000000000000e+00
-6.738474982560247462e+00 1.452243717829330905e+01 0.000000000000000000e+00
-1.092504528415979159e+01 8.122574954376903023e+00 0.000000000000000000e+00
1.095342283560937702e+01 2.695512137485505999e+00 0.000000000000000000e+00
9.508443161781288566e+00 1.059847312265217845e+01 0.000000000000000000e+00
-1.769928309714403269e+01 -6.118795226156517053e+00 0.000000000000000000e+00
2.004644687364370181e+00 1.870150404928316945e+01 0.000000000000000000e+00
3.303085290350863623e+00 -2.412917076885994216e+00 0.000000000000000000e+00
2.872233267627622766e+00 -1.575021606070026969e+01 0.000000000000000000e+00
-5.973077145124502385e-01 1.824841172663601796e+00 0.000000000000000000e+00
-1.593258586165055490e+01 -5.676788303531985491e+00 0.000000000000000000e+00
-1.170119217884318941e+00 -3.746789348566578415e+00 0.000000000000000000e+00
8.172217797333887646e+00 -8.088338087222568973e+00 0.000000000000000000e+00
1.755516959442598307e-02 1.042304389905792661e+01 0.000000000000000000e+00
-1.100753657874110059e-01 -8.855030011881195762e+00 0.000000000000000000e+00
4.483402056594481877e+00 -1.229041563125136705e+01 0.000000000000000000e+00
-5.585313788679333591e+00 7.716898904696409822e-01 0.000000000000000000e+00
-1.262779332403765054e+01 9.831582198141147755e-01 0.000000000000000000e+00
-1.539810724354559390e+01 -1.028374171779849533e+01 0.000000000000000000e+00
-1.557216247322120495e+01 3.636282037653485233e+00 0.000000000000000000e+00
-5.347294080391952420e+00 2.821950602171012346e+00 0.000000000000000000e+00
-1.300293615093597310e+01 -9.246736617293899840e+00 0.000000000000000000e+00
1.676985005120273797e+01 -4.582214917663609555e+00 0.000000000000000000e+00
-3.781089598789832085e+00 -1.217029119748053034e+01 0.000000000000000000e+00
1.012880074266655406e+01 1.385109704748529680e+01 0.000000000000000000e+00
-1.427406715772195511e+01 8.336008657214923900e+00 0.000000000000000000e+00
-2.511946575332991483e+00 -1.104334853698462382e+01 0.000000000000000000e+00
1.831775695369283596e+01 6.136619747082898702e-01 0.000000000000000000e+00
9.925882266608438087e+00 -3.118952481417600175e+00 0.000000000000000000e+00
1.230982718346478499e+01 1.189033112548735360e+01 0.000000000000000000e+00
-9.476812839510383668e+00 -1.204575245116760307e+01 0.000000000000000000e+00
1.143687302565918884e+01 -8.182855184035252805e+00 0.000000000000000000e+00
4.640108810568822406e+00 -4.347405083856980212e+00 0.000000000000000000e+00
8.758272486063679807e+00 1.546100519652714489e+01 0.000000000000000000e+00
-7.313365967009213264e+00 9.736696933413050203e+00 0.000000000000000000e+00
1.099422909367621415e+01 8.746975545713056022e+00 0.000000000000000000e+00
-1.685586757532308155e+01 6.472484827868439261e+00 0.000000000000000000e+00
1.389822272289636551e+01 -7.739363578631524021e+00 0.000000000000000000e+00
-9.802010446730200499e+00 -1.555556714413249075e+01 0.000000000000000000e+00
-1.467180658079098521e+01 -2.366947154341235482e+00 0.000000000000000000e+00
6.579628259460628570e+00 5.354426796985867654e+00 0.000000000000000000e+00
-9.359282595852908671e+00 2.667268063395797917e+00 0.000000000000000000e+00
1.548317344516225491e+00 5.596772871424464668e+00 0.000000000000000000e+00
1.037113692453682923e+01 1.580712138018700763e+01 0.000000000000000000e+00
1.323097519604757899e+01 -9.505265327415136412e+00 0.000000000000000000e+00
1.336569408466746545e+01 -6.054391190912568277e+00 0.000000000000000000e+00
-1.192534459069554548e-01 -1.812782253492385820e+01 0.000000000000000000e+00
-1.045343727915856746e+01 6.238756328847141930e+00 0.000000000000000000e+00
-8.719631217228130282e+00 1.346737947837246985e+01 0.000000000000000000e+00
1.467697586699286738e+01 -1.159498876092263542e+00 0.000000000000000000e+00
-1.803026235609046068e+01 3.619587169955230443e+00 0.000000000000000000e+00
-1.424740154735900077e+01 -1.246568933255910849e+01 0.000000000000000000e+00
6.701316953479257599e+00 -1.121199903263976516e+01 0.000000000000000000e+00
-1.399463657300095676e+01 2.988930510357695525e+00 0.000000000000000000e+00
-4.187378328932761740e+00 9.331309596273406726e+00 0.000000000000000000e+00
-1.639878150949429569e+00 1.679366305898327738e+01 0.000000000000000000e+00
1.652743061473191499e+00 1.636127538875892640e+01 0.000000000000000000e+00
-9.226604158244027687e+00 5.185814719251282234e+00 0.000000000000000000e+00
6.165862143292148545e+00 -2.973476337085164456e+00 0.000000000000000000e+00
-1.702851743043765254e+01 -7.735781249320564434e+00 0.000000000000000000e+00
-3.527741205752418896e+00 7.268679356863271934e+00 0.000000000000000000e+00
-6.296160741214140266e+00 1.244719275829197258e+01 0.000000000000000000e+00
7.072217139863567148e+00 1.685305288234104637e+01 0.000000000000000000e+00
-5.420660822997798611e+00 7.215929930382875668e+00 0.000000000000000000e+00
-1.337561452540240836e+01 1.017000347186497322e+01 0.000000000000000000e+00
-1.182324545706761576e+01 4.735924356959620773e+00 0.000000000000000000e+00
2.783219392336896636e+00 -9.068288805204174352e+00 0.000000000000000000e+00
2.568941457142750906e+00 -5.623258590201499096e+00 0.000000000000000000e+00
5.576384832645052470e+00 -1.748805616533762830e+01 0.000000000000000000e+00
1.013012311624600414e+01 1.211800221957773260e+01 0.000000000000000000e+00
-9.108305136871839736e+00 8.947759227146347527e+00 0.000000000000000000e+00
1.381870988351898921e+00 -1.229987759458419916e+01 0.000000000000000000e+00
1.118486828099518604e+01 7.197091341894273242e+00 0.000000000000000000e+00
-3.620644521113276948e+00 6.503699118004967472e-01 0.000000000000000000e+00
-2.108210458115217012e+00 3.985891448395332493e+00 0.000000000000000000e+00
-1.092943345413849343e+01 -1.390255267275636974e+01 0.000000000000000000e+00
1.164783377538697984e+01 -1.123731512357114859e+01 0.000000000000000000e+00
1.485822331309571709e+01 4.980451265684565421e+00 0.000000000000000000e+00
-1.893583669456355256e+00 4.156392965282103558e-01 0.000000000000000000e+00
-8.164778008816320209e+00 -1.545228172730234029e+01 0.000000000000000000e+00
-3.434071270425327338e+00 1.133261020015082465e+01 0.000000000000000000e+00
4.609172217359413182e+00 1.409981831151420195e+01 0.000000000000000000e+00
1.649608108543392238e+00 8.237256019569327847e+00 0.000000000000000000e+00
4.144957980954385945e+00 8.305552400734415031e+00 0.000000000000000000e+00
-9.642036959147814557e+00 -2.255303355761930195e+00 0.000000000000000000e+00
8.229992479917672910e+00 -1.000631428733310457e+01 0.000000000000000000e+00
-4.482441955472507011e+00 1.320409128542667432e+01 0.000000000000000000e+00
-3.611785926409565750e+00 1.597748522439840535e+01 0.000000000000000000e+00
-1.102270851605707946e+01 -8.881318282550459742e+00 0.000000000000000000e+00
6.496175128604322779e+00 -8.395210677876304928e+00 0.000000000000000000e+00
-3.223947077462750777e+00 -9.086566625680401188e+00 0.000000000000000000e+00
1.705773263488755731e+01 -1.932765957456280548e+00 0.000000000000000000e+00
-2.299383054788480596e+00 -1.838107767789073677e+01 0.000000000000000000e+00
3.385827040878610195e+00 -1.065960267993718702e+01 0.000000000000000000e+00
-2.003078436259601247e+00 -5.386614996111446452e+00 0.000000000000000000e+00
1.282361223857766319e+01 9.723427663635877849e+00 0.000000000000000000e+00
2.339738954748906252e+00 -1.810884943232536415e+01 0.000000000000000000e+00
1.879354492190264025e+01 -1.358293976599050268e+00 0.000000000000000000e+00
1.293019429891653083e+01 -3.580333872393747008e+00 0.000000000000000000e+00
1.225774348457308527e+01 5.006615175473464241e+00 0.000000000000000000e+00
5.941207877435749296e+00 3.031395364882889965e+00 0.000000000000000000e+00
1.760945918862401882e+01 6.877582661923531404e+00 0.000000000000000000e+00
-5.962895065166252451e+00 -3.541915601982162709e+00 0.000000000000000000e+00
2.834199987795424924e+00 9.265554804629321239e+00 0.000000000000000000e+00
-4.689374391591599966e+00 -8.382247863571508972e+00 0.000000000000000000e+00
-4.437945765402905529e+00 -5.639719757920424570e+00 0.000000000000000000e+00
-6.599939272938142552e-03 4.440018861665343680e-02 0.000000000000000000e+00
2.180092323343129745e+00 1.167756308486607608e+01 0.000000000000000000e+00
-1.190152273955005491e+01 -7.181815527158224910e+00 0.000000000000000000e+00
-7.395014546757794349e+00 4.854319153941777376e-02 0.000000000000000000e+00
1.420454179886668555e+00 -2.445380775679279139e+00 0.000000000000000000e+00
1.654500064614582300e+01 4.533574963814269054e+00 0.000000000000000000e+00
-1.193591137447672779e+01 -3.518301386028828137e+00 0.000000000000000000e+00
-1.268175307259725848e+01 -1.378124714746174106e+01 0.000000000000000000e+00
8.948225083195191942e+00 1.015061093647257884e-01 0.000000000000000000e+00
-9.869231418178070925e+00 -7.864686274383001496e+00 0.000000000000000000e+00
-4.321703007284652287e+00 1.849693972896507788e+01 0.000000000000000000e+00
4.733260192381866460e+00 -5.406086566882352118e-01 0.000000000000000000e+00
7.381015989447377024e+00 -5.313300651972763688e+00 0.000000000000000000e+00
8.123863821923748674e+00 9.049067903100159072e+00 0.000000000000000000e+00
-1.678471377592948244e+01 7.971857757389038124e-01 0.000000000000000000e+00
-1.229684320294828481e+01 -1.708267451676906079e+00 0.000000000000000000e+00
4.570688942746498284e+00 -5.966651497833606044e+00 0.000000000000000000e+00
1.389230263805215770e+01 1.183910735621377164e+01 0.000000000000000000e+00
-1.575934212397894640e+01 -8.654173254134665427e+00 0.000000000000000000e+00
1.559967957409477002e+01 9.380596116928408890e+00 0.000000000000000000e+00
-1.807565232995679239e+01 5.322851921541413844e+00 0.000000000000000000e+00
-4.087053017607349958e-01 1.838597361847437384e+01 0.000000000000000000e+00
-5.737802039119075381e+00 9.648674104665284190e+00 0.000000000000000000e+00
-1.107199590409354428e+01 1.384930922643601470e+01 0.000000000000000000e+00
1.086902971840932608e+01 -1.445099828491168248e+00 0.000000000000000000e+00
2.563070145873646233e+00 -2.793521469927695566e-01 0.000000000000000000e+00
1.269410227219169185e+00 -1.020334255891916087e+01 0.000000000000000000e+00
8.810647705185727929e+00 6.823282293643851304e+00 0.000000000000000000e+00
8.444787115886748907e+00 1.336610350136220582e+01 0.000000000000000000e+00
1.780256276037563268e+01 2.363783502220957899e+00 0.000000000000000000e+00
1.147285344790885675e-01 7.383456752327606232e+00 0.000000000000000000e+00
9.931260959367193664e+00 -7.138867453627011805e+00 0.000000000000000000e+00
-6.329197917840878596e+00 -1.131050871099937183e+01 0.000000000000000000e+00
-1.523658344410854504e+01 5.136900475106629393e-01 0.000000000000000000e+00
4.356909948364761753e+00 -9.370938471088468447e+00 0.000000000000000000e+00
3.908528107445795818e+00 -1.811665590314715502e+01 0.000000000000000000e+00
-5.935830392621864071e+00 1.699863100278208705e+01 0.000000000000000000e+00
7.796548852104669081e+00 -2.599180136529568586e+00 0.000000000000000000e+00
-1.451109470818249747e+01 6.295238205866064085e+00 0.000000000000000000e+00
1.252105731798991428e+01 -1.353539553085367686e+01 0.000000000000000000e+00
-1.011392051501276867e+01 1.160058663640556320e+00 0.000000000000000000e+00
-3.314023697201622820e+00 -3.493763762708241849e+00 0.000000000000000000e+00
-3.051451374901089642e-01 -1.073898977500661189e+01 0.000000000000000000e+00
-1.129774429497663135e+01 2.239243132653539359e+00 0.000000000000000000e+00
-7.899451215734450749e+00 2.187865750031044332e+00 0.000000000000000000e+00
-2.480657426141993360e-01 -6.362207814418481711e+00 0.000000000000000000e+00
1.481586558002654153e+00 -7.265574672169700321e+00 0.000000000000000000e+00
1.526776054836001784e+01 -2.875992260278951829e+00 0.000000000000000000e+00
5.954266881603636818e+00 1.561161728474836785e+01 0.000000000000000000e+00
1.032286712821420815e+00 -5.040142153456053542e+00 0.000000000000000000e+00
-1.380038898342868237e+01 -5.157537387603341017e+00 0.000000000000000000e+00
-4.485686237201972126e+00 -1.026461435314584314e+01 0.000000000000000000e+00
-1.284245304208438476e+01 6.043398284055676584e+00 0.000000000000000000e+00
1.184165996406632004e+01 3.645673560255733858e-01 0.000000000000000000e+00
1.446741792270582749e+01 -1.165244271123967934e+01 0.000000000000000000e+00
1.051395141490721485e+01 -1.004742165586671021e+01 0.000000000000000000e+00
-3.670975412836817053e+00 -1.548115395359788948e+01 0.000000000000000000e+00
8.665967685573553680e+00 1.712321124032249342e+00 0.000000000000000000e+00
-7.998458459113364505e+00 -1.162736200713618473e+01 0.000000000000000000e+00
6.826129075561933490e+00 -1.339253170015809236e+00 0.000000000000000000e+00
-2.120527291512838808e+00 1.011718027245517604e+01 0.000000000000000000e+00
1.629485552342344690e+01 -6.557011230131986501e+00 0.000000000000000000e+00
-5.187916299607548964e+00 -1.732436749944997700e+01 0.000000000000000000e+00
-1.430737053940309877e+01 -8.123679613157655410e+00 0.000000000000000000e+00
1.571700097781411465e+01 6.397281459665458136e+00 0.000000000000000000e+00
3.738460374764592586e+00 1.152347770016999995e+01 0.000000000000000000e+00
-1.696738798466255460e+01 2.509515720378848957e+00 0.000000000000000000e+00
1.635080323193870200e+01 -8.846120634436543284e+00 0.000000000000000000e+00
5.829648918351385767e+00 1.307015448657248236e+01 0.000000000000000000e+00
-8.362505438493517573e+00 -6.961865924259680760e+00 0.000000000000000000e+00
-3.731534783707735059e+00 5.404247410487024617e+00 0.000000000000000000e+00
-1.033703053711903408e+01 -5.163156910884944217e+00 0.000000000000000000e+00
-1.055209145804929527e+01 1.188025796939012757e+01 0.000000000000000000e+00
-1.887813245759515723e+01 -2.031062296744513329e+00 0.000000000000000000e+00
-1.144842389954909301e+01 -1.094487032587111663e+01 0.000000000000000000e+00
1.309090510616074177e+00 -1.677700099682171242e+01 0.000000000000000000e+00
2.582546715656051095e-01 3.804149785844171738e+00 0.000000000000000000e+00
3.943612984272353850e-01 1.255783839689224735e+01 0.000000000000000000e+00
9.397388953076491802e+00 -8.976353160836127998e+00 0.000000000000000000e+00
1.133833062664086810e+01 -4.358362949246617823e+00 0.000000000000000000e+00
2.300421371832411133e+00 -1.366977273457992759e+01 0.000000000000000000e+00
3.910963163182234137e+00 1.204963391717081889e+00 0.000000000000000000e+00
-2.218572072429132902e+00 -1.268628707922574250e+01 0.000000000000000000e+00
-1.660718838772103823e+01 9.079209592527432093e+00 0.000000000000000000e+00
-1.810637037137060190e+01 -3.934886933661920771e+00 0.000000000000000000e+00
4.729099253864574415e+00 5.268523869104781099e+00 0.000000000000000000e+00
1.647510572171886523e+01 -4.226094776486190030e-01 0.000000000000000000e+00
-7.464853947905258025e+00 7.932339519470229305e+00 0.000000000000000000e+00
4.404476804102816168e+00 9.790306855792621832e+00 0.000000000000000000e+00
1.807412485830662519e+01 3.899837809683830869e+00 0.000000000000000000e+00
-6.306834097718546417e+00 4.108350908157526682e+00 0.000000000000000000e+00
5.674734072165558807e+00 -1.496349477897032898e+01 0.000000000000000000e+00
1.192944185305608329e+01 1.444697879511938154e+01 0.000000000000000000e+00
-1.877516003749662099e+00 1.497480474834263298e+01 0.000000000000000000e+00
1.848606692237486016e+01 -3.439796615103630995e+00 0.000000000000000000e+00
3.212311510494918032e+00 5.824777297721686509e+00 0.000000000000000000e+00
-9.039797549330945259e+00 -7.708430856416980115e-01 0.000000000000000000e+00
1.027722003946043294e+01 -1.191296039449885669e+01 0.000000000000000000e+00
-7.609928939613511467e+00 -1.700797334658365045e+01 0.000000000000000000e+00
-8.352378678604571505e+00 -1.367995635630860285e+01 0.000000000000000000e+00
4.407447953733186097e+00 2.909609106229973818e+00 0.000000000000000000e+00
-8.960793259312348269e+00 -1.016637787733227150e+01 0.000000000000000000e+00
7.300906284500746857e+00 1.565266890233729946e-01 0.000000000000000000e+00
-3.249054186112539711e+00 -7.191787287917515314e+00 0.000000000000000000e+00
