-7.414032085678255335e+00 -8.935444298534928720e+00 0.000000000000000000e+00
4.334096580594333226e-01 1.453373591556610478e+01 0.000000000000000000e+00
8.767845074846558617e+00 -3.206130233129615981e+00 0.000000000000000000e+00
-3.417100231769348184e+00 1.607259411175347097e+01 0.000000000000000000e+00
1.034252966151472997e+01 -5.278246839703510496e+00 0.000000000000000000e+00
-7.268053210511300932e+00 1.189712007193654131e+01 0.000000000000000000e+00
2.892783112910966015e+00 1.270032387556180176e+01 0.000000000000000000e+00
-1.057303677339051262e+01 -7.435631383438224162e+00 0.000000000000000000e+00
-1.436510617204091211e+01 -7.108742361108614460e+00 0.000000000000000000e+00
9.159924279799326996e+00 -1.111951527292418973e+01 0.000000000000000000e+00
-1.688219948378609114e+00 -1.374572593208503868e+01 0.000000000000000000e+00
3.180196744582907353e+00 8.724237777841617358e+00 0.000000000000000000e+00
-7.428148238182253671e+00 -1.586375842453061624e+00 0.000000000000000000e+00
2.563587742806416880e+00 4.252774999249624877e+00 0.000000000000000000e+00
-2.150175430789562192e+00 -1.186623150213168287e+01 0.000000000000000000e+00
1.184869759422762492e+01 -1.115570748654440436e+01 0.000000000000000000e+00
4.741906672869697026e+00 -1.088059448357513936e+01 0.000000000000000000e+00
-3.745232676596675248e+00 -1.599413033618676039e+00 0.000000000000000000e+00
1.699210637259087875e+01 3.975689461499171795e+00 0.000000000000000000e+00
1.444014435390202244e+01 -2.344729230354906935e-01 0.000000000000000000e+00
-6.770654339363616714e+00 1.491938949545045823e+01 0.000000000000000000e+00
-3.644164354708844256e-01 -1.003872754767583642e+00 0.000000000000000000e+00
-1.024615093560856316e+01 1.322186223780213865e+01 0.000000000000000000e+00
2.083563969300216367e+00 1.461430423521055744e+01 0.000000000000000000e+00
-9.573168109490346467e+00 1.116395677839668643e+01 0.000000000000000000e+00
1.437058619182547048e+01 -7.234531106677185797e+00 0.000000000000000000e+00
-6.188793228140975877e+00 9.043752673240446072e+00 0.000000000000000000e+00
1.044011135648323396e+01 1.203392794536311072e+01 0.000000000000000000e+00
-7.595220769187115195e+00 -4.995783122694368750e+00 0.000000000000000000e+00
-3.537979131046594672e-01 5.210872511102482285e+00 0.000000000000000000e+00
-9.150351955706991447e+00 -1.073253739700714071e+01 0.000000000000000000e+00
6.387445501230463840e+00 1.128639267179086403e+01 0.000000000000000000e+00
-4.316418697812443028e+00 -1.305882106631801776e+01 0.000000000000000000e+00
-1.311551332081423027e+01 -7.976861244797267325e+00 0.000000000000000000e+00
1.239521114757894260e+01 -9.747398369906616622e-02 0.000000000000000000e+00
1.150317950382311771e+01 6.896117698576154531e+00 0.000000000000000000e+00
-1.186845421599600314e+01 2.413298838700861371e+00 0.000000000000000000e+00
-1.323079844224831048e+00 1.194788756716693534e+01 0.000000000000000000e+00
7.330475151615036822e+00 7.792407096422410362e+00 0.000000000000000000e+00
-7.849141244724653355e-01 -5.258527581178850774e+00 0.000000000000000000e+00
1.399100815496119488e+01 -1.026441148241258716e+01 0.000000000000000000e+00
1.368172779757808266e+00 -1.825921148010046569e+00 0.000000000000000000e+00
-6.944275125312245223e+00 5.730685723593319514e-01 0.000000000000000000e+00
-1.469362577360089439e+01 -4.661568663923350009e+00 0.000000000000000000e+00
1.471052894053999260e+01 -3.047707213070457222e+00 0.000000000000000000e+00
9.584402422363037743e+00 -1.413336628560576180e+01 0.000000000000000000e+00
-8.391681460974850237e-01 1.369832281703303423e+01 0.000000000000000000e+00
3.163056651759411420e+00 -1.044994797951168053e+01 0.000000000000000000e+00
1.445525114125449129e+01 5.242822636068359188e+00 0.000000000000000000e+00
-4.125949515463826600e+00 -3.946307255913485967e+00 0.000000000000000000e+00
8.133607251293442530e+00 1.418152964608283817e+01 0.000000000000000000e+00
-2.206762847374407421e+00 4.763282563116345014e-01 0.000000000000000000e+00
-4.302900690411107121e+00 1.744612569084470710e+00 0.000000000000000000e+00
8.898206465246817132e+00 -9.402070861805158941e+00 0.000000000000000000e+00
1.714849110469632620e+01 1.330822446753265886e+00 0.000000000000000000e+00
6.588549067221878275e+00 -7.996487210345319951e+00 0.000000000000000000e+00
2.158401770201063385e+00 -3.960460273664401676e+00 0.000000000000000000e+00
-1.133211884002348668e+01 -1.892609510692850439e+00 0.000000000000000000e+00
3.961142018799317377e+00 -8.072023140367891259e+00 0.000000000000000000e+00
-4.939298973307735707e+00 -1.624132227185339161e+01 0.000000000000000000e+00
6.736582070897721763e+00 2.000808738191120817e+00 0.000000000000000000e+00
5.440641384962169314e-01 6.480356091382552641e+00 0.000000000000000000e+00
-2.318121920169213368e+00 2.135599917637569067e+00 0.000000000000000000e+00
1.123112203252676800e+01 5.037204102291574337e+00 0.000000000000000000e+00
1.201899606771670648e+01 -7.482085384664362238e+00 0.000000000000000000e+00
1.268788862815862650e+01 1.136103122460062309e+01 0.000000000000000000e+00
1.522108901951778570e+01 3.726555079772420509e+00 0.000000000000000000e+00
1.569774968155919659e+01 -1.604269311646752350e+00 0.000000000000000000e+00
-4.443961328658724064e+00 -6.777161045888084878e+00 0.000000000000000000e+00
-2.157753299171933037e+00 -6.957011549141202345e+00 0.000000000000000000e+00
-1.212664313208052391e+01 3.510550986249227345e-01 0.000000000000000000e+00
7.054048684330408436e-01 9.395620870589620921e+00 0.000000000000000000e+00
-6.990877723433285285e-01 -1.001776281457206963e+01 0.000000000000000000e+00
-1.625921373587027929e+01 -5.048989988616330749e+00 0.000000000000000000e+00
3.736800222965531049e+00 -1.333266411233568505e+01 0.000000000000000000e+00
-8.656063867568848380e+00 6.035010414393655154e+00 0.000000000000000000e+00
1.110094076148049425e+01 -1.298243490890981811e+01 0.000000000000000000e+00
-7.873312694178833837e+00 8.240648908479482060e+00 0.000000000000000000e+00
8.235311906526941783e+00 1.142137488589605354e+01 0.000000000000000000e+00
-2.640460586091288864e+00 -1.548978370769403057e+01 0.000000000000000000e+00
-1.027233200017276893e+01 -8.923448937187417940e+00 0.000000000000000000e+00
-1.878940991369283608e+00 -3.654031472834449179e+00 0.000000000000000000e+00
3.578414784572961249e+00 2.489438244256829691e+00 0.000000000000000000e+00
-1.218126178724197040e+01 1.203241702390182866e+01 0.000000000000000000e+00
8.992670137511479256e-01 -9.638216942683040855e+00 0.000000000000000000e+00
-8.712796737967503091e+00 -1.501782263744049573e+01 0.000000000000000000e+00
6.903380105931152144e+00 -6.284713626884800064e+00 0.000000000000000000e+00
-2.420719476214536314e+00 4.483389085702360610e+00 0.000000000000000000e+00
4.869342107663213071e+00 -1.638287521830568494e+01 0.000000000000000000e+00
1.207309945164545617e+01 -4.358365110121415142e+00 0.000000000000000000e+00
1.477781345105091226e+01 8.396407501740783985e+00 0.000000000000000000e+00
5.862820646326510676e+00 -4.365261467824492314e+00 0.000000000000000000e+00
-3.746734368144077454e+00 1.133226742833319634e+01 0.000000000000000000e+00
1.399393015440995924e+00 -1.296274486029090411e+01 0.000000000000000000e+00
-2.205621035411823971e+00 1.717398080310817576e+01 0.000000000000000000e+00
-1.353491536733597478e+01 3.576718013447024447e+00 0.000000000000000000e+00
-5.307887178813237128e+00 1.362931031280337635e+01 0.000000000000000000e+00
-5.400741820587001030e+00 2.811246977409220360e+00 0.000000000000000000e+00
-1.415365500602706827e+00 6.447352897369698077e+00 0.000000000000000000e+00
6.287900038934045810e+00 -1.469497935419304824e+01 0.000000000000000000e+00
-6.895511798749266674e+00 -1.100662755557576311e+01 0.000000000000000000e+00
-6.186732035895605719e-01 -1.727659846925255849e+01 0.000000000000000000e+00
3.295803231851721193e+00 -1.646247745524188488e+01 0.000000000000000000e+00
8.837861198607367186e+00 4.922208239842592592e-01 0.000000000000000000e+00
1.586283621439454006e+00 1.700105241690906510e+01 0.000000000000000000e+00
-6.087617742404094479e+00 -7.395294255747925094e-01 0.000000000000000000e+00
-3.687225301100010455e+00 8.815340031330494597e+00 0.000000000000000000e+00
-1.740033286185741268e+00 9.917076291320757520e+00 0.000000000000000000e+00
-1.684927281735755855e+01 -2.626280628095712277e+00 0.000000000000000000e+00
3.207520556560573777e+00 -5.471169070394771516e+00 0.000000000000000000e+00
-2.823229784415247412e+00 -9.763230671358559931e+00 0.000000000000000000e+00
8.784864478234577945e+00 -5.715411102510376651e+00 0.000000000000000000e+00
1.565697341809023513e+01 9.115793142582144792e-01 0.000000000000000000e+00
-8.672359051295645216e+00 -3.758202309086441595e+00 0.000000000000000000e+00
-1.251332171058951559e+01 7.718931235377996636e+00 0.000000000000000000e+00
7.022029456850487072e+00 -2.059610712592824022e+00 0.000000000000000000e+00
-1.060411642483372852e+01 7.480805858796482966e+00 0.000000000000000000e+00
9.611303469730456683e-01 -6.347082645991113381e+00 0.000000000000000000e+00
-1.236525824146655417e+01 9.325794580488350860e+00 0.000000000000000000e+00
1.245640501498467323e+01 -9.138484873739919578e+00 0.000000000000000000e+00
-1.008620899875067067e+01 -4.759368308748428866e+00 0.000000000000000000e+00
-9.067945629912689043e+00 1.486188622409879478e+01 0.000000000000000000e+00
2.796188104800060081e+00 -1.195847466264667425e+01 0.000000000000000000e+00
-1.545120460645607352e+01 5.071834503258367377e+00 0.000000000000000000e+00
5.222716420797421932e+00 2.151034214727860494e+00 0.000000000000000000e+00
5.844374246297043385e+00 7.347935789616076185e+00 0.000000000000000000e+00
-4.805658352530015165e+00 -8.710400639600910822e+00 0.000000000000000000e+00
-9.056115406229226394e+00 4.177010726364872362e+00 0.000000000000000000e+00
-1.537044619738490070e+01 -1.471565289535152754e+00 0.000000000000000000e+00
9.738825584506741961e+00 6.477795010841441048e+00 0.000000000000000000e+00
4.377877170246990524e+00 1.097059854010496771e+01 0.000000000000000000e+00
-1.304528044956873245e+01 -1.164774498062727659e+01 0.000000000000000000e+00
1.680366686197955772e+01 -1.678333803410327896e-01 0.000000000000000000e+00
8.316634341107118189e+00 -1.523594424860455732e+01 0.000000000000000000e+00
-1.154717368587973958e+01 -5.750032591855409159e+00 0.000000000000000000e+00
-3.653332507405914864e+00 5.938253909137758413e+00 0.000000000000000000e+00
1.279195652456391308e+01 1.628868468126336788e+00 0.000000000000000000e+00
6.767639731158672234e-01 -3.675311823568205405e+00 0.000000000000000000e+00
2.060053491627885869e+00 6.187306463142592250e+00 0.000000000000000000e+00
9.713407322654596499e+00 2.960168067726617114e+00 0.000000000000000000e+00
1.290831708202569494e+01 -1.705308542618079848e+00 0.000000000000000000e+00
7.314482152719988806e-01 -1.125297582002571595e+01 0.000000000000000000e+00
-3.325801510747606660e+00 -5.231218113756350263e+00 0.000000000000000000e+00
-6.170860037859664082e+00 -2.646631886989527782e+00 0.000000000000000000e+00
-1.379516561117530493e+01 1.037200418773736921e+01 0.000000000000000000e+00
6.424255137859688602e+00 1.469664258497562948e+01 0.000000000000000000e+00
1.341104197574347623e+01 -5.960525287952672002e+00 0.000000000000000000e+00
-6.706385107664636358e+00 3.620783218095720901e+00 0.000000000000000000e+00
-5.825307732244871417e+00 -7.539924062627852308e+00 0.000000000000000000e+00
-6.490090423086061655e+00 -1.493883103707109150e+01 0.000000000000000000e+00
-8.823024719607881483e-01 -1.525498772739007514e+01 0.000000000000000000e+00
6.990959285937833556e+00 -1.084625963586818109e+01 0.000000000000000000e+00
2.728670406537664128e+00 -4.923382353338594947e-02 0.000000000000000000e+00
-1.059157729955454741e+01 2.894121525128242611e-01 0.000000000000000000e+00
9.627173226155383290e+00 -7.400460932501736977e+00 0.000000000000000000e+00
-1.444999064069636852e+01 6.261642261666351406e-01 0.000000000000000000e+00
4.878972708526538860e+00 -2.726101733403112348e+00 0.000000000000000000e+00
5.387469414009430579e+00 1.261046656306301017e+01 0.000000000000000000e+00
6.167731444469733759e+00 9.263721950993318188e+00 0.000000000000000000e+00
-5.432821255966143070e+00 5.933014791906403573e+00 0.000000000000000000e+00
5.219898126409270311e+00 -5.252764310899519229e-01 0.000000000000000000e+00
-1.061653030652135321e+01 -1.234871654928974927e+01 0.000000000000000000e+00
7.378189675122641400e-02 1.706259934327547256e+01 0.000000000000000000e+00
-5.044706434040970855e+00 4.312530494517047508e+00 0.000000000000000000e+00
1.708869015062213137e+01 -2.559215974742186983e+00 0.000000000000000000e+00
-6.626451955884204104e+00 -1.281064245993245088e+01 0.000000000000000000e+00
1.343648023321156515e+01 1.005369481965453105e+01 0.000000000000000000e+00
-5.231094847297090844e+00 7.475453181842252270e+00 0.000000000000000000e+00
1.573865418796245486e+01 6.814938847168665603e+00 0.000000000000000000e+00
-1.344715107110543961e+01 -1.006057406376815599e+01 0.000000000000000000e+00
6.263725266160732552e+00 5.339126570383127657e+00 0.000000000000000000e+00
-1.730766286738140147e+00 7.984333256181332494e+00 0.000000000000000000e+00
-1.471274215045952616e+01 9.075981854540513538e+00 0.000000000000000000e+00
9.656469621231579481e+00 8.688651363124561655e+00 0.000000000000000000e+00
-5.958199837885643779e-01 3.037133328208243110e+00 0.000000000000000000e+00
1.301419167258229947e+01 4.432718494384497276e+00 0.000000000000000000e+00
5.654220795839249192e+00 1.602645314798935416e+01 0.000000000000000000e+00
-9.188793209088053970e+00 1.884773049373328346e+00 0.000000000000000000e+00
4.604516287668237950e+00 -6.259266922845497128e+00 0.000000000000000000e+00
-9.198328414971584932e-01 -7.982412623864838075e+00 0.000000000000000000e+00
-9.614088827151872962e+00 -9.630934189507729393e-01 0.000000000000000000e+00
4.323821078027981102e+00 7.366093860560305906e+00 0.000000000000000000e+00
-1.015442881927048013e+00 1.548821272426387274e+01 0.000000000000000000e+00
4.105984692036674488e+00 1.562272168499990599e+01 0.000000000000000000e+00
8.794224936114094504e+00 5.282075843359558931e+00 0.000000000000000000e+00
1.193693200105429142e+01 8.560914996275403865e+00 0.000000000000000000e+00
-1.311281944623671691e+01 -3.992870693296981521e+00 0.000000000000000000e+00
-6.940084258159705755e+00 7.012268852432365307e+00 0.000000000000000000e+00
1.048992047509633530e+01 9.986802935749283350e+00 0.000000000000000000e+00
1.049673512636693573e+01 -8.929339595623391190e+00 0.000000000000000000e+00
1.675584034334433170e+01 -4.208447738690262341e+00 0.000000000000000000e+00
-8.846536322903162386e+00 -6.311026079283967860e+00 0.000000000000000000e+00
1.168214690776322406e+01 3.483671379431066750e+00 0.000000000000000000e+00
-4.360158284762582603e+00 -1.121635237382477257e+01 0.000000000000000000e+00
-4.787056219902821042e+00 1.504956403063938275e+01 0.000000000000000000e+00
6.891761909336700853e+00 -4.763492976348127628e-01 0.000000000000000000e+00
4.592578006512517241e+00 4.881719541800258355e+00 0.000000000000000000e+00
-7.935939430843945708e+00 1.019412487110398047e+01 0.000000000000000000e+00
-1.444767277966841590e+01 -2.703024943729044338e+00 0.000000000000000000e+00
-1.711360107760876215e+00 -2.043096386489471339e+00 0.000000000000000000e+00
-8.191958081770518874e+00 -1.279147069872290565e+01 0.000000000000000000e+00
5.463908525048411846e+00 -1.222615801210050712e+01 0.000000000000000000e+00
-1.439500199969103988e+01 6.640790425080905557e+00 0.000000000000000000e+00
8.157123172323030857e+00 9.654333967387330517e+00 0.000000000000000000e+00
-1.057729682324783838e+01 9.450535741004371104e+00 0.000000000000000000e+00
-6.989259269092300997e+00 5.215612586641585224e+00 0.000000000000000000e+00
3.219595096197329642e+00 -2.256833335257454998e+00 0.000000000000000000e+00
-1.113910952681919397e+01 4.791294162027800674e+00 0.000000000000000000e+00
-2.965498337340044088e+00 -1.696763174710251221e+01 0.000000000000000000e+00
1.423458162779212621e+01 2.241182584592352089e+00 0.000000000000000000e+00
-3.464412249231320295e+00 1.322660399956860644e+01 0.000000000000000000e+00
-1.593607764507423141e+01 3.607594503189127000e+00 0.000000000000000000e+00
8.713243482765453685e-01 1.120210057763237543e+01 0.000000000000000000e+00
6.768014196437328600e-01 1.503894352882543251e+00 0.000000000000000000e+00
7.245279153784268011e+00 -1.242419788315238449e+01 0.000000000000000000e+00
2.906023818774009282e+00 1.038145918216383556e+01 0.000000000000000000e+00
1.117597694439428224e+01 1.292762458474558063e+00 0.000000000000000000e+00
8.809361792977457029e+00 -1.268030817993152937e+01 0.000000000000000000e+00
2.655112586775417061e+00 -7.205355658073320235e+00 0.000000000000000000e+00
1.115895466437227412e+01 -3.122786689781098080e+00 0.000000000000000000e+00
-1.615024569141687749e+01 1.994419564829791325e+00 0.000000000000000000e+00
-4.879123366655395699e+00 3.170340796376420189e-01 0.000000000000000000e+00
1.796841044682221833e+00 -1.658355178178003442e+01 0.000000000000000000e+00
-4.129648646805631707e+00 -1.484105176665936199e+01 0.000000000000000000e+00
-8.422955176997110271e+00 -7.763820644184534103e+00 0.000000000000000000e+00
-6.933652204906917582e+00 1.337751337835769760e+01 0.000000000000000000e+00
9.197887650201646892e+00 -1.352850707088256499e+00 0.000000000000000000e+00
1.515447235724455943e+01 -5.235202010651109461e+00 0.000000000000000000e+00
-9.740477004770550451e+00 -1.367026922256510879e+01 0.000000000000000000e+00
1.692725827770353186e+00 7.667387181580219924e+00 0.000000000000000000e+00
-1.686796110854368180e+01 -9.164734941164307536e-01 0.000000000000000000e+00
1.504735936161286425e+00 -1.495486178465262839e+01 0.000000000000000000e+00
-1.615736215902513706e+01 -6.680363019464985008e+00 0.000000000000000000e+00
-1.499223630613387925e+01 -8.535673778941262668e+00 0.000000000000000000e+00
-2.365834108729701679e+00 1.481153823711757767e+01 0.000000000000000000e+00
-1.457727287708589081e+01 2.429002106222151625e+00 0.000000000000000000e+00
-1.589854438763682687e+01 6.994648153550913072e+00 0.000000000000000000e+00
6.377304430335873242e+00 3.653197233215801365e+00 0.000000000000000000e+00
-6.016430293308953736e+00 1.065685421064159932e+01 0.000000000000000000e+00
-1.311625347772308459e+01 -9.107014052462020226e-01 0.000000000000000000e+00
1.601110483822418473e+01 5.285995184461658170e+00 0.000000000000000000e+00
-9.985425448596421560e+00 -2.618916286860345277e+00 0.000000000000000000e+00
-1.250094558445118054e+01 5.846796878633564454e+00 0.000000000000000000e+00
-1.138722392154744689e+01 -1.037693004122620266e+01 0.000000000000000000e+00
-5.990439327265306702e+00 -5.433814400810072165e+00 0.000000000000000000e+00
-5.690712040943809669e+00 1.641344261746053945e+01 0.000000000000000000e+00
9.786589006110745004e+00 1.375983883563798038e+01 0.000000000000000000e+00
-5.450612231244682526e+00 1.208241680552695740e+01 0.000000000000000000e+00
1.310419599058744211e+01 7.426191243563531330e+00 0.000000000000000000e+00
3.666107601605205879e+00 -4.022226245450859494e+00 0.000000000000000000e+00
1.261995632747993534e+00 1.308902270404953505e+01 0.000000000000000000e+00
-1.327632914443722001e+01 -6.069881554761940912e+00 0.000000000000000000e+00
1.586880009028912752e+01 -6.631352943821074319e+00 0.000000000000000000e+00
8.053868265549768424e+00 3.630418942603090393e+00 0.000000000000000000e+00
1.426386954581101385e+01 -8.760604868811629586e+00 0.000000000000000000e+00
7.332683434321603855e+00 1.277338986509166929e+01 0.000000000000000000e+00
