-1.470464402137124793e+01 -9.954735419670580399e+00 0.000000000000000000e+00
-4.243043838094445519e+00 6.171018819781081355e+00 0.000000000000000000e+00
5.969582485604643107e-01 -1.228284974882488179e+01 0.000000000000000000e+00
-8.926781960537395477e+00 -1.037118159487857127e+01 0.000000000000000000e+00
-8.691133087556515591e+00 8.198941547072351455e+00 0.000000000000000000e+00
-2.122987188175707196e+00 1.575732822610810935e+01 0.000000000000000000e+00
3.963172071849085931e+00 9.246117956391724846e+00 0.000000000000000000e+00
4.645857238234335718e+00 6.205831520278267455e+00 0.000000000000000000e+00
-1.630572864743340133e+01 -7.214051576819106693e+00 0.000000000000000000e+00
-2.860772309042242667e-01 1.005629367031160237e+00 0.000000000000000000e+00
7.834364031129743555e-01 -7.820370075864100379e+00 0.000000000000000000e+00
1.412602009145625281e+01 2.122893508708650678e+00 0.000000000000000000e+00
9.420187784193204905e+00 -1.391736420113887185e+01 0.000000000000000000e+00
1.044588901919869883e+01 -4.010420974333162469e+00 0.000000000000000000e+00
-2.722568188926105526e-01 -9.624340732437367762e+00 0.000000000000000000e+00
7.459366974793641525e+00 1.634977812412692799e+01 0.000000000000000000e+00
6.087344857895499395e+00 -5.897491564910163575e+00 0.000000000000000000e+00
-1.362602270849330921e+01 6.997287435753302809e+00 0.000000000000000000e+00
-5.777521100740808713e+00 -9.366722866151608429e+00 0.000000000000000000e+00
1.260289197399828609e+01 1.299555089794210083e+01 0.000000000000000000e+00
-9.055711047951083614e+00 -1.692856482159041054e+00 0.000000000000000000e+00
9.247646541356630223e+00 -9.824251723010721804e+00 0.000000000000000000e+00
-1.085452447467877235e+01 -9.025420950581670709e+00 0.000000000000000000e+00
6.549053832077908588e+00 -1.158151397228635443e-01 0.000000000000000000e+00
5.579685794930077103e-01 1.261386137393707330e+01 0.000000000000000000e+00
2.760618913322401724e+00 4.053336061743930685e+00 0.000000000000000000e+00
1.394395263355020553e+01 4.326919171965989186e+00 0.000000000000000000e+00
-2.067522899222775656e-01 -1.751978200577397971e+01 0.000000000000000000e+00
-1.584950130663169787e+01 1.554369857652743381e+00 0.000000000000000000e+00
8.008268490079174740e+00 1.319854991812041689e+01 0.000000000000000000e+00
3.320371272271956276e+00 1.754316793159595278e+01 0.000000000000000000e+00
1.227817978063004212e+01 5.742513437409136777e-04 0.000000000000000000e+00
-3.483739579277484122e+00 -1.097706267677440550e+01 0.000000000000000000e+00
-1.267044443402972220e+01 -6.515715847986055742e+00 0.000000000000000000e+00
5.489071226687083360e+00 4.906026547910686375e+00 0.000000000000000000e+00
-1.007939566640965445e+01 -7.739002003406521446e+00 0.000000000000000000e+00
2.388611040648248363e+00 -6.952022214614923534e+00 0.000000000000000000e+00
1.792744919619106980e+01 -2.344505915505687543e+00 0.000000000000000000e+00
3.876970006579935735e+00 -9.823065279866776578e+00 0.000000000000000000e+00
1.131128088822525868e+01 9.439861402158813419e+00 0.000000000000000000e+00
1.237386518805677049e+01 -5.751012781327637491e+00 0.000000000000000000e+00
1.995451053908796624e+00 1.383833822191509633e+01 0.000000000000000000e+00
6.872526860675681526e+00 7.339679061303332475e+00 0.000000000000000000e+00
8.408319248774240862e+00 9.863158830015670731e+00 0.000000000000000000e+00
-1.630524412750542940e+00 -5.599973417283502286e+00 0.000000000000000000e+00
-2.816163602180730585e+00 5.355915530344370623e+00 0.000000000000000000e+00
1.652954645887431795e+01 7.980423979311995097e+00 0.000000000000000000e+00
-1.221875028072071423e+01 -1.214665342146446392e+01 0.000000000000000000e+00
-1.247914658063479454e+00 -3.628153445389703080e+00 0.000000000000000000e+00
-3.493053749734770896e+00 8.339866087186049270e+00 0.000000000000000000e+00
1.060757368456518535e+01 3.873735003383303732e-02 0.000000000000000000e+00
4.842100695217349537e-01 8.240207318382966051e+00 0.000000000000000000e+00
-1.369803525274311262e+01 1.133630800793786264e+01 0.000000000000000000e+00
-8.549526622294729705e+00 1.356194410883804480e+01 0.000000000000000000e+00
2.060762802703723473e+00 1.009712264030011752e+01 0.000000000000000000e+00
-5.499368107976743580e+00 1.103759035688971935e+01 0.000000000000000000e+00
6.280322330265738273e+00 8.781362820329412955e+00 0.000000000000000000e+00
-9.176022488261976751e-01 1.783085888433299715e+01 0.000000000000000000e+00
-1.817751170136296324e+01 4.338915888255345799e+00 0.000000000000000000e+00
-4.000696724178551378e+00 1.680317385953729570e+01 0.000000000000000000e+00
-1.831520029469085875e-01 -1.519488259455860524e+00 0.000000000000000000e+00
1.373208580773981780e+01 -4.661400623200097071e-01 0.000000000000000000e+00
-1.559935212430071516e+01 1.077755923195257814e+01 0.000000000000000000e+00
-8.655258533965426437e+00 -3.996442931465677084e+00 0.000000000000000000e+00
-2.532120000906418866e+00 -1.808637880131731990e+01 0.000000000000000000e+00
-7.005397547980178885e+00 -1.026173583728982486e+00 0.000000000000000000e+00
6.690982552359071356e+00 -2.571553134747599501e+00 0.000000000000000000e+00
-5.712659207012265483e+00 -1.717334646402481368e+01 0.000000000000000000e+00
-7.229594057617277914e-01 5.082918555388914683e+00 0.000000000000000000e+00
-1.084466161886536995e+01 -3.164208517173526136e+00 0.000000000000000000e+00
-1.487486750629571830e+01 -3.374996150710456000e+00 0.000000000000000000e+00
2.440136530239997548e+00 1.406531189781905944e+00 0.000000000000000000e+00
-4.536649555835372105e+00 1.457476722665210467e+01 0.000000000000000000e+00
-4.322440367310912634e+00 -6.280318150373813246e+00 0.000000000000000000e+00
-1.310707325488238340e+01 -9.933447762668334846e+00 0.000000000000000000e+00
-1.783299324491516735e+00 2.020034788682143478e+00 0.000000000000000000e+00
7.685847153291873735e-01 -3.906355338134736677e+00 0.000000000000000000e+00
-6.475033155918781702e+00 -5.357123530903326269e+00 0.000000000000000000e+00
-7.639619062064500810e+00 3.843967382116818321e+00 0.000000000000000000e+00
2.050734773246442710e+00 -1.615407990568047181e+00 0.000000000000000000e+00
8.195523694452838015e+00 -3.754373567132329725e+00 0.000000000000000000e+00
-3.787032442783284214e+00 -1.438521993661376008e+01 0.000000000000000000e+00
3.747290105410374661e+00 -1.751541024275034886e+01 0.000000000000000000e+00
1.271171922576141711e+01 -1.741601980315883980e+00 0.000000000000000000e+00
3.955440898227976732e+00 -1.438092533931239281e+01 0.000000000000000000e+00
-9.844841446647686567e+00 9.948637078981288795e+00 0.000000000000000000e+00
-8.746576164399124664e+00 1.572140462189666188e+01 0.000000000000000000e+00
-6.415305095529990176e+00 6.716332656092999009e+00 0.000000000000000000e+00
-1.225690856825549879e+01 7.680837935983721998e+00 0.000000000000000000e+00
-1.561964503369778612e+01 -1.706698096843562995e+00 0.000000000000000000e+00
1.735317386128625827e+01 6.227718293367684232e+00 0.000000000000000000e+00
-2.382145107835504039e+00 -1.596231584494476863e+01 0.000000000000000000e+00
-1.084897454679694739e+01 -1.501586731754208692e+01 0.000000000000000000e+00
1.462758568076431054e+01 9.918028032344954781e+00 0.000000000000000000e+00
1.846968366189918553e+00 1.686891528606094326e+01 0.000000000000000000e+00
-1.772618102335595802e+00 -1.528531523773639877e+00 0.000000000000000000e+00
-1.669368017687806827e+01 8.023262827275793541e+00 0.000000000000000000e+00
-1.329771329526301393e+01 2.469106855707333015e+00 0.000000000000000000e+00
-1.115142764550869803e+00 1.169217254095052283e+01 0.000000000000000000e+00
-1.578609181813383344e+01 3.357947116895898976e+00 0.000000000000000000e+00
9.668242490969618075e+00 1.080600806642756417e+01 0.000000000000000000e+00
-1.676725191642309198e+01 5.543246321298528123e+00 0.000000000000000000e+00
5.820905041741600172e+00 1.721387956998931301e+01 0.000000000000000000e+00
3.657051997179060709e+00 7.390956842673140237e+00 0.000000000000000000e+00
1.200321635146237931e+01 -9.135878525044290654e+00 0.000000000000000000e+00
-5.689146505434852230e+00 1.743763150391120931e+01 0.000000000000000000e+00
4.475810592828666223e+00 8.143217919060784515e-01 0.000000000000000000e+00
-7.578122560321136625e+00 -1.138695659067363053e+01 0.000000000000000000e+00
-8.573864652393579533e+00 5.419441957201243110e-01 0.000000000000000000e+00
-1.219796462562607653e+00 -1.169051937950721154e+01 0.000000000000000000e+00
9.417330638229559625e+00 2.460674847626606265e+00 0.000000000000000000e+00
-1.554459897975352778e+00 -1.399128770692074397e+01 0.000000000000000000e+00
-1.112832547396072158e+01 1.121514526462124728e+01 0.000000000000000000e+00
8.440450989885755817e+00 -1.270896400279374738e+01 0.000000000000000000e+00
-1.426851240627414619e+01 5.222557887952564037e+00 0.000000000000000000e+00
6.197070231442319610e+00 -8.241288272574960772e+00 0.000000000000000000e+00
1.628358503341301144e+01 2.308250791862614282e+00 0.000000000000000000e+00
-1.272908923725086261e+01 1.319456052181110728e+01 0.000000000000000000e+00
1.720771884726462631e+01 -7.284767405759940750e+00 0.000000000000000000e+00
-8.456503260149274226e+00 -1.293626099419805087e+01 0.000000000000000000e+00
-1.324307536245949102e+00 9.422959220617602938e+00 0.000000000000000000e+00
2.634721042274716485e+00 6.048562132694284443e+00 0.000000000000000000e+00
-1.103694764187871691e+01 -6.436456783235104062e+00 0.000000000000000000e+00
-2.670354387510780914e+00 3.816212449274108298e+00 0.000000000000000000e+00
4.302881566140706049e+00 -6.657834787547066036e+00 0.000000000000000000e+00
1.545931912558755172e+01 -7.591211995079283348e+00 0.000000000000000000e+00
9.101077206166992895e+00 -7.729299705478226201e+00 0.000000000000000000e+00
-9.494243817177242306e+00 3.133806976838445557e+00 0.000000000000000000e+00
-2.765790418158037944e+00 3.724074096265625466e-01 0.000000000000000000e+00
8.246362115867956533e+00 1.166876673106860807e+01 0.000000000000000000e+00
9.349457727719265421e+00 7.646060788089120486e+00 0.000000000000000000e+00
-1.415034047123687344e+01 9.028557493710545501e+00 0.000000000000000000e+00
1.657357570157376614e+01 -4.052127924135546344e+00 0.000000000000000000e+00
2.410868815537844156e+00 -1.615131242464270400e+01 0.000000000000000000e+00
-3.622533627402354739e+00 -2.344464740004617020e+00 0.000000000000000000e+00
-1.558838958808199848e+01 -8.707750812516710681e+00 0.000000000000000000e+00
-1.146296555834998010e+01 4.158985561135115638e+00 0.000000000000000000e+00
1.727373613818766751e+00 -1.878090593399382513e+01 0.000000000000000000e+00
-6.239218727086086602e+00 5.076894570263022821e+00 0.000000000000000000e+00
-4.960279024017334670e+00 -3.664264125704391972e+00 0.000000000000000000e+00
-1.324682188596550247e+01 5.248131250952854654e-02 0.000000000000000000e+00
-8.188278241639763699e-01 1.402092165421958114e+01 0.000000000000000000e+00
-1.879168379779027021e+01 1.831328727016864555e+00 0.000000000000000000e+00
1.149257633373190091e+00 6.460187412971807319e+00 0.000000000000000000e+00
6.178178835496560550e-01 -1.422596122297126264e+01 0.000000000000000000e+00
-7.325030415672274309e+00 2.254476207052987569e+00 0.000000000000000000e+00
1.289467538288425752e+00 -5.497134485052062480e+00 0.000000000000000000e+00
5.747140232169726026e+00 1.452813536176442888e+01 0.000000000000000000e+00
-6.922137835447330190e+00 1.218635615758916124e+01 0.000000000000000000e+00
1.767478132766511578e+01 4.483275943953809239e+00 0.000000000000000000e+00
2.888321029925007277e-01 1.112046103784648565e+01 0.000000000000000000e+00
-2.998814134446062596e+00 1.276220688004224968e+01 0.000000000000000000e+00
-4.776634868150975599e+00 9.323534958670869344e+00 0.000000000000000000e+00
-7.208166078265350052e+00 9.363006280398883163e+00 0.000000000000000000e+00
-4.391928810748826351e+00 -1.218221457323999068e+01 0.000000000000000000e+00
1.322345489321333112e+01 -1.329834936053072170e+01 0.000000000000000000e+00
-1.286468811013956426e+01 -2.696360436341020961e+00 0.000000000000000000e+00
1.028481441311196498e+01 1.354319775952706273e+01 0.000000000000000000e+00
1.618982240091699865e+01 -1.279985522845760448e-01 0.000000000000000000e+00
5.705674126738014884e+00 2.432561098710678937e+00 0.000000000000000000e+00
1.171327770282856662e+01 5.946801945973935410e+00 0.000000000000000000e+00
-4.697955106125939473e+00 -1.169938634408908884e+00 0.000000000000000000e+00
-3.740024428255964040e+00 -8.808015039374383903e+00 0.000000000000000000e+00
-1.754277260637116598e+01 -1.832945237383362125e+00 0.000000000000000000e+00
-1.107695243314331357e+01 1.269465381366766898e+00 0.000000000000000000e+00
-7.469760376111846512e+00 1.724078199637638775e+01 0.000000000000000000e+00
1.529639540588322255e+01 6.498966769307959801e+00 0.000000000000000000e+00
-4.599835095823793019e+00 4.443772555008633773e+00 0.000000000000000000e+00
-5.977164655739093391e+00 7.523777850587274330e-01 0.000000000000000000e+00
8.566899035466052581e+00 -1.609310614906799586e+01 0.000000000000000000e+00
6.118830484433548378e+00 -1.131072287854117242e+01 0.000000000000000000e+00
7.893568763919565079e+00 -1.465788667232602371e+01 0.000000000000000000e+00
1.221753837818315525e+01 3.390046192537661707e+00 0.000000000000000000e+00
1.063310898650071223e+01 4.037939769435856974e+00 0.000000000000000000e+00
1.408964087630293882e+01 -1.150399452142804968e+01 0.000000000000000000e+00
3.898890497899755836e+00 -2.697755544174279763e+00 0.000000000000000000e+00
-1.037578325452472150e+01 -4.647498127382537980e+00 0.000000000000000000e+00
-8.359469075823282580e+00 -6.955250698110613250e+00 0.000000000000000000e+00
4.843141775230721535e+00 -1.634773972626085126e+01 0.000000000000000000e+00
-5.365478736484492472e+00 2.412314351752059771e+00 0.000000000000000000e+00
1.374399009910304414e+01 -4.953547185930132102e+00 0.000000000000000000e+00
-8.485697663338218177e+00 6.664121917500530401e+00 0.000000000000000000e+00
-7.678837350376215731e+00 -1.452735528063816517e+01 0.000000000000000000e+00
-3.876757311763662006e+00 1.116152920127056447e+01 0.000000000000000000e+00
7.623199736407163307e+00 -7.330314891111423314e+00 0.000000000000000000e+00
6.239341499620548070e+00 -1.437208118223519371e+01 0.000000000000000000e+00
-9.891703072323011492e-01 3.380835607045510116e+00 0.000000000000000000e+00
1.555826923336833012e+01 3.824797668942973239e+00 0.000000000000000000e+00
3.436837868975759935e+00 -1.261825634978572630e+01 0.000000000000000000e+00
3.956672349399919408e+00 1.412717723535209835e+01 0.000000000000000000e+00
1.138405383324091469e+00 1.844191751816640590e+01 0.000000000000000000e+00
9.079732953610218260e+00 1.639064166428858726e+01 0.000000000000000000e+00
-1.300199543048042017e+01 -1.374674083859391160e+01 0.000000000000000000e+00
8.014493185875320336e+00 5.847917807479866781e+00 0.000000000000000000e+00
2.062336687395549539e+00 -1.362373715119962725e+01 0.000000000000000000e+00
1.674666256252106322e+01 -5.792457822170376858e+00 0.000000000000000000e+00
1.662639127576642339e+00 -1.010120721324802950e+01 0.000000000000000000e+00
-1.043771687752352229e+01 -1.340579953267525148e+01 0.000000000000000000e+00
1.846065864108974708e+01 1.478840156633057568e+00 0.000000000000000000e+00
8.147824889768672918e+00 -5.477040865285618843e+00 0.000000000000000000e+00
-1.407307295016956283e+00 -7.941247802367241704e+00 0.000000000000000000e+00
1.105813115345033282e+01 -1.504414387838538758e+00 0.000000000000000000e+00
4.673507002095031559e+00 -4.209111446000582291e+00 0.000000000000000000e+00
-6.061913492777233792e+00 -1.494637669429310556e+01 0.000000000000000000e+00
7.853680354790259166e+00 -1.048262515340162970e+01 0.000000000000000000e+00
5.285023956421357028e+00 -1.267730518628663461e+01 0.000000000000000000e+00
5.382877569851389765e+00 1.200427206955421155e+01 0.000000000000000000e+00
1.240843684394688395e+01 -3.744351477173005094e+00 0.000000000000000000e+00
-1.929316878290669113e+00 -9.727821731591467014e+00 0.000000000000000000e+00
-1.793896225792387966e+01 -5.806016379785460479e+00 0.000000000000000000e+00
1.135172277119682249e+01 -1.116743992851663769e+01 0.000000000000000000e+00
7.075968208955574212e+00 3.203717859473712348e+00 0.000000000000000000e+00
3.606257428261705478e+00 1.200134311730977821e+01 0.000000000000000000e+00
2.162645972620227397e+00 8.371374305686943629e+00 0.000000000000000000e+00
-9.477590200829009603e+00 -1.181740750692010877e+01 0.000000000000000000e+00
-7.810766530724396972e+00 -1.719058293223906375e+01 0.000000000000000000e+00
1.120948502985629425e+01 -1.395435649483946250e+01 0.000000000000000000e+00
1.042840164462413455e+00 2.256174502730808218e+00 0.000000000000000000e+00
8.724912845324517718e+00 1.870988509639541220e-01 0.000000000000000000e+00
-1.007283129465119131e+01 1.263656510376268116e+01 0.000000000000000000e+00
-2.564565179426768537e+00 1.845537516219246754e+01 0.000000000000000000e+00
8.794879787030380314e+00 -1.591318631682763218e+00 0.000000000000000000e+00
-1.425911374196869019e+01 -5.206541885466670294e+00 0.000000000000000000e+00
-1.077445252771889272e+01 1.498981244079866393e+01 0.000000000000000000e+00
1.378685966721824663e+01 1.194791075926838531e+01 0.000000000000000000e+00
-9.815022905103640838e-01 7.250786259335123773e+00 0.000000000000000000e+00
1.351548478517831953e+01 -9.986192111171551034e+00 0.000000000000000000e+00
-7.100847373010475749e+00 -2.820334995711418991e+00 0.000000000000000000e+00
1.500613913216264805e+01 -1.015896479458832680e+01 0.000000000000000000e+00
4.817898709715710548e-01 1.485643952620960206e+01 0.000000000000000000e+00
1.331687351485740578e+01 8.938963738919600388e+00 0.000000000000000000e+00
-1.766399445406721824e+01 -2.744032414652499696e-01 0.000000000000000000e+00
-1.445324300598507428e+01 -1.166707606845112721e+01 0.000000000000000000e+00
-1.200494658334078757e+01 6.096544042730857704e+00 0.000000000000000000e+00
1.252336163934388757e+01 -7.316907192251703052e+00 0.000000000000000000e+00
1.041122113281494244e+01 -6.769692860958202552e+00 0.000000000000000000e+00
-1.092600407418803776e+01 -4.159515284166226401e-01 0.000000000000000000e+00
-1.022960151156106967e+01 6.280159601196153574e+00 0.000000000000000000e+00
-1.222321347290533744e+01 1.009413022808209348e+01 0.000000000000000000e+00
-5.686636311689907686e+00 -7.568334786949306725e+00 0.000000000000000000e+00
2.867930619799813563e+00 -4.281946136820233839e+00 0.000000000000000000e+00
4.756601178302902966e+00 1.610909251995651914e+01 0.000000000000000000e+00
-1.318465649047148602e+01 4.107614881225534198e+00 0.000000000000000000e+00
7.335012047061807650e+00 -1.702082009611872238e+01 0.000000000000000000e+00
-1.442812840378260297e+01 -7.532541729088769067e+00 0.000000000000000000e+00
5.814661751424059055e+00 1.025859150977009726e+01 0.000000000000000000e+00
1.487538270785191763e+01 -3.218979036802429139e+00 0.000000000000000000e+00
6.717683377881525919e-01 4.196862851192682875e+00 0.000000000000000000e+00
-4.247761020861436698e+00 -1.772516521488071461e+01 0.000000000000000000e+00
3.650979087421527769e+00 -7.940181520738839316e-01 0.000000000000000000e+00
-4.192764070907888829e+00 8.979231662758696553e-01 0.000000000000000000e+00
-8.662187697008990384e+00 1.124919485554115894e+01 0.000000000000000000e+00
9.254680943412294525e-01 -1.573518258238689604e+01 0.000000000000000000e+00
-1.530020922745995371e+01 -1.227022667251895377e-01 0.000000000000000000e+00
1.237612448159921286e+01 1.074601465577109316e+01 0.000000000000000000e+00
-7.118323610063125528e+00 1.436459415082523172e+01 0.000000000000000000e+00
