-9.130028979539044798e+00 1.225593929334625543e+01 0.000000000000000000e+00
1.691203156993873691e+00 1.318338565841473908e+01 0.000000000000000000e+00
7.268193117225481004e+00 -1.546359323701345767e+00 0.000000000000000000e+00
6.355028314758917496e+00 -1.363370654594062081e+01 0.000000000000000000e+00
-3.728967870663149498e+00 -1.231059301275255535e+01 0.000000000000000000e+00
-1.846072634338377760e+00 1.060342433190042222e+01 0.000000000000000000e+00
-1.262543775344539299e+01 -6.849516063096404928e+00 0.000000000000000000e+00
6.383269969080679118e+00 2.349627451406297585e+00 0.000000000000000000e+00
-5.121048912879231807e+00 1.452702119709950423e+01 0.000000000000000000e+00
2.027520965198307046e+00 -4.005501726477433522e+00 0.000000000000000000e+00
1.287328661454020384e+01 4.756659424022362970e+00 0.000000000000000000e+00
-1.216087769064215784e+01 4.677674429570508607e+00 0.000000000000000000e+00
7.381768673459398578e+00 -1.020639743744831129e+01 0.000000000000000000e+00
-4.125454589018975327e+00 9.810716254020707794e+00 0.000000000000000000e+00
8.650181432842822815e+00 -4.411921247007730695e-01 0.000000000000000000e+00
1.116043806622088752e+01 1.390123003448563566e+01 0.000000000000000000e+00
-1.626325278436880239e+01 -2.678119841184897876e+00 0.000000000000000000e+00
-1.061548993095814630e+01 -3.428031060084341775e+00 0.000000000000000000e+00
-1.357142919251939306e+00 -1.526196448631008273e+01 0.000000000000000000e+00
-1.274767294231261872e+01 -9.342467956615958968e+00 0.000000000000000000e+00
-9.131839711471075205e+00 8.397004032852290578e+00 0.000000000000000000e+00
1.051118543924676407e+00 -5.882613761307895928e+00 0.000000000000000000e+00
-4.558743467234635638e+00 7.055793294926226977e+00 0.000000000000000000e+00
-8.285442255322827521e+00 1.661159689066565903e+01 0.000000000000000000e+00
8.399006870710415740e+00 4.894660548437559378e+00 0.000000000000000000e+00
7.804724750653864618e+00 -4.992139584172361033e+00 0.000000000000000000e+00
1.264138071569814592e+01 -7.350328782629088842e+00 0.000000000000000000e+00
-9.890271258082040662e-01 -9.172005620637209589e+00 0.000000000000000000e+00
-8.264332607815162435e-01 -6.542704540220086962e+00 0.000000000000000000e+00
2.601925500871968833e+00 -1.366980260008303105e+01 0.000000000000000000e+00
1.774939785435896367e+00 1.114835552287107312e+01 0.000000000000000000e+00
-1.537366961858739067e+01 9.865182907283735148e+00 0.000000000000000000e+00
9.546809077036462199e+00 -7.954157921609509962e+00 0.000000000000000000e+00
1.414255059339536658e+01 7.341807385051691837e-01 0.000000000000000000e+00
-1.124989999266820284e+01 -1.273466815638689020e+01 0.000000000000000000e+00
-1.314354198396744167e+01 1.549011658763400190e+00 0.000000000000000000e+00
1.714589761852992211e+01 -5.781066451294490705e+00 0.000000000000000000e+00
1.152015057986320379e+01 -1.183672280216326911e+01 0.000000000000000000e+00
1.074869980154097604e+01 5.764515163285456545e+00 0.000000000000000000e+00
8.087258822559020288e+00 -1.207971934205547981e+01 0.000000000000000000e+00
1.972778574714162847e+00 -1.651202710352081837e+01 0.000000000000000000e+00
-3.586950645417996686e+00 -6.844090544459641379e+00 0.000000000000000000e+00
-1.315726363554099798e+01 -1.271315499333880794e+01 0.000000000000000000e+00
2.527626292946481890e+00 -9.694572500844445884e+00 0.000000000000000000e+00
1.201905230361290933e+00 1.697450659340191592e+01 0.000000000000000000e+00
-1.462793924799636969e+01 -6.153417232934907943e-01 0.000000000000000000e+00
-9.339111509888086360e+00 1.055351086040653641e+01 0.000000000000000000e+00
4.767570910433657438e+00 5.039937141234403839e+00 0.000000000000000000e+00
-1.171119467133676473e+01 -1.120672492966167866e+01 0.000000000000000000e+00
6.738935672733330495e-01 1.854083934925914789e+01 0.000000000000000000e+00
-2.012936063355237781e+00 -3.245224991005133397e+00 0.000000000000000000e+00
-7.663785107103502803e+00 6.624195922163817585e+00 0.000000000000000000e+00
1.580962980049548783e+01 -8.656818173537790262e-01 0.000000000000000000e+00
-1.403316333327812693e+01 -3.439886146103756648e+00 0.000000000000000000e+00
-1.818482387034037373e+01 5.035757176273358837e+00 0.000000000000000000e+00
-2.000033131786139062e+00 1.227044890004578903e+01 0.000000000000000000e+00
1.027884993876723563e+01 -1.506769417130398381e+01 0.000000000000000000e+00
1.735736655831567532e+01 1.702593438358757982e+00 0.000000000000000000e+00
1.339244454640081194e+01 1.166825815804890176e+01 0.000000000000000000e+00
-8.015548130604294386e+00 3.991634521342900754e+00 0.000000000000000000e+00
5.060206156602012229e+00 1.039854875347095131e+01 0.000000000000000000e+00
-5.140554407630731681e+00 3.939882165437062600e+00 0.000000000000000000e+00
-5.024326518972825006e+00 -1.036194639147887786e+00 0.000000000000000000e+00
-1.659765444696875747e+01 8.757931781854042530e-01 0.000000000000000000e+00
-6.048602961353030771e+00 1.024747614312050814e+01 0.000000000000000000e+00
4.000760449493463988e-01 4.326682052895804986e+00 0.000000000000000000e+00
-1.388086519807100316e+01 1.175062551642999864e+01 0.000000000000000000e+00
6.423865740070240804e+00 -3.387758427699254060e+00 0.000000000000000000e+00
2.179224982660785237e+00 -1.633685350474173070e+00 0.000000000000000000e+00
3.357046803179601469e+00 3.574657826045283926e+00 0.000000000000000000e+00
8.298964228306964230e+00 1.336986981275730280e+01 0.000000000000000000e+00
-1.746686463063057815e+01 -3.885884019985247129e+00 0.000000000000000000e+00
6.091734531005039699e+00 3.879903032126510443e+00 0.000000000000000000e+00
3.183987527464569478e+00 -5.040584972032107203e+00 0.000000000000000000e+00
-5.201382686078029671e+00 -1.474561123253745976e+01 0.000000000000000000e+00
-6.722227817589185861e+00 -8.969707907994200369e+00 0.000000000000000000e+00
1.335791386381224077e+00 9.195738263259928047e+00 0.000000000000000000e+00
5.539594911108065567e-01 1.539923810954301331e+01 0.000000000000000000e+00
2.887226742496769027e+00 1.539060839481783738e+01 0.000000000000000000e+00
-1.531363725285538102e+01 -9.515594020845950851e+00 0.000000000000000000e+00
1.092279294962640179e+01 1.191495060571005027e+01 0.000000000000000000e+00
-3.794694009376499366e+00 -3.003247386707932343e+00 0.000000000000000000e+00
-9.430991031027721405e+00 1.505584496732680577e+01 0.000000000000000000e+00
8.943056069548786624e+00 7.303968000069318123e+00 0.000000000000000000e+00
-9.863348886078400213e+00 -3.156234861833318583e-01 0.000000000000000000e+00
1.755180195641888119e+01 -2.351508322705912590e+00 0.000000000000000000e+00
-4.319774687712961914e+00 -5.236217108671384679e+00 0.000000000000000000e+00
1.273314120028085128e+01 -5.358176284043040027e+00 0.000000000000000000e+00
-1.364514211458448578e+01 9.710931753078424933e+00 0.000000000000000000e+00
-5.652575599625262903e+00 8.647142849439825696e+00 0.000000000000000000e+00
-4.873032468415242846e+00 1.638600200997318979e+01 0.000000000000000000e+00
1.331996039675836840e+01 -1.267567764380492967e+01 0.000000000000000000e+00
5.020829367626023831e+00 -2.301749125538390950e-01 0.000000000000000000e+00
6.742663715135106095e+00 1.748620614167252185e+01 0.000000000000000000e+00
7.894805819676951053e+00 -8.295292970499399843e+00 0.000000000000000000e+00
8.245307306559237048e+00 2.261030623606437473e+00 0.000000000000000000e+00
1.275247394648001453e+01 -3.781345382149861489e+00 0.000000000000000000e+00
4.333008191554453603e+00 6.608383119375873527e+00 0.000000000000000000e+00
5.637225265248351214e+00 1.389479179142378484e+01 0.000000000000000000e+00
-8.152157498600180574e+00 1.348092127611856483e+01 0.000000000000000000e+00
-8.311730238415727001e+00 -4.364928568425984423e+00 0.000000000000000000e+00
1.731637988361288905e+01 -4.103374615150438665e+00 0.000000000000000000e+00
-1.388034102715122309e+01 4.391866685444601792e+00 0.000000000000000000e+00
-1.036686017165872364e+01 -9.891144438190073274e+00 0.000000000000000000e+00
4.912587228132487382e+00 -1.175482409273499584e+01 0.000000000000000000e+00
5.363941003773329275e-01 -9.160883401563885142e-01 0.000000000000000000e+00
-1.232628855899227549e+00 -1.883113661749503009e+01 0.000000000000000000e+00
1.708843216019008082e+01 4.570496155095483459e+00 0.000000000000000000e+00
8.741116578946211746e+00 9.984777762743140883e+00 0.000000000000000000e+00
9.878989797706855924e+00 4.473609839045105119e-01 0.000000000000000000e+00
-1.127872298467997503e+01 1.305754848354609265e+01 0.000000000000000000e+00
6.148353814383033189e+00 -5.142793540899267768e+00 0.000000000000000000e+00
1.201696026172587572e+01 1.223146469398436631e+00 0.000000000000000000e+00
-9.267018529887538492e+00 1.647170730485170154e+00 0.000000000000000000e+00
1.371453989893291059e+01 -1.011561285995379533e+00 0.000000000000000000e+00
1.080260024480236858e+01 -9.311411680576993533e+00 0.000000000000000000e+00
4.399154303428542967e+00 -1.471823094556311773e+01 0.000000000000000000e+00
1.573669752551792200e+01 -4.100073114619990911e+00 0.000000000000000000e+00
-8.681239260532020996e-01 7.503620846031448188e+00 0.000000000000000000e+00
1.845574526503884982e+01 -2.055216181210041404e-01 0.000000000000000000e+00
-1.424432036776060073e+01 -7.083813226143665709e+00 0.000000000000000000e+00
1.480592826926430838e+01 -1.055166464736437959e+01 0.000000000000000000e+00
-6.545525603258342429e+00 -6.549318503941257141e+00 0.000000000000000000e+00
5.666818383025993278e+00 -7.240861872695859347e+00 0.000000000000000000e+00
1.474870276655967949e+01 1.003276719896046032e+01 0.000000000000000000e+00
2.940941565697207327e+00 5.550158318019217774e+00 0.000000000000000000e+00
-2.691483164295343844e+00 -9.806120786522418697e+00 0.000000000000000000e+00
6.532708025253003647e+00 7.496946830617108759e+00 0.000000000000000000e+00
-5.912073436477038868e+00 6.068453879868274115e+00 0.000000000000000000e+00
-1.286891776120154152e+00 1.166683763754921443e+00 0.000000000000000000e+00
3.810266272405991472e+00 -1.786955472800027778e+01 0.000000000000000000e+00
-7.530840246711370867e+00 1.540529202919910468e+00 0.000000000000000000e+00
7.511021511473336965e+00 1.474353950094644716e+01 0.000000000000000000e+00
2.531243764105253202e+00 7.457127747629560766e+00 0.000000000000000000e+00
5.222743355059584758e+00 8.594074692265614601e+00 0.000000000000000000e+00
-4.206657593513732252e+00 1.246836539894766993e+01 0.000000000000000000e+00
2.716921465420996107e+00 7.041783554818250579e-01 0.000000000000000000e+00
1.442043283750065852e+00 -1.495789295653356987e+01 0.000000000000000000e+00
1.556378388094322496e+01 4.344458242269059411e+00 0.000000000000000000e+00
-5.697517683606720951e+00 -2.455036160065973583e+00 0.000000000000000000e+00
-9.094553492963742825e-01 -1.333560671884978177e+01 0.000000000000000000e+00
1.146989832115687236e+01 -1.384239303091288953e+01 0.000000000000000000e+00
-1.719028126632625941e+01 -7.485886791474063884e+00 0.000000000000000000e+00
-6.311470828723802384e+00 3.130867071907393884e-01 0.000000000000000000e+00
1.127287389907615811e+01 8.102629425922000195e+00 0.000000000000000000e+00
-1.071430479354436827e+01 1.019902054211625941e+00 0.000000000000000000e+00
-3.852436929035159552e-01 1.261984959863763933e+01 0.000000000000000000e+00
-1.956749241637665504e+00 -5.389860634884898749e-01 0.000000000000000000e+00
1.138279373694328811e+01 -7.820210963931386594e-01 0.000000000000000000e+00
7.072310952931228911e+00 2.879261170826865612e-01 0.000000000000000000e+00
1.004157111431909044e+01 -1.066343992946502617e+01 0.000000000000000000e+00
1.039485735052481452e+01 -5.391377028501414870e+00 0.000000000000000000e+00
-6.337860606440483657e+00 -5.030881126448631946e+00 0.000000000000000000e+00
-7.049161971919764902e+00 1.459013100124789730e+01 0.000000000000000000e+00
-3.724586741915551613e+00 1.998983013636633776e+00 0.000000000000000000e+00
-7.899107876683425289e+00 -2.899128960954211465e+00 0.000000000000000000e+00
1.182136802546373566e+01 3.304337518329613310e+00 0.000000000000000000e+00
-2.742368169695150737e+00 -1.633423265521172496e+01 0.000000000000000000e+00
-1.421159165496963528e+00 1.793500674422675800e+01 0.000000000000000000e+00
8.301114463640477226e+00 -1.624471419410628314e+01 0.000000000000000000e+00
-1.490612598297434488e+01 6.224826607998618755e+00 0.000000000000000000e+00
-1.115891725485260899e+01 3.275751178068843750e+00 0.000000000000000000e+00
-1.355438859430546472e+01 7.671395192411278430e+00 0.000000000000000000e+00
-8.288602801600381653e+00 9.434272674200859521e-02 0.000000000000000000e+00
-1.880823451581020578e+01 9.934199151956677465e-01 0.000000000000000000e+00
-1.035361242426984241e+01 5.196182498477268652e+00 0.000000000000000000e+00
-6.442702179410618513e+00 -1.085442273127423185e+01 0.000000000000000000e+00
1.534868016067164120e+01 -6.556330658203051165e+00 0.000000000000000000e+00
-8.301079169943488267e+00 -7.105822618058859064e+00 0.000000000000000000e+00
3.085157339770928875e+00 -7.282008036844882959e+00 0.000000000000000000e+00
8.925491489780494447e+00 -2.270136828184075473e+00 0.000000000000000000e+00
-2.668195142849639989e+00 1.473452596728320962e+01 0.000000000000000000e+00
1.678802683012802532e+01 -8.832833999018557591e+00 0.000000000000000000e+00
6.876750540092404052e+00 5.555712036097716577e+00 0.000000000000000000e+00
6.843807358197485868e+00 9.940111496073557262e+00 0.000000000000000000e+00
-4.640442311668503628e+00 -1.634395875324357661e+01 0.000000000000000000e+00
-3.275322885170979692e+00 -1.869260473414682622e+01 0.000000000000000000e+00
-3.009524168446876206e-03 -1.663996117020619536e+01 0.000000000000000000e+00
1.626434803521389583e+01 9.443161623395067039e+00 0.000000000000000000e+00
-2.985290693449212274e+00 3.635642236648640058e+00 0.000000000000000000e+00
-1.587385024451482707e+01 -6.100975264163334799e+00 0.000000000000000000e+00
6.784867294307147745e+00 -1.549506128059944210e+01 0.000000000000000000e+00
-2.453787896544924740e-01 9.449877309191547781e+00 0.000000000000000000e+00
-1.085165658936709576e+01 8.743384821947000063e+00 0.000000000000000000e+00
1.028889158110116497e+01 -3.773375743715795760e+00 0.000000000000000000e+00
1.280190218367158117e+01 1.369395782428855846e+01 0.000000000000000000e+00
-1.114845576976145480e+01 -8.010412990811492051e+00 0.000000000000000000e+00
3.820778522992333226e+00 1.739015621328433525e+01 0.000000000000000000e+00
-3.462231776602777700e+00 -2.912230411529735385e-01 0.000000000000000000e+00
-1.638606847777415965e+01 2.547664769853127176e+00 0.000000000000000000e+00
-6.586307936616929481e+00 -1.727417749895731447e+01 0.000000000000000000e+00
9.463230195424507940e+00 1.552462174907566350e+01 0.000000000000000000e+00
1.452290273147950295e+01 6.400348906813183802e+00 0.000000000000000000e+00
-6.725602702464919425e+00 -1.517519128759096780e+01 0.000000000000000000e+00
4.021987080099788670e-01 -1.015613812511680614e+01 0.000000000000000000e+00
-7.419360445231072632e+00 -1.252459654387721955e+01 0.000000000000000000e+00
-1.148472045117117446e+01 -5.807828740337641626e+00 0.000000000000000000e+00
-1.769212242033972515e+01 6.907652939226850641e+00 0.000000000000000000e+00
-9.713463270853195386e-01 -1.095617465552427916e+01 0.000000000000000000e+00
1.254742597831577733e+01 1.029005768614622163e+01 0.000000000000000000e+00
9.320199289974384627e+00 -1.330962827503147139e+01 0.000000000000000000e+00
-4.712274721072374994e+00 -9.540640682370254311e+00 0.000000000000000000e+00
-1.859375888377953956e+01 -9.292264764821740464e-01 0.000000000000000000e+00
-8.854704358161821887e+00 -1.640024237996930268e+01 0.000000000000000000e+00
-2.458882587465598846e+00 -1.311601210101832748e+01 0.000000000000000000e+00
-1.307180949237205958e+01 6.134213464602185972e+00 0.000000000000000000e+00
1.259355961605437457e+01 -2.128355389124467756e+00 0.000000000000000000e+00
1.606935508035225268e+01 5.978770464494897574e+00 0.000000000000000000e+00
-3.427566408626306238e+00 -1.494950323194428243e+01 0.000000000000000000e+00
6.271266003839705006e-01 -7.743718656771525488e+00 0.000000000000000000e+00
-8.832896343106163783e+00 5.653783806119243138e+00 0.000000000000000000e+00
-1.057614960641881208e+00 1.619181961707115391e+01 0.000000000000000000e+00
4.564900185113542008e+00 1.721037361786061037e+00 0.000000000000000000e+00
6.656575407064823757e+00 1.245747131349330417e+01 0.000000000000000000e+00
-1.096971604614187079e+01 6.685831578517215767e+00 0.000000000000000000e+00
-4.006147040692884964e+00 1.841144616843178383e+01 0.000000000000000000e+00
-9.265625465455114451e+00 -1.403702845437193680e+01 0.000000000000000000e+00
1.441571934458634807e+01 -3.221980288074739018e+00 0.000000000000000000e+00
3.989292505171538661e+00 1.421990937768592822e+01 0.000000000000000000e+00
2.234633073735886821e+00 -1.829485101130600455e+01 0.000000000000000000e+00
-8.552517589179938540e+00 -8.747625566397667640e+00 0.000000000000000000e+00
-6.058970242815965968e+00 2.697815434684017077e+00 0.000000000000000000e+00
1.420138053796906519e+01 -7.721705496507195399e+00 0.000000000000000000e+00
-2.907662601328516505e+00 7.767479466163852209e+00 0.000000000000000000e+00
1.175749889930629122e+00 -1.167291048895978278e+01 0.000000000000000000e+00
-1.861659044728233425e+01 -2.694224643868726954e+00 0.000000000000000000e+00
5.445821120680275129e+00 -1.715666534608823568e+01 0.000000000000000000e+00
-1.221248009622227571e+01 1.027780881617153064e+01 0.000000000000000000e+00
8.089332829378667711e+00 -1.419636253739665044e+01 0.000000000000000000e+00
5.271795496573730588e+00 1.797194427755466961e+01 0.000000000000000000e+00
1.036459155898136864e+01 9.485005520735429130e+00 0.000000000000000000e+00
-1.666285040815724017e+01 4.386942636306190302e+00 0.000000000000000000e+00
2.962854614304770151e-01 1.991544422672627324e+00 0.000000000000000000e+00
-1.945120947317445559e+00 9.007062315164333199e+00 0.000000000000000000e+00
-9.827512420800262660e+00 -1.204801974115245500e+01 0.000000000000000000e+00
1.422220974486545053e+01 8.336113888264389260e+00 0.000000000000000000e+00
1.256653953396907930e+01 -1.006164871715164288e+01 0.000000000000000000e+00
3.455837553350011859e+00 -1.127390111745789092e+01 0.000000000000000000e+00
3.605108689425934099e+00 -2.923789966444204413e+00 0.000000000000000000e+00
-1.255027365493198666e+01 1.425199314011221752e+01 0.000000000000000000e+00
1.360703523875253751e+01 3.267646632951574315e+00 0.000000000000000000e+00
-1.170387639659262735e+00 3.796687316776808263e+00 0.000000000000000000e+00
-7.058163998602386080e+00 -1.143252171977709786e+00 0.000000000000000000e+00
-1.159011015519196697e+01 -3.504226106608946401e-01 0.000000000000000000e+00
-1.261489664340417072e+01 -2.102426044735175470e+00 0.000000000000000000e+00
1.222805220645920521e+01 6.293688547950345047e+00 0.000000000000000000e+00
6.026500498215542345e-01 -2.499862919469268530e+00 0.000000000000000000e+00
8.532003124281942519e+00 1.185270815125796062e+01 0.000000000000000000e+00
-5.772025852423081638e+00 1.785663441169750598e+01 0.000000000000000000e+00
6.625739097455691784e-01 -1.879645901313346812e+01 0.000000000000000000e+00
-1.802580491214585123e+01 2.309778905651113323e+00 0.000000000000000000e+00
9.911347012559106773e+00 4.074355554493815035e+00 0.000000000000000000e+00
-1.237301535199655156e+01 8.716839425508897676e+00 0.000000000000000000e+00
-1.420076499020294136e+01 -5.498658141079423523e+00 0.000000000000000000e+00
-1.797018799484391494e+01 -6.107432228677532215e+00 0.000000000000000000e+00
-1.887706983567219776e+00 6.298927590688284006e+00 0.000000000000000000e+00
