-4.055344800926507509e-01 1.364299594999796739e+01 0.000000000000000000e+00
1.312061588184058181e+01 -8.106516015699607891e+00 0.000000000000000000e+00
1.541856777712114601e+00 6.798424534058092661e+00 0.000000000000000000e+00
2.184031140526526915e+00 8.971494111106482094e+00 0.000000000000000000e+00
6.964661425188088728e+00 -1.107211981393596112e+01 0.000000000000000000e+00
-1.135880137772332610e+01 -8.526423966384838238e+00 0.000000000000000000e+00
-1.271527010459329965e+01 4.443906860153875371e+00 0.000000000000000000e+00
-3.171563640034546605e+00 1.249996700961219354e+01 0.000000000000000000e+00
-6.588771158403394779e+00 1.190783606110219317e+01 0.000000000000000000e+00
1.505365590085286476e+00 -1.203201933570184146e+01 0.000000000000000000e+00
-8.546682289750823003e+00 -1.084709199124035983e+01 0.000000000000000000e+00
-2.566353159235097880e+00 1.111121716076760801e+00 0.000000000000000000e+00
-5.150696895178399792e+00 -1.767093969543198195e+00 0.000000000000000000e+00
1.396342401670841449e+00 4.360896476138595990e-01 0.000000000000000000e+00
-8.749700996326890134e+00 -5.046816394842369213e+00 0.000000000000000000e+00
1.041054148746426478e+01 7.183872859033956004e+00 0.000000000000000000e+00
1.409423564845674903e+01 7.016690107108479735e-01 0.000000000000000000e+00
-3.527918444830226097e+00 -1.675574264297647886e+01 0.000000000000000000e+00
1.346950408587525239e+01 8.781474172043113313e+00 0.000000000000000000e+00
9.675103559932145103e+00 -2.734399337121690365e+00 0.000000000000000000e+00
-1.241042775125855435e+01 8.424950048607957598e+00 0.000000000000000000e+00
-1.242648152954798491e+01 -9.941667502174110993e+00 0.000000000000000000e+00
4.185170354800024306e+00 -4.147661747992079206e+00 0.000000000000000000e+00
-1.484878406973780329e+01 -3.561480142050435393e+00 0.000000000000000000e+00
-4.585929174944604725e+00 -1.307294787142449266e+01 0.000000000000000000e+00
3.440302426762366306e+00 -1.535855761795874841e+01 0.000000000000000000e+00
3.538959771249632347e+00 -9.349792219359700951e+00 0.000000000000000000e+00
-7.249854044136262665e+00 4.425776540012381410e+00 0.000000000000000000e+00
-1.167559313421648959e+01 -5.036324976108118356e+00 0.000000000000000000e+00
1.194287425545741321e+01 6.582565753789065610e+00 0.000000000000000000e+00
-1.703306313562236340e+01 9.295325535486543833e-01 0.000000000000000000e+00
-2.175063216956939272e+00 1.015038939562471221e+01 0.000000000000000000e+00
-5.221686674098764414e-01 1.317115845399354779e+00 0.000000000000000000e+00
9.334938158094413296e+00 9.109322858259684352e+00 0.000000000000000000e+00
-1.601361289068912441e+01 -1.813691569979361873e+00 0.000000000000000000e+00
5.110780988405952741e+00 -1.136646806381538255e+01 0.000000000000000000e+00
-1.851890364438594005e+00 1.426301814717678873e+01 0.000000000000000000e+00
-1.299408061949632209e+00 -1.714794047656603126e+01 0.000000000000000000e+00
3.619624283682266963e+00 1.281952748151754662e+01 0.000000000000000000e+00
-1.896030651186561222e+00 1.711756122778728084e+01 0.000000000000000000e+00
-1.069789023486015678e+00 -1.521935695178374992e+01 0.000000000000000000e+00
-1.403566672614566180e+01 9.875249763727833585e-01 0.000000000000000000e+00
1.611120199128003350e+01 6.713642457990491863e+00 0.000000000000000000e+00
6.533049976506173806e+00 -4.700564219839705515e+00 0.000000000000000000e+00
6.852922777599772530e+00 1.019458518566588445e+01 0.000000000000000000e+00
-7.130651670353314486e+00 -7.030683163071838493e+00 0.000000000000000000e+00
1.476578624058473999e+01 2.282912943654120230e+00 0.000000000000000000e+00
9.997158085094195457e+00 -1.303989364380158023e+01 0.000000000000000000e+00
-1.027953489461536485e+01 -8.600948585662090973e-02 0.000000000000000000e+00
4.371895832175600738e+00 1.458900522190907978e+01 0.000000000000000000e+00
1.528193461114211837e+00 1.085293857896867564e+01 0.000000000000000000e+00
7.402983766741409788e+00 -8.999076934086128077e+00 0.000000000000000000e+00
1.715877534595224674e+01 2.311009167549657572e+00 0.000000000000000000e+00
1.118780015977727338e+01 1.897371148364777937e+00 0.000000000000000000e+00
3.200349535946832358e+00 -1.363196403360756648e+01 0.000000000000000000e+00
-4.337359868852131761e+00 -1.148496463779627774e+01 0.000000000000000000e+00
7.548626804124099365e+00 -1.442377928106341400e+01 0.000000000000000000e+00
3.902971893904247480e+00 -2.427655292675268139e+00 0.000000000000000000e+00
-3.827202172942455682e+00 1.105519338688399067e+01 0.000000000000000000e+00
-1.412066237786752687e+01 8.509056206278005519e+00 0.000000000000000000e+00
-1.335447710561115331e+00 -5.994445466389899391e-01 0.000000000000000000e+00
-4.366843981257424900e+00 -8.417518453614325935e+00 0.000000000000000000e+00
-2.679568241047736610e+00 -5.522643255315036193e+00 0.000000000000000000e+00
2.041811874608913779e+00 -7.813295097656732580e+00 0.000000000000000000e+00
-1.213816544837299816e+01 1.229972596245683825e+01 0.000000000000000000e+00
-1.004546492620581155e+01 -1.321314143095686156e+01 0.000000000000000000e+00
4.236819384531729682e+00 -5.699369681727825210e+00 0.000000000000000000e+00
-9.921269871653457528e+00 -6.971004685187446093e+00 0.000000000000000000e+00
4.537555226742834513e+00 1.495027233994486560e+00 0.000000000000000000e+00
1.284009713879944670e+01 -6.469960006270565778e+00 0.000000000000000000e+00
6.571242246738624893e+00 -2.227381919344625150e+00 0.000000000000000000e+00
-3.102137592889560036e+00 6.882506999174226259e+00 0.000000000000000000e+00
5.498712197608888630e+00 -1.548836186497550216e+01 0.000000000000000000e+00
6.322021265411852831e+00 1.444542944784651439e+01 0.000000000000000000e+00
1.651215464784126752e+01 -5.032307853422805621e+00 0.000000000000000000e+00
1.312545608190969304e+01 -3.773169061759863219e+00 0.000000000000000000e+00
1.135292074483647795e+01 1.038322899616320460e-01 0.000000000000000000e+00
9.596024571259547997e+00 -1.453196081770969172e+01 0.000000000000000000e+00
1.068379301001565551e+01 3.413899100899811856e+00 0.000000000000000000e+00
-8.736671040967408430e+00 3.889086453973545909e-01 0.000000000000000000e+00
1.277609410909165710e+01 -1.121643722429695345e+01 0.000000000000000000e+00
-1.604273778835977637e+01 -6.192090644521150544e+00 0.000000000000000000e+00
-1.027973263427517203e+01 9.356585105576694872e+00 0.000000000000000000e+00
2.653508556736342339e+00 -1.674468763299599772e+01 0.000000000000000000e+00
-1.241852226974453188e+00 1.150649249313606681e+01 0.000000000000000000e+00
8.717182762613258973e+00 1.330623328348816337e+01 0.000000000000000000e+00
5.139272321418540734e+00 1.022045772842894706e+01 0.000000000000000000e+00
8.502292327879025224e-01 -3.048612357711689036e+00 0.000000000000000000e+00
-7.760277375727938853e+00 -1.311772651724508698e+01 0.000000000000000000e+00
-9.060337403763059072e+00 2.029261292645733405e+00 0.000000000000000000e+00
1.639058995415287612e+01 -1.825985608400649163e+00 0.000000000000000000e+00
3.979088651819818523e+00 6.488359398373579445e+00 0.000000000000000000e+00
1.449705059002972307e+00 4.133839662014679561e+00 0.000000000000000000e+00
9.407608262867949378e+00 -9.542570174608385969e+00 0.000000000000000000e+00
1.167280059410295934e+01 8.801940540958602455e+00 0.000000000000000000e+00
-1.245620610997885347e+00 6.905050630566410774e+00 0.000000000000000000e+00
-1.005356969860066307e+01 -9.672684447047085854e+00 0.000000000000000000e+00
-9.355486064275531533e+00 8.109561672932706244e+00 0.000000000000000000e+00
-5.220968000710660917e+00 -1.605361145783765409e+01 0.000000000000000000e+00
-7.891003428941277598e+00 1.327461625496236231e+01 0.000000000000000000e+00
1.474054712971613768e+01 -4.357811509751695844e+00 0.000000000000000000e+00
-4.203776736407109027e+00 3.251049017960226384e-01 0.000000000000000000e+00
-1.367185367083729197e+01 3.129705191563159516e+00 0.000000000000000000e+00
-8.313892793289171523e-01 -9.458291655624284644e+00 0.000000000000000000e+00
-6.737483192688191735e+00 9.766465248631252649e+00 0.000000000000000000e+00
-5.471255418458555120e+00 1.442557055073965522e+01 0.000000000000000000e+00
-1.411139402813760313e+01 -8.585073579605820626e+00 0.000000000000000000e+00
-9.124154981929510910e-01 -5.854860384049358935e+00 0.000000000000000000e+00
-1.208147349307486706e+01 -5.609528664254133101e-01 0.000000000000000000e+00
3.271906809751981893e+00 1.638197500665167183e+01 0.000000000000000000e+00
1.758943587143316112e+00 -1.017280714669173136e+01 0.000000000000000000e+00
5.981755688799898607e+00 -6.244807145372720747e+00 0.000000000000000000e+00
-5.475355886819882612e-03 3.380396669560750134e+00 0.000000000000000000e+00
1.489461905524006724e+01 -8.666713633348541723e-01 0.000000000000000000e+00
-5.091224940304990731e+00 3.250406061303508842e+00 0.000000000000000000e+00
2.404296981788842213e+00 1.427055649309350294e+01 0.000000000000000000e+00
-2.790193063909094828e+00 -3.269518408477185112e+00 0.000000000000000000e+00
1.037368821576714595e+01 1.159427572846709076e+01 0.000000000000000000e+00
3.885504168580526496e+00 -1.228499475495565818e+01 0.000000000000000000e+00
1.308335242193850156e+01 3.824366325628434815e+00 0.000000000000000000e+00
-2.448372587797247757e+00 -1.204335689044866342e+01 0.000000000000000000e+00
8.575961189067303536e+00 -1.155996043221519365e+01 0.000000000000000000e+00
-6.918194634356505723e+00 -1.443299154153737263e+01 0.000000000000000000e+00
5.843223835537055599e+00 6.442570765387841902e+00 0.000000000000000000e+00
7.833576961757563240e+00 3.938069576974000618e+00 0.000000000000000000e+00
2.725656281011369142e+00 5.512434849732671616e+00 0.000000000000000000e+00
9.381846522367347063e+00 -6.109323815945339575e+00 0.000000000000000000e+00
-6.318864313449072512e+00 -1.091774616431373168e+01 0.000000000000000000e+00
-3.097843830500965456e+00 3.055542678120333200e+00 0.000000000000000000e+00
1.372586444843874265e+00 -4.954237360361784859e+00 0.000000000000000000e+00
1.060598343647748543e+01 -1.152283056593306121e+01 0.000000000000000000e+00
1.576525025849058359e+01 4.334449345036564871e+00 0.000000000000000000e+00
2.758794469251550474e+00 -6.483247604356431992e+00 0.000000000000000000e+00
1.216495778224809854e+01 1.241287593403455247e+01 0.000000000000000000e+00
1.284615574374746316e+01 -1.330582356325232141e+00 0.000000000000000000e+00
1.335213908344348432e+01 5.385971762033606502e+00 0.000000000000000000e+00
2.377485510272750180e-01 -8.317196923794097918e-01 0.000000000000000000e+00
-8.698716487076181281e+00 -8.948954079505819337e+00 0.000000000000000000e+00
1.082507040812804178e+01 -8.757198846691293781e+00 0.000000000000000000e+00
-1.185569147650991795e+01 6.861637571093786470e+00 0.000000000000000000e+00
-7.138676747067083106e+00 -7.256653530865728730e-01 0.000000000000000000e+00
-1.727380852818300339e+00 -1.385780018936629432e+01 0.000000000000000000e+00
-2.618948120315455874e+00 -7.629273418831113318e+00 0.000000000000000000e+00
-9.289408436704730931e+00 5.653683950129640756e+00 0.000000000000000000e+00
6.280382164528408140e+00 2.418126868080898273e+00 0.000000000000000000e+00
-3.924403248261283839e+00 -9.915943911153467738e+00 0.000000000000000000e+00
-1.453469401154049123e+01 -6.321316692326079512e+00 0.000000000000000000e+00
2.314864182808606952e+00 -3.446294250694467376e+00 0.000000000000000000e+00
-6.583144207364900247e+00 -8.550660324989753036e+00 0.000000000000000000e+00
7.319259533350733982e+00 1.167100108830278060e+01 0.000000000000000000e+00
4.022783546738565086e+00 -1.299905789628550967e-01 0.000000000000000000e+00
-1.387542039980992215e+01 -1.242596625532323307e+00 0.000000000000000000e+00
-8.760025732616325556e+00 -1.576944083114900863e+00 0.000000000000000000e+00
-1.110768430652788652e+01 -3.019682815592982461e+00 0.000000000000000000e+00
8.064748479770935674e+00 -8.548550119024667104e-01 0.000000000000000000e+00
-6.316310018859299102e-01 1.006050209835817277e+01 0.000000000000000000e+00
-7.046641787797249812e+00 1.462444820712074289e+01 0.000000000000000000e+00
-1.329799062914690921e+01 1.106047230242116619e+01 0.000000000000000000e+00
-8.203054351939080391e+00 -1.528110054999292267e+01 0.000000000000000000e+00
-1.465162847630844389e+01 6.716119804255300529e+00 0.000000000000000000e+00
-9.698220742452294374e+00 1.337447092934691284e+01 0.000000000000000000e+00
-1.670532041172409876e+01 3.199773286031127650e+00 0.000000000000000000e+00
-3.517804077008660268e+00 -1.446215920565831148e+01 0.000000000000000000e+00
-5.513548440983246479e+00 -5.741561453338173138e+00 0.000000000000000000e+00
1.059676584094600571e+01 -6.996711739237148286e+00 0.000000000000000000e+00
6.490820956182627555e+00 -2.765126332978334323e-01 0.000000000000000000e+00
1.431175457698654263e+01 6.752740590558923728e+00 0.000000000000000000e+00
-4.343530896337359781e-01 -7.677367786936207139e+00 0.000000000000000000e+00
5.543152261886293175e+00 -9.124192575623258250e+00 0.000000000000000000e+00
8.255855956019681585e+00 6.974849027078626307e+00 0.000000000000000000e+00
9.738931072581309412e-01 -1.642128302171646581e+01 0.000000000000000000e+00
1.714051185057169491e+01 1.114260035317149976e-02 0.000000000000000000e+00
-4.215822055745443997e+00 8.296910113586051239e+00 0.000000000000000000e+00
1.558889997687507467e+01 -6.410731038038962382e+00 0.000000000000000000e+00
-5.717492291006724514e+00 -4.075588032441866737e+00 0.000000000000000000e+00
-2.554769154216834370e-01 -1.174379916258951440e+01 0.000000000000000000e+00
8.428543579148122689e+00 2.061162384296986172e+00 0.000000000000000000e+00
-3.300271135774661246e+00 1.566380522422924848e+01 0.000000000000000000e+00
1.148021781702107802e+01 -5.458286267135541436e+00 0.000000000000000000e+00
-1.097580754189027097e+01 -1.087081158570823547e+01 0.000000000000000000e+00
4.538671669501335160e+00 4.671009825594372167e+00 0.000000000000000000e+00
-1.256597642281614746e+01 -2.610294510968503179e+00 0.000000000000000000e+00
8.476189938554373526e+00 1.036146517920025545e+01 0.000000000000000000e+00
-6.974752423898301856e+00 -2.918400867494246764e+00 0.000000000000000000e+00
-6.800845484766382398e+00 7.717346975482467286e+00 0.000000000000000000e+00
-6.093683769634178127e+00 5.598508743115180764e+00 0.000000000000000000e+00
-7.106425836544105756e+00 2.477900992730319274e+00 0.000000000000000000e+00
1.386987218477969908e+00 1.659391851643582427e+01 0.000000000000000000e+00
1.560952781515358712e-01 5.320925052247043929e+00 0.000000000000000000e+00
-1.742304267038403509e+01 -1.066322292171576036e+00 0.000000000000000000e+00
5.631845142913253888e+00 1.199469609468113518e+01 0.000000000000000000e+00
-3.149193176766641233e+00 5.032682663937507961e+00 0.000000000000000000e+00
9.721459165855469209e+00 -2.889805794653120818e-01 0.000000000000000000e+00
1.311511292199016054e+01 2.119457375997938708e+00 0.000000000000000000e+00
6.203064488778721852e+00 -1.253288674314419460e+01 0.000000000000000000e+00
4.701203341131177993e+00 -7.790195796123171590e+00 0.000000000000000000e+00
7.075940460701221291e+00 8.551981374278840420e+00 0.000000000000000000e+00
-6.136596741974460478e-01 -2.483084552662635058e+00 0.000000000000000000e+00
1.691958146324322954e+00 2.601037067371506861e+00 0.000000000000000000e+00
1.418167670743234687e+01 -9.325732052886030132e+00 0.000000000000000000e+00
2.537974394988530280e-01 1.529894966521045596e+01 0.000000000000000000e+00
-1.204933463322772091e+01 1.290827470504380292e+00 0.000000000000000000e+00
-2.870831127876140310e-02 -1.398496716512250160e+01 0.000000000000000000e+00
-9.531371291834966897e+00 1.070264209480388651e+01 0.000000000000000000e+00
-1.656444151846653556e-01 8.206429124517981677e+00 0.000000000000000000e+00
9.011428194460691543e+00 5.173341508166378055e+00 0.000000000000000000e+00
1.225050700848938945e+01 1.072994939921160906e+01 0.000000000000000000e+00
-1.624742459533207040e+01 5.754114723538855891e+00 0.000000000000000000e+00
8.144531011359733563e-01 -6.834902501768954863e+00 0.000000000000000000e+00
1.506895972886811208e+00 -1.481085759259876866e+01 0.000000000000000000e+00
-1.088093847117886881e+01 -1.523816366904209740e+00 0.000000000000000000e+00
-1.471056424149531061e+01 4.589373511685271190e+00 0.000000000000000000e+00
1.151985884872819632e+01 -2.981729541341460621e+00 0.000000000000000000e+00
-6.914825603919320940e-02 1.739386143183207167e+01 0.000000000000000000e+00
-1.079147576138499076e+01 4.266013249720426614e+00 0.000000000000000000e+00
1.173676975959144109e+01 -1.280825827445025666e+01 0.000000000000000000e+00
-7.886800948252501442e+00 1.078614319663576282e+01 0.000000000000000000e+00
6.050614677634574612e+00 1.603884517540610233e+01 0.000000000000000000e+00
7.987360251299810088e+00 -7.277960197820747545e+00 0.000000000000000000e+00
-1.276826470402892610e+01 -6.090499116974363858e+00 0.000000000000000000e+00
2.539829698719060058e+00 -1.715612920439597344e+00 0.000000000000000000e+00
7.987516696184743914e+00 -5.496138602928410499e+00 0.000000000000000000e+00
-9.229790437304568940e+00 4.008820232955002894e+00 0.000000000000000000e+00
-5.262732626135850467e+00 1.605185266620441453e+01 0.000000000000000000e+00
-1.139747111240254362e+01 -1.252170563627254474e+01 0.000000000000000000e+00
3.655740028583094769e+00 1.095343956966548760e+01 0.000000000000000000e+00
3.123396457848590213e+00 2.123217416787943623e+00 0.000000000000000000e+00
-2.999897185684208267e+00 -1.093058621045588819e+00 0.000000000000000000e+00
-8.755688172075307918e+00 -3.531224243383358274e+00 0.000000000000000000e+00
-1.367078584066122282e+01 -4.825743948944107409e+00 0.000000000000000000e+00
-4.745916213790124516e+00 1.257117436589211934e+01 0.000000000000000000e+00
4.808762132420729252e+00 8.136904699695900689e+00 0.000000000000000000e+00
7.844585778205227733e+00 -3.344344834489075158e+00 0.000000000000000000e+00
-8.579942989556831989e+00 1.519711257838647533e+01 0.000000000000000000e+00
-1.645539534650431435e+01 -4.456597939444463918e+00 0.000000000000000000e+00
1.196018444254696256e+01 4.819957943952091206e+00 0.000000000000000000e+00
1.020949652211452552e+01 1.418881770312864354e+01 0.000000000000000000e+00
1.024014896771702787e+01 -4.459114275609106670e+00 0.000000000000000000e+00
1.492826081058778875e+01 -2.776092052747452854e+00 0.000000000000000000e+00
6.768819819889801082e+00 5.198845217659907370e+00 0.000000000000000000e+00
-5.153792022923280314e+00 6.788518765827312507e+00 0.000000000000000000e+00
-4.833609008498322979e+00 1.716931711588468135e+00 0.000000000000000000e+00
1.567632538596189384e+01 7.236613598178988083e-01 0.000000000000000000e+00
3.776584378114065998e+00 9.234073192706979682e+00 0.000000000000000000e+00
8.290695861446021553e+00 1.534013312964259157e+01 0.000000000000000000e+00
-6.266690765871941515e+00 7.001844890242718833e-01 0.000000000000000000e+00
2.380522520617608107e-01 1.195917340970352605e+01 0.000000000000000000e+00
-6.135487031199655661e-01 -4.105599009686920375e+00 0.000000000000000000e+00
-4.264721897856764699e+00 -4.890490779601576854e+00 0.000000000000000000e+00
-1.284668417433632825e+01 -1.157484257874181566e+01 0.000000000000000000e+00
5.064966162940423899e+00 -1.352701399547961181e+01 0.000000000000000000e+00
-1.518958525966240991e+01 2.076899215517256980e+00 0.000000000000000000e+00
-3.653086805229892597e+00 1.396496568615563483e+01 0.000000000000000000e+00
5.230242421755091797e+00 -1.464328599302651579e+00 0.000000000000000000e+00
-1.158837859458751574e+01 -7.026040585896914159e+00 0.000000000000000000e+00
-1.086273310301860029e+01 2.305051608361793125e+00 0.000000000000000000e+00
