1.976590180429995680e+00 -1.530098458899174751e+01 0.000000000000000000e+00
-7.544636070060303901e+00 -1.311806798509575778e+01 0.000000000000000000e+00
-2.222053758301594240e+00 -1.185845950154708461e+01 0.000000000000000000e+00
1.584093143665749182e+01 7.358959077727949882e+00 0.000000000000000000e+00
-1.082801072665519726e+01 4.185525188985574019e+00 0.000000000000000000e+00
3.286360792872433212e+00 -7.220626448155546662e+00 0.000000000000000000e+00
7.138260751177935681e+00 3.160297434731976551e+00 0.000000000000000000e+00
6.669343602356947009e+00 -2.577740233119368618e+00 0.000000000000000000e+00
3.125593849916307398e+00 -1.062130566873803339e+01 0.000000000000000000e+00
6.927460669798868764e+00 -4.919290010117670420e+00 0.000000000000000000e+00
9.829775281186869051e+00 -1.035862142737332903e+01 0.000000000000000000e+00
-1.602025840083315344e+01 -2.115526299386279341e+00 0.000000000000000000e+00
-6.741938180393190372e+00 1.573270024310827964e+01 0.000000000000000000e+00
-1.096720104900694714e-01 1.125503254328762104e+01 0.000000000000000000e+00
4.420775997490238751e+00 -2.966661461886623830e+00 0.000000000000000000e+00
-3.511815613150984117e+00 -6.014718238881013868e+00 0.000000000000000000e+00
1.350404148606705768e+01 7.391598484199641383e+00 0.000000000000000000e+00
1.116678640427924085e+00 -5.952336062362718394e+00 0.000000000000000000e+00
2.311120409218567207e-01 5.612624378645937107e+00 0.000000000000000000e+00
-9.279404318503695848e+00 1.955687212120844176e+00 0.000000000000000000e+00
-1.536429382327560156e-02 -8.785386086634844105e+00 0.000000000000000000e+00
-1.295295099933148286e+01 1.834810503392387160e+00 0.000000000000000000e+00
-1.166634023507425866e+01 -1.301980264023058531e+01 0.000000000000000000e+00
1.150922310799543347e+01 -7.743586588823327510e+00 0.000000000000000000e+00
-1.007015327051955467e+01 -1.251196625260516804e+01 0.000000000000000000e+00
-6.866262333842520604e+00 6.089976929123953830e+00 0.000000000000000000e+00
-3.581964989649953246e+00 1.159957882643883309e+01 0.000000000000000000e+00
-3.488813484640129747e+00 -1.371134273094626543e+00 0.000000000000000000e+00
7.475230924279671285e+00 7.722241257682417981e+00 0.000000000000000000e+00
4.456053117153512488e+00 1.119276265953744520e+01 0.000000000000000000e+00
1.114694091666753550e+01 1.039149067508212276e+01 0.000000000000000000e+00
-8.789951812090057714e+00 5.452828678443282229e+00 0.000000000000000000e+00
-2.535943092896768558e+00 -7.340816814470096041e+00 0.000000000000000000e+00
-3.403941357215644725e+00 1.629557088557295330e+01 0.000000000000000000e+00
-2.613996057981144983e+00 2.949381458157057434e+00 0.000000000000000000e+00
-5.352336309846019269e+00 1.052253860490719362e+01 0.000000000000000000e+00
-5.122375709956416001e-01 3.918995871353439853e+00 0.000000000000000000e+00
8.994141034549006264e+00 1.066762208572144388e+01 0.000000000000000000e+00
-5.244397105015153215e+00 -1.606940506264177415e+01 0.000000000000000000e+00
-2.944865132749871606e+00 -1.719858258920805127e+01 0.000000000000000000e+00
1.703660884437151246e+00 3.431557813005584823e+00 0.000000000000000000e+00
-1.166533040419967548e+01 6.060861136232379209e+00 0.000000000000000000e+00
1.915467781427628302e-01 -4.169170407032408932e+00 0.000000000000000000e+00
-5.184744333452779408e+00 4.898570654222132448e-01 0.000000000000000000e+00
-4.498740326615499718e+00 -8.708292645115179198e+00 0.000000000000000000e+00
5.446627752097396247e+00 -8.846383111828181711e+00 0.000000000000000000e+00
-9.321850226261773287e+00 1.168824772603639239e+01 0.000000000000000000e+00
-1.176019682887063311e+01 -2.248837487423118731e+00 0.000000000000000000e+00
-4.390815226074936461e+00 -1.396951281854817495e+01 0.000000000000000000e+00
2.913776120885976262e+00 9.849786808743964173e+00 0.000000000000000000e+00
1.139789796548461709e+01 -1.253331966960000265e+00 0.000000000000000000e+00
1.662293591879776855e+01 4.739620112101143867e+00 0.000000000000000000e+00
1.082174900996305844e+01 -4.494964671688241431e+00 0.000000000000000000e+00
4.587241862436527429e-01 -1.105625290314737441e+01 0.000000000000000000e+00
-1.159517923324400357e+01 1.281024964137681188e+01 0.000000000000000000e+00
-5.879728955434703863e+00 -5.710195448242510352e+00 0.000000000000000000e+00
-1.359047940396296994e+01 -5.228439217916278636e+00 0.000000000000000000e+00
-4.289429211543310139e+00 -3.398419640669627650e+00 0.000000000000000000e+00
7.927755641458876568e+00 -1.007163059636212132e+01 0.000000000000000000e+00
-1.028154371397001121e+01 -7.984332199985227696e+00 0.000000000000000000e+00
-1.995071041667215272e+00 9.253137618987288704e+00 0.000000000000000000e+00
-1.024498010804707171e+01 -1.080240213560494311e+01 0.000000000000000000e+00
2.808371204651068709e+00 1.399243952197378249e+01 0.000000000000000000e+00
-3.383919010649648396e+00 -9.917761432559244028e+00 0.000000000000000000e+00
-4.447024888974160373e-01 -7.100876504206409257e-01 0.000000000000000000e+00
1.466094073869745529e+01 -7.006362914424657085e+00 0.000000000000000000e+00
-1.127843622799557899e+01 8.613309646710391121e+00 0.000000000000000000e+00
1.346445155912531355e+01 4.840444836851303556e+00 0.000000000000000000e+00
-6.509539797144919149e+00 -7.358678719920741962e+00 0.000000000000000000e+00
3.560043508229782105e+00 -4.448907259518743551e+00 0.000000000000000000e+00
-7.191400899920777690e+00 -2.296358658547184017e+00 0.000000000000000000e+00
-4.308784289501647713e+00 6.769741663973380952e+00 0.000000000000000000e+00
-8.445158600977585195e+00 -5.623469782174889353e+00 0.000000000000000000e+00
7.058082403763311419e+00 1.315096297444578610e+01 0.000000000000000000e+00
-1.419624770362322375e+00 6.101007257865311395e+00 0.000000000000000000e+00
-1.510913426556653860e+01 2.200212341293708906e+00 0.000000000000000000e+00
4.166114948028754483e+00 1.061864990807602549e+00 0.000000000000000000e+00
1.644105066479439259e+01 -3.378410561892852826e+00 0.000000000000000000e+00
-1.305807809223793292e+01 8.616733210915860752e+00 0.000000000000000000e+00
8.613032229934244555e+00 1.274396658056240206e+01 0.000000000000000000e+00
-6.361323476177228819e+00 9.389848744717436801e+00 0.000000000000000000e+00
9.162954293801034211e+00 5.577541394982906908e+00 0.000000000000000000e+00
6.806606569401337126e+00 -9.885322654967987344e-01 0.000000000000000000e+00
1.321464778206224722e+01 9.632088440939872598e+00 0.000000000000000000e+00
-9.890491627387403284e+00 1.313507548439352135e+01 0.000000000000000000e+00
-6.152728337822568783e+00 1.924483746943448370e+00 0.000000000000000000e+00
-1.571629718450229518e+01 -5.799196744531828429e+00 0.000000000000000000e+00
-1.989257218867367172e+00 1.290218347397026788e+00 0.000000000000000000e+00
1.884294534760605488e+00 7.513506570950168495e+00 0.000000000000000000e+00
5.415102373811022218e+00 1.488148055615187104e+01 0.000000000000000000e+00
1.437363866075583196e+01 3.513969381876239861e+00 0.000000000000000000e+00
1.080056118370441354e+01 -6.335190503564589903e+00 0.000000000000000000e+00
-8.867366533624624125e+00 -9.191411575909668841e+00 0.000000000000000000e+00
2.080291822418223635e+00 9.655907014259195176e-01 0.000000000000000000e+00
-1.406141093303839407e+00 -9.848328939721909592e+00 0.000000000000000000e+00
-3.548804230246212388e+00 4.428331056519906994e+00 0.000000000000000000e+00
-1.453571620431002387e+01 7.344880115936424758e+00 0.000000000000000000e+00
1.605339702975302529e+01 1.839657063677745119e-01 0.000000000000000000e+00
6.494556525147907600e+00 1.040832320804151934e+01 0.000000000000000000e+00
1.165548163410260329e+01 -1.001785935616932299e+01 0.000000000000000000e+00
1.170032799847796312e+01 4.520088767265888485e+00 0.000000000000000000e+00
2.430617390913903719e+00 -2.526358428183343996e+00 0.000000000000000000e+00
3.161031392335145629e+00 4.695010363806681575e+00 0.000000000000000000e+00
1.130901961000900791e+01 -1.310908932815984684e+01 0.000000000000000000e+00
3.180364321926726134e+00 -3.970437553622567783e-01 0.000000000000000000e+00
1.011500277902910661e+01 1.334263456036518569e+01 0.000000000000000000e+00
-1.579193517117120749e+00 -3.038505835861048165e+00 0.000000000000000000e+00
2.911095013896331185e+00 -1.303867939238196527e+01 0.000000000000000000e+00
5.004240800189332816e+00 2.645942047642722450e+00 0.000000000000000000e+00
8.941561666450067447e-01 -2.642272064314942437e+00 0.000000000000000000e+00
1.274620042801467967e+01 -5.424843049185238408e-01 0.000000000000000000e+00
1.331071412792382702e+01 1.123405538814852633e+01 0.000000000000000000e+00
-6.117373537424447782e+00 1.380663704140940062e+01 0.000000000000000000e+00
4.734668783536716496e+00 8.926448796071762004e+00 0.000000000000000000e+00
-7.411504306328959402e+00 -5.807970329546848776e-01 0.000000000000000000e+00
-7.273361574012083608e+00 -1.151957162740498752e+01 0.000000000000000000e+00
-3.877407477169129812e+00 1.487652414582448790e+00 0.000000000000000000e+00
8.583885521857636647e+00 2.705570190194691804e+00 0.000000000000000000e+00
-1.351046875349617649e+00 -1.378775714929019358e+01 0.000000000000000000e+00
5.173569048397377301e+00 -1.598788285465816372e+01 0.000000000000000000e+00
-5.171464545902638044e+00 -1.185920829521440512e+00 0.000000000000000000e+00
9.964495315893477922e+00 7.335855011383869417e+00 0.000000000000000000e+00
-1.541758012310030246e+01 -3.489299330305207558e+00 0.000000000000000000e+00
-1.212227392737100828e+01 -7.598682613365657978e+00 0.000000000000000000e+00
6.845304739465488453e+00 6.097956282629360736e+00 0.000000000000000000e+00
-1.220182645394662835e+01 -9.527758589006502632e+00 0.000000000000000000e+00
-1.297209125338107683e+01 1.146395439818094530e+01 0.000000000000000000e+00
-8.064143792813553091e+00 9.385344193139607327e+00 0.000000000000000000e+00
1.013724893947504757e+00 1.676252044492114379e+01 0.000000000000000000e+00
-1.251927988204921327e+01 -3.573597933587555175e+00 0.000000000000000000e+00
-8.822839835108494455e+00 3.894427176746511066e+00 0.000000000000000000e+00
6.328216659216944429e+00 -1.014068215983738064e+01 0.000000000000000000e+00
-1.063073623130791034e+01 -5.380780615569305425e+00 0.000000000000000000e+00
-3.406650852245913352e+00 1.367139307544113080e+01 0.000000000000000000e+00
-6.770724699058136231e+00 -1.558753861873467272e+01 0.000000000000000000e+00
-1.436311613730515369e+01 5.240902697508625252e+00 0.000000000000000000e+00
6.800725914362498514e+00 -1.238938045682067290e+01 0.000000000000000000e+00
-9.456910346965321068e+00 -3.418774713359422179e+00 0.000000000000000000e+00
8.291993843613562731e+00 -3.968631427523944044e+00 0.000000000000000000e+00
1.548565897364973187e+00 -9.317906807544323655e+00 0.000000000000000000e+00
1.067904115725226788e+01 1.338200757999064017e+00 0.000000000000000000e+00
9.956957478742522127e+00 -7.577098079175396350e+00 0.000000000000000000e+00
1.487116417692165982e+01 -1.172571255026527037e+00 0.000000000000000000e+00
-5.619678483811641811e+00 -1.127302729133826809e+01 0.000000000000000000e+00
1.216380893540363850e+01 2.596130940197713510e+00 0.000000000000000000e+00
1.148412284233225833e+01 8.671334587883819722e+00 0.000000000000000000e+00
5.006545903222551885e+00 -1.209999326912261175e+01 0.000000000000000000e+00
3.954890726350780983e-01 1.489668814712782741e+01 0.000000000000000000e+00
-1.250023892955989524e+01 -1.152339334673443716e+01 0.000000000000000000e+00
3.979216522445860438e+00 7.077921306264290280e+00 0.000000000000000000e+00
-1.073796856654241338e+01 1.015084665299683486e+01 0.000000000000000000e+00
-1.526883512668956655e+01 -8.492625141311870962e+00 0.000000000000000000e+00
-1.746538643560315629e+00 1.521783813398791452e+01 0.000000000000000000e+00
1.367430805656065296e+01 -2.400116653096795005e+00 0.000000000000000000e+00
-1.444954619414122376e+01 3.554943101828478724e+00 0.000000000000000000e+00
-1.305410090777307275e+01 4.452076834119851334e+00 0.000000000000000000e+00
-9.150903881845371401e+00 1.463368771792279155e+01 0.000000000000000000e+00
1.512512781609469137e+01 -4.181293190431754070e+00 0.000000000000000000e+00
1.738315745023306380e-01 9.525810833048279136e+00 0.000000000000000000e+00
-1.616686784007151445e+01 -5.406499220693641167e-02 0.000000000000000000e+00
1.484779022119008118e+01 8.781694940526858062e+00 0.000000000000000000e+00
3.428006623703592659e+00 1.240554447167367869e+01 0.000000000000000000e+00
5.608461507031024418e+00 1.645659275454371695e+01 0.000000000000000000e+00
-3.374596766707532725e-01 -1.525734964667431015e+01 0.000000000000000000e+00
-8.805484442216346963e+00 -1.145979380232569333e+01 0.000000000000000000e+00
6.743707400443418543e+00 -1.555066596042541427e+01 0.000000000000000000e+00
-1.154219849379104090e+01 2.872212636848400225e-01 0.000000000000000000e+00
7.916692503737301934e+00 4.859989135872206933e-01 0.000000000000000000e+00
1.940324619543617235e+00 1.206594048249885454e+01 0.000000000000000000e+00
3.536283445393152647e+00 -1.447521544736390275e+01 0.000000000000000000e+00
5.328647454589466648e+00 -1.618576750404246534e+00 0.000000000000000000e+00
-9.209930619805341223e+00 2.434150047697501013e-02 0.000000000000000000e+00
-2.142174166567352711e-01 1.769115283128544824e+00 0.000000000000000000e+00
-4.843733382089475681e-01 8.176335225015222363e+00 0.000000000000000000e+00
-1.587825713905953151e+01 6.338224312413690775e+00 0.000000000000000000e+00
1.249855444713597663e+01 6.272837239742975690e+00 0.000000000000000000e+00
6.928921520960908076e+00 -6.586634520088270328e+00 0.000000000000000000e+00
1.419476027501658422e+01 -9.124262922272357912e+00 0.000000000000000000e+00
2.962257815368534164e+00 -1.712075623974584460e+01 0.000000000000000000e+00
-7.568716905147756968e+00 1.266368177108581961e+01 0.000000000000000000e+00
-2.070589641152503102e+00 -1.549971336071127759e+01 0.000000000000000000e+00
1.425458420868717724e+01 6.390038790059037188e-01 0.000000000000000000e+00
-1.678044104470842868e+01 2.376664656126302955e+00 0.000000000000000000e+00
1.743901072004948105e+01 -9.601912517561348448e-01 0.000000000000000000e+00
1.621295634987982126e+01 -5.648580656267760070e+00 0.000000000000000000e+00
1.380731056348660779e+00 -9.068716470678196417e-01 0.000000000000000000e+00
-1.365740044070514614e+01 -3.940122335965711153e-01 0.000000000000000000e+00
-1.769316896332472799e+00 -1.438229093131668135e+00 0.000000000000000000e+00
9.960916781109343532e+00 4.299899615955737886e+00 0.000000000000000000e+00
1.157098333108643295e+01 1.239255994964242191e+01 0.000000000000000000e+00
-8.609115072939630409e+00 -1.423908418608908200e+01 0.000000000000000000e+00
4.586608678936511474e+00 4.123006744530033352e+00 0.000000000000000000e+00
1.744028532483420690e+01 1.066554984988103527e+00 0.000000000000000000e+00
4.626709845186274705e+00 -5.675409864279517436e+00 0.000000000000000000e+00
-3.902659231494081560e+00 -1.192168350717815706e+01 0.000000000000000000e+00
1.406788033761730183e+01 -5.495192290826703463e+00 0.000000000000000000e+00
-2.039565757003351631e+00 -5.712053008793254172e+00 0.000000000000000000e+00
8.969284727794240908e+00 -1.399497956382816710e+01 0.000000000000000000e+00
-2.972629741952000693e+00 7.758644894703309092e+00 0.000000000000000000e+00
-7.168855853181938187e+00 3.684044064048185962e+00 0.000000000000000000e+00
8.760213718319274534e+00 1.510563928052126492e+01 0.000000000000000000e+00
-3.996418369807147375e+00 8.932787534321759537e+00 0.000000000000000000e+00
9.199665288811598174e+00 -1.212011166400139928e+01 0.000000000000000000e+00
3.111778984961537375e+00 1.574020014976632353e+01 0.000000000000000000e+00
-6.109322830177903008e+00 -3.607963246826273895e+00 0.000000000000000000e+00
1.202161980717578693e+01 -2.731314223417082410e+00 0.000000000000000000e+00
-8.786856039900606818e-01 -7.506592047144969193e+00 0.000000000000000000e+00
5.121477907802644225e+00 -1.442246740151083451e+01 0.000000000000000000e+00
5.041963841361821075e+00 1.340118719634273958e+01 0.000000000000000000e+00
9.861213521051381825e-01 -1.303894024210554292e+01 0.000000000000000000e+00
-1.352754529232545266e+01 -8.734325948287780861e+00 0.000000000000000000e+00
1.018082327133244824e+01 -3.046125684561806768e+00 0.000000000000000000e+00
-1.741716388942224825e+01 -1.334258230301318404e+00 0.000000000000000000e+00
-5.370876559679247819e+00 1.648668258296266487e+01 0.000000000000000000e+00
9.460686466020364449e+00 -1.396506920775578697e+00 0.000000000000000000e+00
-1.438076028172536880e+01 9.806208574702296232e+00 0.000000000000000000e+00
5.841824753184020835e+00 8.713826081754615371e-01 0.000000000000000000e+00
3.945442187448483740e+00 -8.720496736100622925e+00 0.000000000000000000e+00
7.266216223498086713e+00 1.557750469045656061e+01 0.000000000000000000e+00
-7.611026255728125633e+00 1.202531504985637323e+00 0.000000000000000000e+00
-1.063366216204473780e+01 7.193293560803263986e+00 0.000000000000000000e+00
-8.904617358974675767e+00 -1.922118651412560109e+00 0.000000000000000000e+00
1.377492272712298771e+01 2.111526087462235690e+00 0.000000000000000000e+00
7.828343008568772632e+00 4.523988455721440261e+00 0.000000000000000000e+00
-8.024817483120603612e+00 -7.730324886461435341e+00 0.000000000000000000e+00
-9.077622519437536397e+00 7.956309156581550468e+00 0.000000000000000000e+00
8.940406196075818102e+00 8.920601275476490954e+00 0.000000000000000000e+00
1.306237878018074383e+01 -1.146762929381952212e+01 0.000000000000000000e+00
-1.414959403697008966e+01 -1.009967315846273905e+01 0.000000000000000000e+00
-3.806890594239286107e-01 -1.233366691194659914e+01 0.000000000000000000e+00
6.139026521739444908e-02 1.281030076299854414e+01 0.000000000000000000e+00
8.698112152714452705e+00 -6.092516118427328209e+00 0.000000000000000000e+00
4.811355828427287484e+00 -1.060727800664355058e+01 0.000000000000000000e+00
-1.442557882029161220e+01 -1.903807703087202485e+00 0.000000000000000000e+00
5.360692969182728973e+00 5.660806994933148317e+00 0.000000000000000000e+00
9.577906562313658334e-01 -1.655870795935959805e+01 0.000000000000000000e+00
-1.697298458028551238e+01 4.071548003896279688e+00 0.000000000000000000e+00
1.512423993001019618e+01 4.861306288742681225e+00 0.000000000000000000e+00
7.193518728646726146e+00 -1.403181962289801099e+01 0.000000000000000000e+00
1.699617785086813626e+01 3.206609349175617574e+00 0.000000000000000000e+00
1.296270224133754922e+01 -8.201549373111259200e+00 0.000000000000000000e+00
-5.501903828642475069e+00 4.128540782226830075e+00 0.000000000000000000e+00
-1.597600512898256220e+00 1.201771270357799359e+01 0.000000000000000000e+00
7.005053600404497871e+00 -8.233703877965441009e+00 0.000000000000000000e+00
7.517961617665522844e+00 1.165187178501622256e+01 0.000000000000000000e+00
-1.443482546522136545e+01 -6.816233885792203573e+00 0.000000000000000000e+00
-6.002545865512693091e+00 1.187920756469347516e+01 0.000000000000000000e+00
-6.479698008757903693e+00 -8.962852681851220638e+00 0.000000000000000000e+00
-1.400990088615271523e+00 -1.717077281515254583e+01 0.000000000000000000e+00
5.376175858262460139e+00 -4.126817176264916398e+00 0.000000000000000000e+00
1.245691919057317953e+01 -6.464856721542806106e+00 0.000000000000000000e+00
-1.326008030744638155e+01 6.377910430616488213e+00 0.000000000000000000e+00
1.564850145780473767e+01 2.455700234255249192e+00 0.000000000000000000e+00
8.957647560333528602e+00 -8.897811177601637311e+00 0.000000000000000000e+00
1.475865388482512142e+00 1.040172284193047503e+01 0.000000000000000000e+00
-1.094652892295830426e+01 1.769098014015486831e+00 0.000000000000000000e+00
