-1.733297199901507435e+00 -1.119073583682327389e+01 0.000000000000000000e+00
-1.786316926798606985e+01 4.795999142383656100e+00 0.000000000000000000e+00
-7.386648030739149995e+00 9.679992714386463915e-01 0.000000000000000000e+00
-1.430654425588634737e+01 -2.849648092798797272e+00 0.000000000000000000e+00
7.573787651730274462e+00 6.677774021667324256e+00 0.000000000000000000e+00
-7.167069206847309637e+00 1.375446861500229012e+01 0.000000000000000000e+00
-1.401640324850023056e+01 -1.182714189727257370e+01 0.000000000000000000e+00
-3.041221525274044879e+00 5.494550222718385335e+00 0.000000000000000000e+00
-1.525847884447959224e+01 6.343201282367576521e-01 0.000000000000000000e+00
5.587782967643808441e+00 1.490722533223382484e+01 0.000000000000000000e+00
1.162900457072933058e+01 -1.028322297647439498e+01 0.000000000000000000e+00
-3.494077810276758900e+00 -1.684904296286396530e+01 0.000000000000000000e+00
-5.429093246640311676e+00 1.196626115970415682e+01 0.000000000000000000e+00
1.150182652191252330e+01 5.470685068657482830e+00 0.000000000000000000e+00
-9.472317596195002631e-02 -1.896395748333184983e+01 0.000000000000000000e+00
8.216561214448251604e+00 1.015521601446704381e+01 0.000000000000000000e+00
1.824513860291792966e+00 -1.389205243951862201e+01 0.000000000000000000e+00
1.166217470443491599e+01 -3.641728742867136326e+00 0.000000000000000000e+00
1.021074123963790470e+01 1.335161091262523136e+01 0.000000000000000000e+00
3.720793828207730414e+00 8.531919440968255941e+00 0.000000000000000000e+00
1.811362239050365019e+01 -5.534565322935431020e+00 0.000000000000000000e+00
-5.411724194062641935e+00 -4.115822926078751998e+00 0.000000000000000000e+00
-3.459196883076677942e+00 3.548208529430640024e+00 0.000000000000000000e+00
7.476597728954336830e+00 1.634444476169550953e+01 0.000000000000000000e+00
9.712912659054731890e+00 9.614193007236638167e+00 0.000000000000000000e+00
2.041494799552816097e+00 -3.955356051230153547e+00 0.000000000000000000e+00
8.978675033595305166e+00 -7.486007763675592841e+00 0.000000000000000000e+00
5.525975351131514834e+00 1.766062028501963965e+01 0.000000000000000000e+00
1.184600162987907623e+01 -5.408755103417855814e+00 0.000000000000000000e+00
-1.034551036813835623e+01 3.709880473365221309e+00 0.000000000000000000e+00
1.362644922200449304e+00 1.153327040891061195e+00 0.000000000000000000e+00
1.506487788581929266e+01 -7.773136138182101362e+00 0.000000000000000000e+00
1.890924369823434859e+01 -2.487195784723879310e-01 0.000000000000000000e+00
1.653348581893333247e+01 4.541104559834501231e+00 0.000000000000000000e+00
-4.170734909537197943e+00 -1.518902972355617997e+01 0.000000000000000000e+00
-4.957649964192375691e+00 -6.400843545499705911e+00 0.000000000000000000e+00
2.451793756673743108e+00 -1.739301934824825224e+01 0.000000000000000000e+00
-2.228904506426105936e-01 -3.219126066346813086e+00 0.000000000000000000e+00
4.423121173489165670e-01 -1.106032635391275143e+01 0.000000000000000000e+00
-1.184164788519658096e+01 1.286242468157162477e+01 0.000000000000000000e+00
-1.410902120028473483e+01 1.140045464844953038e+01 0.000000000000000000e+00
5.312119581108134092e+00 1.127635746674541828e+01 0.000000000000000000e+00
9.980979885557202280e+00 -1.405488601327705034e+01 0.000000000000000000e+00
-8.939693213940200778e+00 4.568858147942372661e+00 0.000000000000000000e+00
-9.033976172595032494e+00 -5.303999777034701602e+00 0.000000000000000000e+00
-1.069524547375807622e+01 7.737517317589111876e+00 0.000000000000000000e+00
-6.076886150066413528e+00 -1.556951534680164428e+01 0.000000000000000000e+00
-1.605294262439678477e+01 -1.267319686106262555e+00 0.000000000000000000e+00
1.297934745256021927e+00 3.870011130239574992e+00 0.000000000000000000e+00
-1.249814778330988396e+01 -1.228864636854244097e+01 0.000000000000000000e+00
2.662997337114398899e-01 1.763055358518218441e+01 0.000000000000000000e+00
-1.112730965464882438e+01 -9.204588229821311529e+00 0.000000000000000000e+00
-7.688473584167635266e+00 9.602709671586222129e+00 0.000000000000000000e+00
8.253240916694634777e+00 -9.187880390612768622e+00 0.000000000000000000e+00
-1.412606918205962536e+01 6.779426863544743220e+00 0.000000000000000000e+00
-1.080626948449521407e+01 1.150712846678909607e+01 0.000000000000000000e+00
3.465664342986927160e+00 2.853986777165176569e+00 0.000000000000000000e+00
-1.601252217096065422e+01 2.161232228139044143e+00 0.000000000000000000e+00
-6.006446590347022330e+00 -1.455813315442431977e+00 0.000000000000000000e+00
6.594472591429158648e+00 1.324789144027580434e+01 0.000000000000000000e+00
1.866616769376840779e+01 2.127349002346864193e+00 0.000000000000000000e+00
-5.624571117043020152e+00 -1.026806340472419343e+01 0.000000000000000000e+00
-1.248465855527093460e+01 5.781297814773119548e+00 0.000000000000000000e+00
1.507621934080330028e+01 1.032407342546920503e+01 0.000000000000000000e+00
2.017588381431082711e-01 -8.799408690840342828e+00 0.000000000000000000e+00
2.141558155310297362e+00 1.536327488198687163e+01 0.000000000000000000e+00
2.206455415920066443e+00 -9.868498581744153952e+00 0.000000000000000000e+00
-1.308623294775772727e+01 3.441745962384745283e+00 0.000000000000000000e+00
-1.667754690700691000e+01 6.502571027621129041e+00 0.000000000000000000e+00
-7.084364906550345786e+00 4.445102768789483072e+00 0.000000000000000000e+00
-6.676519642211431460e+00 -7.569911068701824064e+00 0.000000000000000000e+00
-1.817190168150029095e+01 7.128336069730842883e-01 0.000000000000000000e+00
-6.879320737188068247e-01 1.619072455897789808e+01 0.000000000000000000e+00
3.723162388280167434e+00 -6.067884235975846252e+00 0.000000000000000000e+00
1.515665480753310757e+00 -1.252190512649035803e+00 0.000000000000000000e+00
9.276245412989974071e+00 1.453136920515192543e+01 0.000000000000000000e+00
7.806838167814846408e+00 -5.675020989642039382e+00 0.000000000000000000e+00
-8.405943101379325100e+00 1.491288190815618542e+01 0.000000000000000000e+00
-9.528042832928180772e+00 -1.237718952235410264e+01 0.000000000000000000e+00
-1.207032416186937063e+01 -6.577300812040617117e+00 0.000000000000000000e+00
1.000155828558523652e+01 1.842558206917003893e+00 0.000000000000000000e+00
-5.014816730436245429e+00 -1.325888369178254145e+01 0.000000000000000000e+00
9.617552035403790001e+00 -1.605645484609417650e+01 0.000000000000000000e+00
9.891087675368273935e+00 -4.338284772690660596e+00 0.000000000000000000e+00
2.532142299021489795e-01 2.775694271820055459e+00 0.000000000000000000e+00
-3.563267088489346701e+00 1.171563284069888411e+00 0.000000000000000000e+00
4.300686850967069819e-01 -4.993288254922705782e+00 0.000000000000000000e+00
4.991456149601136261e+00 1.184079596885632135e+00 0.000000000000000000e+00
-2.591696803020642648e+00 1.079741598981258832e+01 0.000000000000000000e+00
1.658492881290710130e+01 6.507314676480908666e+00 0.000000000000000000e+00
7.580134266977822222e+00 -1.277583748420649812e+01 0.000000000000000000e+00
1.123444832965808615e+01 -7.996482823999355283e+00 0.000000000000000000e+00
6.731505205724732654e+00 8.517774171775142733e+00 0.000000000000000000e+00
-3.762600107765763813e+00 7.707674852568720425e+00 0.000000000000000000e+00
-1.998869565492656486e+00 -1.550531784578871530e+01 0.000000000000000000e+00
-1.607104713438213750e+01 -7.952780363593847213e+00 0.000000000000000000e+00
-1.183992632420076063e+01 -4.066911747068449934e+00 0.000000000000000000e+00
-1.279904841171814134e+01 -1.878778817864119044e-01 0.000000000000000000e+00
5.848240162588417945e+00 -1.282167859635924501e+00 0.000000000000000000e+00
8.952037175580917605e+00 7.879415430590663405e+00 0.000000000000000000e+00
-5.455871291321711780e+00 -1.695012176531168890e+01 0.000000000000000000e+00
9.986746152885253025e-01 9.909185051441228964e+00 0.000000000000000000e+00
3.371872543828414948e+00 1.324081083481186027e+00 0.000000000000000000e+00
-2.167713210423765080e+00 2.219884485373280203e+00 0.000000000000000000e+00
1.262298371607449710e+01 -1.384769995529152808e+01 0.000000000000000000e+00
-9.480377371660747343e+00 4.688799665547085382e-01 0.000000000000000000e+00
8.872306658477633334e+00 -1.094461662090569831e+01 0.000000000000000000e+00
1.336178690939120983e+01 -7.142388217106812931e+00 0.000000000000000000e+00
1.258579325367822577e+01 8.248820999733123216e+00 0.000000000000000000e+00
-9.904160793390696327e+00 -1.532615021476127026e+01 0.000000000000000000e+00
4.023870889186900612e+00 1.590846061220632635e+01 0.000000000000000000e+00
-2.319593038918174255e+00 -1.856570495683843092e+01 0.000000000000000000e+00
1.602236506085053236e+01 1.045531369208134498e+00 0.000000000000000000e+00
3.392283816719281031e+00 1.437142262690863959e+01 0.000000000000000000e+00
1.279564292557314964e+01 1.364708124594281990e+01 0.000000000000000000e+00
7.921037698193737597e+00 -3.873783571697932415e-01 0.000000000000000000e+00
-5.189724953828592113e+00 9.234953879083255046e+00 0.000000000000000000e+00
-8.662507548482833997e+00 -3.250445659004030485e+00 0.000000000000000000e+00
-7.851870341318344160e+00 -1.132687698242656715e+01 0.000000000000000000e+00
4.126930986226746256e+00 4.294734604466159844e+00 0.000000000000000000e+00
-5.061936141339689055e-01 8.821939870277029527e+00 0.000000000000000000e+00
9.991696801247220705e+00 3.471787176414287579e+00 0.000000000000000000e+00
-7.291189330675728053e-01 1.150130606724534710e+00 0.000000000000000000e+00
6.223948189755940774e+00 -9.095431056574824424e+00 0.000000000000000000e+00
-2.092586502657099778e+00 1.374167071337927482e+01 0.000000000000000000e+00
1.037056228116069123e+00 -1.579909165109228475e+01 0.000000000000000000e+00
-4.716863711204169363e+00 1.414221175719964663e+01 0.000000000000000000e+00
-7.337861847626315992e+00 -4.237939068260657471e+00 0.000000000000000000e+00
-9.448851964033247341e+00 -1.053193788420138155e+01 0.000000000000000000e+00
-8.995752936129608912e+00 -8.037209189379748153e+00 0.000000000000000000e+00
6.126912334924758952e+00 -1.788255172357689204e+01 0.000000000000000000e+00
1.426812953569950970e+01 -9.929916090961071973e+00 0.000000000000000000e+00
6.099570935908086078e+00 -1.354854101329697436e+01 0.000000000000000000e+00
1.355362322268179431e+00 1.254465734522011111e+01 0.000000000000000000e+00
4.589004221952117213e+00 -1.006675284257893743e+01 0.000000000000000000e+00
4.258664357523410438e+00 -3.733914256594957681e+00 0.000000000000000000e+00
-4.097674774735899916e-01 1.289433654342571955e+01 0.000000000000000000e+00
2.713869758202261284e+00 -8.293566811326570587e+00 0.000000000000000000e+00
-6.930413167746748648e+00 1.701046216171870995e+01 0.000000000000000000e+00
-8.403760699291089153e+00 8.274061279963147442e+00 0.000000000000000000e+00
-1.090715181715887638e+01 -1.047815622250378276e+00 0.000000000000000000e+00
-2.528431186228456973e+00 -5.521697392969711515e+00 0.000000000000000000e+00
-1.637418626419350076e+01 9.363734996541532851e+00 0.000000000000000000e+00
-7.383227093388993190e+00 6.150421050288471747e+00 0.000000000000000000e+00
2.503349550823699587e+00 7.501241346507668162e+00 0.000000000000000000e+00
1.601545801207442210e+01 -3.685851424399470666e+00 0.000000000000000000e+00
4.931277279590982054e+00 -5.144801901077028283e+00 0.000000000000000000e+00
-2.245060650835088545e+00 -1.306367509009446337e+01 0.000000000000000000e+00
-1.045601427429882335e+01 -5.800455244604430405e+00 0.000000000000000000e+00
-2.170215763873616144e+00 5.935465866456051121e-01 0.000000000000000000e+00
1.535164506593385170e+01 -5.748871645937637886e+00 0.000000000000000000e+00
-5.765388394340461353e+00 2.864495523396992649e+00 0.000000000000000000e+00
-1.224529691054935654e+01 7.703672201855546575e+00 0.000000000000000000e+00
-1.746081658037957851e+01 3.198109419975919465e+00 0.000000000000000000e+00
-8.619447253112547003e+00 1.259258466090245676e+01 0.000000000000000000e+00
-5.325029008401754638e+00 5.157128869420519734e+00 0.000000000000000000e+00
5.645280157443304248e+00 2.562985641099092327e+00 0.000000000000000000e+00
-9.857611750126030969e+00 1.025923088954234075e+01 0.000000000000000000e+00
-6.661828874655706834e+00 1.074637474496474887e+01 0.000000000000000000e+00
1.273126257206166123e+01 -1.140022828287375667e+01 0.000000000000000000e+00
8.050365211447591207e+00 1.238483162185366382e+01 0.000000000000000000e+00
-9.766586252690448333e+00 1.421013118958098431e+01 0.000000000000000000e+00
-3.435507425887592614e+00 -7.196847901706842521e+00 0.000000000000000000e+00
-1.806994945083931370e+01 -2.171045783042182986e+00 0.000000000000000000e+00
-3.784199814471421064e+00 -1.222685053882500128e+01 0.000000000000000000e+00
-4.070739573256618726e-01 -1.289468219514924963e+00 0.000000000000000000e+00
-1.761809136311402213e+01 -4.328452527799950822e+00 0.000000000000000000e+00
-8.418867206391356106e+00 -6.188831570984594244e-01 0.000000000000000000e+00
4.416220359574467125e+00 -1.215550123815823191e+01 0.000000000000000000e+00
-7.199631621739254195e-01 4.965868174784778155e+00 0.000000000000000000e+00
4.095246289803951001e+00 1.000677614479874222e+01 0.000000000000000000e+00
-5.627099177854892886e+00 1.565610851627528533e+01 0.000000000000000000e+00
3.492829690300776058e+00 -4.846529507856913721e-01 0.000000000000000000e+00
8.419082829206228524e+00 1.100789389683795028e+00 0.000000000000000000e+00
-4.399305997044289374e-01 -6.525172379908848797e+00 0.000000000000000000e+00
1.470632672256685147e+01 6.229847874741495595e+00 0.000000000000000000e+00
1.663434727119120327e+00 -5.978793277847095133e+00 0.000000000000000000e+00
3.550752350308071570e+00 1.163242928153044886e+01 0.000000000000000000e+00
-4.320499834848030574e+00 1.734882395156371260e+01 0.000000000000000000e+00
-1.165698917763995013e+01 2.413887024111680102e+00 0.000000000000000000e+00
1.499162798921954121e+01 -1.274787671258177824e+00 0.000000000000000000e+00
1.409615211214494579e+01 -2.581023675465872191e+00 0.000000000000000000e+00
-2.600387479863884854e-01 7.064249205257619124e+00 0.000000000000000000e+00
-1.463634537220154641e+01 5.340923817406088681e+00 0.000000000000000000e+00
-3.253581457189074655e+00 -1.067766053897548417e+01 0.000000000000000000e+00
-1.159084921594039841e+01 1.008543929183928789e+01 0.000000000000000000e+00
-1.435745033843668850e+01 8.456541226217428431e+00 0.000000000000000000e+00
-5.173841935863521257e+00 2.655740322277387322e-01 0.000000000000000000e+00
1.324196109394084431e+01 1.206037443027281419e+01 0.000000000000000000e+00
9.404488841207102823e+00 -1.042041866271548489e+00 0.000000000000000000e+00
7.094775583956964837e+00 -1.578797856199011385e+01 0.000000000000000000e+00
1.156232375284223401e+01 -2.082046457657455996e+00 0.000000000000000000e+00
-1.447420301374702056e+01 -4.755078532748935771e+00 0.000000000000000000e+00
1.083326968262741730e+01 7.857896337235582784e+00 0.000000000000000000e+00
-1.323640735274065339e+00 1.850057927454520268e+01 0.000000000000000000e+00
-8.197545505509387098e+00 -1.627146337002743337e+01 0.000000000000000000e+00
1.299773184396796744e+01 9.861971088735405289e+00 0.000000000000000000e+00
7.704648862325669256e+00 -3.309440072071654804e+00 0.000000000000000000e+00
-1.235250442216435829e+01 -1.079556773969137495e+01 0.000000000000000000e+00
-3.719473035982109543e+00 1.210424002699802593e+01 0.000000000000000000e+00
5.618091689262199040e+00 5.623858485306713284e+00 0.000000000000000000e+00
2.090228503958866835e+00 -1.239399282738679098e+01 0.000000000000000000e+00
7.589741015863793905e+00 2.534607408641279314e+00 0.000000000000000000e+00
1.870296964887663194e+01 -2.638047929862032959e+00 0.000000000000000000e+00
-2.413830325462270388e+00 1.707208911247967364e+01 0.000000000000000000e+00
1.704396898050194409e+01 -5.369936509564217086e-01 0.000000000000000000e+00
1.027969721868185005e+01 -9.284922185806232520e+00 0.000000000000000000e+00
-5.166036243002857020e+00 -8.299974415718814669e+00 0.000000000000000000e+00
1.494483822743849011e+01 2.113395820685932236e+00 0.000000000000000000e+00
-3.924202713875476700e+00 -1.849557808167410755e+01 0.000000000000000000e+00
2.097296403344405036e+00 1.120830220370425501e+01 0.000000000000000000e+00
-2.518946335737625830e+00 9.114652746016902896e+00 0.000000000000000000e+00
4.005734533601609471e+00 -1.745006553829112761e+01 0.000000000000000000e+00
1.258209133348270647e+01 6.055472493797564582e-01 0.000000000000000000e+00
-3.211176668575693949e+00 -4.956025901568619219e-01 0.000000000000000000e+00
-1.307656362755764512e+01 -9.307715275133901400e+00 0.000000000000000000e+00
-6.428712730842228495e+00 8.355088788972860669e+00 0.000000000000000000e+00
5.141668144548786401e+00 -1.606654343319443257e+01 0.000000000000000000e+00
1.289860307442481435e+01 4.920271198392404344e+00 0.000000000000000000e+00
1.668570502120465093e+01 8.756421834046268060e+00 0.000000000000000000e+00
-1.022671714479718119e+01 1.589970190501344405e+01 0.000000000000000000e+00
9.941805739195048730e+00 5.041409470611674770e+00 0.000000000000000000e+00
3.577118863855696773e+00 -1.356153555435030889e+01 0.000000000000000000e+00
-1.552820150574782865e+01 -9.429302058884596605e+00 0.000000000000000000e+00
6.112509415903510046e+00 -7.402341312907240400e+00 0.000000000000000000e+00
-1.134194383560442193e-01 -1.412040939235524384e+01 0.000000000000000000e+00
-1.466717838652267680e+01 3.830084581688635303e+00 0.000000000000000000e+00
2.745171970131993433e+00 1.840956979023181717e+01 0.000000000000000000e+00
6.368349147603300509e+00 -4.614418934061692568e+00 0.000000000000000000e+00
-1.237778170272512135e+01 -1.390789652754268246e+01 0.000000000000000000e+00
1.207122758496020687e+01 3.362012882269060032e+00 0.000000000000000000e+00
1.507716584426268724e+01 3.810666459914191506e+00 0.000000000000000000e+00
-7.931038148308380720e+00 -1.415251881723364491e+01 0.000000000000000000e+00
1.295698839924695589e+00 6.157733633891603553e+00 0.000000000000000000e+00
-6.124743544773840753e-01 -1.644840915341892540e+01 0.000000000000000000e+00
1.658920776892763982e+01 -7.647407201091745321e+00 0.000000000000000000e+00
-1.447131742812853261e+01 -7.549837532642059479e+00 0.000000000000000000e+00
1.125530818461428062e+01 1.205222313842596904e+01 0.000000000000000000e+00
-3.095316379971886356e+00 -2.208790188759944595e+00 0.000000000000000000e+00
1.068530726989927082e+01 3.495702455587345048e-01 0.000000000000000000e+00
5.045757902842006315e-01 1.464505100742291255e+01 0.000000000000000000e+00
1.440553139134939187e+01 -1.213700258309066626e+01 0.000000000000000000e+00
7.397703202086839624e+00 4.157580018835701274e+00 0.000000000000000000e+00
-1.601907263846863927e+01 -4.762258386075758132e+00 0.000000000000000000e+00
-1.323516704164026159e+01 9.807627606439419665e+00 0.000000000000000000e+00
-5.668012719205568928e+00 6.904213501728671432e+00 0.000000000000000000e+00
-2.101523847203461859e+00 7.053115732003780280e+00 0.000000000000000000e+00
4.009832170866141965e+00 -1.993932381707435031e+00 0.000000000000000000e+00
-8.363147959328120606e+00 2.153634584165326160e+00 0.000000000000000000e+00
1.549030047607468141e+01 7.801540561442152466e+00 0.000000000000000000e+00
4.990937835773987530e+00 1.340733763252670663e+01 0.000000000000000000e+00
-1.158205589329729790e+01 8.350258031623635224e-01 0.000000000000000000e+00
1.348635152936630988e+01 -5.027227591156407271e+00 0.000000000000000000e+00
1.037816752928365638e+01 -6.684216801311044343e+00 0.000000000000000000e+00
-1.583170471691985348e+01 -3.231825061503263985e+00 0.000000000000000000e+00
-8.987610542402268976e+00 6.251583580741148616e+00 0.000000000000000000e+00
