8.199380710816054574e+00 -1.362363804947868040e+01 0.000000000000000000e+00
4.800530911283534152e+00 7.302088331565562918e+00 0.000000000000000000e+00
-1.784218970339954424e+01 4.704975579487248538e+00 0.000000000000000000e+00
1.953042555810321212e-01 -3.075574617602465199e+00 0.000000000000000000e+00
-7.096240230575981300e+00 -1.005407618432673900e+00 0.000000000000000000e+00
-6.391555221568785417e-01 5.255807563511082137e+00 0.000000000000000000e+00
1.019413599876241250e+01 -6.836541926100544231e+00 0.000000000000000000e+00
1.105856614972426932e+00 1.418277537158522605e+01 0.000000000000000000e+00
-5.350391522384778220e+00 -1.755551055978719432e+01 0.000000000000000000e+00
5.267014605581994857e+00 1.180222965444788219e+00 0.000000000000000000e+00
7.668130673005875142e-01 1.640094225756895341e+01 0.000000000000000000e+00
-1.242975282133869541e+01 6.722240770935249188e+00 0.000000000000000000e+00
-9.997749149647043865e+00 1.426298090280936570e+01 0.000000000000000000e+00
1.070489803594073486e+01 1.098536782035936454e+01 0.000000000000000000e+00
-1.809173721465156959e+01 -4.427721842625322424e+00 0.000000000000000000e+00
1.364334218926555842e+01 1.305049823469707770e-01 0.000000000000000000e+00
-8.517047255099265968e+00 -8.927445849640292863e+00 0.000000000000000000e+00
1.079833550611156845e+01 2.197354725402579145e+00 0.000000000000000000e+00
-7.304238074442954698e+00 1.063306523865841768e+01 0.000000000000000000e+00
-1.229410252966763650e+01 -1.239374648574435511e+01 0.000000000000000000e+00
1.088217228344836762e+01 7.254019647896818412e+00 0.000000000000000000e+00
-1.524454445355561383e+01 -1.088722028786361484e+01 0.000000000000000000e+00
-1.195361751593656052e+01 3.363700413810654766e+00 0.000000000000000000e+00
7.365351520726107992e+00 7.733454720737490184e+00 0.000000000000000000e+00
1.637958250246238379e+01 -2.315151262228029694e+00 0.000000000000000000e+00
6.002308147422012574e+00 1.534839165928111804e+01 0.000000000000000000e+00
-9.719526296436377777e+00 7.710106003460071022e+00 0.000000000000000000e+00
9.263848579600486133e+00 8.772433432074842941e+00 0.000000000000000000e+00
8.458196209459313053e+00 1.171053564313167072e+01 0.000000000000000000e+00
-8.974219425749884849e+00 -1.055472703993469175e+01 0.000000000000000000e+00
6.641642896090765191e+00 -4.443655073789910759e+00 0.000000000000000000e+00
1.609481702507661183e+01 -8.265139421258803409e+00 0.000000000000000000e+00
-4.773007614750825467e-01 -1.269424271666481552e+01 0.000000000000000000e+00
3.243812767981776535e+00 -1.325456094162007581e+01 0.000000000000000000e+00
6.110990009945959756e+00 -1.473247663494814041e+01 0.000000000000000000e+00
1.839056501783478126e+01 -2.526001481213015487e-01 0.000000000000000000e+00
1.722228545794199661e+01 -6.377530799382857829e+00 0.000000000000000000e+00
-1.048011362930594359e+01 -8.380274849396520676e-01 0.000000000000000000e+00
-9.420146650495530238e+00 -3.042893829436069453e+00 0.000000000000000000e+00
1.651109562317438773e+00 -2.048225690687614176e+00 0.000000000000000000e+00
1.169801899940081391e+01 -9.476344000670369638e+00 0.000000000000000000e+00
1.467962715514089744e+01 -9.218719645284918940e+00 0.000000000000000000e+00
-1.250557912108240188e+01 1.408508769662420157e+01 0.000000000000000000e+00
1.938816651398038937e+00 -9.705139758317342213e+00 0.000000000000000000e+00
1.196412378213255856e+01 4.819409362612313785e+00 0.000000000000000000e+00
-6.223324648752412536e+00 -1.548566506118780772e+01 0.000000000000000000e+00
1.467198526851864493e+01 1.117471845394423191e+01 0.000000000000000000e+00
-3.302797189594309568e+00 -8.796656255521996925e+00 0.000000000000000000e+00
-1.057987775627013782e+01 -1.178748717861349071e+01 0.000000000000000000e+00
1.685953410826208920e-01 -1.048030916820160030e+01 0.000000000000000000e+00
8.523819090650743391e+00 4.494573889243867804e+00 0.000000000000000000e+00
3.434244252468110936e+00 -3.512014774180296950e+00 0.000000000000000000e+00
-1.595211746914860340e+00 -1.725668673794442753e+01 0.000000000000000000e+00
-9.649105022285667133e+00 1.445069333873325368e+00 0.000000000000000000e+00
2.401015338017914669e+00 7.191830871485576093e-01 0.000000000000000000e+00
-1.990848924712707024e+00 -1.499725639384012865e+01 0.000000000000000000e+00
1.118966313860166117e+01 -1.356631557650519326e+01 0.000000000000000000e+00
7.291894522124084510e+00 1.612939240602416646e+01 0.000000000000000000e+00
-6.471712946358975316e+00 -1.315895686849425772e+01 0.000000000000000000e+00
5.074855635100747442e+00 9.068768045879284756e+00 0.000000000000000000e+00
1.207303123528710209e+01 -3.024674913736739246e+00 0.000000000000000000e+00
-3.746432943852736841e+00 -1.593281718528073654e+01 0.000000000000000000e+00
1.802298243537392608e+01 -3.764333678507255421e+00 0.000000000000000000e+00
7.083881360706250518e+00 -1.063963191095960070e+01 0.000000000000000000e+00
-1.728145794233326171e+01 -1.465255869896327168e+00 0.000000000000000000e+00
-4.426545748369926869e+00 1.843666517071598676e+01 0.000000000000000000e+00
-1.279725190078509023e+01 -8.809543069015886019e+00 0.000000000000000000e+00
-1.373001416088834148e+01 1.302189985765495805e+01 0.000000000000000000e+00
9.440600296510764267e+00 -8.841930518982605847e+00 0.000000000000000000e+00
-1.036286219307193335e+01 3.862013646139752066e+00 0.000000000000000000e+00
-2.049411394602815850e+00 1.179342436163114805e+01 0.000000000000000000e+00
-1.505766256640985823e+01 4.355195570412607076e+00 0.000000000000000000e+00
-1.053937648299408814e+01 -9.646135774096888937e+00 0.000000000000000000e+00
7.962958060335267874e+00 2.889652908405238918e+00 0.000000000000000000e+00
-4.538275134452887549e+00 -1.417747544542587512e+01 0.000000000000000000e+00
-1.028837826167028524e+01 -1.479653959888501902e+01 0.000000000000000000e+00
-4.662399441414167178e+00 1.225837091668443080e+01 0.000000000000000000e+00
1.495660413239779940e+00 -1.741195047220497472e+01 0.000000000000000000e+00
-1.794813752245518979e+00 1.547677915312132235e+01 0.000000000000000000e+00
-7.002417514200272919e+00 8.538743291644367517e+00 0.000000000000000000e+00
-1.717724606049191038e+01 1.817187849005296396e+00 0.000000000000000000e+00
-2.781563784130553163e+00 -2.958519316019145418e+00 0.000000000000000000e+00
-1.259424276571581203e+01 -6.330802060691445021e+00 0.000000000000000000e+00
-1.292123586588342654e+01 -4.275456997312428342e+00 0.000000000000000000e+00
-1.258268071158778056e+01 1.296595694681536237e+00 0.000000000000000000e+00
9.006401225715354730e-01 -1.573516274971087903e+01 0.000000000000000000e+00
1.212395544404168413e-01 1.794723021986080624e+01 0.000000000000000000e+00
-1.483748646338498212e+01 2.757784746732061976e+00 0.000000000000000000e+00
-5.060200093268414356e+00 -1.230796464596653195e+01 0.000000000000000000e+00
-3.556918505810705788e+00 1.395977028111976281e+01 0.000000000000000000e+00
-7.047926433341227259e+00 1.617502042700199638e+01 0.000000000000000000e+00
3.400923009229978589e-01 7.285696883400229140e+00 0.000000000000000000e+00
-1.419305130410479521e+01 -1.923601203196065035e-01 0.000000000000000000e+00
1.247201956333336881e+01 -5.572592821237733141e+00 0.000000000000000000e+00
7.305227055569058159e+00 -1.781398033514731027e+00 0.000000000000000000e+00
1.281108405431446684e+01 1.956952243595280194e+00 0.000000000000000000e+00
5.504117199203317767e+00 -1.027492911352328342e+01 0.000000000000000000e+00
5.089959513452888551e+00 -1.304905600723012604e+01 0.000000000000000000e+00
-1.558340738626017163e+01 -6.672256761808064596e+00 0.000000000000000000e+00
1.328861600070218962e+01 1.237809569452655900e+01 0.000000000000000000e+00
-2.727770103672312985e+00 -1.293689249942950781e+01 0.000000000000000000e+00
4.399541693258538722e+00 2.915464665473774808e+00 0.000000000000000000e+00
1.527866481464909754e+01 -1.086038971521406538e+01 0.000000000000000000e+00
-3.322016994126063771e+00 1.741792087412170886e+01 0.000000000000000000e+00
-4.434017834458695795e+00 4.987626232061415088e+00 0.000000000000000000e+00
-8.261186308662505695e+00 5.781140777236349670e+00 0.000000000000000000e+00
8.111052835733913113e+00 -3.567481135427035266e+00 0.000000000000000000e+00
9.114832110025691270e-01 4.944542552061792939e+00 0.000000000000000000e+00
9.075396652214923421e+00 1.395656699539838286e+01 0.000000000000000000e+00
1.672591963560536854e+01 4.535248332303636332e+00 0.000000000000000000e+00
-5.673078478515715339e+00 1.341499965768852221e+01 0.000000000000000000e+00
-6.705740966201085840e+00 -9.882893243249128545e+00 0.000000000000000000e+00
1.026152267347175950e+01 1.537980720841197346e+01 0.000000000000000000e+00
1.110450399526072474e+01 -1.316079683741818940e+00 0.000000000000000000e+00
-5.089969925614338919e+00 -8.536405403734828923e+00 0.000000000000000000e+00
-1.065306216138990569e+00 2.577696920879049891e+00 0.000000000000000000e+00
-5.757950353717069980e+00 -5.924707443077055657e+00 0.000000000000000000e+00
1.341399280208373135e+01 7.243510118027617573e+00 0.000000000000000000e+00
-3.679190959678145800e-01 1.072257155651902671e+01 0.000000000000000000e+00
1.388028122268202047e+01 -6.237233070110899114e+00 0.000000000000000000e+00
-1.535967797840927240e-01 -8.105565500218396835e+00 0.000000000000000000e+00
-5.761023445173277580e+00 6.467647882032383500e+00 0.000000000000000000e+00
1.250549304741785406e+01 -1.180379414121976822e+01 0.000000000000000000e+00
-1.122784981624862333e+01 -2.174963520572827491e+00 0.000000000000000000e+00
-5.315696420237309816e+00 1.554039512512140497e+01 0.000000000000000000e+00
1.843145167429151599e+01 4.455282702183447796e+00 0.000000000000000000e+00
7.471732799359509514e+00 1.030958619653644703e+01 0.000000000000000000e+00
-1.615378995118769723e+01 -8.125895976011037192e+00 0.000000000000000000e+00
-1.596489989878114102e+01 -2.550262578440237515e+00 0.000000000000000000e+00
1.032468837136039141e+01 5.243917034009168532e+00 0.000000000000000000e+00
8.209239721331938355e+00 -6.198188406221179392e+00 0.000000000000000000e+00
6.415817621544761096e+00 1.206573824727125910e+01 0.000000000000000000e+00
-1.323474781315738547e+01 -1.777251372871840873e+00 0.000000000000000000e+00
4.491449020826961736e+00 1.528938185873972344e+01 0.000000000000000000e+00
4.777232397875035730e+00 -2.376785156497179141e+00 0.000000000000000000e+00
-3.454165175881605432e+00 7.535699081415853762e+00 0.000000000000000000e+00
1.865169074902092827e+00 7.492762527533964878e+00 0.000000000000000000e+00
-1.024971022774637142e+01 1.008976106641851089e+01 0.000000000000000000e+00
9.753903461295623245e+00 -4.072404526793701685e+00 0.000000000000000000e+00
-1.545800276585988087e+01 6.239971019099256111e+00 0.000000000000000000e+00
2.750106777942118441e+00 2.628930388545692054e+00 0.000000000000000000e+00
1.138891259814005963e+01 7.649831343241449977e-01 0.000000000000000000e+00
-4.999783533203150832e+00 7.233129329864692592e-01 0.000000000000000000e+00
1.629006697594267905e+01 8.219654388815275325e+00 0.000000000000000000e+00
-8.598663772403304151e+00 -1.719752311004790535e+00 0.000000000000000000e+00
2.088435667369425097e+00 -1.132129110708986630e+01 0.000000000000000000e+00
-4.067345306508886260e+00 3.285245784335393715e+00 0.000000000000000000e+00
-1.384969544355340787e+01 -1.172345008907336705e+01 0.000000000000000000e+00
-7.291892705013998999e+00 8.064879498753364517e-01 0.000000000000000000e+00
-6.733847377698287673e+00 -4.340859781226946268e+00 0.000000000000000000e+00
3.969441458309623361e+00 -9.703096641175418924e+00 0.000000000000000000e+00
-1.479002568600067402e+00 -1.151093431349007012e+01 0.000000000000000000e+00
6.779816171542307757e+00 -1.621365382570477109e+01 0.000000000000000000e+00
-1.567313191476777945e+01 8.824324143367313411e+00 0.000000000000000000e+00
1.470889913722761833e+01 3.512527569460742072e+00 0.000000000000000000e+00
2.540928561218090742e+00 1.807745028895849160e+01 0.000000000000000000e+00
1.621176433913575687e+00 -1.349622461298212173e+01 0.000000000000000000e+00
-3.238639661601641517e+00 1.079655237943652502e+01 0.000000000000000000e+00
-7.145783221336349911e+00 2.961939717396234073e+00 0.000000000000000000e+00
-2.039650378679554787e+00 -9.976321209781797705e+00 0.000000000000000000e+00
-7.093727608887903990e+00 -6.912866043742570632e+00 0.000000000000000000e+00
-1.394210340887031219e+00 -5.718341351216857937e+00 0.000000000000000000e+00
3.643614875445339685e+00 -1.483136940504868839e+01 0.000000000000000000e+00
1.409678291283901430e+01 -4.246767469462438882e+00 0.000000000000000000e+00
-6.104531614630690051e+00 -2.308729321033010429e+00 0.000000000000000000e+00
4.968527697341170501e+00 -6.331567676926023402e+00 0.000000000000000000e+00
-3.184281757712995820e+00 -1.752962187056960985e+01 0.000000000000000000e+00
-3.332163343815618628e+00 -1.177732233546274987e+00 0.000000000000000000e+00
5.562357606901688456e+00 1.799759561561515397e+01 0.000000000000000000e+00
8.981074765500759227e+00 -1.538566176981998623e+01 0.000000000000000000e+00
-1.569776616110694079e+01 -4.247019489792942082e+00 0.000000000000000000e+00
7.642236032000421231e-01 3.000027582794829950e+00 0.000000000000000000e+00
-4.951663794608490043e+00 -1.182298311023755488e+00 0.000000000000000000e+00
-4.722968921483296612e+00 -3.372089862611681532e+00 0.000000000000000000e+00
-2.555654648001957518e+00 9.009671572991193145e+00 0.000000000000000000e+00
4.797270098368862534e+00 1.192621742601722978e+01 0.000000000000000000e+00
-1.578827575072448974e+00 -3.940785937373775472e+00 0.000000000000000000e+00
-1.389048899231015177e+01 8.062123366082982301e+00 0.000000000000000000e+00
1.972331893789250667e+00 -4.977722095204724972e+00 0.000000000000000000e+00
3.396092482566269943e+00 8.861788733098066473e+00 0.000000000000000000e+00
-1.065039216154330504e+01 1.157660331459049452e+01 0.000000000000000000e+00
-2.792599861741615008e+00 -6.484009403511327818e+00 0.000000000000000000e+00
-6.884141588790868571e-01 1.248946759755106761e+01 0.000000000000000000e+00
-8.136233769823768114e+00 -1.647632374760376095e+01 0.000000000000000000e+00
-7.580393544461768940e+00 1.458756444128487573e+01 0.000000000000000000e+00
1.643922401084772034e+01 2.822918878181891245e+00 0.000000000000000000e+00
1.686096878038074820e+01 6.916184613176791229e-01 0.000000000000000000e+00
9.611492957506012402e+00 -1.223266865760445121e+01 0.000000000000000000e+00
1.518368081169971262e+01 9.548312844928895871e+00 0.000000000000000000e+00
9.945090366781133895e+00 -1.064850588587835101e-01 0.000000000000000000e+00
2.237264749203820902e+00 -6.821552242948149214e+00 0.000000000000000000e+00
3.374201886798736894e+00 -5.594442757746440620e+00 0.000000000000000000e+00
-9.036497366995565272e+00 1.210829991115881121e+01 0.000000000000000000e+00
1.224523087853175163e+01 1.448699322212001483e+01 0.000000000000000000e+00
-1.207630113051444987e+01 9.765231657845243163e+00 0.000000000000000000e+00
8.744057747601612363e+00 6.920370608830620718e+00 0.000000000000000000e+00
-1.549112131973454209e+00 1.839655670355024242e+01 0.000000000000000000e+00
3.320427131101074902e+00 -7.972178038745720841e+00 0.000000000000000000e+00
5.231093981187654229e+00 1.384015147381235344e+01 0.000000000000000000e+00
-1.285581513480432259e+00 6.757728129655864002e+00 0.000000000000000000e+00
-1.430315477988951223e+01 -3.455188022606059395e+00 0.000000000000000000e+00
-4.173010431520450148e+00 -1.009035787609494861e+01 0.000000000000000000e+00
6.477814672643957827e+00 6.176537322174351807e+00 0.000000000000000000e+00
8.911793206259361000e+00 1.666045179255451458e+01 0.000000000000000000e+00
-1.549759699553254499e+01 1.050966119497469187e+01 0.000000000000000000e+00
5.046367468129137279e+00 -4.737752114634169232e+00 0.000000000000000000e+00
1.168391681625144329e+01 1.301748141964384509e+01 0.000000000000000000e+00
2.689244922330704668e+00 1.235438513744403721e+01 0.000000000000000000e+00
-8.404882913059529059e+00 -4.768489267107761442e+00 0.000000000000000000e+00
6.321230808294867387e+00 3.077690669046198479e+00 0.000000000000000000e+00
1.459858994083755768e+01 -2.529250995808225433e+00 0.000000000000000000e+00
-9.562989237232075723e+00 1.615059104086049757e+01 0.000000000000000000e+00
-4.235789653652686226e+00 -5.155600213176582791e+00 0.000000000000000000e+00
6.272217482994697946e+00 4.683479546260372217e+00 0.000000000000000000e+00
-9.729319369157618524e+00 -6.029296264767599389e+00 0.000000000000000000e+00
-9.055794942387279889e+00 -1.253251666535229170e+01 0.000000000000000000e+00
2.242505578943559286e+00 9.961396745383270357e+00 0.000000000000000000e+00
5.379293765271681238e+00 -1.756978836228860885e+01 0.000000000000000000e+00
3.977248467177393998e+00 -1.084984284712438241e+00 0.000000000000000000e+00
1.301383348652652394e+01 1.011627546381002318e+01 0.000000000000000000e+00
4.051875903866328343e+00 -1.833366270879798776e+01 0.000000000000000000e+00
-1.234477803825603637e+01 -1.978264247663071296e-01 0.000000000000000000e+00
2.469679054324906087e+00 4.766705259380890070e+00 0.000000000000000000e+00
1.064244033768153663e+01 -1.102644122076198308e+01 0.000000000000000000e+00
3.776111921027892837e+00 6.088093696081608108e+00 0.000000000000000000e+00
6.642676749202472974e-01 -4.943488000523542647e-01 0.000000000000000000e+00
1.512227889601243547e+01 6.097449832212271659e+00 0.000000000000000000e+00
-1.889406884376018425e+01 2.699680336818276460e-01 0.000000000000000000e+00
-6.738562621810868514e+00 4.653922545773490960e+00 0.000000000000000000e+00
1.353066575189788523e+01 -7.927899487095697140e+00 0.000000000000000000e+00
-6.872343254631589460e+00 1.212488872941479556e+01 0.000000000000000000e+00
-1.247390021181411157e+01 5.208686637745719494e+00 0.000000000000000000e+00
-2.430561759950033707e-01 8.783755405797512239e+00 0.000000000000000000e+00
-1.387488560523163095e+01 1.047603064791570660e+01 0.000000000000000000e+00
-2.529877816334218821e+00 4.280115767259543347e+00 0.000000000000000000e+00
1.166445725611938755e+01 -7.148584094248989551e+00 0.000000000000000000e+00
-8.103419396631849736e+00 -1.386356030873448297e+01 0.000000000000000000e+00
1.269412530615774770e+01 -1.372048148884602625e+01 0.000000000000000000e+00
-1.222064250083059989e+01 1.233847155698955156e+01 0.000000000000000000e+00
-6.321866924162665713e-01 -1.876993626886297761e+01 0.000000000000000000e+00
9.303915576631457185e+00 1.457861832999840956e+00 0.000000000000000000e+00
-1.146700446700360132e+01 -5.335765163759437435e+00 0.000000000000000000e+00
-1.742224407724232549e+01 -5.878837346122224972e+00 0.000000000000000000e+00
-1.014746292024417906e+00 -1.807638104256779732e+00 0.000000000000000000e+00
1.385841831772376054e+01 -1.250992592871741493e+01 0.000000000000000000e+00
-5.211629115004849488e+00 1.035227059833279029e+01 0.000000000000000000e+00
-1.188262810553393223e+01 -1.458240124695255169e+01 0.000000000000000000e+00
-6.723449521346822610e-01 9.521564204332306769e-01 0.000000000000000000e+00
6.719735915601727783e+00 -1.245578179574754074e+01 0.000000000000000000e+00
-2.378580062828247854e+00 1.364910591113985383e+00 0.000000000000000000e+00
-1.049740860222689243e+01 -7.438507638940473399e+00 0.000000000000000000e+00
1.308206263112031564e+01 -1.294245059200242798e+00 0.000000000000000000e+00
3.598871740757540572e+00 1.684763180981635955e+01 0.000000000000000000e+00
1.128123425464161933e+01 8.785371941529568574e+00 0.000000000000000000e+00
1.554445267436913447e+01 -3.194220188248583780e-01 0.000000000000000000e+00
1.561939549045250430e+01 -5.434908203117513992e+00 0.000000000000000000e+00
