1.311253995741896006e+01 6.825989782461096667e+00 0.000000000000000000e+00
1.354477880509184828e+00 -1.223568817178482426e+01 0.000000000000000000e+00
-1.516625136179103706e+01 -8.589888909690763796e+00 0.000000000000000000e+00
-8.504086332601765719e+00 6.849600735677575436e+00 0.000000000000000000e+00
-1.668903576161953950e+01 3.601968758047709329e+00 0.000000000000000000e+00
-1.335136403735911337e+01 1.006330614535531964e+00 0.000000000000000000e+00
1.162936046593058315e+01 -1.115251584934281404e+01 0.000000000000000000e+00
1.505150852578639409e+01 1.545744741670328715e+00 0.000000000000000000e+00
-7.134929795651044904e-01 2.815713485421131868e+00 0.000000000000000000e+00
-7.787995381905118419e-01 7.939526355267655156e+00 0.000000000000000000e+00
5.956465920407773007e-01 -1.485465874052942725e+00 0.000000000000000000e+00
-7.462848987886081531e+00 1.017296151194104326e+00 0.000000000000000000e+00
7.720826794046881325e+00 -1.348618268156046263e+01 0.000000000000000000e+00
2.926735060852915460e+00 1.596690120934539081e+01 0.000000000000000000e+00
2.625817240451209678e+00 1.017636265933963102e+01 0.000000000000000000e+00
8.323710986595184380e+00 -6.947402917173032044e+00 0.000000000000000000e+00
2.763214958473692917e+00 -1.725175851560398987e+00 0.000000000000000000e+00
1.198330882818550158e+01 -4.651539249793363306e-01 0.000000000000000000e+00
-1.966371481196236837e-01 6.688842014651534829e-01 0.000000000000000000e+00
-6.900729247080054307e+00 1.586672555330160606e+01 0.000000000000000000e+00
-4.095870715288159047e+00 1.059247787974357458e+01 0.000000000000000000e+00
9.816288207703541602e+00 5.742726507178938178e+00 0.000000000000000000e+00
-2.892430101751558347e+00 2.695262721692605723e+00 0.000000000000000000e+00
-1.230357798653698609e+01 1.098087479949412781e+01 0.000000000000000000e+00
-2.885435856238641517e+00 1.717888694817197504e+01 0.000000000000000000e+00
3.328782528209481395e+00 1.327554668822714667e+01 0.000000000000000000e+00
-1.130264264178060252e+01 7.154149589675351528e+00 0.000000000000000000e+00
9.175944600731702039e+00 3.784353011963617952e+00 0.000000000000000000e+00
7.765302900377801798e+00 1.021521363840716035e+01 0.000000000000000000e+00
2.828584674334722049e+00 -6.011331829275937011e+00 0.000000000000000000e+00
-3.519284977673841741e+00 1.550505364093131178e+01 0.000000000000000000e+00
7.176062022486661363e+00 2.413932813646650910e+00 0.000000000000000000e+00
1.418647149354884673e+00 5.629437398918795132e+00 0.000000000000000000e+00
2.673913308126960153e+00 3.500624508912156596e+00 0.000000000000000000e+00
1.190237172245691433e+01 7.779215999117035096e+00 0.000000000000000000e+00
5.372586501105776513e+00 -8.787005206555036807e+00 0.000000000000000000e+00
-5.577477117743966595e+00 -8.449957793674148121e+00 0.000000000000000000e+00
-4.837257071394464703e+00 -1.961086078673998534e+00 0.000000000000000000e+00
-5.680286296001471946e+00 -3.867924583243772307e+00 0.000000000000000000e+00
-6.026319271006436828e+00 8.224288462436016189e+00 0.000000000000000000e+00
1.552251305612143195e+00 -1.015173053131993619e+01 0.000000000000000000e+00
-9.801797314689194351e+00 2.410364766245556734e+00 0.000000000000000000e+00
-1.536835717176690252e+01 6.791574897946170974e-01 0.000000000000000000e+00
-8.893604272312989778e+00 1.339134419153849365e+01 0.000000000000000000e+00
3.295997499236429373e+00 -9.903998096384402317e+00 0.000000000000000000e+00
-8.918597856365375165e+00 3.760321960710682476e-01 0.000000000000000000e+00
1.045921819259420005e+01 7.172054614383672089e+00 0.000000000000000000e+00
8.163835242286083371e+00 1.381690193984143455e+01 0.000000000000000000e+00
2.938704079965591909e+00 2.633104101352900517e-01 0.000000000000000000e+00
3.891377743359378805e+00 5.417348500161748071e+00 0.000000000000000000e+00
3.880823032907944725e+00 6.935773072881830537e+00 0.000000000000000000e+00
-9.644748525140268924e+00 -4.552468399455126935e+00 0.000000000000000000e+00
5.394634056953593770e+00 -1.203858268113098084e+01 0.000000000000000000e+00
-1.076945619582525282e+01 -1.067409154290008111e+01 0.000000000000000000e+00
5.106891242334770098e+00 2.580574646324808263e+00 0.000000000000000000e+00
-1.124608206656954046e+01 1.664119796825005215e+00 0.000000000000000000e+00
1.459084964232889270e+01 -2.317444825982400758e+00 0.000000000000000000e+00
8.354879080832672500e+00 5.119472117216757212e+00 0.000000000000000000e+00
4.770838018196586816e+00 -1.516029527419159351e+01 0.000000000000000000e+00
-2.633082435913693065e+00 7.874411933141198805e-01 0.000000000000000000e+00
-1.045948017824486342e+01 -8.961470389847665530e+00 0.000000000000000000e+00
-1.530497806417897522e+01 -5.307682856860374443e+00 0.000000000000000000e+00
-1.132105791360912939e+01 -1.249827611018109152e+01 0.000000000000000000e+00
-6.398462806892293742e+00 -9.762731002180165873e+00 0.000000000000000000e+00
8.196431192550484024e-01 1.672342931400895338e+01 0.000000000000000000e+00
-1.050439053372944187e+01 4.285174354768471083e+00 0.000000000000000000e+00
9.764133153033603962e-01 1.064479944376811815e+01 0.000000000000000000e+00
1.426347859910069538e+01 -1.005069988850616269e+01 0.000000000000000000e+00
5.879448067136321399e+00 -1.643076917176868434e+01 0.000000000000000000e+00
9.621255905722392754e+00 -5.983867323747866784e+00 0.000000000000000000e+00
-1.275183786208546266e+01 -4.763183223999221672e-01 0.000000000000000000e+00
-1.188597902389803096e+01 -4.191213409113481170e+00 0.000000000000000000e+00
1.567858469532196208e+00 2.225341567192218761e+00 0.000000000000000000e+00
-1.510666511722726213e+01 -2.316322423339810310e+00 0.000000000000000000e+00
-1.612418421897081400e+00 -5.204558994997056764e+00 0.000000000000000000e+00
1.160470999938466719e+01 4.242398016364275826e+00 0.000000000000000000e+00
-1.320350801848733902e+01 -5.723088613209095676e+00 0.000000000000000000e+00
3.785332587940832383e+00 9.119558646120056622e+00 0.000000000000000000e+00
4.226965179436483311e+00 -6.584081860450732293e+00 0.000000000000000000e+00
-3.507428683646876433e+00 1.390481895796435730e+01 0.000000000000000000e+00
-5.665623320252311856e+00 5.300696303381383423e+00 0.000000000000000000e+00
1.232552838846956611e+01 -3.959319308410524485e+00 0.000000000000000000e+00
-8.278660799476424970e+00 1.181731082122889731e+01 0.000000000000000000e+00
-1.218434116776335330e+01 5.078599013999789413e+00 0.000000000000000000e+00
5.942807841432072635e+00 -3.958600338645273276e+00 0.000000000000000000e+00
1.513424764760396890e+01 5.683488255740996919e+00 0.000000000000000000e+00
2.419434341108340991e+00 -8.544753230722839987e+00 0.000000000000000000e+00
-1.430775307552643483e+01 9.123426827134229811e+00 0.000000000000000000e+00
1.678743913011835076e+01 -4.227353426324914842e+00 0.000000000000000000e+00
8.889851931049378209e+00 -1.007192517162186540e+01 0.000000000000000000e+00
9.312780069950957085e+00 -1.491349513846164987e+00 0.000000000000000000e+00
5.398715529600691454e+00 4.769352735629388107e+00 0.000000000000000000e+00
-1.922862573363626870e+00 -2.071848681647382229e+00 0.000000000000000000e+00
-8.931815673081310081e+00 -1.174664116516476042e+01 0.000000000000000000e+00
-1.236430967304815054e+00 -3.442801740079918460e+00 0.000000000000000000e+00
-1.009191349669885440e+01 1.210897703812674919e+01 0.000000000000000000e+00
1.348074050837192139e+01 -5.701063159968016159e+00 0.000000000000000000e+00
-5.208390305226662242e+00 -1.191802255805175825e+01 0.000000000000000000e+00
1.049929666903958747e+01 -3.076055564693319866e+00 0.000000000000000000e+00
-7.588424010873415781e+00 3.807406861676696064e+00 0.000000000000000000e+00
-3.660803797591317466e+00 -6.284121562335664102e+00 0.000000000000000000e+00
-1.636158792315677957e+01 -5.338081970767346585e-01 0.000000000000000000e+00
1.593494058837274174e+01 1.646373392866594954e-01 0.000000000000000000e+00
8.449077246954335152e+00 -1.524534681869128683e+01 0.000000000000000000e+00
-1.031311902425209404e+01 -9.654495699265737141e-01 0.000000000000000000e+00
-5.477417139072141561e-01 4.388278876437384568e+00 0.000000000000000000e+00
-1.707651405192288507e+01 -2.890219918550823053e+00 0.000000000000000000e+00
2.922014349265448230e-01 1.229611331300545451e+01 0.000000000000000000e+00
1.235861828280695995e+01 -7.906718281751363264e+00 0.000000000000000000e+00
1.267365440385415321e+00 1.478653309638783853e+01 0.000000000000000000e+00
-1.308085731570866628e+01 2.881005000959729667e+00 0.000000000000000000e+00
-2.040604287277169249e+00 -6.664113536040187746e+00 0.000000000000000000e+00
4.393397916335647579e+00 -3.026128885688752046e+00 0.000000000000000000e+00
-9.350509029864609190e+00 8.325502854261083385e+00 0.000000000000000000e+00
5.879554290411970641e+00 7.014197258709694793e+00 0.000000000000000000e+00
-2.167470615610782581e+00 1.461758270388341074e+01 0.000000000000000000e+00
-2.501889479189328913e+00 1.092642011816786685e+01 0.000000000000000000e+00
-1.252862426318681344e+01 8.580253162984758930e+00 0.000000000000000000e+00
-1.152294088769976099e+01 -5.863272796514229057e+00 0.000000000000000000e+00
-3.655232173443220933e+00 -1.107151791692230880e+01 0.000000000000000000e+00
2.730118801337895196e+00 -1.569136539345994663e+01 0.000000000000000000e+00
-6.109807641258806932e+00 1.403669846147765377e+01 0.000000000000000000e+00
-1.343155758918758602e+00 -1.679973683493685144e+01 0.000000000000000000e+00
4.102665966324252622e+00 -1.672694410793945607e+01 0.000000000000000000e+00
-2.243129122533694453e+00 1.280343963359199400e+01 0.000000000000000000e+00
-7.636492216485073925e+00 -1.552492126781885418e+01 0.000000000000000000e+00
9.790432710381548276e+00 1.120969591386706199e+01 0.000000000000000000e+00
-1.127859931100386071e+00 -1.093390753369112645e+01 0.000000000000000000e+00
7.240484391740119818e+00 1.525869323395698096e+01 0.000000000000000000e+00
-1.714029285768132294e+00 -1.504337594703167369e+01 0.000000000000000000e+00
-5.802568836554962139e+00 -5.535361494869108334e+00 0.000000000000000000e+00
-5.814004004244859303e+00 1.099692699943286733e+01 0.000000000000000000e+00
1.492544526577325215e+01 -8.632468162527954902e+00 0.000000000000000000e+00
-3.110902292549802439e+00 -7.534063694281460943e-01 0.000000000000000000e+00
-3.509356718646969853e+00 -4.124666743100015687e+00 0.000000000000000000e+00
1.608265781908976422e+01 -6.693845808337998804e+00 0.000000000000000000e+00
-1.242815300178646787e+01 -9.506034149056016958e+00 0.000000000000000000e+00
1.046063698405154874e+01 7.756977336788400956e-01 0.000000000000000000e+00
1.243996032166535848e+01 1.205743968952169887e+01 0.000000000000000000e+00
-5.533304979920623978e+00 2.635740299054914804e+00 0.000000000000000000e+00
-1.432435342812404322e+01 -7.096081389357546065e+00 0.000000000000000000e+00
-2.778510140292346220e-01 1.515067659529057309e+01 0.000000000000000000e+00
-1.512529268220520251e+00 -1.255454858727279976e+01 0.000000000000000000e+00
1.309990448422824016e+01 4.873279570494503332e+00 0.000000000000000000e+00
-7.388715662045829191e+00 -1.384522274378555373e+01 0.000000000000000000e+00
-1.444899983501309393e+01 2.031904006795665296e+00 0.000000000000000000e+00
1.394484071763658584e+01 8.118686431381986424e+00 0.000000000000000000e+00
-3.535841440580891337e+00 8.612786696726855595e+00 0.000000000000000000e+00
1.581061176841302984e+00 7.475361652359363340e+00 0.000000000000000000e+00
1.290569675206789135e+01 1.019475450490114099e+01 0.000000000000000000e+00
-4.833853969808253659e+00 -1.470928698195568529e+01 0.000000000000000000e+00
1.172409911565613427e+01 -5.437749205676660758e+00 0.000000000000000000e+00
7.807876346681888791e+00 -1.167357048281947973e+00 0.000000000000000000e+00
-7.713920323217389630e+00 -4.462161053689364998e+00 0.000000000000000000e+00
-1.400937627428510623e+01 -4.024762718136305928e+00 0.000000000000000000e+00
9.870006498964167818e+00 -1.384191735472454887e+01 0.000000000000000000e+00
7.463710147188479027e+00 7.962769185755494306e+00 0.000000000000000000e+00
5.356521959842699410e+00 1.570160418965610560e+01 0.000000000000000000e+00
1.146869814303907376e+01 -1.281492659431746084e+01 0.000000000000000000e+00
1.702295830895259598e+00 -1.738904394037772860e+01 0.000000000000000000e+00
-3.370702665107347062e+00 -1.553737236537462785e+01 0.000000000000000000e+00
1.473908573566784774e+01 4.053290072935780586e+00 0.000000000000000000e+00
-2.771679553812649299e+00 5.639232104609122942e+00 0.000000000000000000e+00
-8.143863380582772038e+00 5.358229722468214717e+00 0.000000000000000000e+00
-7.725663416530119676e+00 -7.237746250445260543e+00 0.000000000000000000e+00
-4.663362746920142854e+00 6.893988133431213861e+00 0.000000000000000000e+00
-3.929654761984934463e+00 -1.281554600415871903e+01 0.000000000000000000e+00
-1.392501757590946632e+00 -9.376462220920085855e+00 0.000000000000000000e+00
3.099188405834214954e+00 -1.245684754945471973e+01 0.000000000000000000e+00
2.686638170796406211e+00 -4.487304378830293317e+00 0.000000000000000000e+00
1.311859131509023157e+01 1.058668076873716446e+00 0.000000000000000000e+00
1.161551634865121940e+01 -9.566206304436528640e+00 0.000000000000000000e+00
-1.450940660179696451e+01 4.066569537323910133e+00 0.000000000000000000e+00
-7.841595581032922091e+00 -1.873150679229351967e+00 0.000000000000000000e+00
-1.441228098277383118e+01 7.575544708207943678e+00 0.000000000000000000e+00
4.950627192240673047e+00 8.511063073175969551e-01 0.000000000000000000e+00
7.206893353638429645e+00 1.206353843640639489e+01 0.000000000000000000e+00
1.282655551976403885e+01 -2.093281442869825426e+00 0.000000000000000000e+00
-1.105082520832707083e+01 -2.838906228918229857e+00 0.000000000000000000e+00
5.793069431168652805e+00 9.055413376050674756e+00 0.000000000000000000e+00
4.209731208777764411e-01 -1.533532444882514945e+01 0.000000000000000000e+00
7.752890996056584605e+00 -3.402394478227655394e+00 0.000000000000000000e+00
-1.094122560300058167e+00 1.171678358690849109e+01 0.000000000000000000e+00
-6.370731747923181310e+00 -1.037361162622129962e+00 0.000000000000000000e+00
-1.221982818889451394e+01 -7.511469292609899817e+00 0.000000000000000000e+00
-4.180581145123264619e+00 1.236121451802737603e+01 0.000000000000000000e+00
9.543652404795171407e+00 -8.431982875206459838e+00 0.000000000000000000e+00
-7.671058801059764676e+00 1.016806195210382668e+01 0.000000000000000000e+00
7.633892511769702516e+00 -1.175258234222571652e+01 0.000000000000000000e+00
4.506878747328412871e+00 -1.332653862691526214e+01 0.000000000000000000e+00
-5.302208856362388367e+00 6.965803341211006527e-01 0.000000000000000000e+00
6.000431497540528625e+00 -9.565340964870885365e-01 0.000000000000000000e+00
4.288872140735352723e+00 -5.222090384943178787e-01 0.000000000000000000e+00
1.099439264585645226e+01 -7.248540222315279280e+00 0.000000000000000000e+00
5.165960667781390736e-01 -4.072887668458573529e+00 0.000000000000000000e+00
-1.044429736516469731e+01 9.706118955780491220e+00 0.000000000000000000e+00
-1.648629162673918103e+01 1.751081841695266483e+00 0.000000000000000000e+00
4.664345047497294061e+00 1.196184147838695644e+01 0.000000000000000000e+00
1.614994298667548378e+01 2.714766370563059361e+00 0.000000000000000000e+00
1.424540348423076352e+01 -7.208159769186788246e+00 0.000000000000000000e+00
1.690874389277436052e+01 -1.229527532989904026e+00 0.000000000000000000e+00
-1.319902614186036516e+01 -1.995977156302039646e+00 0.000000000000000000e+00
8.697494226795889904e-01 3.767953816231901953e+00 0.000000000000000000e+00
6.254929022103632441e+00 -1.413226016254069251e+01 0.000000000000000000e+00
1.525054272756472207e+00 -7.272864827657832265e+00 0.000000000000000000e+00
6.106831885992612674e-02 -1.365819494623063868e+01 0.000000000000000000e+00
-1.042168299682312949e+01 1.401895489918628712e+01 0.000000000000000000e+00
-9.320703958987460069e+00 -1.418040591307960163e+01 0.000000000000000000e+00
4.896113557199170963e+00 -1.040432077093294971e+01 0.000000000000000000e+00
1.212710055262183895e+00 9.002724874303238423e+00 0.000000000000000000e+00
9.460103354338851744e+00 8.984694521678610712e+00 0.000000000000000000e+00
9.251692433522585191e+00 -3.947430216952539705e+00 0.000000000000000000e+00
7.998251815637352102e+00 -5.069964383048859879e+00 0.000000000000000000e+00
1.458295887746882258e+01 -5.809526184725481990e-01 0.000000000000000000e+00
1.473121870779674225e+01 -4.036431011737702690e+00 0.000000000000000000e+00
-5.346367486646819600e+00 1.622184049250563831e+01 0.000000000000000000e+00
-3.862297950533255531e-02 -5.689117596520347320e+00 0.000000000000000000e+00
9.093849997059304968e+00 1.431137538552852639e+00 0.000000000000000000e+00
-1.391953273546321235e+01 -1.005641804807576634e+01 0.000000000000000000e+00
5.829047266715555509e+00 1.381640862453518892e+01 0.000000000000000000e+00
7.195294832100542770e+00 -7.959794606784418747e+00 0.000000000000000000e+00
1.301017674301481897e+01 2.720106178330533364e+00 0.000000000000000000e+00
1.131848391434132850e+01 1.001223451421351562e+01 0.000000000000000000e+00
-2.578564760397257793e-01 -7.204155005275191037e+00 0.000000000000000000e+00
-4.295899299205105493e+00 4.535178578582020670e+00 0.000000000000000000e+00
-8.079909337614203935e+00 -8.991456814291778343e+00 0.000000000000000000e+00
-9.536864677955529501e+00 -7.627546484176860098e+00 0.000000000000000000e+00
-5.475347112861990162e+00 -1.648923852550176861e+01 0.000000000000000000e+00
-1.355097833721631773e+01 5.902705004014689116e+00 0.000000000000000000e+00
3.577588110716347192e+00 2.290590233090068484e+00 0.000000000000000000e+00
1.723572498428001509e+01 1.534006205615666474e+00 0.000000000000000000e+00
7.075871429278098867e-01 -8.797804685815352244e+00 0.000000000000000000e+00
5.938758073629080592e+00 -6.315693270179136398e+00 0.000000000000000000e+00
-1.021774274999510723e+01 5.866742973594096355e+00 0.000000000000000000e+00
1.053788276794354140e+01 2.776764014272714576e+00 0.000000000000000000e+00
-7.012876303218232188e+00 -1.177838404698303165e+01 0.000000000000000000e+00
9.926549341625271694e+00 -1.127486280337999958e+01 0.000000000000000000e+00
-3.452060405237944440e+00 -8.913380902589420174e+00 0.000000000000000000e+00
-1.199086383977538439e+01 1.245977811450072004e+01 0.000000000000000000e+00
1.115362868833902610e+01 1.315549457249974274e+01 0.000000000000000000e+00
-6.399069538484873643e-02 5.880087050971162910e+00 0.000000000000000000e+00
-3.072910610530433129e+00 7.123880416476386479e+00 0.000000000000000000e+00
-6.355793768909470121e-01 1.713492210144581662e+01 0.000000000000000000e+00
-7.583284017894269091e+00 1.445948082756755504e+01 0.000000000000000000e+00
-1.587587990367413937e+01 5.720290378155358901e+00 0.000000000000000000e+00
6.512496066846982679e+00 -1.037044452413203821e+01 0.000000000000000000e+00
-9.542875589975924555e+00 -2.812733421493412322e+00 0.000000000000000000e+00
1.971513602834710222e+00 -1.368250366520936900e+01 0.000000000000000000e+00
5.771510927875024954e+00 1.080293572780698241e+01 0.000000000000000000e+00
1.392753421932525493e+00 1.111822482159537662e-01 0.000000000000000000e+00
-1.425065536812827105e+00 9.639942074500062574e+00 0.000000000000000000e+00
1.847465535737207176e-01 -1.703173936364378349e+01 0.000000000000000000e+00
2.867135363034142514e+00 1.177325150958140298e+01 0.000000000000000000e+00
7.034748757886873705e+00 3.304874500679617633e-01 0.000000000000000000e+00
4.197654700163349517e+00 1.464364756881347418e+01 0.000000000000000000e+00
1.082586802801943016e+01 -1.440598782410404954e+00 0.000000000000000000e+00
