1.045085961275755793e+01 -1.297819660287907695e+01 0.000000000000000000e+00
8.649082673130344290e+00 2.973601689840835505e+00 0.000000000000000000e+00
-6.096505020273000675e+00 -1.436737805750421648e+00 0.000000000000000000e+00
7.154943887344836106e+00 2.253996831399351031e+00 0.000000000000000000e+00
-3.504592435303202080e+00 -1.938389855980453769e+00 0.000000000000000000e+00
6.665110808506524265e+00 1.433845997147140849e+01 0.000000000000000000e+00
5.029185998652061507e+00 7.756548282305425701e+00 0.000000000000000000e+00
-2.216152110964978217e+00 -1.480175279276863876e+01 0.000000000000000000e+00
5.497784117796562953e+00 1.400758008603690374e+00 0.000000000000000000e+00
-1.181584091843520135e+01 1.096160871053178276e+01 0.000000000000000000e+00
4.409514622031371012e+00 4.689984288685362657e+00 0.000000000000000000e+00
2.486098516956904536e+00 7.064151716014065663e+00 0.000000000000000000e+00
-1.983975980181082344e+00 3.950706320986212550e+00 0.000000000000000000e+00
-4.788870783669922027e+00 3.578703211589596478e+00 0.000000000000000000e+00
5.961614578985353852e+00 -4.124983362758085192e+00 0.000000000000000000e+00
2.026301652329807634e+00 1.737266797373115423e+01 0.000000000000000000e+00
-5.780383843757559426e-01 -1.349867780593495681e+01 0.000000000000000000e+00
-1.011091638882293076e+01 -4.380933906354139040e+00 0.000000000000000000e+00
3.596834882559634683e-01 1.321347070389006539e+01 0.000000000000000000e+00
5.711055172197833762e+00 -1.312563068466968375e+01 0.000000000000000000e+00
-1.658992535352631137e+01 -4.768789580747060164e+00 0.000000000000000000e+00
1.123983546554337742e+01 3.920925180512037755e+00 0.000000000000000000e+00
7.174629512195813241e+00 -1.368835045449162635e+01 0.000000000000000000e+00
-8.726390931442670862e+00 -1.347523330137066644e+01 0.000000000000000000e+00
9.798359748603754582e+00 -9.049492602768264504e+00 0.000000000000000000e+00
-4.374468694156533388e+00 6.474225741029148828e+00 0.000000000000000000e+00
7.596196647374924282e+00 -4.220316138433309661e+00 0.000000000000000000e+00
-4.793633170429429491e+00 3.688911830393408753e-01 0.000000000000000000e+00
1.180634847611269400e+01 1.829341037418417582e+00 0.000000000000000000e+00
-9.800735859889199375e+00 8.261247478186470872e+00 0.000000000000000000e+00
-1.008630361857827218e+01 6.555045096580837338e+00 0.000000000000000000e+00
-5.205194629577839294e+00 1.360673408410839791e+01 0.000000000000000000e+00
-5.750952748209199328e+00 1.089438381789408261e+01 0.000000000000000000e+00
-1.096551530189309531e+01 -1.094958460034500369e+01 0.000000000000000000e+00
2.700467742217541600e-01 -3.861867442254712568e+00 0.000000000000000000e+00
6.844763104472665560e+00 5.781950766708726874e+00 0.000000000000000000e+00
1.171818018839580411e+01 -2.713520231367539282e+00 0.000000000000000000e+00
2.719079184348855094e+00 -1.190575268164635148e+01 0.000000000000000000e+00
5.065627483258519526e+00 -6.958856739171506711e-02 0.000000000000000000e+00
-1.242864499990344918e+01 2.480177057351544256e+00 0.000000000000000000e+00
1.264056427154034346e+01 -1.094148610125034793e+01 0.000000000000000000e+00
4.954110221963647476e+00 1.602973460847429621e+01 0.000000000000000000e+00
4.154687552230950764e+00 -1.616497930277083483e+01 0.000000000000000000e+00
-1.361367240732299599e+01 8.406836928646422180e+00 0.000000000000000000e+00
1.261666160680228899e+01 -6.853321889566970082e-01 0.000000000000000000e+00
-5.430028456276458471e+00 -5.940729641765895686e+00 0.000000000000000000e+00
6.673620370102952837e-01 3.097344870198631472e+00 0.000000000000000000e+00
-1.230710290227555070e+00 -1.679755106877013304e+01 0.000000000000000000e+00
-9.259778096271277903e+00 -8.453165864392882867e+00 0.000000000000000000e+00
-3.736611503284936742e+00 -9.720239673602893760e+00 0.000000000000000000e+00
5.266343787274568200e+00 -6.535793111977752368e+00 0.000000000000000000e+00
-1.815470909099971220e+00 1.369926025575686701e+01 0.000000000000000000e+00
-5.906752291878600403e+00 1.727252292560682134e+00 0.000000000000000000e+00
-1.343646830620148336e+00 -3.766021251220073029e+00 0.000000000000000000e+00
-2.010146436766571121e+00 1.520501971107533024e+01 0.000000000000000000e+00
-1.380215618558180601e+01 -8.704701320548009491e+00 0.000000000000000000e+00
-6.654828380169355739e+00 4.981239969592610173e+00 0.000000000000000000e+00
-2.764673543823296331e+00 -8.027639115611259868e+00 0.000000000000000000e+00
-1.837836213685029030e+00 -5.617619650092916750e+00 0.000000000000000000e+00
1.478694363057686090e+01 -8.050252048987401210e+00 0.000000000000000000e+00
-4.259486754009106368e-01 -7.052996869380896428e+00 0.000000000000000000e+00
-1.999197446023255553e+00 1.026138978636231514e+01 0.000000000000000000e+00
-8.038833516089367137e+00 -1.177360963733910815e+01 0.000000000000000000e+00
1.508358732126546187e+01 5.453036339420480161e+00 0.000000000000000000e+00
2.761974085278362523e+00 1.396337333207087461e+01 0.000000000000000000e+00
-2.529998681191230503e+00 -1.128296994900783368e+01 0.000000000000000000e+00
-9.092342786926110421e+00 1.424431173210009582e+01 0.000000000000000000e+00
8.115085680908199706e+00 -1.054334611054740733e+01 0.000000000000000000e+00
1.050507637074334610e+01 1.218882176202365386e+01 0.000000000000000000e+00
6.936658120218671009e+00 -2.635880902717254060e+00 0.000000000000000000e+00
8.874971612585778047e+00 1.160545835329907050e+01 0.000000000000000000e+00
-1.259507907800744064e+01 6.573301752197488135e+00 0.000000000000000000e+00
-1.024480360265052425e+01 1.711174063728782446e+00 0.000000000000000000e+00
-9.993149229132830769e+00 -1.054019279376107177e-01 0.000000000000000000e+00
-4.714052413896001603e+00 -3.131810877687551731e+00 0.000000000000000000e+00
1.331260693915378113e+01 5.286008757706978756e+00 0.000000000000000000e+00
1.218231361897253429e+01 -6.704504071587407132e+00 0.000000000000000000e+00
-3.995224969128662318e-01 1.098780719685275997e+01 0.000000000000000000e+00
-2.055395320420613015e+00 2.193878770427756475e+00 0.000000000000000000e+00
-1.147846464027935198e+01 -6.372156239278010226e+00 0.000000000000000000e+00
7.275372133923285745e+00 -7.848778865635054558e+00 0.000000000000000000e+00
-8.486636585900360075e+00 3.721313301453843536e+00 0.000000000000000000e+00
-1.047437660206720444e+01 4.396187717854917132e+00 0.000000000000000000e+00
1.339233482786727691e+01 1.001234566676006033e+01 0.000000000000000000e+00
-8.793045900279393479e+00 1.102114527743572303e+01 0.000000000000000000e+00
-3.000626179612873590e-01 1.519364891903277126e+01 0.000000000000000000e+00
-3.436213539709398912e+00 8.011274649627111444e+00 0.000000000000000000e+00
4.294652333475722727e+00 1.101245869493283358e+01 0.000000000000000000e+00
-1.236994330014107302e+00 -8.594495837829501994e+00 0.000000000000000000e+00
1.510938305273305460e+01 -4.089139409722043261e+00 0.000000000000000000e+00
8.411915319089567689e+00 -1.477335158416857830e+01 0.000000000000000000e+00
9.494896187558671485e+00 7.207444686704376657e+00 0.000000000000000000e+00
-1.881937372012168819e+00 -1.753402918120659404e+00 0.000000000000000000e+00
-1.317010835592894447e+00 1.709264440583803335e+01 0.000000000000000000e+00
-2.731373843257185907e+00 -1.623110601054528956e+01 0.000000000000000000e+00
1.564177105060186079e+01 -1.047284668109665251e+00 0.000000000000000000e+00
-4.260552695082220787e+00 -1.259139625982301602e+01 0.000000000000000000e+00
2.156286238401826871e+00 1.521489368438770251e+00 0.000000000000000000e+00
4.003771762186997485e+00 -3.697379333331751727e+00 0.000000000000000000e+00
1.050901857008144091e+01 -1.695058081807864658e+00 0.000000000000000000e+00
1.103797038675394226e+01 5.654578147926113907e+00 0.000000000000000000e+00
6.468182810764688817e+00 -9.120779114483825722e+00 0.000000000000000000e+00
-6.754008123676084274e+00 -6.701928016248522191e+00 0.000000000000000000e+00
-1.582855998774366313e+01 4.407360814746200006e+00 0.000000000000000000e+00
-6.944650173268816395e+00 -1.452266600889549508e+01 0.000000000000000000e+00
-1.361174413441939812e+01 -6.892983832663048815e+00 0.000000000000000000e+00
1.839039056253007898e+00 -1.481356161614814226e+01 0.000000000000000000e+00
1.221473461133237848e+01 7.578952267710426405e+00 0.000000000000000000e+00
4.839729777724250503e+00 -8.619441316768384098e+00 0.000000000000000000e+00
6.249066030525054494e-01 -1.168404536231978597e+00 0.000000000000000000e+00
-8.541671784526965183e+00 5.511194846753062038e+00 0.000000000000000000e+00
-1.177411044556908948e+01 -9.458563579597152327e+00 0.000000000000000000e+00
7.093739812642287923e+00 8.377534094327874215e+00 0.000000000000000000e+00
1.598592998148610889e+01 -6.996167433503398314e+00 0.000000000000000000e+00
-6.588949927568589437e+00 -1.215812087370764338e+01 0.000000000000000000e+00
5.423025558821336078e-01 5.453251190517725000e+00 0.000000000000000000e+00
-2.729312212003587312e+00 6.260156145299458075e+00 0.000000000000000000e+00
1.457308795078428254e+00 -7.830717671279638026e+00 0.000000000000000000e+00
-7.949067847818389154e+00 1.309720612410328666e+00 0.000000000000000000e+00
8.578996455568128621e-01 7.093297963110103410e+00 0.000000000000000000e+00
1.718214121595745425e+01 -3.936048395091829577e-01 0.000000000000000000e+00
-1.448895221284590029e+01 -4.611493188351682093e+00 0.000000000000000000e+00
5.307292379532688287e+00 -1.131445045788302295e+01 0.000000000000000000e+00
8.634844431201901926e+00 1.376084019347004173e+01 0.000000000000000000e+00
-4.316519179951486151e+00 -1.630320196778728459e+01 0.000000000000000000e+00
-8.092187326215467991e+00 -5.348022812668449255e+00 0.000000000000000000e+00
-6.843830515106638757e+00 1.271870345794726553e+01 0.000000000000000000e+00
-1.087182746963162927e+01 9.729012103068900075e+00 0.000000000000000000e+00
-1.418394171110780100e+01 1.714757319831067495e+00 0.000000000000000000e+00
-1.580909675039822826e+00 3.600129829163931094e-01 0.000000000000000000e+00
9.124558029002857396e+00 -2.583650284247356765e+00 0.000000000000000000e+00
1.346304172712803471e+01 3.336242345594564895e+00 0.000000000000000000e+00
-1.494890979491322724e+01 -3.072681960085859032e+00 0.000000000000000000e+00
-1.332790851826548106e+01 1.052401905675215410e+01 0.000000000000000000e+00
8.411141102325441210e+00 -1.272922414673334224e+01 0.000000000000000000e+00
1.211810329260371510e+01 9.141635943382432572e+00 0.000000000000000000e+00
1.229695148063045451e+01 -4.455041649095446310e+00 0.000000000000000000e+00
-1.397030129746228688e+01 4.215412305809031146e+00 0.000000000000000000e+00
7.454862143137508390e+00 -1.201594877463630917e+00 0.000000000000000000e+00
1.508238892680209986e+01 4.610861689220921433e-01 0.000000000000000000e+00
1.074390877527052979e+00 1.004917492526199041e+01 0.000000000000000000e+00
1.440996628969780602e+01 7.955010939099554257e+00 0.000000000000000000e+00
-6.325702733774166475e+00 1.595934652069659876e+01 0.000000000000000000e+00
1.423800477511213414e+00 -5.839721023842124659e+00 0.000000000000000000e+00
-4.406627601211590139e+00 1.638159121555097997e+01 0.000000000000000000e+00
1.983718341942994678e+00 8.795843745829127869e+00 0.000000000000000000e+00
8.976027879829652889e+00 -4.907921983582425263e+00 0.000000000000000000e+00
1.047960924205104405e+01 1.062488725297111536e+01 0.000000000000000000e+00
1.499831856717455558e+01 3.018812369690023090e+00 0.000000000000000000e+00
-1.061745992968191210e+01 1.239027280625423444e+01 0.000000000000000000e+00
-7.785989309245646695e+00 7.495400480947929545e+00 0.000000000000000000e+00
-1.469774272091283862e+01 -1.403248093081211234e+00 0.000000000000000000e+00
-1.239220653543491224e+01 -3.495163959194878434e+00 0.000000000000000000e+00
-5.030411625652933871e+00 -1.059393332415201527e+01 0.000000000000000000e+00
8.885771151306029125e+00 -7.012730253252748014e+00 0.000000000000000000e+00
-7.332928691553322942e+00 1.041001203552500698e+01 0.000000000000000000e+00
7.264940226470961271e+00 -1.590648704377467482e+01 0.000000000000000000e+00
-1.736806363049745272e+01 -1.347920126614744918e+00 0.000000000000000000e+00
-5.981235724488354499e+00 7.040394120583983728e+00 0.000000000000000000e+00
-7.836808685487253179e-01 6.809749324103979262e+00 0.000000000000000000e+00
1.431477333531833906e+01 -5.493557766286276234e+00 0.000000000000000000e+00
1.226787920439512014e+01 1.167136226696256962e+01 0.000000000000000000e+00
-1.085908324267771796e+01 -2.923180313618393811e+00 0.000000000000000000e+00
1.683392758593792493e+01 3.544504483786894866e+00 0.000000000000000000e+00
1.682173200390232282e+01 -4.016390146051951326e+00 0.000000000000000000e+00
1.595786178790393972e+00 -1.737397181522214851e+01 0.000000000000000000e+00
4.304197100124256714e+00 1.466033872770364965e+01 0.000000000000000000e+00
5.524712813325356464e+00 2.927464202471178556e+00 0.000000000000000000e+00
-3.212126100900949410e+00 -3.868038912198559220e+00 0.000000000000000000e+00
-2.851932516734044132e+00 1.160143609808407739e+01 0.000000000000000000e+00
-1.502065859768039680e+01 6.261104967068105154e+00 0.000000000000000000e+00
9.548639991843911545e+00 8.368959698819018467e-01 0.000000000000000000e+00
3.954804166808010280e+00 -1.348572611112212449e+01 0.000000000000000000e+00
3.739933433531917206e+00 -1.217911190184349124e+00 0.000000000000000000e+00
-1.241856649617322361e+01 4.303612233641664342e-01 0.000000000000000000e+00
-1.606262583339350059e+01 2.092004941670762896e+00 0.000000000000000000e+00
-7.591638117456273704e+00 -8.171321938811240138e-01 0.000000000000000000e+00
1.311143351803216994e+01 -9.229633046976585931e+00 0.000000000000000000e+00
-5.750197706602370173e-01 9.044556773401399852e+00 0.000000000000000000e+00
2.643536110672995432e-01 -1.513854125577678467e+01 0.000000000000000000e+00
1.243493037405261070e+00 1.559410289320235243e+01 0.000000000000000000e+00
4.158039418788720631e+00 9.336169457106864300e+00 0.000000000000000000e+00
-4.711470526979011808e+00 9.312680344344540728e+00 0.000000000000000000e+00
3.034201331253973066e+00 -9.071855385339672395e+00 0.000000000000000000e+00
-1.290949934986754677e+01 -1.147888439949180661e+00 0.000000000000000000e+00
4.348145581872205234e+00 1.291704602524368894e+01 0.000000000000000000e+00
-8.652782165452688190e+00 -2.976562378351711224e+00 0.000000000000000000e+00
1.075115283101263586e+01 -4.345589789600967201e+00 0.000000000000000000e+00
-1.531232520669892061e+01 -6.840495653506268425e+00 0.000000000000000000e+00
-8.744658272134428145e+00 -1.004896744882648640e+01 0.000000000000000000e+00
-7.275278659932110870e+00 -9.268987387305214654e+00 0.000000000000000000e+00
7.588225424695959731e+00 1.054609199071926184e+01 0.000000000000000000e+00
-1.042380010837124082e+01 -1.405197893710936441e+01 0.000000000000000000e+00
1.367004444452389578e+01 -2.773683701573839144e+00 0.000000000000000000e+00
6.385393771146885555e+00 1.150152112908557456e+01 0.000000000000000000e+00
-1.203886978459765622e+01 3.989807306228435380e+00 0.000000000000000000e+00
1.031391859847456693e+01 -1.048419651412211984e+01 0.000000000000000000e+00
-3.421744492613457034e+00 1.406096894361275318e+01 0.000000000000000000e+00
3.415101689365964699e+00 4.060950084629711965e-01 0.000000000000000000e+00
-4.280187046455648847e+00 -7.884309774583253549e+00 0.000000000000000000e+00
-1.202582475025533171e+01 8.152256720289207337e+00 0.000000000000000000e+00
6.928973751991767571e+00 -5.680005711378485422e+00 0.000000000000000000e+00
1.237862343429044998e+00 -1.090167863754579614e+01 0.000000000000000000e+00
-6.270085380004693398e+00 -1.624955648821188348e+01 0.000000000000000000e+00
-1.259324922317954609e+01 -1.214331094752235707e+01 0.000000000000000000e+00
2.468265725068544025e+00 1.225927124082703301e+01 0.000000000000000000e+00
-6.280829691276400339e+00 9.110870085090072124e+00 0.000000000000000000e+00
-3.453669701609087817e+00 -5.595586594910207268e+00 0.000000000000000000e+00
-1.955318311897126016e+00 8.279636025037731883e+00 0.000000000000000000e+00
-1.619959599894888314e+01 -3.270297950392153097e-01 0.000000000000000000e+00
1.741059738167780324e+01 1.107947310908297789e+00 0.000000000000000000e+00
-4.910916479275961422e+00 -1.480895689932121151e+01 0.000000000000000000e+00
9.642381174272902200e+00 4.380803312062269583e+00 0.000000000000000000e+00
5.356221749311790292e-01 -1.249228212723413733e+01 0.000000000000000000e+00
-3.931411635736283827e+00 4.943185033455687716e+00 0.000000000000000000e+00
1.134216003213698443e+01 -8.971834413040280509e+00 0.000000000000000000e+00
1.017135244720950205e+01 2.315793969731742674e+00 0.000000000000000000e+00
4.204469895589659223e-01 -9.239270323800706564e+00 0.000000000000000000e+00
2.789058782084836263e+00 4.058697508140539867e+00 0.000000000000000000e+00
-6.964846701862052569e+00 -3.372210808886499489e+00 0.000000000000000000e+00
1.381753759428191763e+01 1.708827183637768421e+00 0.000000000000000000e+00
-6.986941713566871215e+00 1.455913184478239586e+01 0.000000000000000000e+00
1.594920653276471256e+01 7.183474657728438295e+00 0.000000000000000000e+00
-8.685518366383199407e+00 1.275649320804705056e+01 0.000000000000000000e+00
-4.168125513251411896e+00 2.186362406174509054e+00 0.000000000000000000e+00
-4.381822483057596251e+00 1.202627341290099316e+01 0.000000000000000000e+00
3.291933864159312328e+00 -5.082430190680921278e+00 0.000000000000000000e+00
2.221426366860885349e+00 -1.640564683452565564e+00 0.000000000000000000e+00
2.467361445630445793e+00 -3.297575479386708697e+00 0.000000000000000000e+00
4.367130530843135183e-01 9.249877582647549890e-01 0.000000000000000000e+00
7.593960455421881584e+00 1.248482556362578322e+01 0.000000000000000000e+00
-1.238649877326602500e+01 -7.810482067036808473e+00 0.000000000000000000e+00
1.661687826244366661e+01 -2.344158003027282611e+00 0.000000000000000000e+00
8.031249667361505473e+00 1.533653529830003492e+01 0.000000000000000000e+00
-1.310943785113159699e+01 -1.045843945377819040e+01 0.000000000000000000e+00
-6.459819090862820801e+00 -4.846595056330786022e+00 0.000000000000000000e+00
8.701293606525998925e+00 9.249025786423894502e+00 0.000000000000000000e+00
1.082105437609332199e+01 8.244914223654367547e+00 0.000000000000000000e+00
-2.762954722620595938e+00 -1.287581603855481305e+01 0.000000000000000000e+00
5.321099720084649043e+00 -1.462184062517108529e+01 0.000000000000000000e+00
4.325264817180357824e+00 6.383186287043664642e+00 0.000000000000000000e+00
5.257175373983004718e+00 -1.589308301575404148e+00 0.000000000000000000e+00
6.851190246792281613e+00 7.531712853754393144e-01 0.000000000000000000e+00
-9.882832291372283251e+00 -5.932305259167503841e+00 0.000000000000000000e+00
7.883098551399799980e+00 4.378627621766218780e+00 0.000000000000000000e+00
-9.681469963370824772e+00 -1.835943168003741022e+00 0.000000000000000000e+00
1.108827218557507699e+01 -9.847529627171425215e-02 0.000000000000000000e+00
7.095888396107906892e+00 -1.174575497816124070e+01 0.000000000000000000e+00
2.995989825430536158e+00 -7.469404861517574545e+00 0.000000000000000000e+00
-8.470220066288373317e+00 -1.523934104834904346e+01 0.000000000000000000e+00
5.963893112620962000e+00 9.835705953146195668e+00 0.000000000000000000e+00
8.756685020989964485e+00 5.825738266975524660e+00 0.000000000000000000e+00
-9.653285588778835802e+00 -1.173426887352211523e+01 0.000000000000000000e+00
3.261084539706303076e+00 2.614496290372259946e+00 0.000000000000000000e+00
-5.722245681557496688e+00 -8.406238283702039737e+00 0.000000000000000000e+00
1.645927061260642787e+01 -5.476673470383610187e+00 0.000000000000000000e+00
