-1.053761070990150817e+00 4.227678324389295028e+00 0.000000000000000000e+00
-5.987288545784514859e+00 -6.304177178555130823e+00 0.000000000000000000e+00
-1.200253458381729033e+00 -8.970896025348707781e+00 0.000000000000000000e+00
1.430889732636464018e+01 -9.599968270830160577e+00 0.000000000000000000e+00
6.219462559861835160e+00 3.778269777174968258e+00 0.000000000000000000e+00
-1.606844487350905126e+01 -8.510042354839157497e+00 0.000000000000000000e+00
-2.813074303125180364e+00 7.761028355282810764e+00 0.000000000000000000e+00
3.713144306094925629e+00 -1.265032932984972902e+01 0.000000000000000000e+00
6.438854374583546480e+00 -2.105945111271787074e+00 0.000000000000000000e+00
-6.415321233892782082e+00 3.029206162201422803e+00 0.000000000000000000e+00
1.662968163488770656e+01 6.120564638270391100e+00 0.000000000000000000e+00
-9.229110891285962737e+00 -1.340793716032235317e+01 0.000000000000000000e+00
-1.359934307085974048e+01 -4.032698012049342751e+00 0.000000000000000000e+00
-3.584698661633316519e+00 1.018021366045102916e+01 0.000000000000000000e+00
1.066431091128551323e+01 9.601631541640207601e+00 0.000000000000000000e+00
-1.039589585332488131e+00 8.493496936521426122e+00 0.000000000000000000e+00
2.071814849673704106e+00 -1.856746970278328490e+01 0.000000000000000000e+00
4.498466196826515606e+00 -9.561147237991125536e+00 0.000000000000000000e+00
1.119432114761532304e+01 -5.936938935341225410e+00 0.000000000000000000e+00
-1.332716013295385871e+01 1.347251278218125670e+01 0.000000000000000000e+00
6.461436322982125446e+00 6.585900277341220743e+00 0.000000000000000000e+00
-6.003187966253280550e-01 -6.450929992425068704e+00 0.000000000000000000e+00
-8.144998140746272597e+00 1.217662320331221615e+01 0.000000000000000000e+00
-8.435717381933340420e+00 1.485428521914566424e+01 0.000000000000000000e+00
8.565693497775841436e+00 -1.270285844038757084e+01 0.000000000000000000e+00
-1.216558299701977930e+01 1.141879601415987544e+01 0.000000000000000000e+00
6.164493918465489664e+00 1.796052897091241718e+01 0.000000000000000000e+00
1.230930343794637771e+01 1.136217243122990794e+01 0.000000000000000000e+00
1.823172323784768523e+01 1.662402293976059209e+00 0.000000000000000000e+00
1.200019732813806961e+01 -1.417239140488630200e+00 0.000000000000000000e+00
7.892728306812073491e+00 1.475666292656344325e+01 0.000000000000000000e+00
-9.042407596761471211e+00 1.534921342974670866e+00 0.000000000000000000e+00
-1.215761668077237445e+01 9.337166285270686927e+00 0.000000000000000000e+00
1.086740874528635459e+01 3.409424599843040582e+00 0.000000000000000000e+00
1.521219673291577301e+01 -1.007281174037494731e+00 0.000000000000000000e+00
1.060906154424021786e+01 -1.428787995481108020e+01 0.000000000000000000e+00
-8.144945708135360007e+00 -1.567543720754500214e+01 0.000000000000000000e+00
1.429374497008627642e+01 -1.249311296864522980e+01 0.000000000000000000e+00
-1.187650443058343264e+01 -2.054769363039659957e+00 0.000000000000000000e+00
-5.616146541288333793e+00 -1.216490988207469748e+01 0.000000000000000000e+00
-1.760334682335963663e+01 -3.908962355481559126e+00 0.000000000000000000e+00
1.597579769681668793e+01 1.302703950798970167e+00 0.000000000000000000e+00
8.504048902362443485e+00 7.740910276845712978e+00 0.000000000000000000e+00
1.334280361784030511e+01 8.271385634166168899e+00 0.000000000000000000e+00
-9.512344126035432446e-01 1.732601874364779704e+01 0.000000000000000000e+00
9.366275085419099256e+00 -1.026653806672066516e+01 0.000000000000000000e+00
-8.456641889961524328e+00 5.321705010423220195e+00 0.000000000000000000e+00
1.369851483215682286e+01 1.251442702929743334e+01 0.000000000000000000e+00
-1.860472732298030563e+00 -5.062683571134499516e+00 0.000000000000000000e+00
3.616401856692075256e+00 9.152394751445424248e+00 0.000000000000000000e+00
-3.055483695652485565e+00 5.206371199277031181e+00 0.000000000000000000e+00
-8.494393778626355029e+00 6.930820112077145545e+00 0.000000000000000000e+00
4.967758200372253130e-01 -1.680536218836758877e+01 0.000000000000000000e+00
-2.549574966011513011e-01 6.256815020227580071e+00 0.000000000000000000e+00
2.885036225257695985e+00 1.312824605867906236e+01 0.000000000000000000e+00
-3.786736196652473296e+00 -6.651925118378999358e+00 0.000000000000000000e+00
-5.770988703103507866e+00 9.021867713883379380e+00 0.000000000000000000e+00
-1.507802570663814556e+01 -6.156912930035137066e+00 0.000000000000000000e+00
8.659289473777059598e+00 3.571423486413055848e+00 0.000000000000000000e+00
-2.956773678808681360e+00 -8.900463374381201831e+00 0.000000000000000000e+00
5.136971368981732011e-01 8.862510432471861321e+00 0.000000000000000000e+00
-1.344964154084511776e+01 3.977231917942542161e+00 0.000000000000000000e+00
1.352870002929574156e+01 5.786191450155822036e-01 0.000000000000000000e+00
4.245388818832772415e+00 1.152512936136219501e+01 0.000000000000000000e+00
-6.308780058000054147e+00 -1.561413700851895479e-02 0.000000000000000000e+00
8.768703356690043194e+00 -5.914127133019487559e+00 0.000000000000000000e+00
-8.611392038952740968e-01 1.114327083046495748e+00 0.000000000000000000e+00
1.215296456732693819e+01 5.087779296415308572e+00 0.000000000000000000e+00
-6.256215974444771177e+00 7.345044504136946983e+00 0.000000000000000000e+00
-9.492150871849345251e+00 -1.877082269890061883e-01 0.000000000000000000e+00
3.732276471978087429e+00 6.608787776513912249e+00 0.000000000000000000e+00
-1.385646693138090768e+01 7.151875392592700997e+00 0.000000000000000000e+00
-1.521082734512068235e+01 1.025131053061769926e+01 0.000000000000000000e+00
-5.127831447597338332e+00 -1.640373428686987367e+01 0.000000000000000000e+00
8.791134070487906627e+00 -1.944199920124286329e+00 0.000000000000000000e+00
-1.604010888620017639e+01 1.402855370967288184e+00 0.000000000000000000e+00
-1.118903230163365237e+01 -1.517552578466603741e+01 0.000000000000000000e+00
-6.911518741896948370e+00 -9.527070961737418742e+00 0.000000000000000000e+00
1.385351733816297148e+01 -6.297380483256136863e+00 0.000000000000000000e+00
-5.759484298250762357e+00 1.505356165066275764e+01 0.000000000000000000e+00
5.534745475622269595e+00 -1.100448136998401516e+01 0.000000000000000000e+00
-8.501119082204080968e+00 -7.225306724768029376e+00 0.000000000000000000e+00
6.529412668180516910e+00 2.214079595531019073e+00 0.000000000000000000e+00
1.613404664775735853e+01 8.149384801959767444e+00 0.000000000000000000e+00
-2.328307472700635206e+00 1.202008666179030172e+01 0.000000000000000000e+00
-1.131600356229082927e+01 -9.396616558899095750e+00 0.000000000000000000e+00
-1.370860971573949350e+01 -1.098519381867680345e+01 0.000000000000000000e+00
5.485700357267557337e+00 5.429469316635658238e+00 0.000000000000000000e+00
1.269703313332348316e+01 -1.213572787203531078e+01 0.000000000000000000e+00
5.064058992992619856e+00 1.862211447189057179e+00 0.000000000000000000e+00
9.408179724578866754e+00 1.397338258772263231e+01 0.000000000000000000e+00
1.761036648781585612e+00 1.525524628822047823e+01 0.000000000000000000e+00
9.322763206300527017e+00 -1.531758907620993249e+01 0.000000000000000000e+00
1.653201946050740290e+01 -8.422374242742645123e+00 0.000000000000000000e+00
1.502509367276759455e+01 1.060346844202308425e+01 0.000000000000000000e+00
-1.883986532358761901e+00 -1.388949170740818140e+01 0.000000000000000000e+00
-1.501983449746911725e-01 -1.894273333712860108e+01 0.000000000000000000e+00
-1.798100786978044141e+01 -5.922769419721215511e-01 0.000000000000000000e+00
9.886020282018169736e-01 -8.492972945903577431e-01 0.000000000000000000e+00
-1.568396853801334956e+01 -1.737335476261758327e+00 0.000000000000000000e+00
-4.710206584439639244e+00 6.650840730856106831e+00 0.000000000000000000e+00
-4.846172528463880802e+00 -1.426091104094184381e+01 0.000000000000000000e+00
-1.122888270760036988e+01 7.080396713167522726e+00 0.000000000000000000e+00
4.708396928588817865e+00 -1.702426494828307924e+01 0.000000000000000000e+00
1.347318375956620606e+01 1.037983714204879426e+01 0.000000000000000000e+00
-7.046783953380526100e+00 -1.418211648018505322e+01 0.000000000000000000e+00
-1.245601350208270475e+01 2.636217521594196977e+00 0.000000000000000000e+00
-2.083564107178458080e+00 -1.741122047663728978e+01 0.000000000000000000e+00
1.546460870984680769e+00 1.796067637848418386e+01 0.000000000000000000e+00
1.245333497476327622e+01 3.267480134338675235e+00 0.000000000000000000e+00
-1.138566406650132734e+01 4.592523823048166420e+00 0.000000000000000000e+00
3.546528010794319563e+00 1.449442610453421487e+01 0.000000000000000000e+00
-3.804199610614025673e+00 -1.281231994355739090e+01 0.000000000000000000e+00
7.170249490588051167e+00 1.704547613975238712e-02 0.000000000000000000e+00
1.688255990825621211e+01 -4.142413869599123721e+00 0.000000000000000000e+00
1.052373459949605738e+01 1.757569226149901853e+00 0.000000000000000000e+00
-1.779565537087916027e+01 3.099808137793042651e+00 0.000000000000000000e+00
2.648019007838314121e+00 -8.838507314417871186e+00 0.000000000000000000e+00
-1.585777132009764001e+00 1.872759369584818856e+01 0.000000000000000000e+00
1.005961576835288263e+01 1.101775420758481694e+01 0.000000000000000000e+00
7.641433359875635656e-01 -1.054293518572500155e+01 0.000000000000000000e+00
-3.612711718117951776e+00 1.817696419360232341e+01 0.000000000000000000e+00
1.037017233758671431e+01 -1.186288529860343832e+00 0.000000000000000000e+00
-7.716802176431285076e+00 -4.095632803376207498e+00 0.000000000000000000e+00
9.159140205880353491e+00 1.652734917675400439e+01 0.000000000000000000e+00
4.456316770619144663e+00 1.613565511090689242e+01 0.000000000000000000e+00
3.353977525786171032e+00 4.105796913036241058e+00 0.000000000000000000e+00
-6.843056810921424038e+00 1.389601795942864149e+00 0.000000000000000000e+00
2.891948476896486930e+00 -1.654683478642959926e+01 0.000000000000000000e+00
-6.532001493212464815e-01 1.574231851616083055e+01 0.000000000000000000e+00
7.280829797798225478e+00 1.110850686511508378e+01 0.000000000000000000e+00
-1.223131163230170593e+01 -1.190177141293651175e+01 0.000000000000000000e+00
9.841059527310463295e+00 -7.502339662931283293e+00 0.000000000000000000e+00
-6.303786424689121759e+00 -3.576150769417883346e+00 0.000000000000000000e+00
-1.736579290368929307e+01 -7.228808957826448278e+00 0.000000000000000000e+00
-5.996900258584315857e+00 1.752155283868327373e+01 0.000000000000000000e+00
6.121453728763681212e+00 -1.250273190296016068e+01 0.000000000000000000e+00
-8.289090768435466217e+00 9.510645897414853778e+00 0.000000000000000000e+00
-1.082663168325484371e+01 -6.489383821453789558e+00 0.000000000000000000e+00
-2.504089275391859992e+00 -1.141838290093961383e+01 0.000000000000000000e+00
5.144598084976967023e+00 8.693100099889626620e+00 0.000000000000000000e+00
4.306421133009217250e+00 -5.553263344426589754e+00 0.000000000000000000e+00
9.287005416834650973e+00 8.843281619868539334e-01 0.000000000000000000e+00
-1.006113629746643845e+01 9.169006810737997171e+00 0.000000000000000000e+00
8.503636168638841752e+00 1.211652955781275587e+01 0.000000000000000000e+00
-1.172563822342323370e+01 -4.962104726939911004e+00 0.000000000000000000e+00
1.739961442901427802e+01 4.796137926811558927e+00 0.000000000000000000e+00
-1.372172755017679791e+01 8.953085879046204454e+00 0.000000000000000000e+00
6.744397312668997113e-01 -5.622434903802963291e+00 0.000000000000000000e+00
3.095281842322094246e+00 -1.474396343585487212e+00 0.000000000000000000e+00
-1.472955648616738777e+01 2.736128419813426582e+00 0.000000000000000000e+00
7.506539465747459339e+00 -1.419240085409565211e+01 0.000000000000000000e+00
-1.171498154433386674e+01 -1.333041105997231490e+01 0.000000000000000000e+00
1.024978756144871639e+01 1.268367375895021354e+01 0.000000000000000000e+00
-2.732318884457976438e+00 -1.590207728047312230e+01 0.000000000000000000e+00
-3.384886438402721964e+00 2.842981446992218775e+00 0.000000000000000000e+00
-1.580114437440950326e+01 5.810209716041495831e+00 0.000000000000000000e+00
4.847761757392378357e+00 -4.032440219610227139e+00 0.000000000000000000e+00
1.498894034043730450e+00 1.056107795342495415e+01 0.000000000000000000e+00
-1.572370374449980091e+01 -1.019023898049430166e+01 0.000000000000000000e+00
-2.504675960157799253e+00 1.654810801468194725e+01 0.000000000000000000e+00
-5.132767463712561096e+00 1.083754438379518170e+01 0.000000000000000000e+00
-5.766457190784576525e+00 5.543077888228959083e+00 0.000000000000000000e+00
-3.622131413914072007e-01 2.617218127416824469e+00 0.000000000000000000e+00
-4.084280565454421641e+00 6.745767493023474559e-01 0.000000000000000000e+00
-9.232830385317720712e+00 -1.085433884494521628e+01 0.000000000000000000e+00
-1.664366907409505814e+01 8.566163049863257939e+00 0.000000000000000000e+00
-1.644264985398449852e+01 -3.712390899431708413e-01 0.000000000000000000e+00
1.347819172979264302e+01 -8.217102611931361267e+00 0.000000000000000000e+00
-8.942679608979814176e+00 1.642767763756101829e+01 0.000000000000000000e+00
-4.608534879958943620e+00 -9.298609840958798500e+00 0.000000000000000000e+00
9.306651696896828696e+00 -4.294560476505911772e+00 0.000000000000000000e+00
-4.839520146873347528e+00 1.630587398088895057e+01 0.000000000000000000e+00
-1.469194072513890603e+01 -4.868353059706492236e-01 0.000000000000000000e+00
1.973519387608423381e+00 5.235843007853982378e+00 0.000000000000000000e+00
-1.003654915857159224e+01 1.080571094087835782e+01 0.000000000000000000e+00
-6.402595458530674577e+00 -1.760500499243975892e+00 0.000000000000000000e+00
-9.534210377093289779e+00 -8.696124759789245928e+00 0.000000000000000000e+00
-6.332905856700628888e+00 -7.839895762257371281e+00 0.000000000000000000e+00
-1.221951333161894482e+01 -2.453434676384896596e-01 0.000000000000000000e+00
1.711145912543570091e+01 -2.605629688356788876e+00 0.000000000000000000e+00
6.726596976386375104e+00 8.938128043570909398e+00 0.000000000000000000e+00
1.122553068496124418e+01 -8.570583976712740082e+00 0.000000000000000000e+00
-3.439806611438645412e+00 -5.040896714175004512e+00 0.000000000000000000e+00
4.861861405749836607e+00 -9.812086266388885258e-01 0.000000000000000000e+00
-8.491973478717886881e-01 1.257595202830274772e+01 0.000000000000000000e+00
4.234635018006304819e+00 1.764219863248839815e+01 0.000000000000000000e+00
1.182742273061423965e+01 -1.024331084160312244e+01 0.000000000000000000e+00
6.549786927675696369e+00 -1.735800341729983742e+01 0.000000000000000000e+00
1.446969093243840199e+01 6.302143055965271579e+00 0.000000000000000000e+00
-1.610328917938521442e+01 4.035149892431227237e+00 0.000000000000000000e+00
-4.098136369324019590e+00 1.252615194829162881e+01 0.000000000000000000e+00
-1.411936917550540649e+01 -1.253938168752736715e+01 0.000000000000000000e+00
-1.404449653271187692e+01 1.273840745541390929e+00 0.000000000000000000e+00
-7.749745238645833645e+00 -2.540214449631164939e+00 0.000000000000000000e+00
-7.502100978807394682e+00 8.191486298446251979e+00 0.000000000000000000e+00
7.200274840277359090e+00 -1.007031190151160338e+01 0.000000000000000000e+00
-2.005601444118893184e+00 -1.086617986421961612e+00 0.000000000000000000e+00
1.856206887594972699e+01 -3.373038395543054069e+00 0.000000000000000000e+00
1.470485511483030372e+01 -3.337605020725610494e+00 0.000000000000000000e+00
6.373776518503770028e+00 -7.570870324490575065e+00 0.000000000000000000e+00
1.693814927692940131e+01 -1.054788464493976230e+00 0.000000000000000000e+00
-1.355797211746540754e+01 -2.158965226984470576e+00 0.000000000000000000e+00
-7.478527132081937978e+00 -6.016717269276429469e+00 0.000000000000000000e+00
-1.110602002188931614e+01 1.407770230723418692e+01 0.000000000000000000e+00
-3.780177630460889837e+00 1.491590055210725829e+01 0.000000000000000000e+00
1.007793164369412153e+01 8.152758872679875424e+00 0.000000000000000000e+00
-4.409591079321111343e-03 -2.755703109372691362e+00 0.000000000000000000e+00
-1.732764523649866106e+01 5.611004058360680169e+00 0.000000000000000000e+00
1.314019496260667275e+00 -1.537079584970195079e+01 0.000000000000000000e+00
3.046683599684396615e+00 1.037905341380218616e+00 0.000000000000000000e+00
-4.013424480669656624e+00 -2.856428092350769887e+00 0.000000000000000000e+00
8.631701928107629485e+00 5.568062364619888349e+00 0.000000000000000000e+00
-7.729255910825613141e-01 1.000151998450788327e+01 0.000000000000000000e+00
1.264594521540080763e+01 -3.538535697114900458e+00 0.000000000000000000e+00
6.947304934969450230e+00 1.314753033772243285e+01 0.000000000000000000e+00
5.808238334081297971e+00 1.012594038218245096e+01 0.000000000000000000e+00
-1.296339022520881379e+01 -8.105213594855188219e+00 0.000000000000000000e+00
1.080190048572302608e+01 1.553330584118040392e+01 0.000000000000000000e+00
1.217327365664097805e+01 -1.436376813739217262e+01 0.000000000000000000e+00
-8.064851546692786144e+00 -6.539198814876578947e-01 0.000000000000000000e+00
7.191105346182319558e+00 1.622042181513048575e+01 0.000000000000000000e+00
4.568625700169589576e-01 -1.206650314159960047e+01 0.000000000000000000e+00
8.545837640154605452e+00 -8.618264963937544820e+00 0.000000000000000000e+00
3.392080957404385977e+00 2.538095516395021178e+00 0.000000000000000000e+00
-6.797598626560103163e+00 1.386203185546343342e+01 0.000000000000000000e+00
2.386458635001059481e+00 -4.626915558491069724e+00 0.000000000000000000e+00
6.279296986182575147e+00 1.456059554780637200e+01 0.000000000000000000e+00
-1.041981118241252524e+01 -1.246416501418154255e+01 0.000000000000000000e+00
6.501157488940819462e+00 -5.883962949216800631e+00 0.000000000000000000e+00
4.979943256390376161e-02 1.858061922349709505e+01 0.000000000000000000e+00
1.912810660642235039e+00 -3.003652372562858108e+00 0.000000000000000000e+00
-1.773838440376695402e+01 -2.202506647912092497e+00 0.000000000000000000e+00
2.042997702025838969e+00 -1.243267339409561245e+01 0.000000000000000000e+00
1.550265285039380103e+01 -4.784953677195137978e+00 0.000000000000000000e+00
4.949150590057911359e+00 -1.400200526401737200e+01 0.000000000000000000e+00
9.807026272435594993e-01 -7.715210044170603076e+00 0.000000000000000000e+00
1.525372116698630265e+01 -7.011393488943540753e+00 0.000000000000000000e+00
1.085100968697152979e+01 -4.051662830712077223e+00 0.000000000000000000e+00
1.582608480558170072e+01 4.740182795979422714e+00 0.000000000000000000e+00
4.488322716938263346e-01 -1.399039447522201485e+01 0.000000000000000000e+00
1.704025389016291925e+01 -6.731182778690648405e+00 0.000000000000000000e+00
1.391430576732179603e+01 -4.681205484297493058e+00 0.000000000000000000e+00
2.486973787438428118e+00 7.953214879228732492e+00 0.000000000000000000e+00
8.069650107661177074e-01 3.911358341217290757e+00 0.000000000000000000e+00
-3.657685709423614817e+00 -1.792571763531655193e+01 0.000000000000000000e+00
5.306465971576737495e+00 1.337426992889803401e+01 0.000000000000000000e+00
8.851574657077742714e+00 9.764074039446942521e+00 0.000000000000000000e+00
1.266461284160749301e+01 1.399452776125798792e+01 0.000000000000000000e+00
1.716715011430300208e+01 2.959509343393126102e+00 0.000000000000000000e+00
-1.827842820750392505e+00 -2.734692731065635041e+00 0.000000000000000000e+00
-8.203219713226902243e+00 2.951755988729301006e+00 0.000000000000000000e+00
-1.549144579380297060e+01 -4.302215766745659309e+00 0.000000000000000000e+00
6.116972132846089316e+00 -1.584140796370120796e+01 0.000000000000000000e+00
1.191075695230960463e+01 7.369285222439971861e+00 0.000000000000000000e+00
1.415569079122859542e+01 4.622650075782432921e+00 0.000000000000000000e+00
