-1.820167537781279821e+00 -1.701271416003536530e+01 0.000000000000000000e+00
1.430924637339473904e+01 9.708840492180289772e+00 0.000000000000000000e+00
-8.568665316087191286e+00 2.724727919131041953e-01 0.000000000000000000e+00
3.383306638123331211e+00 -1.421695792039506401e+01 0.000000000000000000e+00
-2.401085078913355597e-01 -9.327798514112028982e+00 0.000000000000000000e+00
5.890274420264267619e+00 -3.834963159392277277e+00 0.000000000000000000e+00
2.718536981512904571e+00 -3.892512739281120293e+00 0.000000000000000000e+00
-1.399989999192695223e+01 -9.212713040480442928e+00 0.000000000000000000e+00
-4.386916282466144068e+00 -4.433856729231137189e-02 0.000000000000000000e+00
1.723610380677440990e+00 7.026550856684615987e+00 0.000000000000000000e+00
-1.152423755059277433e+01 -1.294380334413466782e+00 0.000000000000000000e+00
9.084083616089355218e+00 1.294888883929909618e+01 0.000000000000000000e+00
1.149704568901425361e+01 4.153324684767627062e+00 0.000000000000000000e+00
-4.197831026679566868e+00 -1.022667108137327219e+01 0.000000000000000000e+00
-1.272498535582090007e+01 1.170967920571595045e+01 0.000000000000000000e+00
-1.022193769510387718e+01 7.923496193762489703e+00 0.000000000000000000e+00
-6.009701343790487371e+00 -1.278646305183079335e+01 0.000000000000000000e+00
4.916847862146096482e+00 -1.001934529608630520e+01 0.000000000000000000e+00
1.000802865224797955e+01 -9.463692242671305266e+00 0.000000000000000000e+00
3.949389641121578975e+00 -7.180851518109164111e+00 0.000000000000000000e+00
-4.615398485673709139e+00 1.014184408438891261e+01 0.000000000000000000e+00
-7.025492484459432418e+00 9.543053082137074483e+00 0.000000000000000000e+00
2.152196540014185810e+00 -1.272704819124314390e+01 0.000000000000000000e+00
-3.676081853029500301e+00 -1.318048133314419346e+01 0.000000000000000000e+00
8.690637998456816504e+00 -3.916003803272276595e+00 0.000000000000000000e+00
8.456991077822438641e+00 1.452726139521480597e+01 0.000000000000000000e+00
-1.058916682300846190e+01 -6.353136599012890073e+00 0.000000000000000000e+00
4.136951078265765247e+00 1.548569656165373054e+01 0.000000000000000000e+00
2.429126552178016318e+00 1.677355156548804160e+01 0.000000000000000000e+00
-2.729946672131325691e+00 1.667976056054801859e+01 0.000000000000000000e+00
-9.963664870877277480e+00 -4.085158346687323139e+00 0.000000000000000000e+00
-8.518777595504309019e+00 -5.631472831579362293e+00 0.000000000000000000e+00
3.653426750681700863e+00 7.543476914868142202e+00 0.000000000000000000e+00
1.243814001477458187e-01 -2.102445905182142472e+00 0.000000000000000000e+00
8.515662476321219643e+00 -1.105367306791153581e+01 0.000000000000000000e+00
-1.016704546617389759e+01 -1.326942316387741450e+01 0.000000000000000000e+00
5.530212535664433382e+00 -5.521445591199636738e+00 0.000000000000000000e+00
9.944229181376530446e-01 3.748817994019877808e+00 0.000000000000000000e+00
1.687887804280931192e+01 -2.365073975005568485e+00 0.000000000000000000e+00
1.126234737040497436e+01 -5.120436222750750943e+00 0.000000000000000000e+00
1.192171053555419036e+01 2.496158075253500641e+00 0.000000000000000000e+00
1.601997235182458823e+01 1.834225903737871199e+00 0.000000000000000000e+00
-6.471663616565070942e-01 -7.170344659248911512e+00 0.000000000000000000e+00
7.492152171306419639e+00 5.934977094328059088e+00 0.000000000000000000e+00
-1.868749975443580569e+00 1.154499706044601659e+01 0.000000000000000000e+00
-2.071645024254852585e-01 -1.572904320988968330e+01 0.000000000000000000e+00
1.139552214375256867e+01 -2.345597126497138252e+00 0.000000000000000000e+00
1.730066797518757582e+00 -1.354265820051311797e+00 0.000000000000000000e+00
-5.793442688499530036e+00 -9.269267357186778966e+00 0.000000000000000000e+00
1.452185695632298668e+01 -4.487719579037765527e+00 0.000000000000000000e+00
-4.953963018850804367e+00 1.347315017563138184e+01 0.000000000000000000e+00
2.940322261917021951e+00 -9.998565003510957894e+00 0.000000000000000000e+00
5.166524062058804212e+00 -1.339267857147577168e+01 0.000000000000000000e+00
4.270032683582596356e-01 8.258498298636448354e+00 0.000000000000000000e+00
-7.946825528343941514e+00 -2.414772223314405331e+00 0.000000000000000000e+00
2.221560617502638557e+00 1.479796477773635210e+01 0.000000000000000000e+00
1.677650109064178219e+00 -6.503542330707100305e+00 0.000000000000000000e+00
-6.406082477123522523e+00 1.177409472578145078e+01 0.000000000000000000e+00
2.421439042104469586e+00 4.731380714434605395e+00 0.000000000000000000e+00
2.161622978565363784e+00 2.666783285832745598e+00 0.000000000000000000e+00
-7.491063982240603991e+00 -1.523510944698042024e+01 0.000000000000000000e+00
-1.570051783678386315e+01 7.205681678443661475e+00 0.000000000000000000e+00
-1.621803013817957861e+01 2.985894353047524152e+00 0.000000000000000000e+00
6.103016878704740300e+00 -1.531272042619371110e+00 0.000000000000000000e+00
-7.073924985891556716e+00 -7.683881242390955713e+00 0.000000000000000000e+00
-6.888733726394515422e+00 1.417273087240031160e+01 0.000000000000000000e+00
-1.428651775033503490e+00 -2.113193327296961854e+00 0.000000000000000000e+00
9.090381356939996493e+00 1.038297891558555541e+01 0.000000000000000000e+00
7.827297595055368262e+00 -1.285803492087092792e+01 0.000000000000000000e+00
-7.871755885863604085e+00 -1.312540236451824605e+01 0.000000000000000000e+00
4.572059061689223824e+00 5.823418724403446767e+00 0.000000000000000000e+00
1.365572727181942270e+01 -5.210940644654881160e-01 0.000000000000000000e+00
-8.822343566253435299e+00 -1.452465427107959250e+01 0.000000000000000000e+00
1.554912049326156165e+01 4.777937888000327149e+00 0.000000000000000000e+00
-8.907493226310188916e+00 9.524615640418771179e+00 0.000000000000000000e+00
-1.393722795760094080e+01 3.495278077133018080e+00 0.000000000000000000e+00
-1.292970109091708064e+00 4.602941835662528014e+00 0.000000000000000000e+00
1.115583940223597859e+00 -1.100221246560118615e+01 0.000000000000000000e+00
-3.148981886181822620e+00 1.501171083722778832e+01 0.000000000000000000e+00
-1.247864865282068747e+00 7.782722837444719488e+00 0.000000000000000000e+00
1.487256295487199331e+01 4.703200602903132022e-01 0.000000000000000000e+00
-5.779369067129687565e+00 -1.101253889833188104e+01 0.000000000000000000e+00
-6.151585917729192943e+00 8.312979819982539098e+00 0.000000000000000000e+00
1.095022862623521220e+01 -1.230889798884398090e+01 0.000000000000000000e+00
8.165119045818846288e+00 7.378987913234455576e+00 0.000000000000000000e+00
-7.882913995395878004e+00 7.042187938122649093e+00 0.000000000000000000e+00
2.431898651511644971e+00 9.033687830467847846e+00 0.000000000000000000e+00
8.171843374984719688e+00 -1.511674690985724645e+01 0.000000000000000000e+00
6.369304338443887659e+00 1.078721323868392723e+01 0.000000000000000000e+00
-1.420489885610371772e+01 -6.057802362391906392e+00 0.000000000000000000e+00
-3.397152439009746949e+00 -2.563295221546243230e+00 0.000000000000000000e+00
1.209534052728042930e+01 9.489849709998264160e+00 0.000000000000000000e+00
-1.672130419019409686e+01 -2.658348663673995471e+00 0.000000000000000000e+00
-6.300970099823174131e+00 6.518177195223155529e+00 0.000000000000000000e+00
1.076457414819682334e+01 1.003965909697970060e+00 0.000000000000000000e+00
3.723579384866267716e+00 1.261565456307784139e+01 0.000000000000000000e+00
-2.467926747757447359e+00 5.991463804725970732e+00 0.000000000000000000e+00
-1.186600343525087986e+01 -1.102633611409323322e+01 0.000000000000000000e+00
-4.283306633843603883e+00 -7.078863423295813639e+00 0.000000000000000000e+00
1.425625324290205143e+01 6.984999556172433621e+00 0.000000000000000000e+00
-1.641180203874757026e+01 -5.879115954854258419e+00 0.000000000000000000e+00
-7.162177423862194914e+00 1.741742338371074394e+00 0.000000000000000000e+00
-3.910514506110103650e+00 -1.506658160872661689e+01 0.000000000000000000e+00
5.738993689880928173e+00 1.441392059157603178e+01 0.000000000000000000e+00
-1.699813822715143630e+01 -2.026281302579678242e-02 0.000000000000000000e+00
-1.002478631636998685e+01 9.394548359337059340e-01 0.000000000000000000e+00
-8.227862230925831355e+00 4.347701955933514384e+00 0.000000000000000000e+00
-5.716489572128216068e+00 -6.377662103414123429e+00 0.000000000000000000e+00
-1.362300817338549663e+01 3.433946250959939439e-01 0.000000000000000000e+00
-5.972734524367233178e+00 -1.283023861983094926e+00 0.000000000000000000e+00
5.315081022116627807e+00 1.646191801333222671e+01 0.000000000000000000e+00
1.535518116101383868e+01 8.064294394398956456e+00 0.000000000000000000e+00
1.226109856314775115e+01 -1.142248714052825953e+01 0.000000000000000000e+00
1.412752852549166249e+01 -8.177290073555601779e+00 0.000000000000000000e+00
-6.044759490091914600e+00 -4.069800585882186184e+00 0.000000000000000000e+00
5.835559897537063279e+00 4.930388455330795949e+00 0.000000000000000000e+00
6.904125546104192601e+00 1.109194507998308099e+00 0.000000000000000000e+00
-1.214863461995669702e+01 -3.869580211375171164e+00 0.000000000000000000e+00
-4.596921345028263661e-01 9.563065245857258034e+00 0.000000000000000000e+00
7.716065370832857484e-01 -3.876935995000868385e+00 0.000000000000000000e+00
-5.889102795534145507e+00 -1.467186869797395765e+01 0.000000000000000000e+00
1.224794362677410930e+01 -7.673647358820061548e+00 0.000000000000000000e+00
1.837751896004075514e+00 3.434014126153925317e-01 0.000000000000000000e+00
-1.296437884053920619e+01 1.746204151057936249e+00 0.000000000000000000e+00
-1.214205931410362460e+01 -5.545484310446640031e+00 0.000000000000000000e+00
9.219418173647801140e+00 1.514195026638512687e+00 0.000000000000000000e+00
-2.409800178274884797e+00 -4.066225702632892514e+00 0.000000000000000000e+00
5.073772793264131664e+00 -4.393355266415973071e-01 0.000000000000000000e+00
1.407631476235923884e+01 -1.002895687085645271e+01 0.000000000000000000e+00
-1.333306046484051244e+01 6.939749238783174512e+00 0.000000000000000000e+00
1.515247549885942790e+00 -1.638740169725946672e+01 0.000000000000000000e+00
-4.670949094290719472e+00 5.608865744109097662e+00 0.000000000000000000e+00
-1.404904448391349270e+01 1.034103680840291517e+01 0.000000000000000000e+00
3.910179002785800773e+00 -2.746118641375799196e+00 0.000000000000000000e+00
1.427217997445654696e+01 -6.145342703758913672e+00 0.000000000000000000e+00
-9.183427750495878783e+00 -7.761559257818388957e+00 0.000000000000000000e+00
-1.457666363168714341e+01 8.430308221972488525e+00 0.000000000000000000e+00
-1.266252694442193771e+01 -7.977132605690277600e+00 0.000000000000000000e+00
-4.254863603609530642e+00 8.606527851848257527e+00 0.000000000000000000e+00
-1.060507358129126310e+01 1.311283776556722458e+01 0.000000000000000000e+00
-1.076361031790636069e+01 6.486054441870501286e+00 0.000000000000000000e+00
4.979303092092930427e+00 1.924926151826368059e+00 0.000000000000000000e+00
-1.786561115655892706e+00 1.428266732058228428e+01 0.000000000000000000e+00
-1.584216666951264729e+00 2.874793559092185369e+00 0.000000000000000000e+00
7.168094910615437243e+00 1.345786344121989941e+01 0.000000000000000000e+00
-1.280903730533757212e+01 8.749637237221698172e+00 0.000000000000000000e+00
-9.112628593550883949e+00 -1.110738187821382184e+01 0.000000000000000000e+00
1.216559247872118377e+01 7.243961772203938665e+00 0.000000000000000000e+00
1.083326721132053905e+01 1.371420445266975108e+01 0.000000000000000000e+00
-3.426243370613238692e+00 3.364371410032647169e+00 0.000000000000000000e+00
-1.438900167322148604e+01 5.199958851444836050e+00 0.000000000000000000e+00
7.215418096950783955e+00 -5.996010617991873737e+00 0.000000000000000000e+00
1.014988181641809106e+01 9.025920228572868353e+00 0.000000000000000000e+00
-3.211768083890746417e-01 1.312531311065974426e+00 0.000000000000000000e+00
1.211356882338447249e+01 1.211068875981083792e+01 0.000000000000000000e+00
3.796106371946319058e+00 -1.261845145046385319e+01 0.000000000000000000e+00
-1.113092046134964974e+01 -9.185787985677187351e+00 0.000000000000000000e+00
-1.523899708545528853e+01 -3.670535259279477991e+00 0.000000000000000000e+00
7.837971482020424929e+00 4.190313409640058495e+00 0.000000000000000000e+00
5.678223597334129735e+00 8.166302556116768585e+00 0.000000000000000000e+00
1.288566243882127615e+01 -5.172124404178615187e+00 0.000000000000000000e+00
-1.091509123069304898e+01 2.696086797704946303e+00 0.000000000000000000e+00
9.270325718330077791e+00 -6.510171448932434046e+00 0.000000000000000000e+00
3.981805094154765357e+00 1.087760019952025736e+01 0.000000000000000000e+00
-8.685914909986596655e+00 1.440473029227455726e+01 0.000000000000000000e+00
1.904750357697801322e+00 -8.288923849684323386e+00 0.000000000000000000e+00
-1.682915239856514145e+00 -1.396524320325936586e+01 0.000000000000000000e+00
-9.432847306296703316e-01 1.622852535798356399e+01 0.000000000000000000e+00
-1.917420126979717532e+00 -9.671238848209096517e+00 0.000000000000000000e+00
1.664306801359428656e+00 1.294255458159336314e+01 0.000000000000000000e+00
-8.301887542823836341e+00 1.142342582326131506e+01 0.000000000000000000e+00
-1.528831993404578249e+01 -4.437404343707500587e-01 0.000000000000000000e+00
9.778385751052915964e+00 2.925491934754652412e+00 0.000000000000000000e+00
-8.956571205904937827e+00 2.589958322188036899e+00 0.000000000000000000e+00
1.020913871950305918e+01 -8.865400521893618269e-01 0.000000000000000000e+00
-2.590030488008227216e+00 -6.268224224477358497e+00 0.000000000000000000e+00
1.328942643997636353e+01 4.129425158992580336e+00 0.000000000000000000e+00
5.361969396030023205e+00 1.207603498574282241e+01 0.000000000000000000e+00
-5.433706815004408774e+00 1.577406771188066381e+00 0.000000000000000000e+00
8.584375794548275707e+00 1.444253528146912657e-01 0.000000000000000000e+00
9.852340354280025636e+00 7.377369296508967444e+00 0.000000000000000000e+00
9.625691687812054198e+00 -1.351013624043158501e+01 0.000000000000000000e+00
-1.625187596474787100e+01 5.462696818536565857e+00 0.000000000000000000e+00
-1.682369456193712054e+01 -4.275274886678454678e+00 0.000000000000000000e+00
5.964597999530257155e+00 -7.180021817011668972e+00 0.000000000000000000e+00
1.722438720072582541e+01 -8.802946781667664311e-01 0.000000000000000000e+00
3.543291521345597328e+00 -1.655596343047566066e+01 0.000000000000000000e+00
-1.466219958274775692e+01 2.175754852193490851e+00 0.000000000000000000e+00
-1.107134684650736567e+01 4.480077693119803861e+00 0.000000000000000000e+00
-4.106067451757683950e-01 1.235831822101849831e+01 0.000000000000000000e+00
1.921611894690476718e-01 5.644055604839287810e+00 0.000000000000000000e+00
1.623080025480362920e+01 -5.588811921370096414e+00 0.000000000000000000e+00
-7.609597793250691744e+00 -9.284545938557025480e+00 0.000000000000000000e+00
-9.116298269550631161e+00 5.809176888339038669e+00 0.000000000000000000e+00
3.396574538420763734e+00 -3.491201571861797803e-01 0.000000000000000000e+00
-1.545087515744229556e+01 -7.733407578965342921e+00 0.000000000000000000e+00
-8.886457980710929405e+00 1.285890601944425526e+01 0.000000000000000000e+00
-5.416953884133256736e+00 4.111203883804940951e+00 0.000000000000000000e+00
8.979707008907027443e+00 -1.985660290249596782e+00 0.000000000000000000e+00
7.511120208201585768e+00 -2.537252445627652619e+00 0.000000000000000000e+00
-1.060201682747479346e+01 9.984513591005235611e+00 0.000000000000000000e+00
1.388796339285739379e+01 5.515756988211911072e+00 0.000000000000000000e+00
1.725624231669801611e+00 1.115761090884963203e+01 0.000000000000000000e+00
1.599148728634684424e+01 -3.847286960976383785e+00 0.000000000000000000e+00
6.507294417800789432e+00 -1.171335562934557473e+01 0.000000000000000000e+00
-1.386100160219780619e+01 -4.415886560860602827e+00 0.000000000000000000e+00
4.696122933729295346e-01 -1.363587151618038185e+01 0.000000000000000000e+00
-4.997558382478591632e+00 1.653658349604220135e+01 0.000000000000000000e+00
-2.614849845225569958e+00 -1.189189357029353289e+01 0.000000000000000000e+00
8.026499982108557418e+00 -8.903674485079752898e+00 0.000000000000000000e+00
5.503351752388829787e+00 -1.609626591552441255e+01 0.000000000000000000e+00
1.075533813961975760e+01 6.079432582198840862e+00 0.000000000000000000e+00
6.202901153014071411e+00 -1.471762959662925496e+01 0.000000000000000000e+00
7.722022448867742028e+00 1.180157273928530515e+01 0.000000000000000000e+00
1.299932468823536702e+01 -3.427743423203652995e+00 0.000000000000000000e+00
-1.333447125697358615e+01 -2.195011306268618512e+00 0.000000000000000000e+00
7.410355278596473028e+00 9.275021022953890082e+00 0.000000000000000000e+00
5.484937164593722159e+00 3.423929776688962701e+00 0.000000000000000000e+00
-3.616471810065712500e+00 1.238350360551425844e+01 0.000000000000000000e+00
1.439870152194647268e+01 -2.854502980909439103e+00 0.000000000000000000e+00
-2.229577955291788705e+00 -3.359514236991348324e-01 0.000000000000000000e+00
9.230689621229597464e+00 5.999736088673438772e+00 0.000000000000000000e+00
6.306071839455666961e-01 1.634057394856127488e+01 0.000000000000000000e+00
-2.920274420836300067e+00 7.460636304436084387e+00 0.000000000000000000e+00
-2.893426210135153109e+00 9.499361265035854984e+00 0.000000000000000000e+00
5.561937700378820348e-02 -5.626070633814291178e+00 0.000000000000000000e+00
-4.681433232249182730e+00 7.137548790978532232e+00 0.000000000000000000e+00
-8.625927358144814816e-01 -3.737504360852741847e+00 0.000000000000000000e+00
-5.335456055263136932e+00 -1.642797615433886804e+01 0.000000000000000000e+00
-4.114998079999467429e+00 -4.659844923164520480e+00 0.000000000000000000e+00
1.323332156205229815e+01 1.363260198950313029e+00 0.000000000000000000e+00
-4.340067767551349931e+00 -8.586992872829448231e+00 0.000000000000000000e+00
1.719356383079694339e+01 2.776414517831482964e+00 0.000000000000000000e+00
-2.551127597209434938e+00 -8.245458718294923273e+00 0.000000000000000000e+00
-2.880226858669627799e+00 1.783768992599517489e+00 0.000000000000000000e+00
-1.140693652135857272e+00 -1.106106839768675698e+01 0.000000000000000000e+00
-2.424271745191123983e+00 -1.561044435047724832e+01 0.000000000000000000e+00
1.168200620070358653e+01 -3.656557263782060918e-01 0.000000000000000000e+00
1.044981078255831086e+01 1.184769012614619754e+01 0.000000000000000000e+00
-1.002387284006338319e+01 -2.538541976152685287e+00 0.000000000000000000e+00
-9.821221784529630128e+00 1.128114082703064014e+01 0.000000000000000000e+00
3.639800738053161400e+00 -5.607900699999899707e+00 0.000000000000000000e+00
5.890856105778139451e+00 6.539858837562920080e+00 0.000000000000000000e+00
6.030351537810387796e+00 -8.893365955106141030e+00 0.000000000000000000e+00
4.776671253760365943e+00 9.541359264454150946e+00 0.000000000000000000e+00
-1.277375982164959112e+01 5.498815271067171828e+00 0.000000000000000000e+00
-9.355968032220244979e+00 -9.534488765060267212e+00 0.000000000000000000e+00
-6.321003453809283634e+00 2.205937885865141834e-01 0.000000000000000000e+00
-1.322184690283726982e-01 1.447866266596263785e+01 0.000000000000000000e+00
-1.628829857867403774e+01 1.365511405232409103e+00 0.000000000000000000e+00
-9.305114108140871920e+00 -1.194901383259828309e+00 0.000000000000000000e+00
1.516056604230956317e+01 -1.219495399639977329e+00 0.000000000000000000e+00
-1.238086401939003878e+01 1.022278453177989022e+01 0.000000000000000000e+00
3.194289403012106732e+00 1.367259347080093557e+00 0.000000000000000000e+00
-8.156009281978617409e+00 -4.030615727749887078e+00 0.000000000000000000e+00
1.729980466553576068e+00 -1.476481273737347522e+01 0.000000000000000000e+00
