-7.397747508712276598e+00 1.208360706493503578e+01 0.000000000000000000e+00
8.528365697960527125e-01 7.213039109295960927e+00 0.000000000000000000e+00
-1.552035413659362639e+01 9.283557364305521087e-02 0.000000000000000000e+00
-1.473216344618690066e+01 -2.694657845585890943e+00 0.000000000000000000e+00
3.492866711436400262e+00 1.851176330128050163e+00 0.000000000000000000e+00
1.360791885759737596e+01 1.225044888513854291e+00 0.000000000000000000e+00
-3.142191458702881524e-01 1.700261121111563156e+01 0.000000000000000000e+00
-1.522718741739451609e+01 2.087031501737976136e+00 0.000000000000000000e+00
-1.525456690393882653e+01 -6.930529801957912461e+00 0.000000000000000000e+00
-1.341392997793459863e+01 -1.055936112604697286e+01 0.000000000000000000e+00
-6.961455621580720177e+00 -2.193603106870375630e+00 0.000000000000000000e+00
7.014371003096588453e+00 -7.369038779411635431e+00 0.000000000000000000e+00
-3.802749877823615954e+00 9.192090471697868637e+00 0.000000000000000000e+00
9.738214431957867845e+00 -1.460188543481350187e+01 0.000000000000000000e+00
1.038182376103024218e+01 -3.064213758083719430e+00 0.000000000000000000e+00
-4.505545678617613348e+00 -1.493089441389787275e+01 0.000000000000000000e+00
4.117698433948476788e-01 -1.389486252956929846e+00 0.000000000000000000e+00
-1.144804791668283173e+01 -1.379135284813599149e+00 0.000000000000000000e+00
4.649515214163573162e+00 -1.398770531180232979e+01 0.000000000000000000e+00
-5.374273535856111117e+00 -9.046481731192395515e+00 0.000000000000000000e+00
4.680419936542324244e+00 1.808415673582103977e+01 0.000000000000000000e+00
-1.148267212978705487e+01 1.030018764813869225e+01 0.000000000000000000e+00
1.258694270327349152e+01 1.004431507632626541e+01 0.000000000000000000e+00
1.698375394538903294e+01 -3.729442706708141930e+00 0.000000000000000000e+00
1.414132072457621625e+01 7.751177690783706886e+00 0.000000000000000000e+00
5.652349452148363262e+00 -1.579313126616753848e+01 0.000000000000000000e+00
1.542809936464918685e+01 1.057177468518286290e+01 0.000000000000000000e+00
-4.681250019718548927e+00 -1.659265305308525384e+01 0.000000000000000000e+00
5.340089914180171426e+00 -7.472627779482758470e+00 0.000000000000000000e+00
-1.381154398332130917e+01 -5.407023393041550108e+00 0.000000000000000000e+00
1.342402210957825126e+01 1.248530505804612822e+01 0.000000000000000000e+00
8.957513515170445473e+00 -6.399239087616326316e+00 0.000000000000000000e+00
5.786198477945792895e+00 -9.926202909393479601e+00 0.000000000000000000e+00
-4.765101085922339053e+00 1.360759369410973996e+01 0.000000000000000000e+00
-3.791346164021563769e+00 -4.700582318085103850e+00 0.000000000000000000e+00
-1.654274522445131979e+01 5.697280294869280226e+00 0.000000000000000000e+00
-1.008149002820462325e-01 1.298333381554378363e+01 0.000000000000000000e+00
1.401504792699643609e+01 -3.975173165398241615e+00 0.000000000000000000e+00
3.771305853169923950e+00 1.209738705503320766e+01 0.000000000000000000e+00
7.240831649782508705e+00 -4.646380472861584288e+00 0.000000000000000000e+00
-1.019273614991915444e+01 5.300251442109215283e+00 0.000000000000000000e+00
-2.504435244125429172e+00 -1.347440979421951823e+01 0.000000000000000000e+00
5.660666843166126228e+00 -2.339824168032651919e+00 0.000000000000000000e+00
1.829381767126639247e+00 -4.495122138352859231e+00 0.000000000000000000e+00
-1.124386607562235518e+01 1.236867301720759116e+01 0.000000000000000000e+00
1.623414132888131078e+01 4.972251765095911047e+00 0.000000000000000000e+00
6.284048179635123077e+00 1.244131586033156101e+00 0.000000000000000000e+00
1.173387491475798861e+01 -2.353196323299699522e+00 0.000000000000000000e+00
-1.415538462279849341e+01 8.260533676358308597e+00 0.000000000000000000e+00
-6.496884001929968733e+00 1.041122554698378977e+01 0.000000000000000000e+00
-1.372911702804783696e+00 1.152965781692141434e+01 0.000000000000000000e+00
-2.918894033362154694e+00 -1.593286248111243308e+00 0.000000000000000000e+00
-8.751230260085928192e-01 -4.728328920718998241e+00 0.000000000000000000e+00
-6.916336895672547946e+00 4.484931417479910642e+00 0.000000000000000000e+00
-6.456427980362515473e-02 -8.709410086221533120e+00 0.000000000000000000e+00
-2.721774503127624811e+00 -8.268928494304892851e+00 0.000000000000000000e+00
4.037251312605905085e+00 -5.645645465104058403e+00 0.000000000000000000e+00
-1.584874417590939721e+00 8.394779092781552876e+00 0.000000000000000000e+00
-1.403546351651982427e+01 5.693191201888413211e+00 0.000000000000000000e+00
1.438796934693783003e+00 5.587693649526100259e+00 0.000000000000000000e+00
-1.996727694723686053e+00 -1.091786732693107886e+01 0.000000000000000000e+00
-1.787244516802343597e+01 7.372807411752805296e-01 0.000000000000000000e+00
2.451859956858766232e+00 -1.739162398275774635e+01 0.000000000000000000e+00
-7.935877754081729130e+00 -8.870744902668761256e+00 0.000000000000000000e+00
-9.403310517693325821e+00 -1.239334380789865087e+01 0.000000000000000000e+00
1.063051151746369527e+01 1.481732222677837552e+00 0.000000000000000000e+00
-1.863206309455924270e+01 -2.639164101182559286e+00 0.000000000000000000e+00
2.144663835995897827e+00 1.256437740800107505e+01 0.000000000000000000e+00
7.040018884176804548e+00 1.137046518867291489e+01 0.000000000000000000e+00
-1.171837463829088044e+01 -4.669472190616693830e+00 0.000000000000000000e+00
-1.758248844153008861e+01 3.729847912466347282e+00 0.000000000000000000e+00
7.736044993711704620e+00 9.479539985477712705e+00 0.000000000000000000e+00
1.060583091785506582e+01 -8.462144450364442960e+00 0.000000000000000000e+00
4.036982487110083007e+00 -2.430306321772255362e+00 0.000000000000000000e+00
-1.190945405545878089e+01 -1.133630232451839426e+01 0.000000000000000000e+00
1.150432991908227365e+01 3.814972245023147135e+00 0.000000000000000000e+00
3.119289617272656301e+00 -8.379277655599683072e+00 0.000000000000000000e+00
-1.868712754763931727e+01 2.498443875388336899e+00 0.000000000000000000e+00
-9.658616546093087507e+00 1.344965537718677417e+01 0.000000000000000000e+00
-1.082797277820406734e+01 -9.968754911391650708e+00 0.000000000000000000e+00
1.165446709053540708e+01 6.660797352664808990e+00 0.000000000000000000e+00
-9.192478071406213758e+00 3.790638528807552365e+00 0.000000000000000000e+00
1.597713845161059965e+01 2.973740488621559486e+00 0.000000000000000000e+00
-5.353102126405257621e+00 8.952779283701678636e+00 0.000000000000000000e+00
7.753705896077090820e+00 -2.879963228117357499e+00 0.000000000000000000e+00
4.979104032814387182e+00 1.581543494738829203e+01 0.000000000000000000e+00
9.226206883775327938e+00 6.340922996298741232e+00 0.000000000000000000e+00
-8.065193149907084802e+00 -1.559135809085049296e+01 0.000000000000000000e+00
-3.308323700350202401e+00 1.112070621715939467e+01 0.000000000000000000e+00
1.259143426741318095e+01 -1.275098080506250753e+01 0.000000000000000000e+00
-1.127497893074932644e+00 3.317003412665374906e+00 0.000000000000000000e+00
-5.730231776810129851e+00 -3.868038657651574397e+00 0.000000000000000000e+00
6.721268632010715116e+00 -1.424119080245931279e+01 0.000000000000000000e+00
6.701014434137542608e+00 -1.726806308141041768e+01 0.000000000000000000e+00
-6.961151702806939845e+00 1.554920362232738285e+01 0.000000000000000000e+00
2.423216327641084522e+00 4.393953284220922129e+00 0.000000000000000000e+00
5.076267221484076941e+00 6.267612199336420886e+00 0.000000000000000000e+00
1.082320174649206379e+01 8.222995888265030473e+00 0.000000000000000000e+00
8.310120972129912076e+00 -1.283360571894042579e+01 0.000000000000000000e+00
5.969469916829886813e+00 3.908112406330168653e+00 0.000000000000000000e+00
-2.374580658228230057e+00 3.150006234759559764e-01 0.000000000000000000e+00
1.815989668398536372e+00 -1.039720946640733779e+01 0.000000000000000000e+00
1.455494785249446288e+01 -1.324471292845711190e+00 0.000000000000000000e+00
8.538782200914456055e+00 1.390337003228116686e+01 0.000000000000000000e+00
6.794006381569982267e+00 -1.129665233318904782e+01 0.000000000000000000e+00
1.020634204191716954e+01 -1.059816637870505573e+01 0.000000000000000000e+00
1.507063062836403944e+01 -5.308480756080996343e+00 0.000000000000000000e+00
7.229097956115341228e-01 -1.257893309451941022e+01 0.000000000000000000e+00
1.512564920136383328e+00 -7.374933066512557645e+00 0.000000000000000000e+00
6.685639197382796439e+00 1.473147532481055677e+01 0.000000000000000000e+00
3.859228198942343369e+00 9.720457423111181328e+00 0.000000000000000000e+00
1.224808758326190627e+01 -1.084949961328016066e+01 0.000000000000000000e+00
-1.218866242553586154e+01 1.375760477039129448e+01 0.000000000000000000e+00
-3.890745606436519122e+00 -3.082829241776995133e+00 0.000000000000000000e+00
-5.055084868882879778e-01 -1.404557050185314893e+01 0.000000000000000000e+00
-7.873116384001772161e+00 2.308309091007448632e+00 0.000000000000000000e+00
-9.929470448953816586e+00 1.737156177543929703e+00 0.000000000000000000e+00
-7.833284173229456471e+00 -1.055843404188606804e+01 0.000000000000000000e+00
-1.213013836154158476e+01 5.615394979367006378e+00 0.000000000000000000e+00
8.346735506591572928e+00 -9.668103979731915487e+00 0.000000000000000000e+00
-1.857725579165815688e+01 -9.094618358284481952e-01 0.000000000000000000e+00
-8.153163676656788539e+00 -7.166007311024162441e+00 0.000000000000000000e+00
-2.870103780523745485e+00 1.640479134320569798e+01 0.000000000000000000e+00
-2.748357811934615480e+00 -1.770772896075270708e+01 0.000000000000000000e+00
9.597876523624286449e+00 1.759012264111739499e-01 0.000000000000000000e+00
-1.489751370088874438e+01 -1.155644328411394639e+01 0.000000000000000000e+00
-4.360217218524140570e+00 7.211484166881687585e+00 0.000000000000000000e+00
-1.591898270341007127e+01 7.065616674070859027e+00 0.000000000000000000e+00
7.884502699555832272e+00 1.645278529112091803e+01 0.000000000000000000e+00
-1.089351185516302678e+01 -6.867369949607187607e+00 0.000000000000000000e+00
-5.239102548601529463e+00 -5.956133152156055210e+00 0.000000000000000000e+00
1.190799313234675161e+01 -7.160268867561930151e+00 0.000000000000000000e+00
1.192719775827145501e+00 1.532093797807024949e+01 0.000000000000000000e+00
3.351371098972101947e+00 1.479028542268092572e+01 0.000000000000000000e+00
-5.551835358040131396e+00 -1.175864032036392715e+01 0.000000000000000000e+00
-1.280025105960757692e+01 -2.715416555895918460e+00 0.000000000000000000e+00
-7.180546326293806292e-01 4.042776883291893802e-02 0.000000000000000000e+00
-3.494784217836664375e+00 1.452424221546797156e+01 0.000000000000000000e+00
-3.901591685026569500e+00 1.828611755912753623e+01 0.000000000000000000e+00
-3.254406794628929678e+00 1.909971641518747987e+00 0.000000000000000000e+00
6.934424666941774618e+00 6.792427230220273948e+00 0.000000000000000000e+00
2.177860381115379884e-01 1.075988331328387027e+01 0.000000000000000000e+00
1.663608372118334700e+01 8.790638302135274529e+00 0.000000000000000000e+00
4.865065734458358548e+00 7.193248363686035596e-01 0.000000000000000000e+00
2.117677073818728939e+00 1.732033089952336624e+01 0.000000000000000000e+00
-6.253707956994162487e+00 -1.442286689616448569e+01 0.000000000000000000e+00
8.620165440283123814e+00 3.186385408171706679e+00 0.000000000000000000e+00
4.663945238697754903e+00 -4.067933773639978767e+00 0.000000000000000000e+00
-1.015057131495526654e+01 -3.424505890643039674e+00 0.000000000000000000e+00
3.336388901384673700e-01 2.945264386555989322e+00 0.000000000000000000e+00
1.807279847848280241e+01 5.005760686946588045e+00 0.000000000000000000e+00
-1.394296984786856974e+01 -6.314017499515078846e-01 0.000000000000000000e+00
-1.593912446732273835e+01 -9.890548964149704858e+00 0.000000000000000000e+00
-8.086575348388661766e+00 -1.357186320809064384e+01 0.000000000000000000e+00
-9.987058305552479753e-01 5.005942961763748755e+00 0.000000000000000000e+00
9.423299965513965759e+00 9.464722668856030197e+00 0.000000000000000000e+00
-5.151417653093650628e+00 -5.115051748868314485e-01 0.000000000000000000e+00
-1.555128640399229134e+01 -4.092010967624913675e+00 0.000000000000000000e+00
8.755442403187378986e+00 -1.662074357715640716e+01 0.000000000000000000e+00
-1.088691393218078574e+01 8.074068608113799783e+00 0.000000000000000000e+00
1.566689698727750368e+01 9.028747834877501877e-01 0.000000000000000000e+00
-6.160306750242515506e+00 3.003560873540234599e+00 0.000000000000000000e+00
-1.605399816707574701e+00 -2.473344998716732412e+00 0.000000000000000000e+00
-6.356878981605046386e-01 6.890822410777891704e+00 0.000000000000000000e+00
-4.467443942723595462e+00 -1.308609917833227598e+01 0.000000000000000000e+00
3.775746727096626731e+00 -1.097326531449566467e+01 0.000000000000000000e+00
-1.054959551525297989e+01 -8.430068964613685267e+00 0.000000000000000000e+00
-9.646026579583322658e+00 -1.539869761830434491e+01 0.000000000000000000e+00
1.780637378285992156e+01 -7.301281759223317014e-01 0.000000000000000000e+00
-1.322625925517111689e+01 8.136095378670036293e-01 0.000000000000000000e+00
-7.014194631786415890e+00 8.168618641659147528e+00 0.000000000000000000e+00
1.288490927552532472e+00 9.635648399209822301e+00 0.000000000000000000e+00
1.094605235325337844e+01 -4.722791817734144360e+00 0.000000000000000000e+00
1.098454780615085191e+01 1.329548290928270049e+01 0.000000000000000000e+00
-1.410245295996107551e+01 1.162060661240167292e+01 0.000000000000000000e+00
-1.538995481743263483e+01 9.510771907295518801e+00 0.000000000000000000e+00
-1.314756865996854707e+01 -1.258986775596017083e+01 0.000000000000000000e+00
-1.425011516698011738e+00 -6.761616237197049628e+00 0.000000000000000000e+00
1.481918481486752093e+01 -7.176861795972938829e+00 0.000000000000000000e+00
-1.461530202759817776e+01 -8.654531013144968199e+00 0.000000000000000000e+00
1.675315839421194042e+01 6.443067279582591844e+00 0.000000000000000000e+00
4.013129912530449594e+00 3.436593606927087041e+00 0.000000000000000000e+00
-9.662504277049885903e-01 -1.558676682266485436e+01 0.000000000000000000e+00
1.828685200781119180e+00 1.880490204923798814e+01 0.000000000000000000e+00
-6.278941571009381661e+00 1.403306413729344015e+01 0.000000000000000000e+00
5.074277856820833321e+00 1.323045639445177812e+01 0.000000000000000000e+00
-1.282969828262224077e+01 -6.786921210685786576e+00 0.000000000000000000e+00
1.386679003286260503e+01 -8.783016697937005901e+00 0.000000000000000000e+00
1.670917253262794944e+01 -2.226165190528266891e+00 0.000000000000000000e+00
-4.905083215133690944e-01 -1.082145108988676085e+01 0.000000000000000000e+00
6.098574238363047684e+00 -7.407368681010090272e-01 0.000000000000000000e+00
2.349420605087968905e+00 1.095015919882297517e+01 0.000000000000000000e+00
-6.849277159868709219e+00 -1.695699277042396602e+01 0.000000000000000000e+00
-1.119776687717335406e+01 3.628104181810550610e+00 0.000000000000000000e+00
1.422978600362930379e+01 -1.114399954447971908e+01 0.000000000000000000e+00
3.670610026183742658e+00 5.554862575084957399e+00 0.000000000000000000e+00
-9.374590222860449629e+00 -9.877013255102363720e-01 0.000000000000000000e+00
-1.144812794238466580e+01 -1.313104262480734086e+01 0.000000000000000000e+00
-1.249147241096164329e+01 2.817518069867964936e+00 0.000000000000000000e+00
2.068845144607021513e+00 -1.546875855944089118e+01 0.000000000000000000e+00
-9.725957263215473603e+00 -5.203054641317935491e+00 0.000000000000000000e+00
-2.666633701922944244e+00 4.488310191430546325e+00 0.000000000000000000e+00
-3.031409137068825199e+00 -6.126612069584261633e+00 0.000000000000000000e+00
1.110415269173818409e+01 1.520102528040548151e+01 0.000000000000000000e+00
3.565399232081014613e+00 7.630450606640583722e+00 0.000000000000000000e+00
-8.563219664522653929e+00 6.782358657598683394e+00 0.000000000000000000e+00
-4.902836137579877906e+00 1.713653885251326159e+01 0.000000000000000000e+00
1.394030373685087376e+01 1.097512901010941633e+01 0.000000000000000000e+00
-4.852968179309438135e+00 1.178224948670210459e+01 0.000000000000000000e+00
-1.682019664054951136e+01 -8.625718766977145791e+00 0.000000000000000000e+00
-7.171289400004796200e+00 -1.219558968679445243e+01 0.000000000000000000e+00
-1.703643505041387485e+01 -6.806856203623716794e+00 0.000000000000000000e+00
-7.811387838262978889e+00 9.568725924996504872e+00 0.000000000000000000e+00
-9.690452221045722681e+00 1.047345567369642083e+01 0.000000000000000000e+00
9.225576277138507919e+00 1.219785421353994792e+01 0.000000000000000000e+00
-4.278419050601712570e+00 -1.056441226304328929e+01 0.000000000000000000e+00
-4.782447947040840752e+00 3.618870026975042009e+00 0.000000000000000000e+00
1.829155863696596640e+01 -2.903934828209949082e+00 0.000000000000000000e+00
1.377886494490622615e+00 -1.886735891979249402e+01 0.000000000000000000e+00
9.594181075464565112e+00 -1.619300839197989283e+00 0.000000000000000000e+00
-5.275325647765025217e+00 1.092703970554115278e+00 0.000000000000000000e+00
1.013541814399210317e+00 -1.425022023009306515e+01 0.000000000000000000e+00
1.646206255472768376e+01 -8.817928886335238303e+00 0.000000000000000000e+00
3.286379906129414774e+00 -1.255170313370626367e+01 0.000000000000000000e+00
6.228327375025950907e+00 1.740623081344199719e+01 0.000000000000000000e+00
4.123132411116411156e+00 -9.511508995984240045e+00 0.000000000000000000e+00
1.392690732356152949e+01 5.681477164701295379e+00 0.000000000000000000e+00
-7.606125114805980303e+00 3.038568042200439079e-01 0.000000000000000000e+00
-2.713274394228232911e+00 6.824334623475730055e+00 0.000000000000000000e+00
1.247554296226046233e+01 -4.238900068309799707e+00 0.000000000000000000e+00
1.784833334946174910e+00 2.484657298626877342e+00 0.000000000000000000e+00
1.810949523449562903e+01 2.878135788855937349e+00 0.000000000000000000e+00
2.003753718151079610e+00 4.135653391980331217e-01 0.000000000000000000e+00
1.100381054130218672e+01 -1.288622467405379801e+01 0.000000000000000000e+00
1.663958679205537861e+00 -2.290417738653621527e+00 0.000000000000000000e+00
-9.413261758371529453e+00 -1.061482980703213741e+01 0.000000000000000000e+00
-1.166654520276143181e+01 -1.469905682650756162e+01 0.000000000000000000e+00
1.222357018942888729e+01 1.436647118479948172e-02 0.000000000000000000e+00
1.108952623136423910e+01 1.042818069802913961e+01 0.000000000000000000e+00
1.655427852388211463e+01 -6.743171624390631891e+00 0.000000000000000000e+00
4.237830589699884132e-01 -5.673513793657102511e+00 0.000000000000000000e+00
-1.153113075870334514e+00 -1.895640663675834503e+01 0.000000000000000000e+00
3.304354826496113340e+00 -7.793225952331124251e-01 0.000000000000000000e+00
-5.943824055688685881e+00 -7.514215620164338638e+00 0.000000000000000000e+00
-1.240501152879649283e+01 -8.993454369445093022e+00 0.000000000000000000e+00
3.559884252215195222e+00 -1.507214490010151486e+01 0.000000000000000000e+00
1.358225714948715002e+01 -6.290449781657716954e+00 0.000000000000000000e+00
-8.200099385779495265e+00 -4.220616534702441136e+00 0.000000000000000000e+00
1.281753885035631768e+01 3.056963262890800337e+00 0.000000000000000000e+00
7.926983710321558796e+00 1.430025329260507849e+00 0.000000000000000000e+00
-1.363996843977919760e+01 1.316570163863775988e+01 0.000000000000000000e+00
-2.198728462655359817e+00 9.833183464400772067e+00 0.000000000000000000e+00
-1.691376260482333294e+01 -1.017472398962997460e+00 0.000000000000000000e+00
5.453877346169422324e+00 1.079818983805044574e+01 0.000000000000000000e+00
1.209114605724907854e+01 1.155669897028240456e+01 0.000000000000000000e+00
8.085885451103331789e+00 -3.023696678925483772e-01 0.000000000000000000e+00
