-7.258901957016107076e+00 -2.960599837972831327e+00 0.000000000000000000e+00
-1.313156576185515689e+01 4.091355297077289288e-01 0.000000000000000000e+00
-1.415409640532069169e+01 -7.608320679234985562e+00 0.000000000000000000e+00
-6.901268564510413484e+00 7.624752195550702716e+00 0.000000000000000000e+00
-7.033443533189319474e+00 1.590330240134314543e+01 0.000000000000000000e+00
-1.416166408993224124e+01 6.603999193401628887e+00 0.000000000000000000e+00
1.285046152875539072e+01 -9.046590798389390287e+00 0.000000000000000000e+00
9.072346156924129268e-01 -1.632001907047987999e+01 0.000000000000000000e+00
1.378842225372527208e+00 1.107921215493046851e+01 0.000000000000000000e+00
1.438662706689372506e+01 1.603268660079110619e+00 0.000000000000000000e+00
-9.352334390367925465e+00 1.392928271629370229e+01 0.000000000000000000e+00
1.059093126358384929e+01 5.560043355042810553e+00 0.000000000000000000e+00
-1.901499459348866328e+00 -5.056930371901589005e+00 0.000000000000000000e+00
-2.005307773746985767e+00 -1.683446864733734216e+01 0.000000000000000000e+00
-6.541536941357372292e+00 2.854203599006481351e+00 0.000000000000000000e+00
-3.954130679621866928e+00 6.981554914259257671e+00 0.000000000000000000e+00
-1.534833424551065306e+00 3.029633206648673305e+00 0.000000000000000000e+00
-5.782800731850411324e+00 -1.371493594182673270e+01 0.000000000000000000e+00
1.536490400644726861e+00 -8.541582483718757501e+00 0.000000000000000000e+00
1.339793268526918801e+01 -1.641090782827402395e+00 0.000000000000000000e+00
-1.174602254376408084e+01 -1.559327532561270102e+00 0.000000000000000000e+00
-1.057552609815047440e+01 1.100580733554478918e+01 0.000000000000000000e+00
4.014496913368763131e+00 1.281617410175162952e+01 0.000000000000000000e+00
-7.520749556123205615e+00 9.379266143387470223e+00 0.000000000000000000e+00
-5.406178222344306228e+00 1.015795991765689976e+01 0.000000000000000000e+00
-1.128952438005073411e+01 -8.742897788608857468e+00 0.000000000000000000e+00
1.096331934199352043e+00 8.545365454443329511e+00 0.000000000000000000e+00
-1.437321541292363447e+00 -1.486801967389939705e+01 0.000000000000000000e+00
1.149325816051483251e+01 -3.723444361814308490e+00 0.000000000000000000e+00
-1.612574678355542801e-01 9.548025443391107148e-01 0.000000000000000000e+00
-1.077291263202481097e+01 2.014375915742821821e+00 0.000000000000000000e+00
9.099895831464930751e+00 -1.424649602818799998e+01 0.000000000000000000e+00
-2.738328638897455924e+00 1.779857376044579886e-01 0.000000000000000000e+00
1.451914746061992467e+01 4.045381979518633209e+00 0.000000000000000000e+00
9.159803358738259904e-01 4.519957800137381021e+00 0.000000000000000000e+00
-5.229975828224816325e+00 -7.165561450283619571e+00 0.000000000000000000e+00
-9.687532656082071369e+00 -5.393780004465803302e+00 0.000000000000000000e+00
1.647371642615949838e+01 1.995713513835432884e-01 0.000000000000000000e+00
8.586791261155054755e+00 -6.177251032033966638e+00 0.000000000000000000e+00
9.162590544758597577e-01 -1.078242734140138159e+00 0.000000000000000000e+00
4.203620526897697829e+00 7.629254541625506647e+00 0.000000000000000000e+00
-9.824051927602429624e-01 1.191609619119681973e+01 0.000000000000000000e+00
-3.094883244783129150e+00 -1.295153640956410612e+01 0.000000000000000000e+00
1.639734618056380100e+01 5.603217020054748865e+00 0.000000000000000000e+00
-1.196746419593210220e+01 9.936606067252736096e+00 0.000000000000000000e+00
2.350219892752789974e+00 -6.232540015857015447e+00 0.000000000000000000e+00
-7.673038734871481026e+00 -1.067201336157550706e+01 0.000000000000000000e+00
7.197368890789936025e+00 -5.507331179928524056e-01 0.000000000000000000e+00
1.118250063074910194e+01 1.000399886152216977e+00 0.000000000000000000e+00
-3.401393045650561442e-01 -2.556968760929436257e+00 0.000000000000000000e+00
-9.366412369751403233e+00 -1.074544090694548437e+01 0.000000000000000000e+00
-9.277807543505694809e+00 -1.318031429500214635e+01 0.000000000000000000e+00
-9.265377034106403897e+00 1.206923887663887029e+01 0.000000000000000000e+00
1.063079245726994237e+01 1.144114573088341302e+01 0.000000000000000000e+00
1.298004505026604427e+01 2.568652762725768479e+00 0.000000000000000000e+00
2.547494839528362753e+00 1.709509112028455391e+01 0.000000000000000000e+00
1.553690556200689699e+01 -5.375716094984464455e+00 0.000000000000000000e+00
7.942259105380071738e+00 5.405202247495935808e+00 0.000000000000000000e+00
-1.490627457341209450e+01 -1.319395516659895851e+00 0.000000000000000000e+00
-1.303649181269395818e+01 4.917047990976109340e+00 0.000000000000000000e+00
-5.906275037873403910e+00 -1.565716230109598861e+01 0.000000000000000000e+00
4.640896775479873781e+00 -5.671688293634686850e+00 0.000000000000000000e+00
-9.120963593887781329e+00 8.320528770988984135e+00 0.000000000000000000e+00
2.594242117795135805e+00 1.123845326437807879e+00 0.000000000000000000e+00
3.793958203097653303e+00 -1.544710954242079737e+01 0.000000000000000000e+00
-8.838100447583189023e+00 -7.412702500186630905e-01 0.000000000000000000e+00
-1.507418722570564462e+01 -5.877186540716231811e+00 0.000000000000000000e+00
6.559375920369359569e+00 1.468157652358098630e+01 0.000000000000000000e+00
-1.010128682027994351e+01 5.401495000183559547e+00 0.000000000000000000e+00
1.455024249552831250e+01 -4.062215600819005346e+00 0.000000000000000000e+00
1.417097983208731726e+01 9.603379790839653651e+00 0.000000000000000000e+00
7.557573305978278810e+00 -4.490386902071310971e+00 0.000000000000000000e+00
-1.460374292363831206e+00 1.039391974994327761e+01 0.000000000000000000e+00
-1.419818066787171240e+01 -9.631862324638573725e+00 0.000000000000000000e+00
1.296386258582518280e+01 7.145113652358584311e+00 0.000000000000000000e+00
-1.494591649872317163e+01 3.612212559929067979e+00 0.000000000000000000e+00
3.381976422505182711e+00 -3.578030719966211137e+00 0.000000000000000000e+00
5.979471016121525651e+00 -2.782482544476469588e+00 0.000000000000000000e+00
-7.424841782855426509e+00 1.287964435827225884e+01 0.000000000000000000e+00
6.468874268534400507e+00 1.264653789378079374e+01 0.000000000000000000e+00
-7.864997225215287990e+00 6.214131952893912070e-01 0.000000000000000000e+00
-6.602185419478314721e+00 -1.159861877914235562e+00 0.000000000000000000e+00
8.958605770222302311e+00 1.679653690212208117e+00 0.000000000000000000e+00
6.350651210323441376e+00 9.468903739217994442e+00 0.000000000000000000e+00
3.053460698903294634e+00 6.341612906215314815e+00 0.000000000000000000e+00
9.624975754966031971e+00 -2.890054676786752541e+00 0.000000000000000000e+00
9.004435347282145230e+00 7.174966124660820732e+00 0.000000000000000000e+00
3.334120593366485252e+00 -2.002471374593586262e+00 0.000000000000000000e+00
-9.066865227203627087e-02 1.377652713621962377e+01 0.000000000000000000e+00
4.813472326680632296e-01 -3.978139253787510654e+00 0.000000000000000000e+00
5.187778462773230181e+00 2.190958478928526798e+00 0.000000000000000000e+00
-5.065777608501648821e+00 1.284370500437752760e+01 0.000000000000000000e+00
9.078698534906420647e+00 4.005432583056487417e+00 0.000000000000000000e+00
1.095175503140859163e+01 -1.314902116469086124e+01 0.000000000000000000e+00
-4.055962507057513378e+00 -1.506363452179073725e+01 0.000000000000000000e+00
-3.079561035707049754e+00 -2.642768994944625138e+00 0.000000000000000000e+00
-7.265851822078691846e+00 -8.383648437933116426e+00 0.000000000000000000e+00
-1.507566473030424170e+01 8.692064676683297630e-01 0.000000000000000000e+00
-4.935545684998811744e+00 -9.950519439032616376e+00 0.000000000000000000e+00
1.126864655832956075e+01 3.834710603561361619e+00 0.000000000000000000e+00
-1.311020692835787216e+01 8.450153736858714737e+00 0.000000000000000000e+00
1.034712334078154683e+01 9.159009268824437555e+00 0.000000000000000000e+00
1.023075147226790299e-01 -5.454681159949472224e+00 0.000000000000000000e+00
1.204668763004560894e+01 9.092170392390034550e+00 0.000000000000000000e+00
-5.051626983305798291e+00 1.543526283305825508e+01 0.000000000000000000e+00
-7.879036815305905384e-01 5.206793857683432947e+00 0.000000000000000000e+00
-3.943205977322752798e+00 -8.562094281209406077e+00 0.000000000000000000e+00
-1.622898362135720518e+01 -3.280914748960454652e+00 0.000000000000000000e+00
-6.705961602764073604e+00 -1.235241427791744329e+01 0.000000000000000000e+00
8.853576448124645282e+00 -9.218543088713367695e+00 0.000000000000000000e+00
1.333331260190700895e+01 -7.204112041533111466e+00 0.000000000000000000e+00
-1.098180522372186552e+01 3.934598427140482801e+00 0.000000000000000000e+00
-1.155366172815358006e+01 6.584038355483630589e+00 0.000000000000000000e+00
1.703983829976617681e+00 1.476821787883864268e+01 0.000000000000000000e+00
-1.607632373357294142e+01 2.325128415847493191e+00 0.000000000000000000e+00
-4.913601223765212467e+00 -1.460048519216768259e+00 0.000000000000000000e+00
9.705591402662600231e+00 -1.069028965991075708e+01 0.000000000000000000e+00
2.675192140647509653e+00 -1.344854214127472858e+01 0.000000000000000000e+00
-9.958529702539312689e-01 -6.852831276270689109e+00 0.000000000000000000e+00
-8.186602344141026277e-01 -8.903474160013604699e-01 0.000000000000000000e+00
-3.586331156535129239e+00 8.971843783127679828e+00 0.000000000000000000e+00
-8.362934187920441076e+00 -1.501485884486314148e+01 0.000000000000000000e+00
3.227626999831542776e+00 1.082501930421232927e+01 0.000000000000000000e+00
-9.813330365173859704e+00 -7.744766926418101605e+00 0.000000000000000000e+00
9.335919050250984341e+00 1.442718186795013580e+01 0.000000000000000000e+00
5.954640729345713979e+00 -1.053758264965430946e+01 0.000000000000000000e+00
4.599920562731217188e+00 1.482444489904697882e+01 0.000000000000000000e+00
-3.100475008201017957e+00 1.714666090903775242e+01 0.000000000000000000e+00
1.035278719389693158e+01 -5.723243670893140234e+00 0.000000000000000000e+00
-1.305619920206438600e+01 -1.121820969643459520e+01 0.000000000000000000e+00
-4.117076499191884231e+00 2.383812242153262151e+00 0.000000000000000000e+00
1.269286535279460004e+01 5.523770450657558229e+00 0.000000000000000000e+00
-1.137769797630724611e+01 8.152262313732803634e+00 0.000000000000000000e+00
-7.053620870602899551e+00 -5.608951821148058237e+00 0.000000000000000000e+00
7.307342001817783483e+00 1.589668419672433997e+00 0.000000000000000000e+00
1.558180625770883587e+01 -2.653639649627136166e+00 0.000000000000000000e+00
4.590920743427011175e+00 1.668276264749409776e+01 0.000000000000000000e+00
-2.541530611793691233e-02 -9.483212494964721628e+00 0.000000000000000000e+00
4.257718472117451469e+00 3.699595149483369205e+00 0.000000000000000000e+00
1.799675826385904509e+00 -1.050331582122918128e+01 0.000000000000000000e+00
4.540797767797978501e+00 -1.351311089150816969e+01 0.000000000000000000e+00
4.179814026736187849e+00 -9.736578933775941636e+00 0.000000000000000000e+00
5.752324522117389982e+00 6.113890134262895515e+00 0.000000000000000000e+00
-2.941515694027515337e+00 1.451154970571613667e+01 0.000000000000000000e+00
-1.005359471019351503e+01 -1.883790684693246620e+00 0.000000000000000000e+00
-8.994459932896738508e+00 -9.105581222522395990e+00 0.000000000000000000e+00
-3.475928915735513325e+00 1.069648557290022950e+01 0.000000000000000000e+00
1.474622391326625426e+01 -8.124299761699459665e+00 0.000000000000000000e+00
-1.627355056247322407e-01 1.677110705207072172e+01 0.000000000000000000e+00
-1.181571390632311847e+01 1.219532078081921789e+01 0.000000000000000000e+00
-1.235102128132526111e+01 3.264383839932594178e+00 0.000000000000000000e+00
-1.122215000689645947e+01 -1.078811503691077078e+01 0.000000000000000000e+00
-1.696199665168397530e+01 -1.758568838544144475e+00 0.000000000000000000e+00
7.934541957175288651e+00 1.167849059416949764e+01 0.000000000000000000e+00
-5.117800206484058201e+00 -4.904639246017931775e+00 0.000000000000000000e+00
-1.172692126687599057e+01 -6.401747706574274055e+00 0.000000000000000000e+00
-4.038035447298259584e+00 4.098623574751548482e+00 0.000000000000000000e+00
-2.001054253397308358e+00 1.574511927865649774e+01 0.000000000000000000e+00
6.185811188400551330e+00 -1.477057357820989125e+01 0.000000000000000000e+00
1.601360157118450189e+01 3.634660174781032094e+00 0.000000000000000000e+00
-1.460246308181208796e+01 -4.355185615074026906e+00 0.000000000000000000e+00
-1.893983052858984495e+00 -1.022461035429245158e+01 0.000000000000000000e+00
4.822111643143989212e+00 -7.780676774271550578e+00 0.000000000000000000e+00
-1.579866265625310895e+01 -7.322968260591564693e+00 0.000000000000000000e+00
-4.260105607035538533e+00 2.444303250628595547e-01 0.000000000000000000e+00
4.940218268722715855e+00 1.043030456337787015e+01 0.000000000000000000e+00
8.034514083657137817e+00 9.416829591222361628e+00 0.000000000000000000e+00
1.070471647085353695e+00 -1.265820739343355328e+01 0.000000000000000000e+00
-1.596867754804410566e+00 8.688383160370843683e+00 0.000000000000000000e+00
-9.068749478243097073e+00 2.086726242755763128e+00 0.000000000000000000e+00
-8.039196414284210945e+00 -6.812466128720758185e+00 0.000000000000000000e+00
-3.194816539425791913e+00 -6.759733290819619711e+00 0.000000000000000000e+00
9.400778141955363765e+00 1.237546352587558296e+01 0.000000000000000000e+00
-1.187758513125852033e+01 -4.325425460285710066e+00 0.000000000000000000e+00
-1.415658347268960604e+01 1.021041901612726122e+01 0.000000000000000000e+00
-7.337037234962458854e+00 4.563034502809757420e+00 0.000000000000000000e+00
1.152001853424693500e+01 1.310889055022710892e+01 0.000000000000000000e+00
-1.317915379747540072e+01 -3.350024690088559076e+00 0.000000000000000000e+00
7.050938317111466347e+00 -1.236056498224143141e+01 0.000000000000000000e+00
2.497406688890430715e+00 9.335430120416758015e+00 0.000000000000000000e+00
-8.913217103064717151e+00 1.053527386202431870e+01 0.000000000000000000e+00
-3.102342730832684303e+00 -1.115105329953449065e+01 0.000000000000000000e+00
1.142666060413493767e+01 -1.170946666351390064e+01 0.000000000000000000e+00
-1.523120674607869951e+01 7.841390479519896317e+00 0.000000000000000000e+00
9.699755040426081720e+00 -7.600393851891972474e+00 0.000000000000000000e+00
4.691735654850180737e+00 -1.174684059240084721e+01 0.000000000000000000e+00
1.391896381288461049e-01 -1.399613283631167171e+01 0.000000000000000000e+00
3.387797445813838237e-01 3.028683373025986114e+00 0.000000000000000000e+00
-1.395219630758966467e+01 2.125331071471038502e+00 0.000000000000000000e+00
-1.478401366436614239e+00 -8.412845171109344378e+00 0.000000000000000000e+00
-1.654680185039260820e+01 5.662002377587371349e+00 0.000000000000000000e+00
1.474442872234331148e+01 6.513390059281756628e+00 0.000000000000000000e+00
-3.445901238691570168e+00 -4.941518551219928668e+00 0.000000000000000000e+00
-9.264313681650916621e+00 -3.221840332889160052e+00 0.000000000000000000e+00
7.110141344088975579e+00 -6.770075933169335869e+00 0.000000000000000000e+00
-1.717937287954991277e+01 7.816276040120655466e-01 0.000000000000000000e+00
5.046830016925508033e+00 -1.651353483997016625e+01 0.000000000000000000e+00
-5.949168605822355183e+00 4.457017525361120502e-01 0.000000000000000000e+00
5.714858605253514412e+00 4.782865893583398420e-01 0.000000000000000000e+00
1.231813224265761342e+01 -5.378183331295912417e+00 0.000000000000000000e+00
-1.116231619227050587e+01 3.694118652420117499e-01 0.000000000000000000e+00
-4.558636207933211892e+00 -3.057640150859365580e+00 0.000000000000000000e+00
6.808774025472954960e+00 3.107290764398019878e+00 0.000000000000000000e+00
1.443823213452608201e+01 -9.824923790773052446e+00 0.000000000000000000e+00
2.453397090380826207e+00 -5.048037379635790245e-01 0.000000000000000000e+00
6.187766562796145564e+00 -5.368982140205086573e+00 0.000000000000000000e+00
-1.926961231769326321e+00 1.323749344751225543e+01 0.000000000000000000e+00
1.135764303078049231e+01 -8.435669216985445473e+00 0.000000000000000000e+00
-1.080316524918689502e+01 -1.276735719397586699e+01 0.000000000000000000e+00
1.696616589737568859e+01 2.327964439944021802e+00 0.000000000000000000e+00
1.491884346813669326e+00 -1.484199801779364059e+01 0.000000000000000000e+00
1.292990455110524195e+01 7.715860539089041126e-01 0.000000000000000000e+00
1.138794152377739621e+01 7.300736975764704262e+00 0.000000000000000000e+00
7.064841407723607247e+00 -9.193317465873574790e+00 0.000000000000000000e+00
-1.659491426217454446e+01 -5.440973593755044746e+00 0.000000000000000000e+00
1.643283381937556520e+00 -2.823339293748392986e+00 0.000000000000000000e+00
1.686547253828369008e+01 -1.320305770073950224e+00 0.000000000000000000e+00
-1.489980006378148936e+01 5.202580748159006063e+00 0.000000000000000000e+00
-1.853364218918409190e+00 -1.199380883757591931e+01 0.000000000000000000e+00
4.096677796787322023e+00 -2.932381086331106168e-01 0.000000000000000000e+00
7.334749004574348419e+00 7.846334485816704785e+00 0.000000000000000000e+00
-1.252553871798710006e+01 -9.810080267632853790e+00 0.000000000000000000e+00
-2.338631758948856554e+00 5.206761976137523895e+00 0.000000000000000000e+00
3.295650137447752925e+00 -7.687922401254663640e+00 0.000000000000000000e+00
-4.388641359953864729e+00 -1.208376787665593000e+01 0.000000000000000000e+00
-1.325151785661480552e+01 -5.908989168637947209e+00 0.000000000000000000e+00
2.040249896561087795e+00 1.327098846799159659e+01 0.000000000000000000e+00
-8.390003627875755043e+00 6.892740936800579199e+00 0.000000000000000000e+00
-6.613965309606141041e+00 1.141099251414311055e+01 0.000000000000000000e+00
1.005770833257746943e+01 -5.834147185397662305e-01 0.000000000000000000e+00
7.453998965897793205e+00 -2.329721757561781903e+00 0.000000000000000000e+00
8.416520161603764372e-01 -6.812056477512215658e+00 0.000000000000000000e+00
2.500987567158935665e+00 3.465518612813461186e+00 0.000000000000000000e+00
1.461504225675868440e+01 -5.527438490432698970e-01 0.000000000000000000e+00
7.779561938641216479e+00 1.362843118630212125e+01 0.000000000000000000e+00
-9.079478798315143706e+00 4.035194167747319760e+00 0.000000000000000000e+00
6.476541296986312979e+00 1.107131500341178487e+01 0.000000000000000000e+00
3.170088778448855837e+00 -1.176792974425645966e+01 0.000000000000000000e+00
1.698872046884378051e+01 -3.808794670462568810e+00 0.000000000000000000e+00
-5.880014072128095570e+00 5.079725974456899884e+00 0.000000000000000000e+00
1.519714348326465014e+01 8.121749479182783560e+00 0.000000000000000000e+00
2.301808409372859410e-01 7.152598994356883289e+00 0.000000000000000000e+00
1.187106622090933428e+01 -4.450841177142226268e-01 0.000000000000000000e+00
1.339080059517413979e+01 1.107876224675072407e+01 0.000000000000000000e+00
7.615170508652139958e+00 -1.560677872751080386e+01 0.000000000000000000e+00
8.624356828930119789e+00 -1.175319776950674999e+01 0.000000000000000000e+00
1.298733683812258199e+01 -3.242961537828280782e+00 0.000000000000000000e+00
-3.493083394636543382e+00 -1.653767932501347815e+01 0.000000000000000000e+00
1.385930646653436848e-02 -1.149636306167084498e+01 0.000000000000000000e+00
-8.032209283118769250e+00 1.470852551009814491e+01 0.000000000000000000e+00
-1.375323529304317560e+00 7.015978970075665622e+00 0.000000000000000000e+00
4.142766938770383156e+00 5.255224358983553223e+00 0.000000000000000000e+00
6.511702360844330961e+00 4.748401962805129273e+00 0.000000000000000000e+00
-5.060768597124077672e+00 8.660517264540830595e+00 0.000000000000000000e+00
-6.376798011511021436e+00 1.435001304057650096e+01 0.000000000000000000e+00
1.575455747149848484e+01 -6.901401705607510095e+00 0.000000000000000000e+00
