3.761218829849814593e+00 1.287839322825819366e+01 0.000000000000000000e+00
1.122198959052365907e+01 1.284276706536295976e+01 0.000000000000000000e+00
-2.320927512083704070e+00 1.092379294889560981e+01 0.000000000000000000e+00
-1.146860143956162048e+01 1.161959616384987903e+01 0.000000000000000000e+00
7.696026014631097034e+00 -7.705107999392445173e+00 0.000000000000000000e+00
6.210742092134987402e+00 -9.628129627921781619e+00 0.000000000000000000e+00
6.549286378880437631e+00 -1.134411396274552075e+01 0.000000000000000000e+00
1.227572470273888072e+01 2.557468111381110187e+00 0.000000000000000000e+00
-5.614101405434017700e+00 -9.041283014429453146e+00 0.000000000000000000e+00
1.294686906234287704e+01 -1.156468302041228213e+01 0.000000000000000000e+00
-8.054867382206083448e+00 -1.394763960915067003e+01 0.000000000000000000e+00
9.834353544681086134e+00 6.454082160490774989e+00 0.000000000000000000e+00
-1.268906930861612326e+00 -3.577300823972405563e+00 0.000000000000000000e+00
2.650752385338189576e+00 5.565695644944907983e+00 0.000000000000000000e+00
9.431652818721554254e+00 -8.384171207591677444e+00 0.000000000000000000e+00
-3.705974804947975265e+00 -1.184795847909665056e+01 0.000000000000000000e+00
-6.646444266963708714e+00 6.688038640168385562e+00 0.000000000000000000e+00
8.443877418574672333e+00 -5.353138660501203461e+00 0.000000000000000000e+00
8.533618905960308254e+00 3.478410755448914315e+00 0.000000000000000000e+00
7.993220745366623525e+00 -4.913282785495176608e-01 0.000000000000000000e+00
1.009916917018658999e+01 -5.254500780013668937e+00 0.000000000000000000e+00
-8.215041053913273217e+00 -1.048730006183357943e+01 0.000000000000000000e+00
1.395161458295951284e+01 -9.764715699760410317e+00 0.000000000000000000e+00
9.274714315726592773e+00 -1.118259067677765906e+01 0.000000000000000000e+00
-1.348004169591953527e+01 6.599736392592682854e+00 0.000000000000000000e+00
-1.445508627693046400e+01 -6.572419049711240024e-01 0.000000000000000000e+00
-7.995417586152584466e-01 -1.283717451650379182e+01 0.000000000000000000e+00
9.475127514797989647e+00 1.208007209976485008e+01 0.000000000000000000e+00
-7.251441101125193356e-01 9.371828730784320882e+00 0.000000000000000000e+00
-4.209237273189199158e+00 1.624687472074715799e+01 0.000000000000000000e+00
6.473998052223173261e+00 -7.106811228051708174e-01 0.000000000000000000e+00
8.418798066483720532e+00 1.346268766032099862e+01 0.000000000000000000e+00
1.792174650581105144e+00 -1.208242230641462811e+01 0.000000000000000000e+00
-6.231306480403946857e+00 -1.620949457178659259e+01 0.000000000000000000e+00
-1.672965368667890829e+01 -3.157058404458163547e+00 0.000000000000000000e+00
-5.638151944179566222e+00 -1.393254496560430988e+00 0.000000000000000000e+00
1.564983053451313921e+01 -5.416997231203185770e+00 0.000000000000000000e+00
-3.365330946661337475e+00 6.059037805283558953e+00 0.000000000000000000e+00
-7.022231972136537159e+00 3.642076342313174120e+00 0.000000000000000000e+00
4.119528999995289098e+00 -1.118905008635499065e+01 0.000000000000000000e+00
2.727758673901732323e+00 -1.546864184659406938e+01 0.000000000000000000e+00
-4.594387788967058128e+00 -7.375837411242772035e+00 0.000000000000000000e+00
1.165473257707265731e+01 3.986190779210281310e+00 0.000000000000000000e+00
1.611806287079829048e+01 -3.881970493154620172e+00 0.000000000000000000e+00
-1.096925199410093699e+00 -8.868374506356333953e+00 0.000000000000000000e+00
2.513784598518894242e+00 -4.602106497366324156e+00 0.000000000000000000e+00
1.277456350503724813e+01 -2.999235339191419492e+00 0.000000000000000000e+00
-1.239309701945501097e+01 -8.978965158979896444e+00 0.000000000000000000e+00
-9.472021641791570801e+00 -3.556392844579954193e+00 0.000000000000000000e+00
4.166836786331556297e+00 -1.663177811087898661e+01 0.000000000000000000e+00
-1.580459352181430077e+01 2.816543056876941620e+00 0.000000000000000000e+00
1.861994753487826282e+00 6.508488408573818162e-01 0.000000000000000000e+00
-6.637421661563445152e-01 1.614834844103489075e+01 0.000000000000000000e+00
-8.840529421982378011e+00 8.305102155253289098e+00 0.000000000000000000e+00
-8.834382593011646634e+00 1.337781515031493740e+01 0.000000000000000000e+00
-2.934716843251766960e+00 1.249009698790906775e+01 0.000000000000000000e+00
-9.383059277832122014e-01 1.387454070876954049e+01 0.000000000000000000e+00
-1.233390344114079618e+01 1.538904718808999483e+00 0.000000000000000000e+00
-5.098307495328856520e-01 2.705734257576634327e+00 0.000000000000000000e+00
1.188279553823333501e+01 -5.957584950527387235e+00 0.000000000000000000e+00
1.455543610916162223e+01 -7.649222309776569695e+00 0.000000000000000000e+00
-2.334657293632609321e+00 4.834967215366016369e+00 0.000000000000000000e+00
3.391616617197059647e-01 -2.510642554587617870e+00 0.000000000000000000e+00
3.952968731746760778e+00 1.680378388244783494e+01 0.000000000000000000e+00
-1.275358490642863052e-01 5.062399918870603699e-01 0.000000000000000000e+00
1.563317158227445436e+00 -8.692843189811741311e+00 0.000000000000000000e+00
-1.651097850507730413e+01 5.351912094771166473e+00 0.000000000000000000e+00
5.886394920883287085e+00 1.022777379499508754e+01 0.000000000000000000e+00
-1.090161079130932364e+01 -4.253580231898460795e+00 0.000000000000000000e+00
7.791503980100472404e+00 -9.202133579450954670e+00 0.000000000000000000e+00
-2.275381551576015848e+00 9.383068399628548661e+00 0.000000000000000000e+00
-5.280746198137322267e+00 5.651998717480236856e+00 0.000000000000000000e+00
1.405262317442062603e+01 6.646361880290895030e+00 0.000000000000000000e+00
-1.295261290742354632e+01 8.260957217419512943e+00 0.000000000000000000e+00
5.897003223639835312e+00 -4.970235631597096138e+00 0.000000000000000000e+00
1.665005919504225673e+01 4.051906106360570803e+00 0.000000000000000000e+00
8.186124717845117971e+00 -3.198951074335078193e+00 0.000000000000000000e+00
-3.259091125143577017e+00 -4.933633895085173471e+00 0.000000000000000000e+00
1.117320206128559157e+01 7.416141947629358633e+00 0.000000000000000000e+00
6.120758721347693054e+00 5.657990120848929827e+00 0.000000000000000000e+00
-3.078420560484580903e+00 1.639301511018156354e+00 0.000000000000000000e+00
-1.087505859344023484e+01 8.850290752151446227e+00 0.000000000000000000e+00
-9.970398672422263076e+00 1.232612349573060051e+01 0.000000000000000000e+00
1.159476580955162284e+01 -9.789418669936763351e+00 0.000000000000000000e+00
-6.067584806431105982e+00 1.275972091172848444e+01 0.000000000000000000e+00
-1.114153219066089662e+01 4.896249007530782293e+00 0.000000000000000000e+00
-1.978392214479516742e+00 -1.718137137014479165e+01 0.000000000000000000e+00
5.333190454444484807e+00 -1.231493226583095968e+01 0.000000000000000000e+00
-1.574186491005597155e+01 -5.636554194468880397e+00 0.000000000000000000e+00
8.428336810754238684e+00 1.711793101274285744e+00 0.000000000000000000e+00
1.697228860319690824e+01 1.567442330793097582e+00 0.000000000000000000e+00
7.608441470932644002e+00 7.831007162888973028e+00 0.000000000000000000e+00
1.382140135190655172e+01 -4.803941234455755271e+00 0.000000000000000000e+00
9.064621608990039547e+00 -1.316653099930275594e+01 0.000000000000000000e+00
-1.269556983188143562e+01 1.028779341798455604e+01 0.000000000000000000e+00
-3.213801592348115022e-01 -1.511753902807082284e+01 0.000000000000000000e+00
1.505864092661266973e+01 6.554806139479076865e-01 0.000000000000000000e+00
2.097179821998530702e+00 1.427129625889467057e+01 0.000000000000000000e+00
1.133282156516103534e+01 -4.051267220438234951e+00 0.000000000000000000e+00
-7.397365455918926358e+00 -6.171836877459242032e+00 0.000000000000000000e+00
2.129271213638981752e+00 1.014046798237674096e+01 0.000000000000000000e+00
1.119489378744385100e+01 -1.709141084464884108e-01 0.000000000000000000e+00
4.265150841318744668e+00 6.341025919611462669e+00 0.000000000000000000e+00
1.267599192499427119e+01 -1.298127965706607156e+00 0.000000000000000000e+00
4.335447464614950341e+00 -4.265379114748617972e+00 0.000000000000000000e+00
-4.214351391721850248e+00 -1.355923135835897853e+01 0.000000000000000000e+00
-8.552435633477431409e+00 4.869986850901386610e+00 0.000000000000000000e+00
-4.662449937521300214e+00 -3.240053075272530503e+00 0.000000000000000000e+00
1.186981121937207423e-01 -1.706901944795334103e+01 0.000000000000000000e+00
-7.105301742141615584e+00 -6.899123300064319286e-01 0.000000000000000000e+00
6.857370016983440841e+00 -1.316656380206527288e+01 0.000000000000000000e+00
-1.875530503597728105e+00 7.912465767806463823e+00 0.000000000000000000e+00
1.701017845485236180e+01 -1.733746773854559997e+00 0.000000000000000000e+00
-9.626072185287444682e+00 -3.551386477549756115e-01 0.000000000000000000e+00
1.065548575534534237e+01 1.003163831357239388e+01 0.000000000000000000e+00
5.227978431555553307e+00 7.620116197393064894e+00 0.000000000000000000e+00
2.318466920722496383e+00 1.667181896242836814e+01 0.000000000000000000e+00
1.339397181644368473e+01 2.948690846750968153e-01 0.000000000000000000e+00
-6.065612802250805125e+00 -7.035363494082893965e+00 0.000000000000000000e+00
-4.474130995870894800e+00 3.101757748719113472e+00 0.000000000000000000e+00
-6.491151892932708556e+00 -1.086793170620835625e+01 0.000000000000000000e+00
4.685405765196843930e+00 -2.770476741801156439e+00 0.000000000000000000e+00
3.893936313595349308e+00 -6.762138666158856282e+00 0.000000000000000000e+00
2.593236389878143644e+00 3.133922347776150197e+00 0.000000000000000000e+00
4.273065579616948995e+00 -9.023476044714772826e+00 0.000000000000000000e+00
-1.006079595182231579e+01 -1.036070579266851688e+01 0.000000000000000000e+00
6.209968858987195972e+00 -1.587961827736686438e+01 0.000000000000000000e+00
1.389942434564625273e+01 2.425138069027408694e+00 0.000000000000000000e+00
2.714677915262564967e-01 -1.105954954867603668e+01 0.000000000000000000e+00
-5.937678245438184454e+00 -1.331051656254797066e+01 0.000000000000000000e+00
-1.325043167875180750e+01 -1.108649385283524680e+01 0.000000000000000000e+00
-1.268634603963385343e+00 -6.549697066481333430e+00 0.000000000000000000e+00
-2.686425467257399724e+00 3.168501277663724913e+00 0.000000000000000000e+00
6.275379640725650354e+00 1.542886988615424748e+01 0.000000000000000000e+00
1.284420835864793098e+01 8.625528549777071063e+00 0.000000000000000000e+00
-2.694660091175304917e+00 1.445350517934550005e+01 0.000000000000000000e+00
-1.223749881735485445e+01 -3.314960768318423678e+00 0.000000000000000000e+00
-5.858192473128553956e+00 1.004180661633156291e+01 0.000000000000000000e+00
4.019666559459374788e+00 -1.197281301704941736e+00 0.000000000000000000e+00
4.566821809505317020e+00 4.776730139620429583e+00 0.000000000000000000e+00
-9.347286147999630757e+00 1.440529388485866091e+00 0.000000000000000000e+00
3.066924650879063741e+00 7.917919695490826193e+00 0.000000000000000000e+00
1.428558007976936572e+01 4.396348126784928922e+00 0.000000000000000000e+00
-1.298047331323497033e+01 -5.269001699293218266e+00 0.000000000000000000e+00
8.874770414244830263e+00 1.031708209462981074e+01 0.000000000000000000e+00
6.240891039023910736e+00 -3.125280882310124575e+00 0.000000000000000000e+00
3.648765090929485311e+00 6.991633942042559946e-01 0.000000000000000000e+00
4.909091789952320539e+00 1.467313642033930066e+01 0.000000000000000000e+00
-6.644007738955578724e+00 1.854917109789905538e+00 0.000000000000000000e+00
1.012808337002838499e+01 4.637351662045471556e+00 0.000000000000000000e+00
-1.338783454884136193e+00 1.207918317506408101e+01 0.000000000000000000e+00
-4.062964432627393485e+00 1.350554792260577130e+01 0.000000000000000000e+00
1.534500998433942343e+01 7.794805226818175115e+00 0.000000000000000000e+00
-1.321541292263652956e+01 3.693813489107711678e+00 0.000000000000000000e+00
1.114245976000447413e+01 -1.308804358718441385e+01 0.000000000000000000e+00
1.277734146865537657e+00 -6.909530855912905167e+00 0.000000000000000000e+00
-3.473794719094099648e+00 -1.020266125947714997e+01 0.000000000000000000e+00
1.966598393176348436e+00 -1.412251314059559526e+01 0.000000000000000000e+00
-2.539837535252587042e+00 1.717976589667742715e+01 0.000000000000000000e+00
-1.108327417578320961e+01 -1.282930643671642201e+01 0.000000000000000000e+00
-8.943662232832600978e+00 -5.043554692423715125e+00 0.000000000000000000e+00
-3.773321787276243899e+00 8.747965726989582080e+00 0.000000000000000000e+00
-9.785796118514539899e+00 -7.396340713479760076e+00 0.000000000000000000e+00
-1.414076376500048049e+01 -6.551613471775273645e+00 0.000000000000000000e+00
-7.352211622253325807e+00 1.539855666756070995e+01 0.000000000000000000e+00
-2.973780737486171333e+00 -1.577212956549719713e+01 0.000000000000000000e+00
-9.300554523204702662e+00 1.058965225082563677e+01 0.000000000000000000e+00
-9.791093053872712559e+00 3.044125611958768296e+00 0.000000000000000000e+00
-9.315551773636705946e+00 -1.195670437121445850e+01 0.000000000000000000e+00
-3.100255691915680512e+00 -2.012448716527861947e+00 0.000000000000000000e+00
2.616143464981068312e-01 -4.825322416068715370e+00 0.000000000000000000e+00
-1.472397540245827230e+01 5.195748585155111954e+00 0.000000000000000000e+00
-4.971480840595408957e+00 -1.506010422909311508e+01 0.000000000000000000e+00
1.225653249055896055e+01 5.674725202032699478e+00 0.000000000000000000e+00
-9.928041532083794252e+00 -2.066995678540930470e+00 0.000000000000000000e+00
2.017633109288682558e+00 -1.148233044341970821e+00 0.000000000000000000e+00
-7.710982643313004203e+00 9.686418981643443615e+00 0.000000000000000000e+00
-1.556077865126399296e+01 -1.797938316727799357e+00 0.000000000000000000e+00
5.580094295936622650e+00 3.218867385637182110e+00 0.000000000000000000e+00
-1.612707589042816281e+01 3.209648545476060932e-01 0.000000000000000000e+00
1.337709123837755776e+01 -6.408097577272756418e+00 0.000000000000000000e+00
-4.946131857829006329e+00 1.721234508568763588e-01 0.000000000000000000e+00
7.251047017331802014e-01 6.728734773527962787e+00 0.000000000000000000e+00
2.638142918808585424e+00 -1.019997724281981810e+01 0.000000000000000000e+00
1.698386525266568725e+01 -1.131413071804417414e-01 0.000000000000000000e+00
-1.484308442376051040e+01 8.816769754479070187e+00 0.000000000000000000e+00
-6.485910968196716198e+00 -4.870639946042191859e+00 0.000000000000000000e+00
-1.164010826980102209e+01 -6.799069710687456691e+00 0.000000000000000000e+00
1.271434937634384355e+01 1.142152554314612978e+01 0.000000000000000000e+00
-4.505150701460475915e+00 1.128988823396801777e+01 0.000000000000000000e+00
6.022921845166780308e+00 -6.750606361001507238e+00 0.000000000000000000e+00
-1.081518616901455943e+01 -8.576956571412583941e+00 0.000000000000000000e+00
1.460116844758369403e+01 -2.932378899678210527e+00 0.000000000000000000e+00
9.349333605162925664e+00 -1.467678240908858456e+01 0.000000000000000000e+00
7.133592040794663802e+00 1.150410226683504078e+01 0.000000000000000000e+00
1.485433716713687069e+01 -1.207135004310959658e+00 0.000000000000000000e+00
-1.224191637253591125e+01 -3.555031127922006484e-01 0.000000000000000000e+00
-1.544917563756331436e-01 4.916367900978043437e+00 0.000000000000000000e+00
5.627143735154882975e+00 1.567029246535724063e+00 0.000000000000000000e+00
-1.452716136177357775e+01 -3.336236761809677098e+00 0.000000000000000000e+00
4.039612380145400472e+00 1.059679314743897116e+01 0.000000000000000000e+00
6.983369317838383772e+00 9.260820871167895207e-01 0.000000000000000000e+00
-1.557730676058741182e+01 -7.455089725761863129e+00 0.000000000000000000e+00
9.946672021798356411e+00 2.746185549318259422e+00 0.000000000000000000e+00
1.435701803744732885e+01 9.729645700970294797e+00 0.000000000000000000e+00
1.035629888504277041e+01 -1.582786945480122442e+00 0.000000000000000000e+00
-3.134202904920861954e+00 -7.743195958779697463e+00 0.000000000000000000e+00
1.053433498760055009e+01 1.192836691419488337e+00 0.000000000000000000e+00
-5.664253619122568750e+00 1.543761150926433601e+01 0.000000000000000000e+00
6.777295041289304045e+00 1.352386498456825947e+01 0.000000000000000000e+00
1.205444463192256599e+01 -7.507943609709887944e+00 0.000000000000000000e+00
1.428697458986664337e+00 4.549404366375067177e+00 0.000000000000000000e+00
7.106374872465206494e+00 2.863344822957719416e+00 0.000000000000000000e+00
-8.677473671516171549e+00 -8.523246129758998535e+00 0.000000000000000000e+00
-1.073300085550608213e-01 1.101419570233812806e+01 0.000000000000000000e+00
-1.910612651309582022e+00 2.610254015272770248e-03 0.000000000000000000e+00
-1.352595117692113647e+01 6.276739074511500371e-01 0.000000000000000000e+00
4.208277015395895937e+00 9.034679790760749896e+00 0.000000000000000000e+00
6.287515826614520353e-01 1.732887796541473335e+01 0.000000000000000000e+00
4.102576291999961988e+00 -1.485178772984957973e+01 0.000000000000000000e+00
-1.091889607406064577e+01 7.107717119166319542e+00 0.000000000000000000e+00
3.352253184864895985e+00 1.514620773495619588e+01 0.000000000000000000e+00
-1.165005658909300301e+01 3.120410271724103790e+00 0.000000000000000000e+00
9.389201136591530883e+00 8.675993217512964151e+00 0.000000000000000000e+00
7.935819177540441416e+00 1.553205410186749091e+01 0.000000000000000000e+00
3.553697731080998512e+00 -1.337950761523137722e+01 0.000000000000000000e+00
-7.453340824358393846e+00 -1.202063331272796454e+01 0.000000000000000000e+00
-7.823987926588253927e+00 -2.322608021340559770e+00 0.000000000000000000e+00
5.246179755035495162e+00 1.255762034125682192e+01 0.000000000000000000e+00
-1.474063684382630690e+01 1.584072734382811154e+00 0.000000000000000000e+00
1.151328206236006402e+00 8.995147297367811490e+00 0.000000000000000000e+00
1.215724707475291044e+00 1.283194841740917269e+01 0.000000000000000000e+00
-1.746059966688047282e+01 -1.061847028180438857e+00 0.000000000000000000e+00
-4.514438549793204913e+00 7.120663963662858365e+00 0.000000000000000000e+00
-2.673079523635355947e+00 -1.296220584539906362e+01 0.000000000000000000e+00
1.107800231741478125e+00 2.712196573308470970e+00 0.000000000000000000e+00
8.239352257123343293e+00 6.138110312180049100e+00 0.000000000000000000e+00
-1.010537895037472644e+01 -1.427829601140558680e+01 0.000000000000000000e+00
-1.486797603118991784e+00 -1.941020598597954283e+00 0.000000000000000000e+00
-1.448091628280427479e+01 -8.526233716407958241e+00 0.000000000000000000e+00
-7.029172758918637243e+00 1.104634011820059669e+01 0.000000000000000000e+00
1.532524863926974312e+01 5.749038632512039726e+00 0.000000000000000000e+00
-2.054698092447967195e+00 -1.122536616266200937e+01 0.000000000000000000e+00
5.673716230978791408e+00 -1.436647328266014689e+01 0.000000000000000000e+00
1.540165470939382963e+01 2.501353151317264434e+00 0.000000000000000000e+00
-6.292952692520815461e+00 8.441766898051959345e+00 0.000000000000000000e+00
3.216220781368244186e-01 -9.603761916742418192e-01 0.000000000000000000e+00
9.717264906952836512e+00 -3.169408779717063140e+00 0.000000000000000000e+00
-1.153167955392615518e+01 -1.702326982003584899e+00 0.000000000000000000e+00
1.217871025805581819e+00 1.552666143822678890e+01 0.000000000000000000e+00
-8.987881241702844193e+00 1.499905107561817452e+01 0.000000000000000000e+00
-1.507195344312183849e+01 7.260351656432397327e+00 0.000000000000000000e+00
-4.313848594599018149e+00 -1.651514803209579441e+01 0.000000000000000000e+00
2.413133307367004488e+00 -1.703008940979224306e+01 0.000000000000000000e+00
-4.907809661135979162e+00 -5.579914368859458129e+00 0.000000000000000000e+00
9.233370049956883818e+00 3.949297655228625192e-01 0.000000000000000000e+00
