-1.034944463489114241e+01 -7.393042673202424808e+00 0.000000000000000000e+00
1.612758506324854935e+01 2.880459854912164053e-01 0.000000000000000000e+00
-1.448990391464111660e+01 -1.019588945181845041e+01 0.000000000000000000e+00
7.853682951253342814e+00 6.242852490179155112e+00 0.000000000000000000e+00
2.674890654861084460e+00 5.361344741510027490e+00 0.000000000000000000e+00
-2.359887001175082322e+00 8.797349195586859238e+00 0.000000000000000000e+00
-5.850788536165512532e+00 -1.780284506596436245e+01 0.000000000000000000e+00
1.602254238707739020e+01 -8.336737549455026652e+00 0.000000000000000000e+00
-8.650168050660173691e+00 2.529063111334414415e+00 0.000000000000000000e+00
5.430000524623596725e+00 -1.054751160405386123e+01 0.000000000000000000e+00
1.350417274821217761e+00 1.674252295254161638e+01 0.000000000000000000e+00
-7.189265456781367192e+00 7.594451208001159692e+00 0.000000000000000000e+00
-1.221527157259942520e+01 -1.451717438174399888e+01 0.000000000000000000e+00
1.096224359044092367e+01 1.443767573148329930e+01 0.000000000000000000e+00
-9.481083463246150700e+00 1.097764947860620666e+01 0.000000000000000000e+00
1.480963705898201432e+01 -9.911620911379543486e+00 0.000000000000000000e+00
1.348958810631614291e+01 2.397648145516286800e+00 0.000000000000000000e+00
-5.044130179677706188e-02 3.737151962158717478e+00 0.000000000000000000e+00
-9.199148863726506420e+00 1.482521018099302346e+01 0.000000000000000000e+00
7.193641346266315573e+00 -1.662410545104239290e+01 0.000000000000000000e+00
1.559289981816810888e+00 1.271897614579453517e+01 0.000000000000000000e+00
-1.629269224737101140e+01 3.901924118218491166e+00 0.000000000000000000e+00
-5.357243651230227499e+00 -2.317671325518816605e+00 0.000000000000000000e+00
6.675739276741272654e+00 7.811214977922990244e+00 0.000000000000000000e+00
6.535274246184451741e+00 2.451250577102985773e+00 0.000000000000000000e+00
5.678585765471677593e-01 -1.186812241714465443e+01 0.000000000000000000e+00
1.298065498154005759e+01 9.905374847158448404e+00 0.000000000000000000e+00
-1.183410817430564776e+01 -4.297475599188140372e+00 0.000000000000000000e+00
8.713532717389302462e+00 -7.719919705353275319e+00 0.000000000000000000e+00
3.744424540698548576e+00 -1.826220500764585708e+01 0.000000000000000000e+00
8.091447442764083675e+00 4.653461942639292914e+00 0.000000000000000000e+00
-1.486347934665627646e+00 1.083209398642204491e+01 0.000000000000000000e+00
-1.549741898572850118e+01 -7.422128887650215612e-01 0.000000000000000000e+00
4.318253105355799093e+00 1.583955215492681212e+01 0.000000000000000000e+00
-8.725707982614702374e+00 5.975911197142266928e+00 0.000000000000000000e+00
1.271306904823454786e+01 4.529671386196633676e-01 0.000000000000000000e+00
1.528268159520806790e+01 -5.744616177470796892e+00 0.000000000000000000e+00
-1.452051365390680582e+00 7.097914965696270784e+00 0.000000000000000000e+00
-6.352816177185305335e+00 1.215454652554756088e+01 0.000000000000000000e+00
-1.094300908556693841e+01 4.771879856545633736e+00 0.000000000000000000e+00
1.307594856417317608e+01 -8.953627926449915009e+00 0.000000000000000000e+00
-1.168435511071994526e+01 7.977166821210550651e+00 0.000000000000000000e+00
9.645576135294669839e+00 -1.582369472427515156e+01 0.000000000000000000e+00
7.456580284660084601e+00 1.159032051752033254e+01 0.000000000000000000e+00
-1.759495497751528603e+01 -6.478259651977214872e+00 0.000000000000000000e+00
-6.336456641840956250e-01 -9.784682903235827567e+00 0.000000000000000000e+00
-7.620029487622923980e+00 -1.298799725353928913e+01 0.000000000000000000e+00
-2.325100322122552188e-01 -1.518915365536732587e+01 0.000000000000000000e+00
-7.209278662356800815e+00 -9.425914830308537162e-01 0.000000000000000000e+00
5.347913751092947976e+00 1.080078219198713541e+01 0.000000000000000000e+00
-1.389690883326984050e+01 2.643734653601965690e+00 0.000000000000000000e+00
-4.041141375790322066e+00 -1.096473826694160003e+01 0.000000000000000000e+00
-8.556373582134773059e+00 -1.578259345470397790e+01 0.000000000000000000e+00
6.762963949617846637e+00 1.645835170966943650e+01 0.000000000000000000e+00
6.993549245423108296e+00 -1.086103706854516382e+01 0.000000000000000000e+00
1.310768544304925065e+01 -3.252950629860470233e+00 0.000000000000000000e+00
-1.400287576867664541e+01 7.189968047182740740e+00 0.000000000000000000e+00
-4.205882553017270542e-01 8.258878845931942436e+00 0.000000000000000000e+00
2.860009884639522770e+00 1.629377698499746785e+01 0.000000000000000000e+00
9.407503601751718847e+00 -6.086864046032788522e+00 0.000000000000000000e+00
-5.557898829027119625e+00 -4.393510095701746110e+00 0.000000000000000000e+00
-2.194867431123951107e+00 -1.069566031142780815e+01 0.000000000000000000e+00
4.580244556852600901e+00 -7.083098684593136518e+00 0.000000000000000000e+00
-7.498921783125522822e+00 1.455052086882966833e+01 0.000000000000000000e+00
-2.151364374011005776e+00 1.260677060174721653e+01 0.000000000000000000e+00
4.275181529753166565e+00 1.039443292035834299e+00 0.000000000000000000e+00
-1.616659839160702816e+01 -5.739249111589107777e+00 0.000000000000000000e+00
-1.089864466671522614e+01 1.320304732989283281e+01 0.000000000000000000e+00
1.596523317079403270e+01 3.257750277117124504e+00 0.000000000000000000e+00
-9.591710534688008494e+00 -1.235380045475272581e+01 0.000000000000000000e+00
-3.733677998696775635e+00 -2.019241690837138670e+00 0.000000000000000000e+00
-5.274996794339794626e-01 -3.822932827157449864e+00 0.000000000000000000e+00
-8.329306903169090504e+00 1.208847616152299942e+01 0.000000000000000000e+00
-8.554289567702733521e+00 -1.029724198197201090e+01 0.000000000000000000e+00
-2.251369564821633862e+00 -1.396992408582133827e+01 0.000000000000000000e+00
6.308159577485341174e+00 -5.631838322889542781e+00 0.000000000000000000e+00
4.191073563795140622e+00 -5.553393707574106664e+00 0.000000000000000000e+00
9.594477412358950019e+00 -4.057505492187246432e+00 0.000000000000000000e+00
-3.394558710815765323e+00 2.165472396689717360e+00 0.000000000000000000e+00
9.206803604932206619e-01 1.113291120245231980e+01 0.000000000000000000e+00
-9.485742672190999869e+00 -3.462676969877668931e+00 0.000000000000000000e+00
4.598791805592465032e+00 -4.052497529918055896e+00 0.000000000000000000e+00
-6.814371957926208978e+00 1.043064518070078073e+01 0.000000000000000000e+00
-8.378402071906172921e+00 8.627008598876443557e+00 0.000000000000000000e+00
-4.048846113742522235e+00 -1.686653554127057575e+01 0.000000000000000000e+00
-3.936761120682775505e+00 1.671140413250171974e+01 0.000000000000000000e+00
-4.145439350740787177e+00 1.296242651528905299e+01 0.000000000000000000e+00
5.645401544580413322e+00 -8.569105666848125580e+00 0.000000000000000000e+00
-1.079421822703012168e+01 -1.553725408731132873e+01 0.000000000000000000e+00
-7.344931373600279478e+00 -8.369949714503892579e+00 0.000000000000000000e+00
4.395106520134730133e+00 -1.397471447146443779e+01 0.000000000000000000e+00
-3.642177400071676452e+00 -1.522803053173137577e+01 0.000000000000000000e+00
4.419742128532830883e+00 -1.067779603103879316e+00 0.000000000000000000e+00
-2.198992098374479287e+00 -8.505132264945112652e+00 0.000000000000000000e+00
-4.489624144810809625e+00 -7.244171699485725924e+00 0.000000000000000000e+00
1.515381135269432100e+01 1.695068445678669322e+00 0.000000000000000000e+00
9.967543881889519009e-01 2.340286194658487418e+00 0.000000000000000000e+00
7.946171705225306248e+00 3.003060228937110221e+00 0.000000000000000000e+00
2.742784264373434144e+00 -1.067090156980750137e+01 0.000000000000000000e+00
1.601896715882539679e+00 -8.372091726446079463e+00 0.000000000000000000e+00
1.491602135324959200e+01 1.114026798935126905e+01 0.000000000000000000e+00
-1.285771564361533770e+01 -1.295098092142068857e+01 0.000000000000000000e+00
2.667174326403138895e+00 1.842026509357139830e+01 0.000000000000000000e+00
-1.207939628181258485e+01 2.958959519311108011e+00 0.000000000000000000e+00
4.826148923414555481e-01 -1.831490883700656980e+01 0.000000000000000000e+00
-1.402427040949795156e+01 -7.734086027591212442e+00 0.000000000000000000e+00
-2.785336770792621319e+00 -1.851895895928112168e+01 0.000000000000000000e+00
9.989762094573112705e+00 1.101640303941426602e+01 0.000000000000000000e+00
6.533377917094518317e+00 2.332955525501123895e-01 0.000000000000000000e+00
-4.254719650722113222e+00 -5.056091873878012510e-01 0.000000000000000000e+00
-1.293311760698659185e+01 1.375829702916211517e+01 0.000000000000000000e+00
1.470756727383295548e+01 -2.525911730871454708e+00 0.000000000000000000e+00
9.776367245140097140e+00 -1.425570364466743278e+01 0.000000000000000000e+00
2.516360512280464867e+00 -6.731429487524166255e+00 0.000000000000000000e+00
-5.118813240327112268e+00 -1.391931430994462460e+01 0.000000000000000000e+00
1.069742716858506171e+01 7.024633818626255355e+00 0.000000000000000000e+00
1.587571027904846055e+01 7.931126974081605496e+00 0.000000000000000000e+00
9.068579950318673255e+00 -1.032926725187567563e+01 0.000000000000000000e+00
-9.993942836938302321e+00 9.415845678334762159e-01 0.000000000000000000e+00
6.412126105346275473e+00 -7.141382210731353375e+00 0.000000000000000000e+00
-1.252564752122617087e+01 1.192848316001522413e+01 0.000000000000000000e+00
4.923332836980697458e+00 5.000755687235632685e+00 0.000000000000000000e+00
-2.739902432804083077e+00 -6.772013880234121430e+00 0.000000000000000000e+00
-1.728895233684123178e-01 -1.494887086560072742e+00 0.000000000000000000e+00
6.546707408787185045e+00 9.636923495263241435e+00 0.000000000000000000e+00
-2.635139432196726084e+00 1.502975522350824633e+01 0.000000000000000000e+00
6.202416712006877830e+00 -1.272196534465580520e+01 0.000000000000000000e+00
-1.684314932565398948e+01 8.648157755269723523e+00 0.000000000000000000e+00
9.524984216971237316e+00 -3.914457802831304289e-01 0.000000000000000000e+00
1.275763334546808281e+01 7.395132202073612326e+00 0.000000000000000000e+00
-1.020269974424779313e+01 9.527806218268763061e+00 0.000000000000000000e+00
-1.422401090520855282e+00 4.673781558210817089e+00 0.000000000000000000e+00
-1.717037614117377942e+01 1.747274033759597556e+00 0.000000000000000000e+00
1.144911247450588476e+01 -4.255289923650990680e+00 0.000000000000000000e+00
-1.041811672995007676e+01 -2.019718360235069898e+00 0.000000000000000000e+00
-3.768803286678156450e+00 4.310064541226266144e+00 0.000000000000000000e+00
1.425416382747739164e+01 7.019837435834352490e+00 0.000000000000000000e+00
9.618934363200470017e+00 2.524570911164290887e+00 0.000000000000000000e+00
1.340786386453965129e+01 1.289184939560452925e+01 0.000000000000000000e+00
-6.068048547208779731e+00 1.719126860177265215e+01 0.000000000000000000e+00
-2.273160976835472802e+00 1.883624279600977403e+01 0.000000000000000000e+00
-4.376107376207946764e+00 9.410229701215971687e+00 0.000000000000000000e+00
2.428733727734672776e+00 -4.686142700659193139e+00 0.000000000000000000e+00
4.170464616392470347e+00 9.673298807885647221e+00 0.000000000000000000e+00
1.072261054458231122e+01 3.915050679245402065e+00 0.000000000000000000e+00
-7.814555447182365278e+00 -6.183242476455664161e+00 0.000000000000000000e+00
1.320501723361902080e+00 -1.586990128081527018e+01 0.000000000000000000e+00
-1.471781852155686288e+01 9.955097073486445680e+00 0.000000000000000000e+00
-1.257825782732457931e+01 9.707545339273092821e+00 0.000000000000000000e+00
-1.607261287212684309e+01 -3.970591352418380904e+00 0.000000000000000000e+00
1.037057146150518427e+01 -9.124870326158198708e+00 0.000000000000000000e+00
-1.976805096255783711e-01 1.680006468916498008e+01 0.000000000000000000e+00
-1.137304422191645514e+01 -8.573139708509664558e+00 0.000000000000000000e+00
-1.785969174159064465e+01 -3.122993098312994764e+00 0.000000000000000000e+00
-5.444173032912140719e+00 -1.555836919550881525e+01 0.000000000000000000e+00
8.829980528992528832e+00 7.930442331419798485e+00 0.000000000000000000e+00
-5.785583144388272814e+00 6.972715886038257871e+00 0.000000000000000000e+00
-3.139756814823266406e+00 7.114420265580038816e+00 0.000000000000000000e+00
6.910901130630476841e-01 -5.265729801916462449e+00 0.000000000000000000e+00
1.110113711861460040e+01 2.192659992965105165e+00 0.000000000000000000e+00
1.814231413581402563e+01 -3.868871745024257791e+00 0.000000000000000000e+00
5.379253121580556574e+00 -1.558529031947398735e+01 0.000000000000000000e+00
-1.261949606034226790e+01 5.936444422968253143e+00 0.000000000000000000e+00
-8.048036928511782762e+00 -2.659890365875547946e+00 0.000000000000000000e+00
3.649632840179790172e+00 3.599234895818616664e+00 0.000000000000000000e+00
9.682879423544315856e+00 5.730507282509570643e+00 0.000000000000000000e+00
-3.874219471583006946e+00 -4.502526755595971153e+00 0.000000000000000000e+00
1.432394908683276036e+01 4.409432808674981885e+00 0.000000000000000000e+00
6.451471128800807087e+00 1.462556362653326048e+01 0.000000000000000000e+00
-5.237735993833400272e+00 -1.231495469603736304e+01 0.000000000000000000e+00
-6.921798237405914378e+00 -1.590174702778233318e+01 0.000000000000000000e+00
5.883856934325084609e+00 -1.740216293553102389e+01 0.000000000000000000e+00
1.211942206474494910e+01 -6.716679285659062693e+00 0.000000000000000000e+00
4.797626455827226799e+00 1.295184824557888525e+01 0.000000000000000000e+00
9.862260990926914772e+00 1.607305561078167244e+01 0.000000000000000000e+00
1.621881134201687402e+01 -3.362943314363592506e+00 0.000000000000000000e+00
-1.021842581002937500e+01 -5.349463030947065434e+00 0.000000000000000000e+00
7.501542458633788435e+00 -3.917628173897476085e+00 0.000000000000000000e+00
-1.003405322473343020e+01 6.942435535984711414e+00 0.000000000000000000e+00
-1.329953586891768680e+00 -1.818745882905709876e-01 0.000000000000000000e+00
2.933675861722750078e+00 -3.035914449909896007e+00 0.000000000000000000e+00
-1.320435473639798474e+01 -6.060231704799159402e+00 0.000000000000000000e+00
-4.712722142202875553e+00 -9.452316740773678561e+00 0.000000000000000000e+00
-1.870916066445256831e+01 2.653091943823082666e+00 0.000000000000000000e+00
1.205127020977156294e+00 6.207072653004312990e+00 0.000000000000000000e+00
7.630476781879386827e+00 -9.106985330229983688e+00 0.000000000000000000e+00
1.827807709336646980e+01 -1.393792344057862120e+00 0.000000000000000000e+00
2.634001124405700445e+00 -1.328772842197838067e+01 0.000000000000000000e+00
1.182504743917490053e+01 -1.151718765854628757e+01 0.000000000000000000e+00
-9.441776806008360667e-01 -7.112286440563548418e+00 0.000000000000000000e+00
-1.207404493718138561e+01 -9.940369972698363199e+00 0.000000000000000000e+00
1.815543555835296274e+01 1.032270451860432259e-01 0.000000000000000000e+00
1.099832447552289594e+00 -1.017556563813970527e+01 0.000000000000000000e+00
1.648006078950073316e+01 5.294342018011765738e+00 0.000000000000000000e+00
-1.568278538483886386e+01 7.664348715316032568e+00 0.000000000000000000e+00
-3.383145528049669615e+00 -1.287002587443845414e+01 0.000000000000000000e+00
1.768848046235742189e+01 1.847637689986894260e+00 0.000000000000000000e+00
1.459432662044813434e+01 -6.929270614288866037e-01 0.000000000000000000e+00
1.170848775783105467e+01 -1.376758212088895839e+01 0.000000000000000000e+00
-4.074533733360452104e+00 1.144277178841100628e+01 0.000000000000000000e+00
2.987947186087300366e+00 1.454015337178121392e+01 0.000000000000000000e+00
-5.770437822329378186e+00 1.367705266191408775e+01 0.000000000000000000e+00
1.129478437404457658e+01 1.019549210281833140e+01 0.000000000000000000e+00
-7.853299733241612124e+00 1.711757804314414955e+01 0.000000000000000000e+00
1.189359746454328004e+01 1.314019888663957580e+01 0.000000000000000000e+00
1.969072094915315541e+00 1.075901084084942561e+00 0.000000000000000000e+00
-9.634338993121497552e+00 -9.148866739462915731e+00 0.000000000000000000e+00
-2.310181149939114942e+00 -3.320159772081359151e+00 0.000000000000000000e+00
-9.109795615701701266e-01 -1.668048638451626786e+01 0.000000000000000000e+00
-1.386447676125643547e+01 -1.658378777671365434e+00 0.000000000000000000e+00
1.385456336181629844e+01 -6.558940332597449796e+00 0.000000000000000000e+00
1.156102164250097042e+00 -2.930683386623003095e+00 0.000000000000000000e+00
1.242828720010019516e+01 3.952760243785578886e+00 0.000000000000000000e+00
-7.100039297859991549e+00 4.093211837396915520e+00 0.000000000000000000e+00
-1.715970921784806791e+01 1.022599176993316816e-01 0.000000000000000000e+00
1.744272914468166746e+01 3.731086999180318831e+00 0.000000000000000000e+00
8.087504119272454162e+00 5.951559814071175625e-01 0.000000000000000000e+00
8.773480748038917199e+00 -1.748238643604594911e+00 0.000000000000000000e+00
-1.641092359795611344e+01 6.062652800019972865e+00 0.000000000000000000e+00
-1.402859774879872035e+01 1.223817033374778163e+01 0.000000000000000000e+00
7.551895469416201934e+00 -1.382322074764810793e+01 0.000000000000000000e+00
-1.779904773908745597e+01 4.742135418861495033e+00 0.000000000000000000e+00
-1.221730884361531189e+01 -1.395629853092920758e+00 0.000000000000000000e+00
1.060637858619397633e+01 -1.706091269812173739e+00 0.000000000000000000e+00
-4.319935047351128321e-02 1.436328620474723294e+01 0.000000000000000000e+00
1.471494948160624761e+00 3.861963621398633251e+00 0.000000000000000000e+00
-1.345571940646793685e+01 4.265115087016113193e+00 0.000000000000000000e+00
-1.811711705208693601e+01 -1.159193146927062212e+00 0.000000000000000000e+00
-5.735168898080203803e+00 5.180566981157695317e+00 0.000000000000000000e+00
-1.223856886623021278e+00 -1.282374471538826910e+01 0.000000000000000000e+00
-5.393352697215411773e+00 1.394586006565710967e+00 0.000000000000000000e+00
-8.536937722988170663e+00 -2.305650214083797833e-01 0.000000000000000000e+00
2.050385182264821360e+00 -9.096878013462442736e-01 0.000000000000000000e+00
-6.005638813527377273e+00 -5.866597580458696726e+00 0.000000000000000000e+00
1.732670687985038072e+01 -5.863318120150098345e+00 0.000000000000000000e+00
-7.203342637234189993e+00 -1.125823033755720282e+01 0.000000000000000000e+00
-1.351962358113796547e+01 -1.043395777555997106e-02 0.000000000000000000e+00
2.939890517342170106e+00 -1.592462986064444763e+01 0.000000000000000000e+00
5.813655660571859229e+00 1.769057048711872682e+01 0.000000000000000000e+00
1.433202986816999491e+01 -1.228534644282830079e+01 0.000000000000000000e+00
-1.486127034667385871e+01 5.371420827730074343e+00 0.000000000000000000e+00
-1.608048586629803012e+01 -2.382527047252076979e+00 0.000000000000000000e+00
3.205685499101487146e+00 1.198957522765473982e+01 0.000000000000000000e+00
-5.287399138598117609e+00 3.507445615678860484e+00 0.000000000000000000e+00
4.714681764563500188e+00 8.238997776342328550e+00 0.000000000000000000e+00
8.202976045586488851e+00 1.409360200691350506e+01 0.000000000000000000e+00
-5.835106718564373018e+00 8.953022905844996160e+00 0.000000000000000000e+00
-7.526811576176484664e+00 -1.450512511606952692e+01 0.000000000000000000e+00
6.970442040341126022e-01 1.842665931627196585e+01 0.000000000000000000e+00
-6.251935936419837248e+00 -9.867640969060392564e+00 0.000000000000000000e+00
-7.948154125138936266e+00 -1.722374525770451470e+01 0.000000000000000000e+00
-1.068517551718916048e+00 2.558222756585944335e+00 0.000000000000000000e+00
-7.325694521169915596e+00 1.244301828557778489e+00 0.000000000000000000e+00
-1.604515881741141214e+01 -8.263771897066483518e+00 0.000000000000000000e+00
5.001621181619053225e+00 2.600517769888312625e+00 0.000000000000000000e+00
1.167598458062227351e+01 5.768917376937654495e+00 0.000000000000000000e+00
