1.211556961266020593e+01 1.001278098957715734e+01 0.000000000000000000e+00
9.927722634039398697e-01 1.315768918040570234e+01 0.000000000000000000e+00
-8.765990333400893064e+00 1.452056550153608150e+01 0.000000000000000000e+00
2.749562356181981748e+00 -7.251301544536490340e+00 0.000000000000000000e+00
-1.267867048667868168e+01 4.612101316793376427e+00 0.000000000000000000e+00
7.429810683871253651e+00 1.270192212319993175e+01 0.000000000000000000e+00
-6.574415694478549455e+00 -1.443290151570567659e+01 0.000000000000000000e+00
-1.081465846444241041e+00 1.473893447742087126e+01 0.000000000000000000e+00
1.483779022926887459e+00 -5.995507998001420091e+00 0.000000000000000000e+00
-4.909738662330223491e+00 3.243840546990289120e+00 0.000000000000000000e+00
2.160244968331229032e+00 -2.136086152892938017e+00 0.000000000000000000e+00
-1.106408420752794441e+01 -9.194874392568527455e+00 0.000000000000000000e+00
-3.244287581121348296e+00 2.428655410096662859e+00 0.000000000000000000e+00
-1.562883054696635021e+01 5.344507972601022061e+00 0.000000000000000000e+00
-2.776363729938919445e+00 1.167267433531669418e+01 0.000000000000000000e+00
-7.552780147395583121e+00 4.897772844199707265e+00 0.000000000000000000e+00
-5.804012268675641906e+00 -6.699824938814981756e+00 0.000000000000000000e+00
-1.643054430352297146e+01 -4.043767943454675162e+00 0.000000000000000000e+00
1.630973368909658205e+01 3.277561887491335479e+00 0.000000000000000000e+00
-9.386025204650620957e-01 -5.491761034250682627e+00 0.000000000000000000e+00
-5.799219078167937802e+00 1.598831892495233298e+01 0.000000000000000000e+00
1.012516604946510590e+01 9.457680484393031772e-01 0.000000000000000000e+00
7.621057704260778998e+00 -9.357598643854863951e+00 0.000000000000000000e+00
-1.134602182437884998e+01 -7.095128214246496867e+00 0.000000000000000000e+00
-8.802822275256318107e+00 1.253697152974487494e+01 0.000000000000000000e+00
-1.226641139652974388e+01 1.318387604776226629e+00 0.000000000000000000e+00
7.209331218272681419e+00 9.212222750144775318e+00 0.000000000000000000e+00
-8.881547710139530594e+00 -1.754961987163134729e-01 0.000000000000000000e+00
-9.328545752621060672e+00 -3.443302711379598868e+00 0.000000000000000000e+00
1.134217409570769064e+01 2.288792321071276170e+00 0.000000000000000000e+00
8.569737745307739463e-01 8.569272829749438714e+00 0.000000000000000000e+00
-1.423467989049720472e+01 -4.071567426019627511e+00 0.000000000000000000e+00
7.556607693338531773e-01 -9.938105816147638549e+00 0.000000000000000000e+00
-1.642651225738866216e+01 2.513492537481065270e+00 0.000000000000000000e+00
-6.819801257258644611e+00 -1.073321857139381663e+01 0.000000000000000000e+00
-5.409983967835398921e+00 -9.716320167876464353e+00 0.000000000000000000e+00
-4.085055962354730674e+00 -8.870633768194416291e+00 0.000000000000000000e+00
3.000383351025193157e+00 -2.745249537410592300e-01 0.000000000000000000e+00
1.480245684958169683e+01 -3.387387636702241522e+00 0.000000000000000000e+00
-5.701110564725663465e+00 -2.352497568476941581e+00 0.000000000000000000e+00
-1.025743501828305071e+01 3.881757915195159114e+00 0.000000000000000000e+00
-8.475103475392305796e+00 -1.130579291331832259e+01 0.000000000000000000e+00
-1.713216754674009135e+00 -1.212213731820813756e+01 0.000000000000000000e+00
-1.407893238864379803e+01 -9.904868418684753095e+00 0.000000000000000000e+00
-1.062446297382795812e+01 9.315248605406807769e+00 0.000000000000000000e+00
-1.843690952458313825e+00 -1.448281656333192302e+01 0.000000000000000000e+00
1.502251421506304574e+01 -7.576395475626465981e+00 0.000000000000000000e+00
4.662065057373163124e-01 6.199255192026440042e+00 0.000000000000000000e+00
-1.377942794573647056e+01 6.276420997688983761e+00 0.000000000000000000e+00
3.402255572916846216e+00 9.353411309469469970e+00 0.000000000000000000e+00
-5.273913947525438850e+00 -1.231510173422015519e+01 0.000000000000000000e+00
-2.968390547380106437e+00 4.109502265809343413e+00 0.000000000000000000e+00
8.131635368783522111e+00 5.586953651700424572e+00 0.000000000000000000e+00
1.101180716934536363e+01 8.646750480470297262e+00 0.000000000000000000e+00
5.758420914420725900e+00 -4.474071976425127439e-01 0.000000000000000000e+00
6.435709404899247588e+00 -7.972783923867921452e+00 0.000000000000000000e+00
8.016159322967929768e+00 -1.696892715744422242e+00 0.000000000000000000e+00
8.811969635660947375e+00 9.616959543528686538e+00 0.000000000000000000e+00
6.168986965775397735e+00 -4.087651009838231708e+00 0.000000000000000000e+00
1.736325189589544404e+00 3.872026687405270451e+00 0.000000000000000000e+00
-1.212546584390685966e+00 3.868093051658108905e+00 0.000000000000000000e+00
-1.026533392265629985e+01 -1.263084896807924551e+01 0.000000000000000000e+00
1.505346461943550374e+01 7.628928920348862164e+00 0.000000000000000000e+00
-7.489822354429998441e+00 7.757372281021510219e+00 0.000000000000000000e+00
-7.722721425573268128e+00 -4.305474799411864950e+00 0.000000000000000000e+00
1.607066953529781372e+01 5.350913473460100711e+00 0.000000000000000000e+00
6.443092052960126104e+00 5.224234561666446730e+00 0.000000000000000000e+00
4.632577344072120518e+00 5.708991117131104964e+00 0.000000000000000000e+00
4.615519694088609626e+00 -6.965231813528246718e+00 0.000000000000000000e+00
-3.270531411881629325e+00 -5.726504621949635165e+00 0.000000000000000000e+00
-9.698532159329303681e+00 7.550565769737697330e+00 0.000000000000000000e+00
7.268813077411820700e+00 -1.497632311824743034e+01 0.000000000000000000e+00
8.392999253616460820e+00 -6.636072742775099620e+00 0.000000000000000000e+00
5.306233795276903642e+00 1.492963954854342568e+01 0.000000000000000000e+00
8.308775616725942115e+00 1.563853758571473573e+00 0.000000000000000000e+00
1.522376004862083754e+01 -6.246224242913329672e-01 0.000000000000000000e+00
-5.923071803172927474e+00 1.346766228875675964e+01 0.000000000000000000e+00
-9.305643806484837910e+00 -6.288377907363215336e+00 0.000000000000000000e+00
-8.682514710180308626e+00 -1.848179032870801208e+00 0.000000000000000000e+00
-2.642685910591475729e+00 -2.571680004857777924e+00 0.000000000000000000e+00
-7.411237047440628167e+00 -6.514644481692418942e+00 0.000000000000000000e+00
-1.272011984081815150e+01 -3.343386565870781091e+00 0.000000000000000000e+00
2.439309192742026955e+00 6.612957974029936459e+00 0.000000000000000000e+00
-3.987632846116690111e+00 1.678875367704869248e+01 0.000000000000000000e+00
-4.199006873048724664e+00 4.677085503093454388e-01 0.000000000000000000e+00
1.684410398632339323e+01 -2.893804297633856049e+00 0.000000000000000000e+00
-3.705115730174953548e+00 8.756751010789155742e+00 0.000000000000000000e+00
5.797161900044963900e+00 -5.656227423506329011e+00 0.000000000000000000e+00
4.418772611567822750e+00 -9.131046522889070260e+00 0.000000000000000000e+00
4.875756570212930185e+00 -2.423159974569254693e+00 0.000000000000000000e+00
-1.591540852518983407e+01 1.079750161582399892e+00 0.000000000000000000e+00
-1.192107348601237682e+00 -1.620954295395145195e+01 0.000000000000000000e+00
6.790767156515880920e+00 3.043250232387575416e+00 0.000000000000000000e+00
1.233413854187488745e+01 6.905114900692701063e+00 0.000000000000000000e+00
-6.419924805992546224e-01 -1.055903260745146710e+01 0.000000000000000000e+00
-1.717732719987364476e+01 -1.389452655624023869e+00 0.000000000000000000e+00
-1.096551327273833998e+01 -8.467467287519603314e-01 0.000000000000000000e+00
8.942975572363696557e+00 -1.458717714157150702e+01 0.000000000000000000e+00
1.415583948312973561e+01 9.684915062919492001e+00 0.000000000000000000e+00
2.886634636779812357e+00 -4.241303512693481714e+00 0.000000000000000000e+00
2.135062367202111844e+00 -1.530174233853451504e+01 0.000000000000000000e+00
8.048527485518794933e+00 1.527335549860149477e+01 0.000000000000000000e+00
-8.454082072528263936e+00 -9.494322552419962591e+00 0.000000000000000000e+00
-5.244843038152788850e+00 1.131164489646527116e+01 0.000000000000000000e+00
1.109844447635729203e+01 -5.106241970298522226e+00 0.000000000000000000e+00
-1.398692669355228180e+00 1.318835546380582535e+01 0.000000000000000000e+00
1.359923163784277200e+01 9.940821938010450110e-01 0.000000000000000000e+00
-4.144081061826817347e+00 -1.688377417879489428e+01 0.000000000000000000e+00
-3.393070613890841969e+00 -1.112497509942904017e+01 0.000000000000000000e+00
9.912654403974075379e+00 -3.652097828150008052e+00 0.000000000000000000e+00
1.381779685753026321e+01 -6.157483067014497990e+00 0.000000000000000000e+00
5.136737060374691133e+00 1.071889814109626649e+01 0.000000000000000000e+00
-6.423834927996112221e+00 3.903136292156232479e+00 0.000000000000000000e+00
1.049874486600789147e+01 -6.912420307440433342e-01 0.000000000000000000e+00
6.713372147610888518e+00 -1.347558402971226954e+01 0.000000000000000000e+00
-1.303622066681914227e+01 -8.813407566532855952e+00 0.000000000000000000e+00
1.237169620715432750e+01 -1.274250000926217430e+00 0.000000000000000000e+00
1.142698337620350202e+01 5.498837606231008479e+00 0.000000000000000000e+00
3.476389090181189356e+00 1.248685554428302869e+00 0.000000000000000000e+00
5.442913485575950006e+00 -1.148595298469492043e+01 0.000000000000000000e+00
1.591600056450851675e+01 -5.866060609083445954e+00 0.000000000000000000e+00
1.081988881135166025e+01 -9.929253336120611451e+00 0.000000000000000000e+00
-1.191256437199482754e+01 7.681510269082280296e+00 0.000000000000000000e+00
-4.963023158534489276e+00 -3.764221742482822375e+00 0.000000000000000000e+00
-1.204251399508578402e+00 8.184479796036159271e+00 0.000000000000000000e+00
-1.044029416794566956e+01 1.333407890849704991e+01 0.000000000000000000e+00
5.568515632410657723e-01 1.126921718613711398e+01 0.000000000000000000e+00
1.184602401816037931e+00 -8.228033995270177314e+00 0.000000000000000000e+00
3.130772972108763152e+00 1.343355629326001122e+01 0.000000000000000000e+00
6.611965905186663051e+00 1.593310734729815081e+01 0.000000000000000000e+00
1.335793757141691529e+01 -3.966521464307465550e+00 0.000000000000000000e+00
-1.107353896889500477e+00 1.084160108428386771e+01 0.000000000000000000e+00
-7.925039898819672857e+00 1.349916655911585384e+00 0.000000000000000000e+00
1.056481657244403349e+00 -1.663397144078222212e+01 0.000000000000000000e+00
-4.000360939562179752e+00 -7.202394936831168160e+00 0.000000000000000000e+00
-6.952355235313365078e+00 -9.072714580177793309e+00 0.000000000000000000e+00
-1.039168393372426991e+01 -1.078245061163812935e+01 0.000000000000000000e+00
-1.405267670182263373e+01 2.955971959406757943e+00 0.000000000000000000e+00
8.362327243873252769e+00 -3.358292473462725081e+00 0.000000000000000000e+00
-2.163932022452196069e+00 -1.025415675070758859e+01 0.000000000000000000e+00
-6.878788866891884624e+00 -1.257691413678997883e+01 0.000000000000000000e+00
2.523296794342798410e+00 1.090672629240739688e+01 0.000000000000000000e+00
-6.435591339084584028e+00 5.012486407214964551e-02 0.000000000000000000e+00
8.701737438544862258e+00 -1.059902538817374129e+01 0.000000000000000000e+00
5.653971505388607710e+00 7.804252339781215575e+00 0.000000000000000000e+00
3.022179670957883424e+00 -1.255655820917505316e+01 0.000000000000000000e+00
-9.632480832838167251e-01 -8.455057797881368131e+00 0.000000000000000000e+00
-1.439753676043235053e+01 -6.988184040575778688e+00 0.000000000000000000e+00
-1.445133810958555998e+01 1.491696519667477849e+00 0.000000000000000000e+00
-1.391342958334533542e+01 -1.780500505594420968e+00 0.000000000000000000e+00
3.824882573953714449e+00 -1.490236247041979034e+01 0.000000000000000000e+00
-1.495141589608780919e+01 9.091373660570738480e+00 0.000000000000000000e+00
-4.837288931268212799e+00 7.304530499582455150e+00 0.000000000000000000e+00
3.467059398692251104e+00 3.072604789506450551e+00 0.000000000000000000e+00
-3.079127277671767970e+00 5.714182802888490897e+00 0.000000000000000000e+00
4.290161699957156793e-01 -2.144561875956566332e+00 0.000000000000000000e+00
4.885326557842738282e+00 3.704458191389234933e+00 0.000000000000000000e+00
1.103609394504182539e+01 -2.233907414072396236e+00 0.000000000000000000e+00
1.298643459559062840e+01 -7.989795608721872000e+00 0.000000000000000000e+00
-7.994791294282364902e+00 3.338494689100685253e+00 0.000000000000000000e+00
1.403363203927563951e+01 -1.036731466631053067e+01 0.000000000000000000e+00
3.211140475057618904e+00 -1.034533545666618615e+01 0.000000000000000000e+00
9.680849684090519602e+00 -8.248305496471020959e+00 0.000000000000000000e+00
-1.307808063336428850e+00 1.356862810099445649e-01 0.000000000000000000e+00
1.060236734309157924e+01 -1.154689734739946871e+01 0.000000000000000000e+00
6.626687070101882959e+00 1.103678091553940632e+01 0.000000000000000000e+00
-3.594984241843886874e+00 -1.540391894651415683e+01 0.000000000000000000e+00
1.260670582506849513e+01 4.265120164749975018e+00 0.000000000000000000e+00
-1.015388186450773311e+01 1.093284405188066444e+01 0.000000000000000000e+00
-1.520669791689796568e+01 -6.825683146325889350e-01 0.000000000000000000e+00
1.233992969048424904e+01 -1.072266163998627775e+01 0.000000000000000000e+00
9.861993298771161431e-02 -1.250229051746820019e+01 0.000000000000000000e+00
-2.104562508647946473e+00 -6.737946215217736956e+00 0.000000000000000000e+00
1.364922286026869003e+01 5.397901108978677698e+00 0.000000000000000000e+00
1.696518810807430810e+01 1.000286811248120244e+00 0.000000000000000000e+00
-5.990414340072486077e+00 8.953271268886961565e+00 0.000000000000000000e+00
-2.971644325624467786e+00 1.511924279555742068e+01 0.000000000000000000e+00
1.045743233437492758e+00 1.603246482363196890e+01 0.000000000000000000e+00
9.471271126417734720e+00 6.277938183644013570e+00 0.000000000000000000e+00
-9.366920056392080696e+00 2.562464383433904036e+00 0.000000000000000000e+00
1.175426644983966096e+00 -3.645864058161569776e+00 0.000000000000000000e+00
4.312879825216629825e+00 -1.344746178140533210e+01 0.000000000000000000e+00
5.088298823146168104e+00 1.103207106207460653e+00 0.000000000000000000e+00
1.800051406942230342e-02 1.026288414961393336e+00 0.000000000000000000e+00
-1.073795166743162355e+01 6.122273947354845092e+00 0.000000000000000000e+00
5.719037022458505426e+00 1.268334430180467898e+01 0.000000000000000000e+00
1.231556195838014922e+01 -6.451857682012682282e+00 0.000000000000000000e+00
7.616961241904275148e+00 7.627349541346078787e+00 0.000000000000000000e+00
-1.217186969745035618e+01 9.232297263616050742e+00 0.000000000000000000e+00
-7.437524254760303322e+00 1.549946590997592288e+01 0.000000000000000000e+00
1.014362892939064054e+01 -1.327598691223168714e+01 0.000000000000000000e+00
-8.248251144517919187e+00 9.831340450463159186e+00 0.000000000000000000e+00
9.301791248288667546e+00 4.368366016137975372e+00 0.000000000000000000e+00
4.983630755436407433e+00 -1.595931121258669805e+01 0.000000000000000000e+00
1.168362160326425148e+01 1.201413531648473310e+01 0.000000000000000000e+00
3.540816767324022063e+00 1.702676549909996595e+01 0.000000000000000000e+00
-3.676327225751569117e+00 -1.358652833073958455e+01 0.000000000000000000e+00
-2.758144197884980775e-01 -1.438289749157323172e+01 0.000000000000000000e+00
-2.644031184081042873e+00 8.811950346147587876e-01 0.000000000000000000e+00
-1.094701429217274224e+01 -3.926889202358862629e+00 0.000000000000000000e+00
9.129412385039412214e+00 1.301493946614605690e+01 0.000000000000000000e+00
-1.149926187434648206e+01 -5.467763622849679983e+00 0.000000000000000000e+00
1.377448418458475565e+01 -2.051631436642087358e+00 0.000000000000000000e+00
-1.912408287546582430e+00 6.671051439937428995e+00 0.000000000000000000e+00
-6.018908807983406106e+00 -5.063771264475484202e+00 0.000000000000000000e+00
-1.296986633926713672e+01 -5.786611190542405581e+00 0.000000000000000000e+00
-2.776422855943204482e+00 -9.026521071159652188e-01 0.000000000000000000e+00
1.519280001679465197e+00 -1.134528194357970143e+01 0.000000000000000000e+00
-1.532187011992020942e+01 -5.485148914455767688e+00 0.000000000000000000e+00
-3.905611923714671363e+00 1.032733331054281756e+01 0.000000000000000000e+00
-1.372661036564486992e+01 8.063536633336440218e+00 0.000000000000000000e+00
1.055034157583141941e+01 1.062919130674145229e+01 0.000000000000000000e+00
-1.544665018815408519e+00 1.723974197476576720e+01 0.000000000000000000e+00
1.759597617484761400e+00 1.847962756320508326e+00 0.000000000000000000e+00
4.003726259795793219e+00 1.192606237170704553e+01 0.000000000000000000e+00
-4.632180461189310705e+00 4.916786869960567685e+00 0.000000000000000000e+00
-1.766947023975223852e+00 -4.123459248351514006e+00 0.000000000000000000e+00
-1.059162655627086114e+00 -2.491464893144550441e+00 0.000000000000000000e+00
9.871189288093491498e+00 2.958295894669021209e+00 0.000000000000000000e+00
1.059203864264005901e+01 -6.546743462377950351e+00 0.000000000000000000e+00
2.624624553454635745e+00 1.522267706238066509e+01 0.000000000000000000e+00
-3.088543810498704190e+00 1.357563709236572080e+01 0.000000000000000000e+00
1.221968753978181255e+01 -1.224259015531554873e+01 0.000000000000000000e+00
-5.939207530620978837e+00 1.836109311389800158e+00 0.000000000000000000e+00
8.375814934830529523e+00 6.191642441106078726e-02 0.000000000000000000e+00
-1.192880571177434668e+01 -1.171597346625734737e+01 0.000000000000000000e+00
1.071496140243589323e+01 1.347862748614524264e+01 0.000000000000000000e+00
-5.144982295910559777e+00 -1.518423339869421440e+01 0.000000000000000000e+00
-1.532614814211219390e+01 -8.349905540905767865e+00 0.000000000000000000e+00
1.422660168321570495e+01 2.977973043666164887e+00 0.000000000000000000e+00
6.844475822138407217e+00 5.969745823011377572e-01 0.000000000000000000e+00
-1.164087719826964218e+01 3.043593038715758592e+00 0.000000000000000000e+00
1.350649817333599678e+01 8.115209143207284370e+00 0.000000000000000000e+00
-8.085217345488556751e-01 2.330657656751618845e+00 0.000000000000000000e+00
-7.149493079331155521e+00 -2.838335800363402939e+00 0.000000000000000000e+00
-6.794273911643140984e+00 1.223072218244127107e+01 0.000000000000000000e+00
3.950972614838071717e+00 7.449424517909575272e+00 0.000000000000000000e+00
1.165230337136253880e+01 2.950510294564047120e-01 0.000000000000000000e+00
1.307422662224377596e+01 1.122946859033265987e+01 0.000000000000000000e+00
3.204406307425061939e+00 5.179192412271433454e+00 0.000000000000000000e+00
9.120711597520594793e+00 1.131417160935752442e+01 0.000000000000000000e+00
-1.023675213481083190e+01 1.194767785555636674e+00 0.000000000000000000e+00
-1.331975154137604278e+01 1.063171135643911569e+01 0.000000000000000000e+00
9.151177851782794193e+00 8.000754228531770096e+00 0.000000000000000000e+00
-6.033329556438331132e+00 5.492683339264400999e+00 0.000000000000000000e+00
6.948199170669060898e+00 -1.084354804444562070e+01 0.000000000000000000e+00
8.536470448976983150e+00 -4.962739115267610579e+00 0.000000000000000000e+00
5.132640421504775396e+00 1.656383515167949483e+01 0.000000000000000000e+00
-8.248033021914162433e+00 -1.391437859115167974e+01 0.000000000000000000e+00
2.596804406524631514e-01 4.260401917114983839e+00 0.000000000000000000e+00
-8.149338323139451390e+00 -7.983966140904963815e+00 0.000000000000000000e+00
-1.272958165784659279e+01 -8.286978671567872823e-01 0.000000000000000000e+00
1.131325767861096621e+00 -6.836425229720320962e-01 0.000000000000000000e+00
8.922223247337322860e+00 -1.231750033402630962e+01 0.000000000000000000e+00
1.623763857532728849e+01 -4.315489232817638410e+00 0.000000000000000000e+00
6.360724819304164335e+00 -1.921474611648980035e+00 0.000000000000000000e+00
