5.311673157362802655e+00 -7.886736838784913495e-01 0.000000000000000000e+00
-3.379774951450999154e+00 1.714493328770642089e+00 0.000000000000000000e+00
-2.205927028346760022e+00 -1.711978244526033777e+01 0.000000000000000000e+00
1.362085134732359215e+01 -9.969179408555929101e+00 0.000000000000000000e+00
-1.186234252924614552e+01 7.614149541481374239e-01 0.000000000000000000e+00
1.539083339340146139e+01 -7.796532189603438967e-01 0.000000000000000000e+00
1.144036832733403664e+01 -5.902563743343955949e+00 0.000000000000000000e+00
-6.152558648975429811e+00 3.799182372359559690e+00 0.000000000000000000e+00
-1.339887469023654809e+01 -9.821543439239832196e+00 0.000000000000000000e+00
-1.248461747287657708e+01 -1.425269057501450654e+01 0.000000000000000000e+00
-3.270967151839479836e+00 -2.853562452697469443e+00 0.000000000000000000e+00
1.320916793311361914e+00 -1.468549471825918928e+01 0.000000000000000000e+00
-1.538041975557464980e+01 -1.022990249222041115e+01 0.000000000000000000e+00
-1.377334439863208182e+01 5.167428213280703453e+00 0.000000000000000000e+00
-3.635949264091832500e+00 1.174101663393196837e+01 0.000000000000000000e+00
4.090181878342459276e-01 -6.199107784545335065e+00 0.000000000000000000e+00
-2.027794861262084858e+00 1.002620750356832424e+01 0.000000000000000000e+00
2.721179323821402818e+00 1.245469700634156140e+01 0.000000000000000000e+00
-1.126429403290291731e+01 9.492053566778714924e+00 0.000000000000000000e+00
-3.855659567220986350e+00 1.835411769648289848e+01 0.000000000000000000e+00
6.127508077556855781e+00 -7.466480409196525336e+00 0.000000000000000000e+00
-4.781809415804946894e+00 -1.130785336782199479e+01 0.000000000000000000e+00
-7.765144404853467908e-01 -1.885688661292280699e+01 0.000000000000000000e+00
3.391959774437108832e-01 2.392272344196436862e+00 0.000000000000000000e+00
4.969410248308582467e+00 1.137149428513428484e+00 0.000000000000000000e+00
-1.360529752477016130e+00 1.202803833712424009e+01 0.000000000000000000e+00
3.121696820942716499e+00 -1.176244542615114774e+01 0.000000000000000000e+00
7.616585421293696534e+00 7.891062418805147693e+00 0.000000000000000000e+00
-9.645848956650642236e+00 8.513019233944724817e+00 0.000000000000000000e+00
1.112809009888036371e+01 -1.300452414527369172e+01 0.000000000000000000e+00
1.010186546236809946e+01 2.766514276116556204e+00 0.000000000000000000e+00
5.670156871490468653e+00 1.375577177204098156e+01 0.000000000000000000e+00
-1.788460222171632807e+01 -1.867609476429695325e+00 0.000000000000000000e+00
3.780585113469380421e+00 -2.208347761311789448e+00 0.000000000000000000e+00
1.322093870329216969e+01 -7.445849891746094684e+00 0.000000000000000000e+00
7.789989397337327759e+00 -7.428024512470530638e+00 0.000000000000000000e+00
7.776465407743202718e-01 1.594859116922868125e+01 0.000000000000000000e+00
2.274814548057303654e+00 3.565654401126862272e+00 0.000000000000000000e+00
-1.071810728040714800e+01 -1.021560072542801123e+01 0.000000000000000000e+00
1.342346533734594338e+01 -2.037400962539062999e+00 0.000000000000000000e+00
1.460054021098313193e+01 2.531508219246541902e+00 0.000000000000000000e+00
-1.485603489211772477e+01 -5.171120968070227697e+00 0.000000000000000000e+00
8.108778161574029753e+00 4.799884814763806240e+00 0.000000000000000000e+00
3.469223394793408577e+00 1.796191094455248916e+01 0.000000000000000000e+00
-1.197609233205525758e-01 1.325869913971658143e+01 0.000000000000000000e+00
5.937718948731244284e-01 -2.239185640018834939e-02 0.000000000000000000e+00
-3.830000938991940718e+00 -1.747424085984958708e+01 0.000000000000000000e+00
-1.752075689971557182e+01 5.822593041815715686e+00 0.000000000000000000e+00
9.963723178509251710e+00 1.223742412783409250e+01 0.000000000000000000e+00
9.942675923302584096e+00 9.152150634208112479e+00 0.000000000000000000e+00
-9.559133523763229334e+00 -1.612927734885345288e+01 0.000000000000000000e+00
-1.627448143796337732e+01 5.813701307419856176e-03 0.000000000000000000e+00
-4.083269767578635800e+00 -7.754334104463285193e+00 0.000000000000000000e+00
-7.371309858371134283e+00 1.481651949173594218e+01 0.000000000000000000e+00
1.158289621551833015e+01 1.163934069943012695e+01 0.000000000000000000e+00
-1.365165147838094661e+01 -1.234668880630286836e+01 0.000000000000000000e+00
-7.294361606741541770e-01 -1.334448027092134481e+01 0.000000000000000000e+00
7.956744452410684509e+00 1.334470869783622327e+01 0.000000000000000000e+00
1.183344801808003055e+01 8.627921145933383329e+00 0.000000000000000000e+00
-1.100882962459908221e+01 1.430162981202876793e+01 0.000000000000000000e+00
-1.266027335158424982e+01 2.092691022857406047e+00 0.000000000000000000e+00
-8.442981633357934612e+00 9.632306090643949048e+00 0.000000000000000000e+00
9.647924806688404686e+00 -7.328017552811154189e+00 0.000000000000000000e+00
-2.840373042998677544e+00 1.430991025788060966e+01 0.000000000000000000e+00
-1.602210885076304692e+01 6.720240082015137340e+00 0.000000000000000000e+00
5.812966377859447142e+00 -2.256106789697417181e+00 0.000000000000000000e+00
-8.196160737794370377e+00 3.850064066109776917e+00 0.000000000000000000e+00
-1.229680966892771110e+01 -8.108839641997025893e+00 0.000000000000000000e+00
8.395747375270905977e+00 -1.066053392904449382e+01 0.000000000000000000e+00
-8.289313913006422396e+00 1.670070572176882351e+01 0.000000000000000000e+00
-5.405504085346054310e+00 -1.632539083356700260e+01 0.000000000000000000e+00
8.540945247910737947e+00 -1.283361634100239002e+01 0.000000000000000000e+00
-1.764190005009266571e+01 -4.702347180115622471e+00 0.000000000000000000e+00
1.547378495810065502e+01 -4.919021592469201565e+00 0.000000000000000000e+00
-6.676334088741156414e+00 -1.750362687566456898e+01 0.000000000000000000e+00
8.176940682768108815e+00 -2.247889077245729617e+00 0.000000000000000000e+00
-1.611172374342970670e+01 -4.223326097757296615e+00 0.000000000000000000e+00
-6.862517601366099562e+00 -1.150251599049307139e+01 0.000000000000000000e+00
4.748395543798211271e+00 -1.109601981467343634e+01 0.000000000000000000e+00
-9.473864766342892096e+00 2.949179777418526438e+00 0.000000000000000000e+00
2.486447311515321612e+00 1.897430977453709033e+00 0.000000000000000000e+00
4.815717900577469734e+00 -1.589162580635167821e+01 0.000000000000000000e+00
-1.399872002462668696e+01 -1.085895011141742694e+00 0.000000000000000000e+00
-8.924469798101366536e+00 -1.561381678453332089e+00 0.000000000000000000e+00
-1.349638708284888367e+01 -7.084359009104397309e+00 0.000000000000000000e+00
-1.443920032073292781e+01 8.543219226615866191e+00 0.000000000000000000e+00
1.373479898097525975e+01 1.101758258795580581e+01 0.000000000000000000e+00
-1.252179774308767035e+00 -6.772487399564732335e+00 0.000000000000000000e+00
1.672690077370322159e+00 -1.767169159529561639e+01 0.000000000000000000e+00
1.763096687329728596e+01 1.340397366232767284e+00 0.000000000000000000e+00
1.199899562736716163e+00 1.814511669504089753e+01 0.000000000000000000e+00
4.178335849954232906e+00 3.792464877019759317e+00 0.000000000000000000e+00
1.470646899111216221e+01 4.993681266658547280e+00 0.000000000000000000e+00
-3.155942368960990230e+00 1.640907876349069383e+01 0.000000000000000000e+00
-1.892805331423180970e+00 -5.592166170689665261e-01 0.000000000000000000e+00
-1.841429580244139785e+01 4.317860820668477650e+00 0.000000000000000000e+00
6.665215637735869336e+00 -1.754818321424182770e+01 0.000000000000000000e+00
-1.204228448460608725e+01 1.139261721350069756e+01 0.000000000000000000e+00
-1.010079398238716841e+01 5.506992523041122745e+00 0.000000000000000000e+00
5.304514718513208216e+00 -5.299640665906142800e+00 0.000000000000000000e+00
7.861841130340407879e+00 -1.616776378706319051e+01 0.000000000000000000e+00
1.312848597725684741e+01 1.249822227545821951e+00 0.000000000000000000e+00
4.714764169017161777e+00 1.202289870725118170e+01 0.000000000000000000e+00
-7.007103173709490207e+00 -4.082338488644217556e+00 0.000000000000000000e+00
7.194023422786390398e+00 1.512048480320005872e+01 0.000000000000000000e+00
1.321329536694895168e+01 3.218181214410896107e+00 0.000000000000000000e+00
6.594960618587893286e+00 -1.375446036164025898e+01 0.000000000000000000e+00
1.713266851704163685e+01 -3.303107871479188606e+00 0.000000000000000000e+00
-6.688804212018302664e+00 1.737797720313784566e+01 0.000000000000000000e+00
3.664479354909617737e+00 -5.957154617789545803e+00 0.000000000000000000e+00
9.897966409129610454e+00 -3.372183241066323500e+00 0.000000000000000000e+00
-8.684185015810914621e+00 -5.976684847649414323e+00 0.000000000000000000e+00
-8.451810178409809637e+00 -1.179016820454513237e+01 0.000000000000000000e+00
-2.120033703330993502e-01 1.019104940209446397e+01 0.000000000000000000e+00
1.246209064712456005e+01 1.304406338764353990e+01 0.000000000000000000e+00
1.306430470220380968e+01 7.453746718105493052e+00 0.000000000000000000e+00
-6.373033302547355561e+00 -9.311425258492798562e+00 0.000000000000000000e+00
-6.394348415610425107e+00 7.430136760932002815e+00 0.000000000000000000e+00
-7.135035468686960591e+00 -6.614550918398006907e+00 0.000000000000000000e+00
1.436745489991453351e+00 -1.260418108566014617e+01 0.000000000000000000e+00
1.298464205086055645e-01 8.205823401322453137e+00 0.000000000000000000e+00
-1.628682785390133603e+01 9.016537978052685531e+00 0.000000000000000000e+00
1.430143728284561710e+01 9.352442702292011134e+00 0.000000000000000000e+00
1.605092438422568790e+01 9.002011421063441432e+00 0.000000000000000000e+00
1.139016450484229459e+01 4.985840156950327007e+00 0.000000000000000000e+00
-1.381313199716118101e+00 1.514883044173302906e+01 0.000000000000000000e+00
-4.160575755367126871e-01 -9.484110831239537021e+00 0.000000000000000000e+00
-9.067964440016606176e+00 -1.451680389067479915e+01 0.000000000000000000e+00
-1.114592548455601495e+01 7.348963782592647931e+00 0.000000000000000000e+00
4.675512795816742617e+00 6.804626601606992509e+00 0.000000000000000000e+00
-3.416633977405078681e+00 -8.077887322925639824e-01 0.000000000000000000e+00
-2.743057913191719432e+00 -6.498440583175534080e+00 0.000000000000000000e+00
-1.428037607225584082e+01 3.646121029101718314e+00 0.000000000000000000e+00
1.002440951077340792e+01 -1.806436595603972073e+00 0.000000000000000000e+00
-3.490578153199341838e-01 4.718742538950722043e+00 0.000000000000000000e+00
-4.769746296285926945e+00 7.042356574809159220e+00 0.000000000000000000e+00
-9.707811297004809603e+00 -7.735017862776562225e+00 0.000000000000000000e+00
5.350207063115045791e+00 -9.268493927953922906e+00 0.000000000000000000e+00
1.791813852898656378e+01 -1.180417016974443900e+00 0.000000000000000000e+00
-7.147706086058701613e-01 -1.595796573469079682e+01 0.000000000000000000e+00
7.179378035615840759e+00 8.603388343112172709e-01 0.000000000000000000e+00
-7.586917080970521532e+00 -1.521696560413106525e+01 0.000000000000000000e+00
-1.492730646917475701e+00 1.792452092413653020e+01 0.000000000000000000e+00
-8.751437805703081718e-01 -4.528731361545186296e+00 0.000000000000000000e+00
1.026230985343841162e+01 -1.116106400918008923e+01 0.000000000000000000e+00
-4.404854766245692943e+00 4.148241732741833943e+00 0.000000000000000000e+00
-1.608234365582665149e+01 2.567922148892874734e+00 0.000000000000000000e+00
3.369501963040292480e+00 -8.247785301934916546e+00 0.000000000000000000e+00
3.001389300600487253e+00 -7.510982447933607364e-01 0.000000000000000000e+00
1.730739242675905487e+01 5.122899742000478263e+00 0.000000000000000000e+00
-8.371356779045454388e+00 7.120676322291165761e+00 0.000000000000000000e+00
-1.574992344665410471e+01 -2.761267149362160112e+00 0.000000000000000000e+00
1.443829124095450922e+01 -1.188830281158441693e+01 0.000000000000000000e+00
-1.119496854122828289e+01 3.480510531121235651e+00 0.000000000000000000e+00
-1.474670144679167905e+01 1.511921105812201738e+00 0.000000000000000000e+00
-3.819923365505451862e+00 8.679310573350932145e+00 0.000000000000000000e+00
-1.381057558208720693e+01 1.171697557728968242e+01 0.000000000000000000e+00
-1.131129317158196201e+01 -3.701993143978757672e+00 0.000000000000000000e+00
-1.725256946338617592e+00 -1.482650821123793428e+01 0.000000000000000000e+00
-8.173308929182811156e+00 -8.791342463414334674e+00 0.000000000000000000e+00
1.611238106964685457e+01 8.641742976320923031e-01 0.000000000000000000e+00
8.297128576666555233e+00 -5.225879198427941574e+00 0.000000000000000000e+00
1.663400128776756404e+01 -7.489196496706876260e+00 0.000000000000000000e+00
-1.055607774253268616e+01 1.267431536622856392e+01 0.000000000000000000e+00
-2.870575211162450291e+00 -1.361830748722544016e+01 0.000000000000000000e+00
1.459492377490736281e+01 7.787114853802458825e+00 0.000000000000000000e+00
-1.546861861511134606e+01 -7.384952632835448227e+00 0.000000000000000000e+00
1.025162526206728231e+01 1.403593823870303225e+01 0.000000000000000000e+00
-5.296724291836219400e+00 -2.885546097970176582e+00 0.000000000000000000e+00
-3.748697017276196419e+00 -9.434147871574095845e+00 0.000000000000000000e+00
7.944590585858204435e+00 3.276018035385858340e+00 0.000000000000000000e+00
-4.872124965647881112e+00 -4.869254379057549542e+00 0.000000000000000000e+00
1.036102389311331962e+01 3.106463862802693598e-01 0.000000000000000000e+00
9.422469117218739143e+00 1.570503088017002469e+01 0.000000000000000000e+00
-1.351153476531221465e+01 1.017702086450541010e+01 0.000000000000000000e+00
-5.461020289002371797e+00 1.190369601094363894e+01 0.000000000000000000e+00
-1.187573708380613979e+01 5.887917440709539818e+00 0.000000000000000000e+00
-1.143635812205720725e+01 -1.189835844260941045e+01 0.000000000000000000e+00
-9.836016233585958446e+00 -1.316345299495399601e+01 0.000000000000000000e+00
2.262137894730801069e+00 1.659378829970525260e+01 0.000000000000000000e+00
-5.956709183741028646e+00 9.756527010935236888e+00 0.000000000000000000e+00
-8.924995966150286009e+00 3.774019177191842433e-01 0.000000000000000000e+00
-1.358712723347954032e+01 7.204799986840884962e+00 0.000000000000000000e+00
4.217282813304673361e+00 9.620183837953105055e+00 0.000000000000000000e+00
7.350176790180430686e+00 1.086796130710252406e+01 0.000000000000000000e+00
2.228430262890456426e+00 -6.785967598910418452e+00 0.000000000000000000e+00
9.141573708711199231e+00 7.156128173528662373e+00 0.000000000000000000e+00
-1.638595802365448506e+01 4.110880661941769709e+00 0.000000000000000000e+00
-1.815727493817817839e+00 -8.406943442594865701e+00 0.000000000000000000e+00
-4.420319040716751857e+00 3.502746213150598753e-01 0.000000000000000000e+00
4.893902384891537061e+00 1.736832371032267730e+01 0.000000000000000000e+00
-1.016664704821360132e+01 1.064685738911968471e+01 0.000000000000000000e+00
-7.009287955357683231e+00 1.146209486176618775e+01 0.000000000000000000e+00
-5.606237923076458962e+00 -1.332770003217402177e+01 0.000000000000000000e+00
2.074636604407932072e+00 -2.058971049296432820e+00 0.000000000000000000e+00
1.599270792368279714e+01 3.971677576033886492e+00 0.000000000000000000e+00
-1.313228735153763616e+01 -5.216684806616325609e+00 0.000000000000000000e+00
3.303103275336871647e+00 1.450040162568965307e+01 0.000000000000000000e+00
1.291760135797301423e+01 -3.956215326477451555e+00 0.000000000000000000e+00
1.675731132042181271e+00 8.281825356790827541e+00 0.000000000000000000e+00
3.342633852254603966e+00 5.186937250819077860e+00 0.000000000000000000e+00
2.600093294741812056e+00 -3.929046239670765495e+00 0.000000000000000000e+00
1.299031284257320173e+01 -1.357983316296675724e+01 0.000000000000000000e+00
-1.857027288996311043e+01 9.628052914758822300e-02 0.000000000000000000e+00
6.655762299160601358e+00 1.733980201308752100e+01 0.000000000000000000e+00
-6.888302930330144846e+00 5.310104721430563224e+00 0.000000000000000000e+00
4.135224833255907839e+00 -4.120375579161585478e+00 0.000000000000000000e+00
5.726204531800444641e+00 -1.246486839430141025e+01 0.000000000000000000e+00
6.447823332669522678e+00 2.352530476509592461e+00 0.000000000000000000e+00
1.558161642855047013e+01 -2.344241641399867238e+00 0.000000000000000000e+00
5.755654902082485869e+00 1.085018536025627256e+01 0.000000000000000000e+00
1.820093001068735106e+01 3.713183658961358713e+00 0.000000000000000000e+00
-7.401830068055587297e+00 5.783251398692822454e-01 0.000000000000000000e+00
5.017831430659112080e+00 -1.823302907052854493e+01 0.000000000000000000e+00
1.280798038009826101e+01 -1.166850017862446975e+01 0.000000000000000000e+00
1.085823921268869796e+01 -9.044021658838573785e+00 0.000000000000000000e+00
9.855372405529863045e+00 -5.690695790369361795e+00 0.000000000000000000e+00
8.161153564432250818e-01 -1.639890249069542705e+01 0.000000000000000000e+00
-5.102687558107640520e+00 1.963617406303871826e+00 0.000000000000000000e+00
-6.221547300613468334e-02 -2.026445401806069135e+00 0.000000000000000000e+00
-1.090123546034374691e+01 -1.460578250179038307e+01 0.000000000000000000e+00
-7.317311291155642827e+00 -1.047992711854387471e+00 0.000000000000000000e+00
1.088201547096995725e+01 6.434259374359599271e+00 0.000000000000000000e+00
1.546818854163617551e+01 -9.129995600966948288e+00 0.000000000000000000e+00
-4.393116066408102149e+00 1.496266525365203925e+01 0.000000000000000000e+00
1.172681431015556619e+01 2.795123253526862861e+00 0.000000000000000000e+00
1.468351466239977920e+00 5.678048708865490291e+00 0.000000000000000000e+00
-6.215809470244572310e+00 1.361596794419827994e+01 0.000000000000000000e+00
4.788697442304290064e+00 1.500014504658695991e+01 0.000000000000000000e+00
6.633306378666802949e+00 1.227777089375269703e+01 0.000000000000000000e+00
-1.380520618101415353e+00 2.580289207072821611e+00 0.000000000000000000e+00
5.517628713278416974e+00 4.774215301702311010e+00 0.000000000000000000e+00
6.789698960921150217e+00 -9.814790326877387727e+00 0.000000000000000000e+00
1.742679229026033783e+00 -9.878094277248196775e+00 0.000000000000000000e+00
-9.191301743339241881e+00 -4.294033521692560029e+00 0.000000000000000000e+00
1.594163732872149630e+01 6.385667716864261045e+00 0.000000000000000000e+00
-1.725132237025582427e+01 -7.755329491190082969e+00 0.000000000000000000e+00
-4.670571572569604868e+00 1.646612427476841489e+01 0.000000000000000000e+00
6.748642273966344085e+00 5.929381378322261753e+00 0.000000000000000000e+00
-2.807741963822807829e+00 3.214296197118168941e+00 0.000000000000000000e+00
7.714377384565365148e-01 -7.933388153575456236e+00 0.000000000000000000e+00
8.889881303904322296e-01 -4.377096937494759032e+00 0.000000000000000000e+00
9.699373429479398734e-01 1.130590309811259253e+01 0.000000000000000000e+00
2.683632020993082179e+00 9.403934802253113290e+00 0.000000000000000000e+00
3.400554731712416068e+00 8.009687093180026807e+00 0.000000000000000000e+00
2.981111221463766725e+00 -1.495719104824121359e+01 0.000000000000000000e+00
8.660873362624249339e+00 1.836884050897644283e+00 0.000000000000000000e+00
9.529634543564265314e+00 -1.495127852859805984e+01 0.000000000000000000e+00
-1.533465821242229055e+01 1.104776618362600260e+01 0.000000000000000000e+00
3.373663404829587709e+00 -1.770381834735468374e+01 0.000000000000000000e+00
-1.478808787917005541e+00 5.903689282199953148e+00 0.000000000000000000e+00
-1.096110645684148110e+01 -7.293916502464531382e-01 0.000000000000000000e+00
-1.252993701813915628e+01 1.297469409374531146e+01 0.000000000000000000e+00
-8.401312519895659747e+00 1.249338570772826174e+01 0.000000000000000000e+00
9.197904683770049772e+00 -9.219961308171724212e+00 0.000000000000000000e+00
-1.326808216876969304e+01 -2.500326547048583148e+00 0.000000000000000000e+00
