9.520276699823607913e+00 5.027732205384462638e+00 0.000000000000000000e+00
7.977500611479697579e-01 -2.016419343994548807e+00 0.000000000000000000e+00
8.000532405592325702e+00 9.567066070686449208e+00 0.000000000000000000e+00
-7.546579158516578012e+00 1.335270719166327602e+01 0.000000000000000000e+00
-4.311337832054883634e+00 7.847532472308165197e-01 0.000000000000000000e+00
-8.289692792862496162e+00 1.487778533495142952e+01 0.000000000000000000e+00
4.792423467299368189e-01 -1.461588909552041393e+01 0.000000000000000000e+00
3.864462084801250086e-01 5.936621462520543346e+00 0.000000000000000000e+00
1.652536904911416915e+00 -1.740201106596384051e+01 0.000000000000000000e+00
2.639311940894165875e+00 1.286720111512361520e+01 0.000000000000000000e+00
8.587794002638812429e+00 1.592560676343933945e+00 0.000000000000000000e+00
-1.792868445880336559e+00 1.423144275989777086e+01 0.000000000000000000e+00
-1.272104840783008406e+01 -3.683579691505607379e+00 0.000000000000000000e+00
-2.676298003012094195e+00 8.069804254757062978e+00 0.000000000000000000e+00
-5.672849397421338757e+00 -1.568695563789074221e+01 0.000000000000000000e+00
-1.019035586716767305e+00 7.497458947202185975e+00 0.000000000000000000e+00
-1.892887044281911235e+00 -1.651279763900850739e+01 0.000000000000000000e+00
-7.989560119869732802e+00 -1.316336629515064516e+01 0.000000000000000000e+00
-3.438064567909730140e+00 1.369928542678403893e+01 0.000000000000000000e+00
8.076278671893959427e+00 -2.868719205663558203e+00 0.000000000000000000e+00
1.560499103236656104e+01 3.362474394110461340e+00 0.000000000000000000e+00
-1.505360341793036483e+01 -1.422945209135590749e+00 0.000000000000000000e+00
-7.771546786382117489e-01 -3.034254191907204135e+00 0.000000000000000000e+00
2.539877297824834623e-01 -4.431179638928496090e+00 0.000000000000000000e+00
-1.494929796080157658e+01 -4.515943472850940665e+00 0.000000000000000000e+00
-1.317299119031130594e+01 1.001269890707411570e+01 0.000000000000000000e+00
7.109045435914321587e+00 -9.101130438766261932e+00 0.000000000000000000e+00
-2.547682522818744744e+00 1.694064429936983984e+01 0.000000000000000000e+00
9.283309390087486790e+00 6.511990702826238042e+00 0.000000000000000000e+00
-1.631286583031760662e+00 -1.210222321741281171e+01 0.000000000000000000e+00
3.264279893782068065e+00 8.083673650492922746e+00 0.000000000000000000e+00
8.689395330230485825e+00 -7.780894645177821367e+00 0.000000000000000000e+00
1.451280433710426365e+01 -3.551596459238457015e+00 0.000000000000000000e+00
1.036271729007381026e+01 -7.929868642263262934e+00 0.000000000000000000e+00
6.297224262823489127e+00 -7.782859844338686495e-01 0.000000000000000000e+00
-2.864805383300843555e+00 -1.363684325230613759e+01 0.000000000000000000e+00
-1.540403828043063417e+00 -1.734096756312326404e+00 0.000000000000000000e+00
1.572669996404036485e+00 -1.310372749137235715e+01 0.000000000000000000e+00
-8.966285913916824057e+00 1.230231491823723111e+01 0.000000000000000000e+00
1.062179618190284280e+01 -6.425615625119209362e+00 0.000000000000000000e+00
3.071123570218713628e+00 -6.903816215413949742e+00 0.000000000000000000e+00
-1.594717754823267164e+01 1.477696569207206601e+00 0.000000000000000000e+00
-2.471890633654543201e+00 1.088324425928399997e+01 0.000000000000000000e+00
1.941410138389104256e+00 9.307809843108040937e+00 0.000000000000000000e+00
1.467909078981330673e+01 -6.012965024051624141e+00 0.000000000000000000e+00
8.545970385254676671e+00 1.469630881512921938e+01 0.000000000000000000e+00
3.148411019829791435e+00 1.487429568785191947e+01 0.000000000000000000e+00
4.291367572067718683e+00 4.958687407372763256e-01 0.000000000000000000e+00
-5.957166784893781486e-01 3.480224940674185863e+00 0.000000000000000000e+00
3.509582127636000415e+00 -1.335466072829286510e+01 0.000000000000000000e+00
-1.434981044012401163e+01 3.755325038196896337e+00 0.000000000000000000e+00
6.575465612785419189e+00 1.423624422556163083e+01 0.000000000000000000e+00
-1.021559346042336358e+01 -5.487969594372403837e-01 0.000000000000000000e+00
-7.677284235171828897e+00 -1.531952660726205195e+01 0.000000000000000000e+00
8.460575112662795050e+00 -1.357238470497548377e+01 0.000000000000000000e+00
-5.202350472776132939e+00 8.498463439195607094e+00 0.000000000000000000e+00
-5.980980730462015948e+00 -6.064020451691213287e-01 0.000000000000000000e+00
-4.052643335007034331e+00 -1.518134377370932953e+01 0.000000000000000000e+00
5.295693035830340456e+00 -4.539380240675392031e+00 0.000000000000000000e+00
-7.570138202458781329e+00 -4.600327030413935425e+00 0.000000000000000000e+00
-8.021592391721649173e-01 -5.544829694414779020e+00 0.000000000000000000e+00
-7.794122144716540745e+00 7.271244915719852209e-01 0.000000000000000000e+00
3.527016695381947731e+00 -1.704772265691076427e+01 0.000000000000000000e+00
-1.669461922661201925e+01 5.077606466767621285e+00 0.000000000000000000e+00
3.096235998162371050e+00 -1.536103506788408524e+01 0.000000000000000000e+00
1.678806950530195907e+00 5.151869502781945442e+00 0.000000000000000000e+00
7.030306593362295686e+00 -1.483659666015086920e+01 0.000000000000000000e+00
-8.329209339872759799e+00 -2.313161367826903625e+00 0.000000000000000000e+00
1.140520362471995242e+01 6.658624829467973960e+00 0.000000000000000000e+00
-8.224013316360014869e+00 -6.633586750204153226e+00 0.000000000000000000e+00
-6.810636373725090564e+00 -1.136990917729298545e+01 0.000000000000000000e+00
-1.247784143379172583e+01 8.313361374598137843e+00 0.000000000000000000e+00
-3.158894754653965187e+00 -2.507007599379278417e+00 0.000000000000000000e+00
4.988759787167110105e+00 1.613486160409266645e+01 0.000000000000000000e+00
1.415649205375376951e+01 5.143099054947953830e-01 0.000000000000000000e+00
-1.100119165925120690e+01 9.092003302229462847e+00 0.000000000000000000e+00
4.887275525816357380e+00 1.029433294530167053e+01 0.000000000000000000e+00
1.440255694875061998e+01 6.569498840846791587e+00 0.000000000000000000e+00
-1.331395183473004096e+01 -8.013665540126728715e+00 0.000000000000000000e+00
-1.063485651955522293e+01 7.305799831636195840e+00 0.000000000000000000e+00
-2.327934438787683469e+00 1.243002998040070040e+01 0.000000000000000000e+00
-9.865953011855147281e+00 1.411423184061322900e+01 0.000000000000000000e+00
1.688710334569967841e+01 1.420252692251295690e+00 0.000000000000000000e+00
-3.991897951361111918e+00 -1.678218666327762776e+01 0.000000000000000000e+00
4.879201795326288504e+00 4.871026965363431493e+00 0.000000000000000000e+00
5.729643180502560718e+00 -9.770988233587733163e+00 0.000000000000000000e+00
-1.123936192825765623e+01 -4.702878072276306831e+00 0.000000000000000000e+00
1.295387349117543785e+01 1.060813649478633280e+01 0.000000000000000000e+00
2.749202987139661936e+00 1.117554011548597082e+01 0.000000000000000000e+00
7.330945915872392860e+00 7.931571565586549077e+00 0.000000000000000000e+00
5.429277229964919904e+00 -1.562022413230716822e+01 0.000000000000000000e+00
-5.406674999697517414e+00 3.854947194028450763e+00 0.000000000000000000e+00
8.358489784452591831e-01 1.489086786961448716e+01 0.000000000000000000e+00
-6.754598780013392201e+00 9.669094068565890154e+00 0.000000000000000000e+00
-1.156504238489286074e+01 -8.016026973644930109e+00 0.000000000000000000e+00
-1.006144942917635987e+01 3.172667245500345512e+00 0.000000000000000000e+00
1.188666677460775922e+01 -1.044537613709287704e+01 0.000000000000000000e+00
-1.139245280923998749e+01 -2.601398047639094546e+00 0.000000000000000000e+00
-9.042641702806191617e+00 5.218692146363290263e+00 0.000000000000000000e+00
1.246708825861250780e+01 -7.408710703541346199e+00 0.000000000000000000e+00
8.217094574173700039e+00 -5.800713838738018602e+00 0.000000000000000000e+00
8.678394721023947156e+00 -9.371869024268359993e+00 0.000000000000000000e+00
-1.399418184021557998e+01 -6.470497520239443467e+00 0.000000000000000000e+00
-3.209493631740205077e-01 -1.099601939735305578e+01 0.000000000000000000e+00
1.075491614850078115e+01 -1.297825842491783810e+01 0.000000000000000000e+00
-7.133361316031697541e+00 -8.496487653134042972e+00 0.000000000000000000e+00
9.850321049767412518e+00 8.842210789369287838e+00 0.000000000000000000e+00
6.273789130762138733e+00 -2.476791889702647964e+00 0.000000000000000000e+00
7.501485141994465700e+00 1.226819402149738281e+01 0.000000000000000000e+00
1.078165811350348058e+01 2.220981032929878474e+00 0.000000000000000000e+00
-1.609525931528164833e+01 -5.744697605022017761e+00 0.000000000000000000e+00
-1.203393456625159885e+01 -9.085523772940330423e-01 0.000000000000000000e+00
5.021452426623985055e+00 2.802378220330126624e+00 0.000000000000000000e+00
-2.499936352637561754e+00 -8.146577926418288484e+00 0.000000000000000000e+00
-1.323312062643819509e+01 6.715847054754552126e+00 0.000000000000000000e+00
9.711710649268169959e+00 -1.169834375868023280e+01 0.000000000000000000e+00
3.022867783116085505e+00 2.704094260122140270e+00 0.000000000000000000e+00
-9.740092060402682606e+00 -3.696434145133317362e+00 0.000000000000000000e+00
-5.069124052664585989e+00 1.082865450419428832e+01 0.000000000000000000e+00
-7.009508159288279749e+00 3.951614522367548954e+00 0.000000000000000000e+00
-4.236918128589473476e+00 1.546089444973853411e+01 0.000000000000000000e+00
-6.978935899495947837e+00 7.849696666544214274e+00 0.000000000000000000e+00
-1.185944403010712023e+01 -1.007017939230584780e+01 0.000000000000000000e+00
-1.464495086483223751e+01 -9.520982802945653134e+00 0.000000000000000000e+00
6.565255567670469361e-01 1.046134389187079128e+00 0.000000000000000000e+00
1.344347570629641275e+01 -1.052146352103629834e+00 0.000000000000000000e+00
1.148842859890399382e+01 -1.341989258218953429e+00 0.000000000000000000e+00
-5.415961670498244729e+00 1.271104150025835544e+01 0.000000000000000000e+00
1.602587205367782630e+01 -2.787062869833951240e+00 0.000000000000000000e+00
-1.464334455099962540e+01 9.033887711747013327e+00 0.000000000000000000e+00
6.689094031162729159e+00 -1.094872868871241955e+01 0.000000000000000000e+00
3.073249763995923534e+00 -3.287607001439114995e+00 0.000000000000000000e+00
5.756396578009794318e+00 7.313681081807626327e+00 0.000000000000000000e+00
-9.779748505415007287e+00 1.080954688531497787e+00 0.000000000000000000e+00
-3.347176185867455800e+00 3.675964256621564896e+00 0.000000000000000000e+00
4.130494125035075292e+00 -1.098918253859011962e+01 0.000000000000000000e+00
1.574447497403572704e+01 5.396367695824112687e+00 0.000000000000000000e+00
-1.508607553110087629e+01 5.658334865170681738e+00 0.000000000000000000e+00
1.098445248339963420e+01 6.732473013214378410e-01 0.000000000000000000e+00
6.622482833269140556e+00 5.115091510716900380e+00 0.000000000000000000e+00
5.472693997668633958e-01 1.026539895145377912e+01 0.000000000000000000e+00
4.207425528181124363e+00 -9.084744657637473964e+00 0.000000000000000000e+00
1.318615161692805771e+01 -2.652780583670122372e+00 0.000000000000000000e+00
-3.967400561667833170e+00 -1.045026846416693722e+01 0.000000000000000000e+00
1.404256853214867817e+00 -6.952045251342267029e+00 0.000000000000000000e+00
1.233667821250255869e+01 3.327382041119715250e+00 0.000000000000000000e+00
1.482497683824949064e+01 -8.514273808566162671e+00 0.000000000000000000e+00
2.641163803874302385e+00 -1.524186708659738487e+00 0.000000000000000000e+00
7.662243251993047011e+00 -4.378699013449607769e+00 0.000000000000000000e+00
-8.586834643591100047e+00 1.082866623702816611e+01 0.000000000000000000e+00
-6.595385109814205116e+00 5.577989589761093825e+00 0.000000000000000000e+00
4.145242651961989822e+00 1.185854291621721934e+01 0.000000000000000000e+00
1.599938042185967824e+01 -6.795214781929936443e+00 0.000000000000000000e+00
-1.686047620491443411e+01 2.741943075860596934e+00 0.000000000000000000e+00
-1.433668367498453300e+01 -3.093823541946684852e+00 0.000000000000000000e+00
-5.007326553618004716e+00 -6.864852487821320182e+00 0.000000000000000000e+00
-2.802231453670871453e+00 4.362110152950152697e-01 0.000000000000000000e+00
1.359812689103910621e+01 8.724890122009968607e+00 0.000000000000000000e+00
-8.747401293916894360e+00 -8.583008922834492793e+00 0.000000000000000000e+00
7.195680577950834156e+00 -7.220153498870258701e+00 0.000000000000000000e+00
-1.159485757056227112e-01 -8.445882864574402404e+00 0.000000000000000000e+00
1.253124157711419606e+01 1.177689459102824632e+00 0.000000000000000000e+00
1.648680046903793439e+00 -1.249139141494714778e-01 0.000000000000000000e+00
-3.873784018353271463e+00 9.226717341457083776e+00 0.000000000000000000e+00
-8.476584118231086151e+00 2.990946209284904622e+00 0.000000000000000000e+00
-1.072621310223539304e+01 4.907867131053713194e+00 0.000000000000000000e+00
9.368249919355237765e+00 1.242670265611423375e+01 0.000000000000000000e+00
1.152702082091600211e+01 1.185592564101195912e+01 0.000000000000000000e+00
5.936020150279039065e+00 -1.224642188082734151e+01 0.000000000000000000e+00
9.454736563633422408e-01 3.226393167685647878e+00 0.000000000000000000e+00
1.112407888505786424e+01 1.020606020466367703e+01 0.000000000000000000e+00
5.122572211869886871e+00 -6.644544841989508122e+00 0.000000000000000000e+00
-1.318165590746866478e+01 2.189736781014968159e+00 0.000000000000000000e+00
7.802673548846496665e+00 -1.032936604696031768e+00 0.000000000000000000e+00
-1.226093654680510792e+00 -9.483900384935383343e+00 0.000000000000000000e+00
3.607269860142080287e+00 1.692671181104241640e+01 0.000000000000000000e+00
1.384351079743539437e+01 4.556054164680283236e+00 0.000000000000000000e+00
-1.157271015808023051e+00 -1.378195807643880499e+01 0.000000000000000000e+00
1.340606301683110857e+01 -9.999630668383327148e+00 0.000000000000000000e+00
2.435719971087233926e+00 -1.119151198585036688e+01 0.000000000000000000e+00
1.864489447075235562e+00 -8.961496896239957266e+00 0.000000000000000000e+00
-1.137332175306624560e+00 9.856339502822429210e+00 0.000000000000000000e+00
-1.731208564931612059e+01 -1.951647152265445717e+00 0.000000000000000000e+00
-2.973885779869713364e+00 -6.338341951908803118e+00 0.000000000000000000e+00
-4.977352528805780274e+00 -3.547001815489978949e+00 0.000000000000000000e+00
-1.519386386787926391e+01 -7.638191204817255553e+00 0.000000000000000000e+00
-2.508387435631661777e+00 2.041916852438875107e+00 0.000000000000000000e+00
5.292482826793317940e+00 -1.372861841677179662e+01 0.000000000000000000e+00
7.224849635453201913e+00 2.419270509845421913e+00 0.000000000000000000e+00
-5.811853854410837350e+00 -9.448473391739137028e+00 0.000000000000000000e+00
1.835220271878958753e+00 -4.596802424028602729e+00 0.000000000000000000e+00
-1.606972290541891724e+01 -3.450496256144401475e+00 0.000000000000000000e+00
-6.427368621795768178e+00 -1.382077336580291416e+01 0.000000000000000000e+00
-1.233521807000144932e+01 3.522679025335094138e+00 0.000000000000000000e+00
9.876913900845105232e+00 -1.404754178892276162e+00 0.000000000000000000e+00
-6.175552535828847667e+00 1.551526648108729844e+01 0.000000000000000000e+00
-1.015864017666788577e+01 -1.004711360749517013e+01 0.000000000000000000e+00
-3.183963605944403419e+00 5.372958602484716906e+00 0.000000000000000000e+00
-2.287599450646824184e-01 1.331910374281842024e+01 0.000000000000000000e+00
1.261017593614165988e-01 1.182806738345271569e+01 0.000000000000000000e+00
-9.761483305591807991e+00 -1.369089138250140003e+01 0.000000000000000000e+00
-4.313703236237176775e+00 -5.447834807077696517e+00 0.000000000000000000e+00
-1.067283915091280733e+01 1.137823002784498350e+01 0.000000000000000000e+00
-1.223319815403279875e+01 -1.243200387741483048e+01 0.000000000000000000e+00
2.179241926383282124e-01 1.718601360828172275e+01 0.000000000000000000e+00
-1.013989133081964589e+01 -1.190604723332413073e+01 0.000000000000000000e+00
4.528475177071888069e+00 -1.647492660322760427e+00 0.000000000000000000e+00
-4.213727552486303374e+00 -9.006718646587332788e-01 0.000000000000000000e+00
1.048720287117293459e+01 -9.778118135862749583e+00 0.000000000000000000e+00
-3.568744029038611210e+00 -1.199047026682638162e+01 0.000000000000000000e+00
-4.882878973943051371e+00 -1.332961122753727246e+01 0.000000000000000000e+00
1.172242193976930835e+01 -3.815668569556537992e+00 0.000000000000000000e+00
1.495030496820212207e+01 -1.576306334900898110e+00 0.000000000000000000e+00
1.606603483240220953e+01 4.329484885471249905e-02 0.000000000000000000e+00
1.538009050448996895e+01 1.826444794212544132e+00 0.000000000000000000e+00
-1.473800978390148053e+01 7.733445227405609523e-02 0.000000000000000000e+00
-1.545554958259418221e+01 7.335715875504850381e+00 0.000000000000000000e+00
4.706360848775988259e+00 8.502560366485896637e+00 0.000000000000000000e+00
5.807755657104798352e+00 -8.043615674956157591e+00 0.000000000000000000e+00
-1.704907109915418317e+01 1.945502072058241383e-01 0.000000000000000000e+00
-3.128698504847301498e-01 -1.628363991299268676e+01 0.000000000000000000e+00
-7.449316699275707609e-01 1.902792206065201608e+00 0.000000000000000000e+00
1.028987038045335112e+01 -4.748674941523804982e+00 0.000000000000000000e+00
5.733365433842235070e+00 1.168988093817178964e+01 0.000000000000000000e+00
1.108714896877701861e+01 4.895318514855726555e+00 0.000000000000000000e+00
6.510506154669759127e+00 9.971347879764824285e+00 0.000000000000000000e+00
-1.231853038065265693e+01 6.321850749187716278e-01 0.000000000000000000e+00
-7.378483896680040344e-01 1.564864896817399753e+01 0.000000000000000000e+00
1.707949145678846392e+01 -1.358642621823563212e+00 0.000000000000000000e+00
-9.813081427250189392e+00 -7.330353615888332008e+00 0.000000000000000000e+00
-5.169376073868225951e-01 -6.748750719244152318e-02 0.000000000000000000e+00
1.337333030121677035e+00 -1.590499008433263484e+01 0.000000000000000000e+00
-1.211422365441796423e+01 1.258212673104969781e+01 0.000000000000000000e+00
1.335850593390764673e-01 8.702665425543017363e+00 0.000000000000000000e+00
-1.197792406892519423e+01 5.742354609768788087e+00 0.000000000000000000e+00
-6.474716895495761904e+00 -3.301083074682180651e+00 0.000000000000000000e+00
4.865206027973498770e+00 1.352294017136976123e+01 0.000000000000000000e+00
1.063536970454824981e+01 1.335914160670472484e+01 0.000000000000000000e+00
7.956978976460696629e+00 4.228911673679236038e+00 0.000000000000000000e+00
-8.817296616580167168e+00 8.020435178983140290e+00 0.000000000000000000e+00
-4.779784276737950144e+00 7.036679054589018989e+00 0.000000000000000000e+00
-1.133934738175136125e+01 -6.241166809889127087e+00 0.000000000000000000e+00
1.847569959810366758e+00 1.612739248401314640e+01 0.000000000000000000e+00
2.150016320438488115e+00 1.311705963878520009e+00 0.000000000000000000e+00
7.372880211571095188e+00 5.542763286069679607e-01 0.000000000000000000e+00
1.846553094321678801e+00 6.643578170975091624e+00 0.000000000000000000e+00
-5.995060617181941609e+00 9.413252498165729509e-01 0.000000000000000000e+00
1.592104805562008174e+01 -4.875871192619557704e+00 0.000000000000000000e+00
9.599857723335883719e+00 -3.042117652785381932e+00 0.000000000000000000e+00
1.397737010711136918e+01 2.971254561002242500e+00 0.000000000000000000e+00
-8.402407663832336837e+00 -1.101016474161708558e+01 0.000000000000000000e+00
-6.981086461866770065e+00 2.328074961899555095e+00 0.000000000000000000e+00
-1.347304736172421968e+01 4.986482235560915299e+00 0.000000000000000000e+00
-1.119935911253921468e+01 2.093870802984405532e+00 0.000000000000000000e+00
1.301972435404153572e+01 -5.438096626665624989e+00 0.000000000000000000e+00
1.515432261943671399e+01 8.347926019064832559e+00 0.000000000000000000e+00
