1.099185618058319847e+01 -7.358796352865628165e+00 0.000000000000000000e+00
-9.434378813272948250e+00 7.279463661986644851e-01 0.000000000000000000e+00
9.509686508079640888e+00 -2.835889057522148704e+00 0.000000000000000000e+00
-7.037374326568459182e+00 -1.321716069003589134e+01 0.000000000000000000e+00
-5.240470306512841958e+00 -1.643918474297566235e+01 0.000000000000000000e+00
5.539049690918308677e+00 -8.608305564357237927e+00 0.000000000000000000e+00
-1.614569134177145315e+00 -5.702158443706263569e+00 0.000000000000000000e+00
-4.619926234167636814e+00 -2.019895822351910564e+00 0.000000000000000000e+00
1.748800379667917904e+00 3.015029859476755281e+00 0.000000000000000000e+00
-1.658033160456103161e+01 -6.519197496254441226e+00 0.000000000000000000e+00
-1.149433732142022002e+01 4.293073790957780966e-01 0.000000000000000000e+00
4.456963538534928659e+00 -1.307711535104035860e+01 0.000000000000000000e+00
-2.890879281701383974e+00 -2.937761540954761497e+00 0.000000000000000000e+00
5.675061941550954892e+00 1.194070265298364575e+01 0.000000000000000000e+00
-5.548995475075937378e+00 1.576954830675823649e+00 0.000000000000000000e+00
-4.927632032245876204e+00 1.816855303004384226e+01 0.000000000000000000e+00
-5.217886312354587552e+00 1.093892874007897831e+01 0.000000000000000000e+00
2.852027913869398801e-01 -6.827083341399866612e+00 0.000000000000000000e+00
-8.559453521064938286e+00 1.601085784363331044e+01 0.000000000000000000e+00
-1.929001138198643384e+00 3.111344537339995941e+00 0.000000000000000000e+00
-1.607915199156876795e+01 -4.476098107193378639e-01 0.000000000000000000e+00
-5.305462814608516986e+00 -3.856439502223206528e+00 0.000000000000000000e+00
1.189398620959130959e+01 2.522667035080168318e-01 0.000000000000000000e+00
9.736426337191598890e+00 5.902613695035806352e+00 0.000000000000000000e+00
-6.239598941785067687e+00 1.336803217284089129e+01 0.000000000000000000e+00
-1.406840594216871843e+01 -6.617711920719189678e+00 0.000000000000000000e+00
3.275438026808159542e-01 9.930463742344368683e+00 0.000000000000000000e+00
1.376768472302427249e+01 8.037699395743512554e+00 0.000000000000000000e+00
-4.209139846190614875e+00 6.323938185676584389e+00 0.000000000000000000e+00
9.403210185962230128e+00 8.331322394634593564e+00 0.000000000000000000e+00
2.749753548952231785e+00 5.943723807307282669e+00 0.000000000000000000e+00
-1.648363858868370713e+01 -8.950725118187920160e+00 0.000000000000000000e+00
-4.091513300161100375e+00 -1.763461727018959380e+01 0.000000000000000000e+00
-1.065715643231406773e+01 -8.068744672501967585e+00 0.000000000000000000e+00
9.397525985370862145e+00 1.371967831555776307e+01 0.000000000000000000e+00
-4.674560465996880687e+00 -4.259901152616935582e-01 0.000000000000000000e+00
8.129176154309945446e+00 1.633726614466885607e+01 0.000000000000000000e+00
5.878140506055641978e+00 1.733001446559109837e+01 0.000000000000000000e+00
6.028098911557710160e+00 -4.189148181078124367e+00 0.000000000000000000e+00
-1.196721072533688712e+01 -6.928102124997905342e+00 0.000000000000000000e+00
5.061447930566595588e+00 7.177258845536783838e+00 0.000000000000000000e+00
-4.920364769137430372e+00 -1.111125911038098479e+01 0.000000000000000000e+00
1.991119323255439832e+00 -1.037626171567361233e+01 0.000000000000000000e+00
-8.229341173393803999e+00 -1.513736419939724698e+01 0.000000000000000000e+00
-5.741267661461809446e+00 -7.610162120576192457e+00 0.000000000000000000e+00
-1.655493501839947257e+01 -3.555323430799784301e+00 0.000000000000000000e+00
-3.932887562813291549e+00 -6.640282591120072020e+00 0.000000000000000000e+00
1.784064789017234176e+01 -3.884144915850657132e+00 0.000000000000000000e+00
3.949463979471146580e+00 1.401032971772782432e+01 0.000000000000000000e+00
-7.013328934576667173e+00 -5.272189159640686462e+00 0.000000000000000000e+00
1.855721645975662693e+00 -7.049204635842195366e+00 0.000000000000000000e+00
6.023583152666436291e+00 9.475412787366508383e+00 0.000000000000000000e+00
5.549088319983033202e-01 1.358823623687533200e+01 0.000000000000000000e+00
3.625922690321854880e+00 1.668178068995120000e+01 0.000000000000000000e+00
-1.321220871554579013e+01 1.285628295657217990e+01 0.000000000000000000e+00
6.509199734942954230e+00 -7.360955980294352052e+00 0.000000000000000000e+00
1.161603213910017196e+01 -9.818321981751005012e+00 0.000000000000000000e+00
-8.805433427008113156e+00 -1.214052830129964633e+01 0.000000000000000000e+00
1.373360282547997890e+01 1.079400336036675867e+01 0.000000000000000000e+00
1.077873579892054856e+01 1.036702011624236164e+01 0.000000000000000000e+00
-1.733195358137707487e+01 6.863247993870278396e-01 0.000000000000000000e+00
-1.081222768401301160e+01 -5.693908035366655795e+00 0.000000000000000000e+00
1.137419560040049937e+01 8.947048033068412565e+00 0.000000000000000000e+00
1.177735310585258155e+01 4.066968913805694363e+00 0.000000000000000000e+00
1.778206664018685990e+00 -5.137302848268323618e-01 0.000000000000000000e+00
-1.415990256547732606e+01 -4.493213429462552533e+00 0.000000000000000000e+00
9.371964586148672227e-01 -4.024653346801223996e+00 0.000000000000000000e+00
1.607687282071227131e+01 -4.963492932658916779e+00 0.000000000000000000e+00
-1.473489456886784588e+01 5.800149244472498467e+00 0.000000000000000000e+00
8.743428197270826985e+00 -4.466322368557276157e+00 0.000000000000000000e+00
3.155894472624169556e+00 -1.575245659835017698e+01 0.000000000000000000e+00
-1.532429847910027831e+01 1.117683501240169441e+01 0.000000000000000000e+00
1.882884376964417683e+01 -1.242041991200118156e+00 0.000000000000000000e+00
1.580712344512318168e+01 3.688366897026101654e+00 0.000000000000000000e+00
3.767640414872755361e+00 -1.760029277603841535e+01 0.000000000000000000e+00
-2.601310352767410294e-01 -1.210703349722313860e+01 0.000000000000000000e+00
-1.257107818862272275e+01 9.109194115181303175e+00 0.000000000000000000e+00
-9.252962760348857785e+00 1.303007121299377857e+01 0.000000000000000000e+00
-1.553253267688885408e+01 9.009879500180167256e+00 0.000000000000000000e+00
-1.100749468930489527e+01 -3.843493045115645490e+00 0.000000000000000000e+00
1.306366910688862149e+01 6.096320898691518941e+00 0.000000000000000000e+00
1.409420970974347753e+01 -1.221345025170048615e+01 0.000000000000000000e+00
-4.828148295231073917e+00 -1.379171882942315186e+01 0.000000000000000000e+00
1.597481115319847600e+00 -1.454165119067023504e+01 0.000000000000000000e+00
6.101019478892738768e+00 -1.337685659582365005e+01 0.000000000000000000e+00
1.088371445089217993e+01 2.306340939635401543e+00 0.000000000000000000e+00
3.700537034441829576e+00 1.098791562676602673e+01 0.000000000000000000e+00
-3.761127799002566885e+00 1.350977781006642253e+01 0.000000000000000000e+00
-8.221166362058667687e+00 -8.392271907142806242e+00 0.000000000000000000e+00
1.218225977886508105e+00 1.199149175456658867e+01 0.000000000000000000e+00
4.715733274997255364e+00 -6.346083462125609920e+00 0.000000000000000000e+00
1.340611503343437327e+01 -1.662849198078336865e+00 0.000000000000000000e+00
1.142251264370039010e+01 -1.183089603867873407e+01 0.000000000000000000e+00
5.770271969079743712e+00 1.499476678820594877e+01 0.000000000000000000e+00
-3.944576629098834442e+00 3.847317778503751562e+00 0.000000000000000000e+00
1.033566516804761193e+01 1.214126725444107890e+01 0.000000000000000000e+00
-9.420384148352981768e+00 -6.807970127831933560e+00 0.000000000000000000e+00
-1.210567312390796602e+01 -9.773203966216541971e+00 0.000000000000000000e+00
1.274175109216593604e+01 -5.372754235243864862e+00 0.000000000000000000e+00
7.769027945883648201e+00 -1.678095322723524907e+00 0.000000000000000000e+00
-9.445669642330868143e+00 -4.574366525648832393e+00 0.000000000000000000e+00
3.840662648538215596e+00 -3.214822373361664321e-01 0.000000000000000000e+00
5.695471824785791171e+00 2.919569372949326169e+00 0.000000000000000000e+00
-2.709026606486018451e+00 -1.588755534017973226e+01 0.000000000000000000e+00
-6.519440115212400855e+00 -1.565684814698382887e-02 0.000000000000000000e+00
-9.546924264902933999e+00 7.748254656618656533e+00 0.000000000000000000e+00
3.572197726007537266e+00 8.513989701698529089e+00 0.000000000000000000e+00
1.694931941217608440e+01 8.464085369606516807e+00 0.000000000000000000e+00
-1.566330499465966497e+01 4.400994526371685645e+00 0.000000000000000000e+00
-1.096503079433561112e+01 -1.177441204116570361e+01 0.000000000000000000e+00
-8.879041263914054127e+00 -2.941784669169323241e+00 0.000000000000000000e+00
1.734248563694467649e+01 -1.972310718098596372e+00 0.000000000000000000e+00
-2.552612827817602792e+00 7.768633172456591574e+00 0.000000000000000000e+00
1.878815541459285532e+00 -1.815274371318681190e+01 0.000000000000000000e+00
5.863885873025296291e+00 4.726760569235788800e+00 0.000000000000000000e+00
-8.211769832138113401e+00 2.425821643506442804e+00 0.000000000000000000e+00
1.208353802905842933e+01 -2.979696207471239422e+00 0.000000000000000000e+00
-7.221918703459984989e+00 1.145340402997927143e+01 0.000000000000000000e+00
-1.671668332561429793e+01 6.957260751403911314e+00 0.000000000000000000e+00
-6.605548309868583878e+00 -1.975977365504428818e+00 0.000000000000000000e+00
3.766922133049225296e-01 -1.896815516911339117e+01 0.000000000000000000e+00
-5.761936839768115881e+00 1.593858375316144205e+01 0.000000000000000000e+00
9.085166063364886746e-01 1.472834812794042270e+00 0.000000000000000000e+00
1.456794548740318263e+01 -9.469409210855676662e+00 0.000000000000000000e+00
-1.385419757316252998e+01 1.633765798324000595e+00 0.000000000000000000e+00
9.375984540322660266e+00 -1.239123930469950174e+01 0.000000000000000000e+00
7.907686687178983043e+00 -1.020179100563535179e+01 0.000000000000000000e+00
-1.234933751251949197e+01 -3.148679496443888670e+00 0.000000000000000000e+00
-1.061230294004338504e+01 -2.207350714090362764e+00 0.000000000000000000e+00
8.544114411745972859e+00 1.003219574220611321e+01 0.000000000000000000e+00
2.524740603981642018e+00 -1.233583983683265650e+01 0.000000000000000000e+00
-1.187125258253603022e+01 4.121781145733659280e+00 0.000000000000000000e+00
6.463806249333565290e+00 1.329180603533134608e+01 0.000000000000000000e+00
-8.563275215124836137e+00 4.169750572716922399e+00 0.000000000000000000e+00
-1.795751460713563397e+00 -1.791998451482224652e+01 0.000000000000000000e+00
-7.352013794326974327e+00 -1.072498062184206624e+01 0.000000000000000000e+00
-6.920134424287133434e+00 1.740673093138633831e+01 0.000000000000000000e+00
1.539211053090810921e+01 3.661867203225239731e-01 0.000000000000000000e+00
-8.539068693362242612e+00 6.449862622340677198e+00 0.000000000000000000e+00
-1.218846082028717426e+01 -1.452020659616344300e+00 0.000000000000000000e+00
1.809871413583639210e+01 1.775117600903901804e+00 0.000000000000000000e+00
-1.318925924386869397e+00 1.891916121894400504e+01 0.000000000000000000e+00
1.402499079395989590e+01 3.035764700551712991e+00 0.000000000000000000e+00
1.321354661926620899e+01 -7.646832433604490831e+00 0.000000000000000000e+00
-4.745277734291972749e+00 -9.611463958236212690e+00 0.000000000000000000e+00
-1.334380582935710713e+01 -1.350090154223279271e+01 0.000000000000000000e+00
-1.276673682589089864e+01 6.661216485124719533e+00 0.000000000000000000e+00
1.465120267187131731e+01 -4.246402522434203242e+00 0.000000000000000000e+00
9.559817230248372155e+00 -8.054797958628229892e+00 0.000000000000000000e+00
-8.426009601658213111e-01 1.226711441615947074e+01 0.000000000000000000e+00
-3.893150347600099703e+00 1.705955683952609192e+01 0.000000000000000000e+00
-1.287242970355826621e+01 1.108801904476871236e+01 0.000000000000000000e+00
-3.126375266210378978e+00 -8.441950360868080594e+00 0.000000000000000000e+00
5.489486389519077747e+00 2.657816810251811268e-01 0.000000000000000000e+00
6.226012918753536241e+00 -1.083164095706983510e+01 0.000000000000000000e+00
-5.734524412616120337e+00 3.504784202658087100e+00 0.000000000000000000e+00
-1.104568639412263131e+01 1.193915321564223930e+01 0.000000000000000000e+00
-2.426151346862185143e+00 1.084839204334312157e+01 0.000000000000000000e+00
-1.008303009222677460e+00 -1.695931752580682517e+00 0.000000000000000000e+00
-1.136082403901523374e+00 -8.350728651532781655e+00 0.000000000000000000e+00
-3.107256167442586037e+00 -1.238117313494413452e+01 0.000000000000000000e+00
-9.651455893090380656e+00 9.909232813629444081e+00 0.000000000000000000e+00
7.443820519941954039e+00 -1.664609125652614097e+01 0.000000000000000000e+00
-1.836628187617549912e+01 2.386425930619306968e+00 0.000000000000000000e+00
3.411866699448506512e+00 -4.991235180943291994e+00 0.000000000000000000e+00
8.814386103012684659e-01 4.330055816708157757e+00 0.000000000000000000e+00
-1.689488927858340261e+01 -1.748238273944600296e+00 0.000000000000000000e+00
-2.617705174687564362e+00 4.796493466652706594e+00 0.000000000000000000e+00
-6.321561453435614375e+00 -1.783741623421096634e+01 0.000000000000000000e+00
-1.348950667464000830e+00 -9.996206735444758351e+00 0.000000000000000000e+00
-2.757069504495123446e+00 1.584304921673663635e+01 0.000000000000000000e+00
1.659818028886280317e+01 5.058352440837089681e+00 0.000000000000000000e+00
-1.024741771099021825e+01 5.339386600739580047e+00 0.000000000000000000e+00
1.697123698647164280e+00 -5.341450554087932900e+00 0.000000000000000000e+00
1.644159565936038181e+00 1.555542910627500142e+01 0.000000000000000000e+00
-6.056952240960541189e+00 5.784934792284497362e+00 0.000000000000000000e+00
1.154218484234002950e+01 6.010827426449429467e+00 0.000000000000000000e+00
-8.011659995650090238e+00 1.409057839578737337e+01 0.000000000000000000e+00
9.968397730796255130e-02 1.774071829828909586e+01 0.000000000000000000e+00
3.455698559071739506e+00 1.486239869919582679e+00 0.000000000000000000e+00
-1.783456302382230518e+01 -5.081389710261720261e+00 0.000000000000000000e+00
7.795948811928011146e+00 1.961463449503672907e+00 0.000000000000000000e+00
8.201909682259893586e+00 1.198691939087634672e+01 0.000000000000000000e+00
-9.049220098092164433e-01 1.630873260068934982e+01 0.000000000000000000e+00
-2.051093406292960886e+00 1.433149800428117437e+01 0.000000000000000000e+00
1.582070223085168337e+01 1.017761769437728958e+01 0.000000000000000000e+00
-1.162381053829089872e+01 -1.354954375232204633e+01 0.000000000000000000e+00
-1.406574272130347936e+01 -1.111360457465445428e+01 0.000000000000000000e+00
3.658279876277442000e+00 3.205521950372447471e+00 0.000000000000000000e+00
6.185052827209887027e+00 -1.596095055042251909e+00 0.000000000000000000e+00
-1.892691497454716654e+01 -1.115131643471292122e+00 0.000000000000000000e+00
8.405155557306228431e+00 -1.434464368114308996e+01 0.000000000000000000e+00
-7.367201173529632996e+00 9.715615239091340172e+00 0.000000000000000000e+00
-1.059517294336919413e+01 -9.578526871429463796e+00 0.000000000000000000e+00
-1.898638516520560060e+01 5.505350215658364466e-01 0.000000000000000000e+00
8.182523549020617182e-01 -8.970892184726649177e+00 0.000000000000000000e+00
4.556732782152097982e+00 -3.285374790511171650e+00 0.000000000000000000e+00
1.031918190597937901e+01 -1.368078255754865502e+01 0.000000000000000000e+00
1.743503661711821806e+01 6.589035723461192262e+00 0.000000000000000000e+00
4.119449940623323592e+00 -1.153339371784050371e+01 0.000000000000000000e+00
1.469895496229381493e+01 5.232843445629312029e+00 0.000000000000000000e+00
8.523965013742953900e+00 4.422866193569380044e+00 0.000000000000000000e+00
-5.342627074282134458e+00 7.564664410024551700e+00 0.000000000000000000e+00
7.619192755594498045e+00 5.692535050019599474e+00 0.000000000000000000e+00
-3.251627184425418093e+00 1.842879865410379514e+00 0.000000000000000000e+00
-2.837163206689005124e-01 -1.471146943910589755e+01 0.000000000000000000e+00
1.196013492242325071e+01 1.327327982715413235e+01 0.000000000000000000e+00
9.278969619780983891e+00 -6.246914718710426584e+00 0.000000000000000000e+00
1.277936026096662481e+01 2.182210280694020899e+00 0.000000000000000000e+00
-7.088271144958457892e-01 6.555072945483367164e+00 0.000000000000000000e+00
-1.485940048773866984e+01 -8.613434966799278669e+00 0.000000000000000000e+00
1.815393555853997754e+01 4.985852147403237566e+00 0.000000000000000000e+00
1.333677116154389219e+00 6.570762539808643332e+00 0.000000000000000000e+00
-7.756433463506733794e+00 9.810668462830294256e-01 0.000000000000000000e+00
1.457497853763371332e+01 -6.401222561522383003e+00 0.000000000000000000e+00
-1.298247320482657763e+01 3.082075417476245693e+00 0.000000000000000000e+00
1.008592095692047153e+01 -8.279136211217912322e-01 0.000000000000000000e+00
-1.796653688018635009e+01 4.841219846817128136e+00 0.000000000000000000e+00
-9.897896251334236339e+00 3.347588567592488573e+00 0.000000000000000000e+00
-1.024562285312596899e+01 -1.493813656238859267e+01 0.000000000000000000e+00
-1.121946687511957386e+01 6.683067304294143973e+00 0.000000000000000000e+00
1.130728295898947966e+00 -1.291095317860562197e+01 0.000000000000000000e+00
1.663960242255593869e+01 2.205692824843496602e+00 0.000000000000000000e+00
8.945677690857340991e+00 6.037900234914609365e-01 0.000000000000000000e+00
1.173191774121630671e+00 -1.948037615211923423e+00 0.000000000000000000e+00
6.868955209302127329e+00 -5.473662259429008081e+00 0.000000000000000000e+00
3.494136140341554064e+00 -9.951051681955147998e+00 0.000000000000000000e+00
-7.769520558711872305e+00 -6.949124509486244605e+00 0.000000000000000000e+00
-8.388846683846841179e-01 3.423553386595087900e-01 0.000000000000000000e+00
-4.859050104533181091e+00 -5.387070150274778868e+00 0.000000000000000000e+00
1.063626972896878797e+01 -5.299284985836041351e+00 0.000000000000000000e+00
-9.392331583918808846e+00 1.472259865149217717e+01 0.000000000000000000e+00
1.379830503210594550e+01 1.231713409805058745e+01 0.000000000000000000e+00
-1.664273242861894042e+00 -1.299783599970094627e+01 0.000000000000000000e+00
1.008983170667770146e+01 3.718748318610435977e+00 0.000000000000000000e+00
7.464562104362403971e+00 -3.388041294917242929e+00 0.000000000000000000e+00
1.583877641813417370e+01 -8.657913315965027223e+00 0.000000000000000000e+00
-1.236027988664988309e+00 9.043082723250494226e+00 0.000000000000000000e+00
9.953498955446915986e+00 -1.093567287692507151e+01 0.000000000000000000e+00
6.308227165787491098e-01 -1.682122246397229048e+01 0.000000000000000000e+00
7.321002414927293422e+00 8.188095850985561697e+00 0.000000000000000000e+00
1.198790112992561774e+01 -1.344893534271570701e+01 0.000000000000000000e+00
-1.596311223155426440e+01 1.702735360548387922e+00 0.000000000000000000e+00
-4.222341056330169984e+00 1.540635070332929857e+01 0.000000000000000000e+00
-1.262492567010420430e+01 -4.859523835717544316e+00 0.000000000000000000e+00
1.060718051952988894e+01 7.278308136292311659e+00 0.000000000000000000e+00
7.048589785349410164e+00 2.904744111817265106e-01 0.000000000000000000e+00
-1.570064926829534180e+01 -5.209265611125736051e+00 0.000000000000000000e+00
9.944976845330414150e+00 1.520319328474603360e+01 0.000000000000000000e+00
-3.615417979108955127e+00 9.270948306010444284e+00 0.000000000000000000e+00
-1.365502126305164765e+01 -9.549505462554680690e+00 0.000000000000000000e+00
1.307844049573657585e+01 -1.059961731185412148e+01 0.000000000000000000e+00
1.514374576435216113e+01 8.819056521827732809e+00 0.000000000000000000e+00
1.176962353806889716e+01 1.154386161736853644e+01 0.000000000000000000e+00
1.700066742276096576e+01 -7.193967528558255609e+00 0.000000000000000000e+00
1.550370195938722517e+01 -2.426931405914578121e+00 0.000000000000000000e+00
