1.242534316162756092e+01 5.591991927674053287e+00 0.000000000000000000e+00
1.238566655590947363e+01 -3.200960091458601831e+00 0.000000000000000000e+00
3.716298740957574509e+00 -1.580546221801429674e+01 0.000000000000000000e+00
1.850288426983666801e+00 5.095959699531857012e+00 0.000000000000000000e+00
1.224659754220601648e+01 -1.177374226429336090e+01 0.000000000000000000e+00
-1.761618563030214091e+01 -1.290544242372540396e+00 0.000000000000000000e+00
-5.726012743223363621e+00 -3.741874926925775835e+00 0.000000000000000000e+00
-1.724033256611039633e+01 1.551571808690595189e+00 0.000000000000000000e+00
8.480052947468085023e+00 1.103195600474702553e+00 0.000000000000000000e+00
1.269217104618994796e+01 -5.281945385600979925e+00 0.000000000000000000e+00
-9.404416944688239965e+00 -2.770160701582165430e+00 0.000000000000000000e+00
-5.205297443836681914e+00 -2.273112656493840866e+00 0.000000000000000000e+00
-7.277836424631259682e+00 -5.371828918716945900e+00 0.000000000000000000e+00
-9.715561106160684801e+00 1.492664177406422821e-01 0.000000000000000000e+00
-1.608565687855380943e+01 -7.557815871847864742e+00 0.000000000000000000e+00
-7.432932814057203075e+00 1.044361555003012043e+01 0.000000000000000000e+00
-2.831949359316287218e+00 -9.632766947719078487e+00 0.000000000000000000e+00
-8.673598613218311826e+00 7.537964347734078530e+00 0.000000000000000000e+00
-3.982079455870084939e+00 2.636325975347754813e+00 0.000000000000000000e+00
1.001511162495297036e+01 -4.169843125062453026e+00 0.000000000000000000e+00
8.965559252485336472e+00 1.665153809280687014e+01 0.000000000000000000e+00
-1.289621256201704824e+01 -7.623780747990929640e+00 0.000000000000000000e+00
8.418304600383180514e+00 -5.623264030406345704e+00 0.000000000000000000e+00
-1.487637130202421432e+01 5.391717374848062683e+00 0.000000000000000000e+00
2.987505278519897001e+00 1.634427258085933943e+01 0.000000000000000000e+00
9.758357956570307579e+00 -1.384250679523137784e+01 0.000000000000000000e+00
6.067288949053315505e+00 5.501449354480331344e+00 0.000000000000000000e+00
4.336589860018640330e+00 5.030579729703458902e+00 0.000000000000000000e+00
5.333424140493484344e+00 7.937273883049822842e+00 0.000000000000000000e+00
1.483403775080748277e+00 1.502428951132903645e+00 0.000000000000000000e+00
-1.657907606376788223e+01 5.574256654601381200e+00 0.000000000000000000e+00
-1.644810780153964913e+01 8.744904692408093538e+00 0.000000000000000000e+00
-8.805320428781175934e+00 1.292821365116363985e+01 0.000000000000000000e+00
-6.081587425607483333e+00 -9.381244149339831750e+00 0.000000000000000000e+00
7.035606767242951420e+00 1.021632635721949889e+01 0.000000000000000000e+00
-6.137628671267125746e+00 -1.390693116989444533e+01 0.000000000000000000e+00
8.114812521711025184e+00 -1.445257945612413941e+01 0.000000000000000000e+00
7.040256804164918059e+00 -7.214229834164500588e+00 0.000000000000000000e+00
6.081256428720575258e+00 -5.023484848707272299e+00 0.000000000000000000e+00
-9.785451291958590758e+00 -1.067415890674452328e+01 0.000000000000000000e+00
7.280217037113645873e+00 1.230400313856418570e+01 0.000000000000000000e+00
-1.086472345568718545e+01 1.482912617241083453e+01 0.000000000000000000e+00
-1.319408040946085059e+01 6.870911844916129496e+00 0.000000000000000000e+00
-1.208827850939726467e+01 1.124101970000315198e+01 0.000000000000000000e+00
8.779055973969558391e-01 -9.940657489918580225e+00 0.000000000000000000e+00
-6.499966937171181014e-01 1.120978573712386428e+01 0.000000000000000000e+00
5.192226696123376506e+00 -1.024755479798748503e+01 0.000000000000000000e+00
-1.689059871200104013e+01 3.223141170930622579e+00 0.000000000000000000e+00
-9.785529892998736656e+00 -1.457705105341014296e+01 0.000000000000000000e+00
-9.341155494190353181e+00 -1.622517653756609235e+01 0.000000000000000000e+00
-1.234376746248763013e+01 -9.581994988832304827e+00 0.000000000000000000e+00
-1.280295059667284718e+01 -1.253179280498225623e+01 0.000000000000000000e+00
4.027022902286170769e+00 -8.045003346772951147e+00 0.000000000000000000e+00
1.605760689765352467e+01 3.843919837988921007e+00 0.000000000000000000e+00
-2.312616876734756577e+00 2.244995264263270673e+00 0.000000000000000000e+00
1.369056134463499674e+01 -9.568171129142163167e+00 0.000000000000000000e+00
-2.855606834190276277e+00 -1.819766053724961807e+01 0.000000000000000000e+00
-2.480470662756332878e+00 -7.195023827978520359e+00 0.000000000000000000e+00
-9.285132180946426672e+00 -1.244061361666177845e+01 0.000000000000000000e+00
-2.909063851844268189e+00 4.211556205466936653e+00 0.000000000000000000e+00
-4.905385931832742408e+00 -7.081866782468096311e+00 0.000000000000000000e+00
-7.683329931626216691e+00 8.770316407271891990e+00 0.000000000000000000e+00
1.108415875742635137e+01 -1.475660979265136064e+01 0.000000000000000000e+00
1.594715502049899492e+01 8.002274869086688724e+00 0.000000000000000000e+00
-1.102569954728291002e+01 1.262732861408104235e+01 0.000000000000000000e+00
1.196838362834891356e+01 1.309119399654661109e+01 0.000000000000000000e+00
-9.909816011913583633e-01 -1.154395937210622947e+01 0.000000000000000000e+00
1.628459147382176297e+01 -7.614043657216336136e+00 0.000000000000000000e+00
-7.785677260639094932e+00 -4.585777067791927952e-01 0.000000000000000000e+00
2.866486614975379599e+00 1.425461252029837134e+01 0.000000000000000000e+00
7.218737394385725814e+00 7.074372637503830497e+00 0.000000000000000000e+00
1.561803641732428360e+01 1.501634397257434639e+00 0.000000000000000000e+00
1.075462861777188373e+01 1.174548374484213298e+01 0.000000000000000000e+00
-3.009873430038486397e+00 -3.809323669141912116e+00 0.000000000000000000e+00
1.077809365996184532e+01 3.984635769794072857e+00 0.000000000000000000e+00
-5.888827424459186943e+00 6.368708837620398633e+00 0.000000000000000000e+00
-1.189866152569764246e+01 3.561705697603744003e+00 0.000000000000000000e+00
-1.248351891604124830e+01 1.155094628736645257e+00 0.000000000000000000e+00
1.523279612565008989e+01 -3.218023197285869053e+00 0.000000000000000000e+00
9.335039761382612156e+00 -1.171111979303453587e+01 0.000000000000000000e+00
3.118537521507775523e+00 3.140071559221461861e+00 0.000000000000000000e+00
1.748530612977484822e+01 2.619564047576253607e+00 0.000000000000000000e+00
1.271581738610988488e+01 -9.088489326023283521e-01 0.000000000000000000e+00
9.430166289852056849e+00 1.087367324772121790e+01 0.000000000000000000e+00
1.877764242647952742e+01 -1.029434349369123813e+00 0.000000000000000000e+00
-5.433468831068229754e+00 4.219448452144293760e-01 0.000000000000000000e+00
6.143746667908954073e+00 1.386511721073377323e+01 0.000000000000000000e+00
1.562443709394326419e+00 -1.749162351871422416e+01 0.000000000000000000e+00
3.848456978213659063e+00 -1.115489670278993373e+01 0.000000000000000000e+00
5.104402827180563040e-01 -4.728299215001972478e+00 0.000000000000000000e+00
-7.566437999678159443e+00 -1.556154457749006070e+01 0.000000000000000000e+00
8.667592251347708832e-01 1.780538664380649649e+01 0.000000000000000000e+00
-1.699286185656838555e+01 -5.623586461743729892e+00 0.000000000000000000e+00
5.700771928794010179e+00 -8.382412377956224958e+00 0.000000000000000000e+00
-8.371171063764789366e+00 1.528398633944299156e+01 0.000000000000000000e+00
-2.085671103036122798e+00 5.236278959493108065e-01 0.000000000000000000e+00
-9.217903869296172559e+00 2.284006044028331850e+00 0.000000000000000000e+00
-9.893634436333011095e+00 5.022371281219908390e+00 0.000000000000000000e+00
-1.975000941050141012e+00 -1.345491784619317421e+01 0.000000000000000000e+00
-5.200496810298259831e+00 1.400506236969109075e+01 0.000000000000000000e+00
-1.092281942416201801e+01 -8.668999104695574331e+00 0.000000000000000000e+00
1.328551086126082659e+01 -6.944400777820777471e+00 0.000000000000000000e+00
2.775817418460426733e+00 -6.271094972284274149e+00 0.000000000000000000e+00
8.836035810676381885e+00 -1.002023466427637111e+01 0.000000000000000000e+00
3.735811376341536150e+00 -1.386194011999229048e+01 0.000000000000000000e+00
1.017498805528781958e+01 8.300293202024658257e+00 0.000000000000000000e+00
-1.552687527122711586e+01 -9.401805712941428084e+00 0.000000000000000000e+00
1.946047679468927871e+00 -7.860591831615752589e+00 0.000000000000000000e+00
1.561484210760454872e+01 9.719943967800729112e+00 0.000000000000000000e+00
3.209756361358271359e+00 -4.594960781273315753e+00 0.000000000000000000e+00
-3.634610370822330516e+00 1.530158833873631785e+01 0.000000000000000000e+00
5.627360211541707180e+00 1.139289004578475861e+01 0.000000000000000000e+00
-1.419855222575636411e+01 5.346838868327927763e-01 0.000000000000000000e+00
6.305432749575284213e+00 -9.595354154903249499e-01 0.000000000000000000e+00
-3.246779550785156232e+00 1.868293185143501489e+01 0.000000000000000000e+00
-1.119073869192932058e+01 -2.956840108619433583e+00 0.000000000000000000e+00
2.817044405873100121e+00 -2.838571493626476983e+00 0.000000000000000000e+00
-5.665429485049118696e+00 1.133405959066496038e+01 0.000000000000000000e+00
-6.116713587942455455e+00 4.524308505373817013e+00 0.000000000000000000e+00
1.370420956030109050e+00 -1.402188853220737030e+01 0.000000000000000000e+00
2.075370019563787860e+00 -1.185820137562684096e+01 0.000000000000000000e+00
6.534920433908721016e+00 -1.175108918675228864e+01 0.000000000000000000e+00
7.398775056321058585e+00 8.633796039514676224e+00 0.000000000000000000e+00
-1.890740127399351778e+01 2.556450076545588868e-01 0.000000000000000000e+00
-1.424050726735462291e+01 1.110891150056141363e+01 0.000000000000000000e+00
1.170618377847111624e+01 -9.213716614117988257e+00 0.000000000000000000e+00
-5.371742340422292372e+00 -1.616909217646866992e+01 0.000000000000000000e+00
2.114693852518441997e+00 1.294041667053281586e+01 0.000000000000000000e+00
-9.108213543501079812e+00 1.045383221111262095e+01 0.000000000000000000e+00
6.243563535401684739e+00 -1.516178731373186572e+01 0.000000000000000000e+00
7.791309612799010687e+00 4.095209356633099596e+00 0.000000000000000000e+00
-3.308254286704801927e+00 9.106797047701762793e+00 0.000000000000000000e+00
7.193165451481258188e-01 1.211037985982107834e+01 0.000000000000000000e+00
5.846498621605435098e+00 1.694035703800599180e+01 0.000000000000000000e+00
9.572007711909709116e+00 -8.156895070689660798e+00 0.000000000000000000e+00
-1.707284486777548960e+00 -1.545058055844308065e+01 0.000000000000000000e+00
2.725529494743844997e-02 -1.703891665949843759e+00 0.000000000000000000e+00
-4.581304066511472151e+00 -1.226142475967588652e+01 0.000000000000000000e+00
1.464231752510145768e+01 -5.972850433266181369e+00 0.000000000000000000e+00
1.393139489006252418e+01 9.593139851270741758e+00 0.000000000000000000e+00
1.494245359754455649e+01 4.874948553456851741e+00 0.000000000000000000e+00
1.464827075302991943e+01 2.678402566498681914e+00 0.000000000000000000e+00
-7.658650963503042419e+00 -9.432089486304054304e+00 0.000000000000000000e+00
-1.370152498729341062e+01 -1.404325745878771459e+00 0.000000000000000000e+00
-6.719906955744614940e+00 -7.829442910969262037e+00 0.000000000000000000e+00
-1.468341629450657315e+01 8.781160534580436661e+00 0.000000000000000000e+00
5.151465313404850477e+00 3.436865170024468341e+00 0.000000000000000000e+00
1.497519599799279710e+01 -1.448114409651023005e+00 0.000000000000000000e+00
-1.641915013749152275e-01 8.873272518606519554e+00 0.000000000000000000e+00
3.716422859146923496e+00 6.508070302875578195e-01 0.000000000000000000e+00
-6.333632611566414106e+00 1.738835861560889384e+01 0.000000000000000000e+00
1.467995726893057551e+01 -1.111628905195927963e+01 0.000000000000000000e+00
-1.010710599302949397e+01 8.787987621091300383e+00 0.000000000000000000e+00
-1.183382909274962458e+01 -1.419134640621063959e+01 0.000000000000000000e+00
-3.834407941901388117e+00 6.593732622056008630e+00 0.000000000000000000e+00
4.402277302057459707e+00 -1.820847374720079159e+01 0.000000000000000000e+00
1.077618385972776238e+01 6.830548644817710624e+00 0.000000000000000000e+00
-9.397925075732597833e+00 -8.948818391820724472e+00 0.000000000000000000e+00
1.443483926952796459e+01 7.106641721944926715e+00 0.000000000000000000e+00
-3.448731488743041140e+00 1.111665031468261411e+01 0.000000000000000000e+00
3.510723835298059203e+00 7.633529532380855187e+00 0.000000000000000000e+00
-7.859322049402519106e+00 1.727625657998523678e+01 0.000000000000000000e+00
-4.602277988909913020e-01 -1.785335761671837318e+01 0.000000000000000000e+00
-2.556626427730916085e+00 7.633960217003396664e+00 0.000000000000000000e+00
1.746995290173289206e+01 -3.895062290004884797e+00 0.000000000000000000e+00
-9.369858872285947271e+00 -5.107430973550219022e+00 0.000000000000000000e+00
-1.914893659547306726e+00 -2.137796532584533171e+00 0.000000000000000000e+00
-2.291146604195753333e+00 1.635691188008222596e+01 0.000000000000000000e+00
-7.406326580064557241e+00 -1.705543435625063609e+01 0.000000000000000000e+00
1.772812677288540328e+01 6.752883276570136317e+00 0.000000000000000000e+00
3.385004723700826279e+00 -1.168606485753387547e+00 0.000000000000000000e+00
1.603898707456116401e+00 7.682223290337308441e+00 0.000000000000000000e+00
-5.525546302777968322e-01 1.522067737848265878e+01 0.000000000000000000e+00
-1.337535732689166856e+01 1.256005789585413801e+01 0.000000000000000000e+00
-1.509923016066814050e+01 -5.775284057651425940e+00 0.000000000000000000e+00
8.533735715077584771e+00 -2.044066057406807246e+00 0.000000000000000000e+00
8.811814589703377720e+00 6.509900241274668709e+00 0.000000000000000000e+00
1.746589961791882928e+01 5.165849489208183876e+00 0.000000000000000000e+00
1.260331275109541238e+01 3.851667142011280909e+00 0.000000000000000000e+00
-7.835236667164756419e+00 -1.378593194205209826e+01 0.000000000000000000e+00
1.174430727180098799e+01 8.093175941634207504e+00 0.000000000000000000e+00
7.893032224779021888e+00 2.490527702327821835e+00 0.000000000000000000e+00
-5.296092722084729809e-01 -1.392205836729382007e+01 0.000000000000000000e+00
1.825856401233811965e+01 3.913552491011393908e-01 0.000000000000000000e+00
8.985024126640478670e+00 1.397438149653363659e+01 0.000000000000000000e+00
7.265687369876159707e+00 1.502744129194701017e+01 0.000000000000000000e+00
1.142985074887491592e+01 -7.391172724676873251e+00 0.000000000000000000e+00
1.261859334116565634e+01 -1.367099551706162686e+01 0.000000000000000000e+00
-1.756247996581808835e+01 -3.359978289887697311e+00 0.000000000000000000e+00
-1.170196420310761631e+01 8.175202099729579786e+00 0.000000000000000000e+00
1.612102464019470771e+00 1.049955426482416065e+01 0.000000000000000000e+00
3.259257133203922407e+00 9.786523373771171208e+00 0.000000000000000000e+00
-6.839220388506647375e+00 1.329747105101758464e+01 0.000000000000000000e+00
-4.936153782637926479e-01 3.330230729054026284e+00 0.000000000000000000e+00
-6.925493004627488070e+00 -2.132236923009823037e+00 0.000000000000000000e+00
-3.932257512601303517e+00 -1.666061816572518595e+01 0.000000000000000000e+00
6.673857841994436768e+00 -1.770122010388842781e+01 0.000000000000000000e+00
-9.324153580219428861e+00 -6.881689061296261123e+00 0.000000000000000000e+00
-1.526193446972320089e+01 3.177456809210291055e+00 0.000000000000000000e+00
-1.055061410461256699e+01 6.855596178550334763e+00 0.000000000000000000e+00
-3.014910350335418876e+00 1.390850133755446372e+01 0.000000000000000000e+00
5.355348608719127768e+00 -6.641282374255439436e+00 0.000000000000000000e+00
-1.557248498067007603e+01 -2.454996700989459324e+00 0.000000000000000000e+00
-1.199373598429278331e+01 -9.134462490300188087e-01 0.000000000000000000e+00
1.061284590305800535e+01 1.408119600164445373e+01 0.000000000000000000e+00
-1.322823716094094770e+01 -3.575140840665247399e+00 0.000000000000000000e+00
-1.316398793462999484e+00 1.783411742528009469e+01 0.000000000000000000e+00
4.574962622192295214e+00 1.404788936919501730e+01 0.000000000000000000e+00
3.158299493256713664e+00 -9.796274578018939749e+00 0.000000000000000000e+00
1.455944311294584459e+01 -8.261090694981362503e+00 0.000000000000000000e+00
1.749757378323881696e+01 -5.814078500075491540e+00 0.000000000000000000e+00
1.311470746269762166e+01 1.088232464705578018e+01 0.000000000000000000e+00
-5.481552600867844127e+00 2.824012328522619519e+00 0.000000000000000000e+00
-1.137801127585910521e+01 -5.480286032292891463e+00 0.000000000000000000e+00
1.127391815805033559e+01 9.975612397248266205e+00 0.000000000000000000e+00
-3.068416832822786322e+00 -1.148986131434470792e+01 0.000000000000000000e+00
1.090860685828121923e+01 1.006711925288169773e+00 0.000000000000000000e+00
5.407016988460837226e+00 9.530650711506734041e+00 0.000000000000000000e+00
-1.597080023799252047e+01 -1.407838968613972230e-01 0.000000000000000000e+00
-6.144863398454924130e+00 9.057224741948214586e+00 0.000000000000000000e+00
9.754701891400129554e+00 -1.585499482275816341e+01 0.000000000000000000e+00
-1.345269347119328351e+01 -1.097456523455566035e+01 0.000000000000000000e+00
1.007758224300224015e+01 -2.648534290187030571e+00 0.000000000000000000e+00
4.077897701061580449e+00 1.845445927692536969e+01 0.000000000000000000e+00
1.547495210620702721e+00 -1.564298291792431961e+01 0.000000000000000000e+00
-1.217583536704609504e+00 -5.295747573057099089e+00 0.000000000000000000e+00
-3.801294005248312402e-01 -3.345578285463798096e+00 0.000000000000000000e+00
-7.491320461533574893e+00 1.733524011047633762e+00 0.000000000000000000e+00
5.179976069712591169e+00 1.142054644536723701e-01 0.000000000000000000e+00
-2.200014440342067612e+00 5.621938861545822341e+00 0.000000000000000000e+00
-1.277975877171177288e+01 9.633042172575347450e+00 0.000000000000000000e+00
6.835352065125971599e+00 -9.515817381907478278e+00 0.000000000000000000e+00
4.549635403698848002e+00 -2.305165724220115120e+00 0.000000000000000000e+00
-3.614587872368316690e-01 -6.632171168001790740e+00 0.000000000000000000e+00
1.409600162153705938e+01 4.056710154678119240e-01 0.000000000000000000e+00
1.243594254280464995e+00 1.628866316666279701e+01 0.000000000000000000e+00
6.885543994943389201e+00 -2.816875612448217936e+00 0.000000000000000000e+00
1.077867848327228317e-01 -1.612668783048381016e+01 0.000000000000000000e+00
-1.472637160936630885e+00 1.288775162211919145e+01 0.000000000000000000e+00
-8.482425508414140225e+00 4.491443472520830760e+00 0.000000000000000000e+00
5.490108731798401642e+00 -1.313259642693892992e+01 0.000000000000000000e+00
-3.780057335190077694e+00 -5.533522530699757525e+00 0.000000000000000000e+00
1.784751083382996129e+01 -2.323370636234366682e+00 0.000000000000000000e+00
-7.943776894928455512e+00 -1.105514167604080278e+01 0.000000000000000000e+00
8.520072024603849714e-01 1.451099160960342260e+01 0.000000000000000000e+00
-5.394900260916284829e+00 -1.810861011778419893e+01 0.000000000000000000e+00
1.120913334674562201e+01 -1.067534120214351390e+01 0.000000000000000000e+00
1.262358057346459717e+01 9.757706491441089369e-01 0.000000000000000000e+00
-3.603516010500909861e+00 -1.343305531190940805e+01 0.000000000000000000e+00
-6.835355234077690412e+00 1.493905108154082306e+01 0.000000000000000000e+00
-6.379568823722263637e-01 1.261234054824974748e+00 0.000000000000000000e+00
-3.540227546355954047e+00 -2.284605698862446577e+00 0.000000000000000000e+00
1.212860544717835998e+00 -6.854968317915179910e-01 0.000000000000000000e+00
1.377331269564114180e+01 -1.242556661727664746e+01 0.000000000000000000e+00
1.000566338876227590e+01 1.552534907660761476e+01 0.000000000000000000e+00
-1.512945778520913720e+01 -1.130275346443369777e+01 0.000000000000000000e+00
