-4.687548055154727500e+00 4.091257406444366751e+00 0.000000000000000000e+00
5.618405139632005607e+00 -1.318697358876577219e+01 0.000000000000000000e+00
-4.915528226609759521e+00 -1.676675591492463369e+00 0.000000000000000000e+00
-1.592364409585444740e+01 6.271558940687977035e+00 0.000000000000000000e+00
-5.343971097238832790e+00 9.022941829284389925e+00 0.000000000000000000e+00
1.184928160675953634e+01 1.077727553950904849e+01 0.000000000000000000e+00
-1.363793453830357549e+01 -6.085837907846101125e+00 0.000000000000000000e+00
-5.062308105254673229e+00 5.968214743927974908e+00 0.000000000000000000e+00
1.677803085696595176e+01 -1.129651161254929592e+00 0.000000000000000000e+00
1.234451894258160465e+01 5.134244731419862262e+00 0.000000000000000000e+00
1.121484274259517733e+01 3.562420274564709999e+00 0.000000000000000000e+00
1.297615697320832773e+01 -6.397999198800137677e+00 0.000000000000000000e+00
-8.483124222563063199e+00 8.848720983557983644e+00 0.000000000000000000e+00
2.998550005533869300e-01 1.182983536925747714e+01 0.000000000000000000e+00
-6.461624152796067833e+00 -5.630974812931904161e+00 0.000000000000000000e+00
1.828150715526838832e+00 -1.139209064829451812e+01 0.000000000000000000e+00
-8.977655711037815678e+00 5.806698624570801215e+00 0.000000000000000000e+00
8.384825723191186242e+00 2.089655142176987113e+00 0.000000000000000000e+00
7.849424328370836257e+00 5.280624353726581788e+00 0.000000000000000000e+00
-1.173942989497969158e+01 -2.687776735971314501e+00 0.000000000000000000e+00
1.215450358846037560e+01 -2.107571131837211009e+00 0.000000000000000000e+00
9.157124598553576078e+00 -1.043603451003812133e+01 0.000000000000000000e+00
1.322330798148458619e+01 6.459482821847227996e+00 0.000000000000000000e+00
-1.081845916769505855e+01 9.715318204738887076e+00 0.000000000000000000e+00
1.622320832500567533e+01 3.877968559869034437e-01 0.000000000000000000e+00
-1.697274254014812911e+01 -3.028100099160106140e+00 0.000000000000000000e+00
1.135310220231537670e+01 -5.265835017750004177e+00 0.000000000000000000e+00
-2.735359779679354952e-01 5.428054165486246418e+00 0.000000000000000000e+00
2.261342567217824673e+00 -1.285916070887158824e+01 0.000000000000000000e+00
-6.907404426744244930e+00 -8.218795900016729661e+00 0.000000000000000000e+00
-4.281693288837034594e-01 -2.017956798366229432e+00 0.000000000000000000e+00
-4.680670798938201038e+00 -3.745386951029994194e+00 0.000000000000000000e+00
2.210860656676695069e+00 1.285120864846533451e+01 0.000000000000000000e+00
-7.372237907275471791e+00 -1.091084026049454714e+01 0.000000000000000000e+00
-1.362694727866359301e+01 6.905287644656138646e+00 0.000000000000000000e+00
2.844660065853191089e+00 2.830608531829899022e+00 0.000000000000000000e+00
-1.507434604831862579e+01 -3.219323933937173532e+00 0.000000000000000000e+00
4.173982770887269211e+00 -6.048714039121527025e-02 0.000000000000000000e+00
3.161063533686589988e+00 -9.943896717938649488e+00 0.000000000000000000e+00
9.019876225915439250e+00 9.913989729269495399e+00 0.000000000000000000e+00
1.642057109464827525e+00 7.928700789681927041e+00 0.000000000000000000e+00
-3.018418756439311679e+00 -9.032811191914269955e+00 0.000000000000000000e+00
4.447939030504331370e+00 6.486135778918591832e+00 0.000000000000000000e+00
-9.950573398609831699e+00 -2.478980352386630504e+00 0.000000000000000000e+00
6.320116983855735171e+00 2.189350985240126946e+00 0.000000000000000000e+00
1.459696749881445399e+01 -4.139169860680705249e+00 0.000000000000000000e+00
7.590296045612566544e+00 -6.719916351447706937e+00 0.000000000000000000e+00
1.443122725891396918e+01 3.995138519206229866e+00 0.000000000000000000e+00
-9.449149185387913263e+00 1.050950761429949765e+01 0.000000000000000000e+00
-3.341884738116015274e+00 -1.380812777122388901e+01 0.000000000000000000e+00
5.939385108078181652e+00 1.068445108570638524e+01 0.000000000000000000e+00
4.009963711421191235e+00 1.083650464401482338e+01 0.000000000000000000e+00
1.218888436745741899e+01 8.502472245096443615e+00 0.000000000000000000e+00
-1.067474899728266280e+01 3.552804069416547694e+00 0.000000000000000000e+00
-6.201397444097824341e+00 1.113006163376829782e+01 0.000000000000000000e+00
-1.443079870005046672e+01 -9.512452214559377950e+00 0.000000000000000000e+00
-5.520751958185535102e+00 -8.875110022049616632e+00 0.000000000000000000e+00
7.880024318157860641e+00 1.174134050156122200e+01 0.000000000000000000e+00
5.427957491345572372e+00 1.522931112633035866e+01 0.000000000000000000e+00
-1.222694802631616895e+01 3.879012619177092613e+00 0.000000000000000000e+00
-1.454880713981890450e+00 8.163206650516968921e+00 0.000000000000000000e+00
-5.533807368280668548e+00 1.482799456015280981e+01 0.000000000000000000e+00
1.012025029766006590e+01 5.258373644905031341e+00 0.000000000000000000e+00
6.656476518291953859e+00 -1.555908885600324432e+01 0.000000000000000000e+00
-3.497444322816838369e+00 1.033201640543201627e+01 0.000000000000000000e+00
-1.601006859823375095e+01 -1.416940491076636444e-01 0.000000000000000000e+00
-1.073044705765760654e+01 1.320553756050826699e+01 0.000000000000000000e+00
-3.983838368570991495e+00 1.564327005957746941e+01 0.000000000000000000e+00
6.278285530211906718e-01 -5.940581334891700122e-02 0.000000000000000000e+00
1.369321495938059741e+01 -1.047109925403766795e+01 0.000000000000000000e+00
-1.017116770838177509e+01 -8.060087419461384073e+00 0.000000000000000000e+00
-1.112508944631072083e+01 -5.664022437820404043e+00 0.000000000000000000e+00
4.605371337162452505e+00 -3.528554376655637093e+00 0.000000000000000000e+00
-1.486425646455694860e+00 -1.620724906806839272e+01 0.000000000000000000e+00
1.416892360795623951e+01 -7.451171316524170862e+00 0.000000000000000000e+00
-6.625443741528108887e+00 -2.208681830732461826e+00 0.000000000000000000e+00
-6.629042208223023813e+00 5.575251692339891818e+00 0.000000000000000000e+00
-6.325189675526726063e+00 -1.231123510037791036e+01 0.000000000000000000e+00
-1.011298881576762732e+01 -1.338530681390223265e+01 0.000000000000000000e+00
-6.389104923129678149e+00 1.338410664986024301e+01 0.000000000000000000e+00
-1.152079027990442484e+01 8.376404734800075857e+00 0.000000000000000000e+00
1.647469564176669010e+01 4.868811142837405903e+00 0.000000000000000000e+00
8.239613360897624972e+00 -1.219623731221335206e+01 0.000000000000000000e+00
-1.758759552774414037e-01 1.335797282856707469e+01 0.000000000000000000e+00
-1.068442710626838910e+01 6.363511588049447276e+00 0.000000000000000000e+00
1.295807163767392289e+01 2.890892065997388016e+00 0.000000000000000000e+00
4.162248942348684366e+00 -6.700103405804232359e+00 0.000000000000000000e+00
-1.337001999769802163e+00 -3.299446630196126939e+00 0.000000000000000000e+00
5.159812760987399827e+00 -5.432161319753733508e+00 0.000000000000000000e+00
1.279435334836390403e+01 -3.482176074778387420e+00 0.000000000000000000e+00
6.711492990704520878e+00 -2.302729012056386360e+00 0.000000000000000000e+00
-1.646779865792231590e+01 4.866397558964195014e+00 0.000000000000000000e+00
-8.118444298401398029e+00 -1.272189357740631088e+01 0.000000000000000000e+00
-1.218215877123815405e+00 -9.997083439378405600e+00 0.000000000000000000e+00
9.617352368311774313e+00 1.214507996543791712e+01 0.000000000000000000e+00
-1.118386561409676538e+01 -1.170665879084785210e+01 0.000000000000000000e+00
4.106599082571294468e-01 -1.267081592725605788e+01 0.000000000000000000e+00
1.035019771183717241e+00 -1.541762060564828829e+01 0.000000000000000000e+00
-2.799718889163934854e+00 1.352723670958916280e+01 0.000000000000000000e+00
-1.454988058603701084e+01 -6.659462502602052636e-01 0.000000000000000000e+00
-1.942856670728891899e+00 -1.168706736742638341e+01 0.000000000000000000e+00
-8.809444331518305304e+00 -6.364761287355377384e+00 0.000000000000000000e+00
1.601853522731436641e+01 -2.425125462268752141e+00 0.000000000000000000e+00
-1.290355921462489874e+01 1.018248518766154120e+01 0.000000000000000000e+00
1.487441117497358745e+00 1.968937120117216777e+00 0.000000000000000000e+00
-1.450895675250238703e+01 3.288024694616114907e+00 0.000000000000000000e+00
7.101448676737208920e+00 -5.182415578839306036e+00 0.000000000000000000e+00
1.203050579546101773e+01 -8.356589838372054047e+00 0.000000000000000000e+00
1.532879288541176699e+01 8.397093053882608515e+00 0.000000000000000000e+00
-1.701982230655026385e+01 2.651328008030886085e+00 0.000000000000000000e+00
1.068364141183989524e+01 1.351185494518269437e+01 0.000000000000000000e+00
2.335874449346553750e+00 1.660741906374125776e+01 0.000000000000000000e+00
-6.396794899098956044e+00 1.228836463833381742e+00 0.000000000000000000e+00
-2.057406627994086357e+00 -1.710217012461379971e-01 0.000000000000000000e+00
8.658034922788973020e+00 1.449665132427184666e+01 0.000000000000000000e+00
9.895197949251514302e+00 -8.372498060702859846e+00 0.000000000000000000e+00
-9.074036566815706806e+00 -1.446753517029350355e+01 0.000000000000000000e+00
-1.251025832792767112e+01 -4.387928947275883118e+00 0.000000000000000000e+00
8.680012265410620709e-02 7.208587991928277816e+00 0.000000000000000000e+00
-5.912205036119119406e+00 -1.591628456994978613e+01 0.000000000000000000e+00
-8.456955838788484670e+00 -9.782479882602091337e+00 0.000000000000000000e+00
3.411098201254842532e+00 7.761731821149568056e+00 0.000000000000000000e+00
-3.051664933617023845e+00 7.340890729031966266e+00 0.000000000000000000e+00
2.688175992532618075e+00 -7.819758510080064617e+00 0.000000000000000000e+00
5.764587334228409965e+00 -9.675570762182388762e+00 0.000000000000000000e+00
1.291833994895594451e+01 -5.951460736234216453e-01 0.000000000000000000e+00
1.062475222141895870e+01 -1.152359893525085965e+01 0.000000000000000000e+00
7.389777666430510372e+00 1.530239534756194075e+01 0.000000000000000000e+00
-3.138030794676545998e+00 3.363439711888735140e+00 0.000000000000000000e+00
2.188228443575491511e+00 -3.503308851404145496e+00 0.000000000000000000e+00
1.774257573895066775e+00 1.434231617267265335e+01 0.000000000000000000e+00
-1.159948455473787554e+01 2.736600685333082650e-01 0.000000000000000000e+00
3.427377885088327414e+00 -1.423914706841150490e+01 0.000000000000000000e+00
-2.135690430469178835e+00 1.126313424469846858e+01 0.000000000000000000e+00
-6.702519329032706752e-01 -6.170273626022225066e+00 0.000000000000000000e+00
3.392364020185864248e+00 -1.533929171670857849e+00 0.000000000000000000e+00
-9.724017304397621686e+00 8.393626130139579811e-01 0.000000000000000000e+00
-1.147323965390620337e+01 1.185538456972958343e+01 0.000000000000000000e+00
1.031839661927755536e+01 -3.057198272446849607e+00 0.000000000000000000e+00
1.149479190553907060e+01 6.372259506065171664e+00 0.000000000000000000e+00
1.128477863959439098e+01 7.578429107111150920e-02 0.000000000000000000e+00
1.887909236744151675e+00 -1.682812640245897740e+01 0.000000000000000000e+00
5.294708914960277291e+00 -1.642764982106314875e+01 0.000000000000000000e+00
-1.180479189099955661e+01 -8.433776689955193362e+00 0.000000000000000000e+00
5.717791624069477052e+00 3.640598887647174209e+00 0.000000000000000000e+00
7.941376689469469063e+00 -1.394925989747319939e+01 0.000000000000000000e+00
3.950302816414361096e-01 1.629503451231891731e+01 0.000000000000000000e+00
1.620460544853562368e+01 -5.813785883033391499e+00 0.000000000000000000e+00
-6.807780860574971449e+00 -4.035088523211567413e+00 0.000000000000000000e+00
1.670510295144126545e+01 2.464470582375108076e+00 0.000000000000000000e+00
-7.488498711197265401e+00 1.507848374900319932e+01 0.000000000000000000e+00
4.918645380163685132e+00 1.376960404232954360e+01 0.000000000000000000e+00
-2.678356585126596467e+00 -7.212133693899795972e+00 0.000000000000000000e+00
7.011606010332168681e-01 -1.017270978237677426e+01 0.000000000000000000e+00
-8.251527204380352032e+00 2.567717967237649890e-01 0.000000000000000000e+00
8.949933836029539957e-01 3.783478114205369280e+00 0.000000000000000000e+00
-8.661228887976911039e+00 1.228145763100805610e+01 0.000000000000000000e+00
-1.233340688046414435e+01 2.000751195222359335e+00 0.000000000000000000e+00
-2.544720133643427307e+00 -4.587064554882263501e+00 0.000000000000000000e+00
-3.967888210928445680e+00 -1.021578031471097425e+01 0.000000000000000000e+00
-2.297807514939276707e+00 1.606585867702103876e+00 0.000000000000000000e+00
1.342208571839820896e+00 -5.378987161506453063e+00 0.000000000000000000e+00
4.122544957816618449e+00 1.847011208787354031e+00 0.000000000000000000e+00
1.392844354346136093e+01 5.849700988375162725e-01 0.000000000000000000e+00
8.609047306592975346e+00 -8.422306703787155735e-01 0.000000000000000000e+00
-9.458294106884363117e+00 1.444165767192307115e+01 0.000000000000000000e+00
-8.946653925017281850e+00 3.298822288502344602e+00 0.000000000000000000e+00
-1.853732193320849264e+00 -1.421010819698402017e+01 0.000000000000000000e+00
-2.953156881494364949e+00 -1.588034663379602307e+00 0.000000000000000000e+00
1.485202609041240862e+01 -8.889821731874766542e+00 0.000000000000000000e+00
-4.502388665599124096e+00 -6.082536945338001821e+00 0.000000000000000000e+00
6.095599976522136032e+00 5.688077601617687051e+00 0.000000000000000000e+00
-6.313249200868717992e+00 -1.398810948385708386e+01 0.000000000000000000e+00
-4.619208777621953699e-01 1.054807513505701788e+00 0.000000000000000000e+00
1.540672243236144823e+00 6.211678192276534283e+00 0.000000000000000000e+00
5.517117843506752273e+00 8.569338670027240923e+00 0.000000000000000000e+00
5.356677356041017468e+00 -1.472968685144689482e+00 0.000000000000000000e+00
6.030665791920510443e+00 -7.677827054233357984e+00 0.000000000000000000e+00
3.867087805789811927e+00 -1.151357197236086627e+01 0.000000000000000000e+00
-1.541214812923630895e+01 -5.432103677408781195e+00 0.000000000000000000e+00
2.581373391004703199e-01 -8.421178732700390412e+00 0.000000000000000000e+00
7.158857579149331407e-01 9.181136539372330319e+00 0.000000000000000000e+00
1.034979828761272813e+01 -1.367785079517510738e+01 0.000000000000000000e+00
-1.299853010539276887e+01 5.380230790303378363e+00 0.000000000000000000e+00
-8.663194920090919737e+00 -7.898178109481319709e+00 0.000000000000000000e+00
2.213216470621357956e+00 9.487009606627761826e+00 0.000000000000000000e+00
1.669583108026574791e+01 -4.279960510379099858e+00 0.000000000000000000e+00
-1.487127068368557303e+01 -8.064259550288088718e+00 0.000000000000000000e+00
-1.490005330147808316e+01 9.074035469543163535e-01 0.000000000000000000e+00
-9.700860638053102392e+00 -4.881313372975538911e+00 0.000000000000000000e+00
-4.391337938852184486e+00 1.131956005000423593e+00 0.000000000000000000e+00
9.068007620756224796e+00 -5.646070667531068565e+00 0.000000000000000000e+00
9.128302251056293670e+00 4.129639917396314530e+00 0.000000000000000000e+00
-2.964377260561161354e+00 4.902412694010581440e+00 0.000000000000000000e+00
-6.843911460316608242e+00 -4.686470684990682312e-01 0.000000000000000000e+00
-4.641109519766031255e+00 1.324745228283117271e+01 0.000000000000000000e+00
1.508184128248245948e+01 6.061515526115110575e+00 0.000000000000000000e+00
-1.955409319735742280e+00 1.701198554587299583e+01 0.000000000000000000e+00
-1.217513820857581308e+01 -1.022969843525653388e+01 0.000000000000000000e+00
7.876405173994950104e+00 7.143714322020178642e+00 0.000000000000000000e+00
-1.199402658338819094e+00 -7.613876833535524469e+00 0.000000000000000000e+00
-7.646040988431639818e+00 1.015395051442496843e+01 0.000000000000000000e+00
6.239126271144629143e+00 -1.115519884592464095e+01 0.000000000000000000e+00
-3.110948298993595262e+00 -1.599257012590406823e+01 0.000000000000000000e+00
-7.402273229974087876e+00 -1.511831729653132683e+01 0.000000000000000000e+00
1.247030314945171092e+01 -1.166439339961483235e+01 0.000000000000000000e+00
2.882571670625407312e-01 -1.719696533125204141e+01 0.000000000000000000e+00
1.396264437581971407e+01 9.917812042311416221e+00 0.000000000000000000e+00
-1.271393988212288839e+01 -1.189360987967474159e+01 0.000000000000000000e+00
-7.718804809914562526e+00 2.167757563413073463e+00 0.000000000000000000e+00
1.485464455758749658e+01 -1.159395356793750720e+00 0.000000000000000000e+00
-9.633008339211755811e+00 -1.129753375170642826e+01 0.000000000000000000e+00
-4.402581061730644230e+00 -1.262807409176081208e+01 0.000000000000000000e+00
7.590961495463734998e+00 8.933001779595631575e+00 0.000000000000000000e+00
5.104930764747167338e+00 1.206022405632615779e+01 0.000000000000000000e+00
1.070353097024848665e+01 -9.992443019689650541e+00 0.000000000000000000e+00
2.290609445090157070e+00 4.433748990907650622e+00 0.000000000000000000e+00
-1.965814291619605303e+00 1.501104481355618958e+01 0.000000000000000000e+00
-1.605010709230384336e+01 -6.803301199884416839e+00 0.000000000000000000e+00
7.942723439502467286e+00 -8.915742452538705010e+00 0.000000000000000000e+00
9.348079961274452288e+00 6.942013848964662115e-01 0.000000000000000000e+00
6.810372750449647405e+00 1.370190721622718755e+01 0.000000000000000000e+00
1.194673125692497706e+01 1.269691432525529429e+01 0.000000000000000000e+00
-1.331433444047668502e+01 -1.821031962930099279e+00 0.000000000000000000e+00
8.542383533918114225e+00 -2.816448037830844964e+00 0.000000000000000000e+00
-7.322876896926378443e+00 4.060979258667777536e+00 0.000000000000000000e+00
7.290693883487105786e+00 1.091796514893448727e-01 0.000000000000000000e+00
-1.522832337979667017e+01 8.583022914998775121e+00 0.000000000000000000e+00
-8.552530859623740156e+00 -1.549945587442428607e+00 0.000000000000000000e+00
3.431471150288589733e+00 -1.653275456093870588e+01 0.000000000000000000e+00
1.030344159655452962e+01 2.262657517384190520e+00 0.000000000000000000e+00
1.189572352343864825e+00 -1.520960668067162125e+00 0.000000000000000000e+00
3.714014023027967237e+00 -4.907783542723772818e+00 0.000000000000000000e+00
7.708591379918698472e+00 3.482775742264681451e+00 0.000000000000000000e+00
4.242027482425719143e+00 4.608287066657732467e+00 0.000000000000000000e+00
-1.578620694006980019e+00 6.391105606607708545e+00 0.000000000000000000e+00
9.434107344749206092e+00 6.890874621013785450e+00 0.000000000000000000e+00
4.039540462075705385e+00 9.281433898463621546e+00 0.000000000000000000e+00
3.004481745545110605e-01 -3.789892551642988661e+00 0.000000000000000000e+00
9.114934207950025069e-01 -6.862166323976962801e+00 0.000000000000000000e+00
-3.316013442061660488e-01 -1.413238500196892922e+01 0.000000000000000000e+00
-1.687737131778421684e+01 -4.607470443386083581e+00 0.000000000000000000e+00
5.736453191902017856e+00 4.494035179622709042e-01 0.000000000000000000e+00
1.010363678673134302e+01 8.669910950374644543e+00 0.000000000000000000e+00
-4.678757464072682559e+00 1.158497512910766503e+01 0.000000000000000000e+00
-6.284633591248934614e+00 7.675623153190161752e+00 0.000000000000000000e+00
1.409172421499941841e+01 -2.655589120870698761e+00 0.000000000000000000e+00
3.483842978104919386e+00 1.450099900422496546e+01 0.000000000000000000e+00
-8.020832506726272015e+00 -2.995550449136799465e+00 0.000000000000000000e+00
-8.532588200587239990e-01 1.048151713031409216e+01 0.000000000000000000e+00
-5.324555000764584101e+00 -1.109350980578643409e+01 0.000000000000000000e+00
-3.847280497083387374e+00 8.738519622479682170e+00 0.000000000000000000e+00
1.015553651435783067e+01 -6.727723682457307675e+00 0.000000000000000000e+00
-1.135276140042077220e+00 3.423949012803495062e+00 0.000000000000000000e+00
-1.740470819445589612e+01 -1.333047301541089524e+00 0.000000000000000000e+00
1.519557956016365807e+01 2.238752058593485028e+00 0.000000000000000000e+00
