-1.531082207719282273e+00 1.160058093212376207e+01 0.000000000000000000e+00
3.539205523604051606e+00 -1.628089121835440878e+01 0.000000000000000000e+00
-8.429307056623624561e+00 -1.519145694060495266e+01 0.000000000000000000e+00
6.873738315792953912e+00 9.033034273639708900e+00 0.000000000000000000e+00
-6.811371198511150027e+00 -1.576028985820865280e+01 0.000000000000000000e+00
1.091802502076761217e+00 -1.321682899636948783e+01 0.000000000000000000e+00
1.432712165389906112e+01 9.662167594518356495e+00 0.000000000000000000e+00
-5.383561549576971750e+00 1.565430400618623885e+01 0.000000000000000000e+00
4.494281381236649858e-02 -1.047927201570052169e+01 0.000000000000000000e+00
-3.788701118839870041e+00 -1.229670687565602094e+01 0.000000000000000000e+00
5.769610268897093164e+00 -5.832491903036771674e+00 0.000000000000000000e+00
-1.423308943936833515e+01 3.854889458687730475e+00 0.000000000000000000e+00
1.624506154211835351e+01 4.626639952862160454e-02 0.000000000000000000e+00
-8.212666347974671988e-01 -1.481803392440313560e+00 0.000000000000000000e+00
1.055352588324196361e+01 -1.629863863895578024e+00 0.000000000000000000e+00
-1.077380123758122998e+01 -3.067029350967941159e+00 0.000000000000000000e+00
1.308282877262482202e+01 3.567702068246462410e+00 0.000000000000000000e+00
-9.636968910316319636e+00 1.009452363450941270e+01 0.000000000000000000e+00
-1.478631969451989159e+00 -1.193490831573143396e+01 0.000000000000000000e+00
-1.301481262419265372e-01 1.220586336530815430e+01 0.000000000000000000e+00
7.191612095065267773e+00 3.411739213343523147e+00 0.000000000000000000e+00
9.175569576401647609e-01 2.939725115134265820e+00 0.000000000000000000e+00
-1.281941158400240965e+01 -9.973164328111199239e+00 0.000000000000000000e+00
-3.583920974252432057e+00 -6.736189837236615574e+00 0.000000000000000000e+00
1.804831400747910208e-01 1.654378800553597273e+01 0.000000000000000000e+00
1.183174951311975143e+00 -2.634214908587341419e+00 0.000000000000000000e+00
-6.414354258397882980e+00 -2.648511536231150210e+00 0.000000000000000000e+00
-1.112159197529863697e+01 6.290004614214041112e+00 0.000000000000000000e+00
-9.242016916403902327e-01 -1.546424671719473487e+01 0.000000000000000000e+00
1.398538270325345145e+01 -1.735464075851124832e+00 0.000000000000000000e+00
-6.219806124864223129e+00 7.093886941142192093e+00 0.000000000000000000e+00
-8.322467442713467278e+00 6.090674233998623954e+00 0.000000000000000000e+00
2.524331977857199316e+00 2.412718070494785927e+00 0.000000000000000000e+00
-1.104661777959892355e+01 -5.900809534617871499e+00 0.000000000000000000e+00
-8.934616844941825065e+00 1.186710386846871756e+01 0.000000000000000000e+00
1.192500083406284217e+00 1.461119988378996304e+01 0.000000000000000000e+00
-4.840951587741504802e+00 5.172776610144581788e+00 0.000000000000000000e+00
1.426727035802389132e+01 -4.611371485757822519e+00 0.000000000000000000e+00
2.301549950340585848e+00 1.049014636634536402e+01 0.000000000000000000e+00
-1.350812077014617962e+01 7.383950413720534733e+00 0.000000000000000000e+00
-1.408711199764944855e+00 6.964521223006489237e+00 0.000000000000000000e+00
-3.220003911267315555e+00 -9.165846837423739402e+00 0.000000000000000000e+00
6.486600492770326021e+00 1.528172168637913764e+01 0.000000000000000000e+00
-4.263166178055610267e+00 1.162377104763933744e+01 0.000000000000000000e+00
-6.508022522822773048e+00 -1.299608489001881040e+01 0.000000000000000000e+00
-1.544339326230489973e-01 -4.822607108599904713e+00 0.000000000000000000e+00
1.352007679987687894e+01 7.243727681105164962e+00 0.000000000000000000e+00
3.569040070603453074e+00 -4.622064440224195603e-01 0.000000000000000000e+00
-6.540433157028038735e+00 -7.976717335948373844e+00 0.000000000000000000e+00
1.128971371798775181e+01 1.854991950696847303e+00 0.000000000000000000e+00
9.040138794944880374e+00 -6.203427817804419986e-01 0.000000000000000000e+00
6.758757585087979081e+00 -1.429102695714579951e+01 0.000000000000000000e+00
-1.462945052213016517e+01 -3.065376635549491358e+00 0.000000000000000000e+00
-1.395889268582216625e+00 -3.888555649128948577e+00 0.000000000000000000e+00
-1.628417086417817572e+01 -5.592122727619314837e+00 0.000000000000000000e+00
4.868097766088685496e+00 -4.608560427353582512e+00 0.000000000000000000e+00
6.930976215540470164e+00 1.161160411248094171e+01 0.000000000000000000e+00
-1.515533859823271179e+01 6.217895199480603985e+00 0.000000000000000000e+00
3.578070026639538881e+00 -1.422010305907396521e+01 0.000000000000000000e+00
-9.028471026633249963e+00 2.640969061413030783e+00 0.000000000000000000e+00
-7.569737630021911912e+00 8.936606875978704068e+00 0.000000000000000000e+00
8.851639847412503315e+00 -1.464769447887071685e+01 0.000000000000000000e+00
-8.408820558333967909e+00 1.360329301298280669e+01 0.000000000000000000e+00
-1.271211164369331748e+01 -1.589946197946258355e+00 0.000000000000000000e+00
-6.401901399985089114e+00 3.532903227511393851e+00 0.000000000000000000e+00
1.223662041192572936e+01 8.611246755837235867e+00 0.000000000000000000e+00
-9.878944171702633281e-02 -6.861318315419492886e-02 0.000000000000000000e+00
-1.525940735404889281e+00 -1.027197794310928103e+01 0.000000000000000000e+00
-5.737723157414455599e+00 -5.062872107621325668e+00 0.000000000000000000e+00
7.320197972992174229e+00 -1.043762681979005613e+01 0.000000000000000000e+00
1.305529903069806075e+01 -9.980572326745820178e+00 0.000000000000000000e+00
4.979566434228706484e+00 1.398709584417842100e+00 0.000000000000000000e+00
2.751658391020089134e+00 7.343516321125974855e+00 0.000000000000000000e+00
1.552741923947852065e+01 7.501303641532427235e+00 0.000000000000000000e+00
9.897881361374279763e+00 -7.709169341941028541e+00 0.000000000000000000e+00
7.750216521707584683e+00 -3.091952839840464318e+00 0.000000000000000000e+00
-1.323757820147970143e+01 -7.032797518999984732e+00 0.000000000000000000e+00
4.366342671514260587e+00 1.578949395656724697e+01 0.000000000000000000e+00
-9.483928288596020550e+00 2.779887628835305824e-01 0.000000000000000000e+00
-9.452820834178591980e+00 4.189735144324124860e+00 0.000000000000000000e+00
6.737273546804954272e+00 5.532772898405404760e+00 0.000000000000000000e+00
4.393367579827931024e+00 1.426055853356346503e+01 0.000000000000000000e+00
5.725566551016805228e+00 4.136797437790455945e+00 0.000000000000000000e+00
-4.699753073263152281e+00 -8.305179773782938923e+00 0.000000000000000000e+00
1.566091068907514483e+01 2.687203796665453837e+00 0.000000000000000000e+00
-4.217294990238158015e+00 2.227098312338360864e-01 0.000000000000000000e+00
9.747042296546817752e+00 3.449585844990243899e+00 0.000000000000000000e+00
3.760292130235865393e+00 -1.183936804012389032e+01 0.000000000000000000e+00
8.922051648399724755e+00 -6.251914881208650243e+00 0.000000000000000000e+00
-1.382740822364256417e+01 9.572727142371775244e+00 0.000000000000000000e+00
-9.005457702424831012e+00 -9.068937469948727070e+00 0.000000000000000000e+00
-2.974233034048865409e+00 1.425998361753449473e+01 0.000000000000000000e+00
-1.253922469519892857e+01 -4.705191748208611635e+00 0.000000000000000000e+00
-4.836793139698428945e+00 -1.427187041882422625e+00 0.000000000000000000e+00
-8.543210134182236404e-01 9.000369990448895408e+00 0.000000000000000000e+00
1.102471320534757382e+01 -5.496215818578806811e+00 0.000000000000000000e+00
-3.330312960896820496e+00 -2.294694421776104942e+00 0.000000000000000000e+00
-9.629493174897199026e+00 -1.325245623110684789e+01 0.000000000000000000e+00
-3.633031672008406154e+00 -4.764186561684973675e+00 0.000000000000000000e+00
-2.750297222652496210e+00 7.862642883857836829e+00 0.000000000000000000e+00
9.793594149485413070e+00 7.490241274546960426e+00 0.000000000000000000e+00
-1.724858576844074190e-02 4.850845899597915789e+00 0.000000000000000000e+00
-1.892890086085743662e-01 1.050959228131203282e+01 0.000000000000000000e+00
-1.176640839873103772e+01 -2.089460680677975579e-01 0.000000000000000000e+00
-4.520297278285791975e+00 -1.652067980893248489e+01 0.000000000000000000e+00
-1.229605329667269231e+01 1.039279716742477433e+01 0.000000000000000000e+00
-3.381665774960919801e+00 2.468145423367739788e+00 0.000000000000000000e+00
9.858532088661259962e+00 5.227152278431815624e+00 0.000000000000000000e+00
1.660559847159559155e+01 -3.720074296218196519e+00 0.000000000000000000e+00
8.443449814753705596e+00 -1.265664008620422187e+01 0.000000000000000000e+00
1.148628340986539342e+01 7.177672304024633299e+00 0.000000000000000000e+00
2.455609655197596997e+00 4.438151927183946910e+00 0.000000000000000000e+00
1.366763277373032892e+01 -6.827182937563956777e+00 0.000000000000000000e+00
-1.224977908135609184e+01 -8.166512516055449922e+00 0.000000000000000000e+00
8.306336063120062008e+00 -4.797752410976899640e+00 0.000000000000000000e+00
1.136746423786100912e+01 4.780157447935675208e+00 0.000000000000000000e+00
-6.149276490360843006e+00 1.178873154881793717e+01 0.000000000000000000e+00
-2.467292836023272873e+00 6.670486768802534883e-01 0.000000000000000000e+00
-1.563734481486753758e+01 7.726128381632545450e-01 0.000000000000000000e+00
8.080734589944153612e+00 1.145829836575090299e+00 0.000000000000000000e+00
1.165813688200631226e+01 1.116665845228941656e+01 0.000000000000000000e+00
-5.261210712993812377e-01 1.454795240671997059e+00 0.000000000000000000e+00
1.287379361819853019e+00 -1.478856386134287071e+01 0.000000000000000000e+00
-7.831140323403639414e+00 -3.967653719300669568e+00 0.000000000000000000e+00
-5.950983323619284171e+00 8.581514738780041673e-01 0.000000000000000000e+00
1.341246501005116265e+01 5.306097713131618043e+00 0.000000000000000000e+00
-1.413059623707079204e+01 -6.095481223064902476e-01 0.000000000000000000e+00
1.363174137024468213e-01 -7.732857858633272130e+00 0.000000000000000000e+00
1.305391429133844383e+01 4.273924985702476365e-01 0.000000000000000000e+00
1.728390262886078332e+01 1.692123189916544090e+00 0.000000000000000000e+00
6.529574668667573967e+00 -8.388467595561971635e+00 0.000000000000000000e+00
4.388029537933646473e+00 5.249537139652368012e+00 0.000000000000000000e+00
-4.287456965475782589e+00 8.226668098548792329e+00 0.000000000000000000e+00
5.317501775379115614e+00 6.441950967048443388e+00 0.000000000000000000e+00
-1.436930969908175904e+01 -9.611533748015032685e+00 0.000000000000000000e+00
4.843687056287559578e+00 -1.312023270559880750e+01 0.000000000000000000e+00
7.592388854742199378e+00 6.985543001180768208e+00 0.000000000000000000e+00
9.883795109920367139e+00 -4.447343310288111695e+00 0.000000000000000000e+00
-2.576771966373058387e+00 1.052471872806415476e+01 0.000000000000000000e+00
-4.892733270597215522e+00 -1.496448607914966367e+01 0.000000000000000000e+00
1.593515647804502144e+01 4.307264569491290551e+00 0.000000000000000000e+00
-3.036354544023047719e+00 -1.479996324728528201e+01 0.000000000000000000e+00
5.833721653720165712e+00 1.301603693704615061e+01 0.000000000000000000e+00
7.512525235690826086e+00 1.301796571184680396e+01 0.000000000000000000e+00
-8.282647110433885018e+00 1.279926258872315703e+00 0.000000000000000000e+00
-7.999466552818349285e+00 -1.073264916831321791e+01 0.000000000000000000e+00
1.035819858539719185e+01 1.381365075200392134e+01 0.000000000000000000e+00
-4.568370668461695594e+00 1.369574019344266524e+01 0.000000000000000000e+00
-2.637635780963576870e+00 -1.655762680041179991e+01 0.000000000000000000e+00
-7.047797144044592343e+00 -7.750495646298524166e-01 0.000000000000000000e+00
-1.703747051525370537e+01 -3.693446966070570436e+00 0.000000000000000000e+00
1.721554634497955050e+01 -1.577027900570812324e+00 0.000000000000000000e+00
-7.255744694098208436e-01 1.423666540430125060e+01 0.000000000000000000e+00
-1.201578631162361255e+01 3.486965662765330265e+00 0.000000000000000000e+00
-1.585904312259465421e+01 -1.434841015171540723e+00 0.000000000000000000e+00
-2.154590812851199910e+00 1.583199205466372561e+01 0.000000000000000000e+00
-1.096090642286594274e+01 8.126483366494463567e+00 0.000000000000000000e+00
-1.088785117386962398e+01 -1.199103980478161979e+01 0.000000000000000000e+00
-7.393264202576219191e+00 -6.081863808935486837e+00 0.000000000000000000e+00
-1.652402393117115409e+01 2.505354361939854169e+00 0.000000000000000000e+00
-1.100332636801450015e+01 1.273681702735527210e+01 0.000000000000000000e+00
1.899587016229327352e+00 3.324742177853810543e-01 0.000000000000000000e+00
-1.955520973392426365e+00 3.971294268319847998e+00 0.000000000000000000e+00
5.094802626583640581e+00 -1.023090120736816822e+01 0.000000000000000000e+00
6.383771089364409512e+00 -4.631241957251874264e-01 0.000000000000000000e+00
1.558719232236839680e+01 -7.584591878128446929e+00 0.000000000000000000e+00
2.895633037812002542e+00 -8.192721000066319093e+00 0.000000000000000000e+00
-6.005851675287610547e+00 9.896472152889753460e+00 0.000000000000000000e+00
1.215161550428403103e+01 -3.059590241493917340e+00 0.000000000000000000e+00
9.859985453248500065e+00 1.184750573118460260e+01 0.000000000000000000e+00
-9.997633962078985581e-01 -1.709756517959703714e+01 0.000000000000000000e+00
-1.509530980967105362e+00 -6.077181675082022672e+00 0.000000000000000000e+00
1.064730482097490061e+01 -9.851870098648337404e+00 0.000000000000000000e+00
2.201739774988072718e+00 -1.713516634303575259e+01 0.000000000000000000e+00
9.951822621584730300e+00 -1.325168015529390786e+01 0.000000000000000000e+00
-8.269166985877987486e+00 1.525570399647990705e+01 0.000000000000000000e+00
3.540312177231702329e+00 -5.586417460791005318e+00 0.000000000000000000e+00
2.307322335318018780e+00 1.305422285050893727e+01 0.000000000000000000e+00
-4.402503322132073293e+00 1.688745403639639164e+01 0.000000000000000000e+00
-1.407944190088177372e+01 -4.884034171080518405e+00 0.000000000000000000e+00
-9.153010945315699587e+00 -2.680452171125682792e+00 0.000000000000000000e+00
1.490030011124548892e+01 -3.100965296321653408e+00 0.000000000000000000e+00
7.821030756956584007e-01 6.707386819260488409e+00 0.000000000000000000e+00
8.903767735996449773e+00 -8.855726774651543565e+00 0.000000000000000000e+00
5.659884651727796978e+00 1.007188377878018670e+01 0.000000000000000000e+00
5.529873674920371407e+00 8.047749964279647727e+00 0.000000000000000000e+00
8.206031573711069171e+00 1.032667555554527539e+01 0.000000000000000000e+00
4.203733648285960633e+00 -2.787794969746054008e+00 0.000000000000000000e+00
1.195340370567743093e+01 -1.121875367759176001e+01 0.000000000000000000e+00
-1.347691374157166599e+01 9.841838453456913660e-01 0.000000000000000000e+00
-1.100355546665954165e+01 -9.929439177807561023e+00 0.000000000000000000e+00
1.471181996401362291e+01 7.733677180270219775e-01 0.000000000000000000e+00
8.979276849696073981e+00 8.867443614929053197e+00 0.000000000000000000e+00
4.438697202628567595e+00 3.220807727481056926e+00 0.000000000000000000e+00
1.314241662212116779e+01 -8.233057652110700175e+00 0.000000000000000000e+00
2.930690222025847724e+00 9.056122530409735916e+00 0.000000000000000000e+00
-4.023626490526615918e+00 9.998447950701081055e+00 0.000000000000000000e+00
-1.493432229960234947e+00 -7.594064584187343314e+00 0.000000000000000000e+00
-1.276105828193230174e+01 -1.195520913979662048e+01 0.000000000000000000e+00
-4.945151178675628145e+00 2.226410076867318288e+00 0.000000000000000000e+00
1.006844381498461694e+01 -1.135902892575565204e+01 0.000000000000000000e+00
6.229495954018818615e+00 -1.611431989877901572e+01 0.000000000000000000e+00
1.318894379416471629e+01 1.103284487762067911e+01 0.000000000000000000e+00
1.052387425932846732e+01 9.014823681234453545e+00 0.000000000000000000e+00
4.963599673181331440e+00 -7.763194116721451543e+00 0.000000000000000000e+00
1.504711500303210236e+01 5.887964101194923749e+00 0.000000000000000000e+00
6.741827103644017605e+00 -1.264733057142695927e+01 0.000000000000000000e+00
9.792001538178555009e+00 1.749679380673851092e+00 0.000000000000000000e+00
1.499434543800415742e+00 -5.943567599080084030e+00 0.000000000000000000e+00
-6.497434962818060988e+00 -1.043851902071329363e+01 0.000000000000000000e+00
1.645795533128605470e+01 -5.675080504658882141e+00 0.000000000000000000e+00
-9.937127498671006975e+00 1.424162609584609207e+01 0.000000000000000000e+00
-5.335166826303664678e+00 -1.194590409493991778e+01 0.000000000000000000e+00
1.254311581084347260e+01 -5.312220555895319052e+00 0.000000000000000000e+00
-1.103731135675761266e+01 1.553068021051560610e+00 0.000000000000000000e+00
-6.507744076537677280e+00 1.357875546393117894e+01 0.000000000000000000e+00
8.133029255664913748e+00 4.802176136376380633e+00 0.000000000000000000e+00
-9.535874152902078293e+00 -4.268841899719193478e+00 0.000000000000000000e+00
-8.205732386925621569e+00 -7.509616765721509601e+00 0.000000000000000000e+00
6.712470799997153570e+00 1.850953139102837985e+00 0.000000000000000000e+00
-1.555835912877574856e+01 7.672780116845765441e+00 0.000000000000000000e+00
-1.051860087368077146e+01 -1.361274868319563458e+00 0.000000000000000000e+00
2.088480718028637551e+00 1.624630249127422843e+01 0.000000000000000000e+00
-7.546223248277547313e+00 1.074403898748119701e+01 0.000000000000000000e+00
-1.261190637421578131e+01 -3.171562700075359675e+00 0.000000000000000000e+00
-5.797016434168471566e-01 3.132826708425968221e+00 0.000000000000000000e+00
-1.734205953890873175e+01 5.160240787354641867e-02 0.000000000000000000e+00
6.022637427436000834e+00 -2.296033825563632558e+00 0.000000000000000000e+00
-9.700084524992259816e+00 -6.874759254078203874e+00 0.000000000000000000e+00
3.958856990320607672e+00 1.186842336475759296e+01 0.000000000000000000e+00
1.163030082409729538e+01 -5.437698142223589270e-01 0.000000000000000000e+00
-1.245886656536084125e+01 8.748232076329703233e+00 0.000000000000000000e+00
2.104600518289685418e+00 -1.246957278234811950e+00 0.000000000000000000e+00
-7.595572129667302441e+00 4.536523594524791037e+00 0.000000000000000000e+00
-2.894500984559705614e+00 5.918660918183629605e+00 0.000000000000000000e+00
8.487238105384436793e+00 1.516053987079785514e+01 0.000000000000000000e+00
6.336723821567256110e+00 -3.773416665308956919e+00 0.000000000000000000e+00
2.494852559339664211e+00 -4.195101416179461751e+00 0.000000000000000000e+00
-1.577527305445674521e+01 4.302103633417773132e+00 0.000000000000000000e+00
3.172128092596243842e+00 -9.749898353083372271e+00 0.000000000000000000e+00
3.455282714970706603e+00 1.227299388855841666e+00 0.000000000000000000e+00
-8.550831413413185089e+00 -1.236068576455660928e+00 0.000000000000000000e+00
-1.249320175693008750e+01 5.350059052597273990e+00 0.000000000000000000e+00
9.803618188075919893e-01 8.810221827982992693e+00 0.000000000000000000e+00
-3.806574857876520834e+00 -1.077151221173201456e+01 0.000000000000000000e+00
1.210005460467647787e+01 -6.779142234722460358e+00 0.000000000000000000e+00
1.153985254419649920e+01 -8.584977604414392616e+00 0.000000000000000000e+00
7.421338391029451031e+00 -6.787682211774237473e+00 0.000000000000000000e+00
-1.533006937055325025e+01 -8.183883990426629396e+00 0.000000000000000000e+00
1.164577408940001746e+01 1.299878545153123710e+01 0.000000000000000000e+00
1.376830408797255600e+01 2.226647743127397661e+00 0.000000000000000000e+00
5.351618342573746245e-01 -1.677545414360096032e+01 0.000000000000000000e+00
7.680754989252069898e+00 -1.301937571036454466e+00 0.000000000000000000e+00
1.718936695319302599e+00 -1.146444029324122482e+01 0.000000000000000000e+00
-9.512700108773422869e+00 7.143852480377974601e+00 0.000000000000000000e+00
-1.657472149493369740e+00 -1.381283689590525654e+01 0.000000000000000000e+00
