-1.137408395528633953e+01 -4.890501904785676146e+00 0.000000000000000000e+00
5.456131178899300771e+00 -1.505242652478012566e+01 0.000000000000000000e+00
-1.601730223431303202e+01 -7.038545676363869852e+00 0.000000000000000000e+00
1.110204580933709018e+01 3.060658360839656922e+00 0.000000000000000000e+00
-8.260397013756399787e+00 -1.583083722781946534e+00 0.000000000000000000e+00
-7.849272580303391145e+00 6.574614263578521189e+00 0.000000000000000000e+00
1.305131363317266135e+01 -4.284471288104552578e+00 0.000000000000000000e+00
-1.500237921417766707e+01 5.906912531955436307e+00 0.000000000000000000e+00
-1.692102213162463897e+01 4.976892912090862819e-01 0.000000000000000000e+00
1.618527063826814327e+01 3.937895123684392207e+00 0.000000000000000000e+00
3.896169295702453184e+00 4.503562741648712731e+00 0.000000000000000000e+00
1.490746200486187806e-02 1.333616628715142127e+01 0.000000000000000000e+00
-1.477068495515528213e+01 1.180205982906966877e+00 0.000000000000000000e+00
-4.546394228944916627e+00 2.126607314698537310e-01 0.000000000000000000e+00
-1.254683871804223694e+00 4.338860822501183989e+00 0.000000000000000000e+00
-1.063510690121696101e+01 -1.269251214065250011e+01 0.000000000000000000e+00
-1.185359535869970138e+01 5.870110101521251345e+00 0.000000000000000000e+00
-2.270582961158628788e+00 1.027366909445139243e+01 0.000000000000000000e+00
5.655977382497466621e+00 1.051971654924212984e+01 0.000000000000000000e+00
4.772345520745756353e+00 1.418849112768219811e+01 0.000000000000000000e+00
-1.896108657452142188e+00 -4.163684095384978079e+00 0.000000000000000000e+00
-5.343498440509579339e+00 8.912180683127134628e+00 0.000000000000000000e+00
-9.052856859306562143e+00 5.701851007436657959e-01 0.000000000000000000e+00
-3.236028473801925986e-02 -1.673455737923951148e+01 0.000000000000000000e+00
7.239041643163480089e+00 -1.928641798052930234e+00 0.000000000000000000e+00
1.716536123201603559e+01 -3.005384761155745377e+00 0.000000000000000000e+00
1.076923671384921732e+01 6.141719075508236259e+00 0.000000000000000000e+00
5.008616144942901194e+00 -1.033966908124464901e+01 0.000000000000000000e+00
-3.859622670481990703e+00 4.370681720864259212e+00 0.000000000000000000e+00
8.103613214335499748e+00 2.982674103382786157e+00 0.000000000000000000e+00
-1.199728317222198903e+01 -1.110600977439988313e+00 0.000000000000000000e+00
5.396258367876119344e+00 -7.008583900928581301e+00 0.000000000000000000e+00
-5.186889113371925930e+00 -7.547045099782860866e+00 0.000000000000000000e+00
8.126001542522763188e+00 -6.033875089724383578e+00 0.000000000000000000e+00
-1.629126770090963205e+01 -2.929015959773165090e+00 0.000000000000000000e+00
-1.047304012679250462e+01 4.551014262779686348e+00 0.000000000000000000e+00
-1.104031719146186497e+01 9.716415402666180867e+00 0.000000000000000000e+00
3.666245793011877918e+00 -1.106059369793308100e+00 0.000000000000000000e+00
6.440660600121685064e+00 1.367384313550632768e+01 0.000000000000000000e+00
1.183406455617129893e+01 -6.542023521123723206e+00 0.000000000000000000e+00
-7.176215432685789430e+00 -8.103169455315050840e+00 0.000000000000000000e+00
-6.982866737216578912e+00 7.942600159266556048e+00 0.000000000000000000e+00
-6.397847495004782559e+00 -1.885101890045653539e+00 0.000000000000000000e+00
4.471625385450298751e+00 3.060943950935265612e+00 0.000000000000000000e+00
4.203679038102164256e+00 1.188060929746682071e+01 0.000000000000000000e+00
2.325694471245105463e-02 -1.150475446004136515e+01 0.000000000000000000e+00
8.467089869342075303e+00 -1.251221126699787511e+01 0.000000000000000000e+00
-4.281697614107814687e+00 1.202980814262585874e+01 0.000000000000000000e+00
6.401520663267024069e+00 -1.388482448709772932e+01 0.000000000000000000e+00
-5.403511604967253801e-01 6.374536505649151863e+00 0.000000000000000000e+00
-3.245128736821614179e+00 1.487388381571324913e+00 0.000000000000000000e+00
-3.814917392125828588e+00 -3.906501020944536329e+00 0.000000000000000000e+00
1.490052441943679185e+01 -4.829139705696630536e+00 0.000000000000000000e+00
-5.753977420792187658e+00 -3.564434783269966101e+00 0.000000000000000000e+00
-1.130862603952768985e+01 -7.966920502957324679e+00 0.000000000000000000e+00
1.016871506980123741e+00 5.447203910156640738e+00 0.000000000000000000e+00
1.592934599793560047e+01 3.765752101000300889e-01 0.000000000000000000e+00
-2.334824655085284917e+00 -1.359328718398872660e+01 0.000000000000000000e+00
5.207891863893578943e+00 6.180660191739238307e+00 0.000000000000000000e+00
-3.307168405219618634e+00 -1.089539805964329133e+01 0.000000000000000000e+00
9.309144628294484747e+00 9.827961669989178972e+00 0.000000000000000000e+00
-1.403764270013292759e+01 3.952306265618210634e+00 0.000000000000000000e+00
-6.469687946773985843e+00 -1.530504441008153016e+01 0.000000000000000000e+00
-1.416681678236850139e+01 -8.295255627856940706e+00 0.000000000000000000e+00
9.480160713120955318e-01 -1.403215845965387842e+01 0.000000000000000000e+00
-7.529636769751772984e-01 1.573795763232526213e+01 0.000000000000000000e+00
1.170927148472972945e+01 -2.505260914221784319e+00 0.000000000000000000e+00
-1.329807393876479082e+01 -6.786197618035038737e+00 0.000000000000000000e+00
9.532028119542538036e+00 -1.300140369432386089e+00 0.000000000000000000e+00
-2.065704441797418411e+00 5.954914691540643013e+00 0.000000000000000000e+00
-9.591597498584851778e+00 -5.839433510387488369e+00 0.000000000000000000e+00
2.162224802084925290e+00 7.329595506135983207e+00 0.000000000000000000e+00
-2.423590328372141833e+00 1.455693644898019024e+01 0.000000000000000000e+00
-4.518783354592737389e+00 1.606725059257840016e+01 0.000000000000000000e+00
-5.482296899833992931e+00 5.304052661350645792e+00 0.000000000000000000e+00
-2.539873990652011582e+00 -1.670173660757486545e+01 0.000000000000000000e+00
-5.604611636807425690e+00 -9.194382561270332488e+00 0.000000000000000000e+00
-7.385310087397059853e+00 -1.178086275979504904e+01 0.000000000000000000e+00
1.172543097028741599e+01 9.816786264426257347e+00 0.000000000000000000e+00
-1.913532879664667785e+00 7.769277434019506323e+00 0.000000000000000000e+00
-3.639400887928475381e+00 -1.988442688489536758e+00 0.000000000000000000e+00
4.129783121646051214e+00 -5.528786557106766253e+00 0.000000000000000000e+00
-4.680460631952809258e+00 1.439827139356213337e+01 0.000000000000000000e+00
-4.364638494506910327e+00 -5.496619486904044116e+00 0.000000000000000000e+00
7.877249142746283184e+00 6.071462261276411532e+00 0.000000000000000000e+00
2.087543555737923828e+00 -1.049859523926538607e+01 0.000000000000000000e+00
9.141042266973485875e-01 8.443010813016496030e+00 0.000000000000000000e+00
1.366824926768096482e+01 5.424659501286746455e+00 0.000000000000000000e+00
-1.078321855569474330e+01 1.711180223457309524e-01 0.000000000000000000e+00
1.067578374259116281e+01 1.173446020388211686e+01 0.000000000000000000e+00
-6.844924948542529641e+00 1.236409315537955678e+01 0.000000000000000000e+00
-8.790083541597640604e+00 8.215573367809779981e+00 0.000000000000000000e+00
1.305187043525540547e-01 -6.981950549659899918e-01 0.000000000000000000e+00
-1.226341551964660681e+01 1.891333073245467178e+00 0.000000000000000000e+00
-9.940085845061330971e+00 1.313008944703175729e+01 0.000000000000000000e+00
-2.232014675306098095e+00 -7.656263387679435040e-01 0.000000000000000000e+00
-6.347747629568964989e+00 1.011315587488329371e+01 0.000000000000000000e+00
-7.703910557589342289e+00 -1.355264984611128476e+01 0.000000000000000000e+00
6.118728259235475697e+00 -1.218386819444422819e+01 0.000000000000000000e+00
-5.761385183644751606e+00 3.402374322724003086e+00 0.000000000000000000e+00
-9.369662187257279840e+00 -1.053836575750314175e+01 0.000000000000000000e+00
-4.997444467188937867e-01 -7.378003562286664874e+00 0.000000000000000000e+00
-4.567731052392532964e-01 -4.648379494573554815e+00 0.000000000000000000e+00
7.776249766211563497e+00 -1.095490023145471170e+01 0.000000000000000000e+00
1.057816661510830336e+01 -3.651166976067257153e+00 0.000000000000000000e+00
1.020667682813056842e+01 -7.132477630100019894e+00 0.000000000000000000e+00
7.099964701162343239e+00 1.181253757589151521e+00 0.000000000000000000e+00
-3.751101166771257489e+00 6.275605403420350115e+00 0.000000000000000000e+00
2.137036972561761505e+00 -8.348830478122117427e+00 0.000000000000000000e+00
-1.328319752481542970e+01 1.115621927609815778e+01 0.000000000000000000e+00
1.441015242406790686e-01 1.117753188869035519e+01 0.000000000000000000e+00
7.951788957890674858e+00 -8.957478549884795527e+00 0.000000000000000000e+00
-5.242768495651877192e-01 9.485893026624609092e+00 0.000000000000000000e+00
-2.705666733705173188e-01 -2.546195574333185885e+00 0.000000000000000000e+00
-1.379683899725886320e+01 -3.182673419540802406e-01 0.000000000000000000e+00
-1.595328558412323350e+00 1.320702523391631544e+01 0.000000000000000000e+00
9.324392284572192935e+00 7.273023591485644479e-01 0.000000000000000000e+00
-2.263155668027532208e+00 -8.759126522569630424e+00 0.000000000000000000e+00
-1.345119628861049499e+01 5.809409438011817528e+00 0.000000000000000000e+00
9.119076664165310930e+00 7.203929689927064395e+00 0.000000000000000000e+00
1.454068462552277197e+01 7.922345832956231071e+00 0.000000000000000000e+00
8.944028274327020966e+00 -4.748546205813129362e+00 0.000000000000000000e+00
-4.799875240576362501e+00 -1.563082918569503477e+01 0.000000000000000000e+00
-2.684391534307907223e-01 1.061262656217007772e+00 0.000000000000000000e+00
-9.854079124339095941e+00 1.113075515443081009e+01 0.000000000000000000e+00
1.849291072569277494e+00 -3.914191890107682870e+00 0.000000000000000000e+00
7.637711212399941552e+00 -3.498576608438078051e+00 0.000000000000000000e+00
4.252194093809023023e+00 1.628764668679589889e+01 0.000000000000000000e+00
1.645842870945023151e+01 -5.195496789811596017e+00 0.000000000000000000e+00
9.523150865621323291e+00 -9.465379211959390915e+00 0.000000000000000000e+00
-1.094371884575406284e+01 -1.058706823910137906e+01 0.000000000000000000e+00
8.133591900974996847e+00 -1.545999186153437677e+01 0.000000000000000000e+00
5.988155271929878509e+00 2.304730475529582545e+00 0.000000000000000000e+00
4.609494759900489846e+00 -3.117131840555232181e+00 0.000000000000000000e+00
1.133583158727863349e+01 2.946596124734546240e-01 0.000000000000000000e+00
-9.212485565884987793e+00 -3.257178541861104559e+00 0.000000000000000000e+00
2.532874783003034036e+00 1.158050502651713920e+01 0.000000000000000000e+00
2.649930048543335470e+00 -1.519590094210897036e+01 0.000000000000000000e+00
-4.685543202174929922e-01 -1.326034291981638624e+01 0.000000000000000000e+00
1.305452891074748711e+00 2.591031147105413268e+00 0.000000000000000000e+00
5.977328048210202027e-01 1.651074859691469499e+01 0.000000000000000000e+00
3.875646277289816144e+00 -1.237470889834439092e+01 0.000000000000000000e+00
-6.721843850683680621e+00 1.555611637654909174e+01 0.000000000000000000e+00
1.254671153726073562e+01 -1.032430843843750523e+01 0.000000000000000000e+00
-1.508101684367406747e+01 -4.509671815801027606e+00 0.000000000000000000e+00
-5.051833075965114439e+00 -1.326479039197676002e+01 0.000000000000000000e+00
2.992683100282270470e+00 1.412454605159576104e+01 0.000000000000000000e+00
8.060309883842355916e+00 1.332545771760262632e+01 0.000000000000000000e+00
1.394690102504706708e+01 -8.396743055698555835e+00 0.000000000000000000e+00
-9.928041365510649641e+00 -8.646784300625748543e+00 0.000000000000000000e+00
-4.351550014382044473e+00 1.032123228050631880e+01 0.000000000000000000e+00
-6.678404021598330687e+00 -6.446397676784363817e+00 0.000000000000000000e+00
1.616245934208613377e+01 6.503770008098328503e+00 0.000000000000000000e+00
1.615437096659952942e+00 -3.589817222410980335e-01 0.000000000000000000e+00
2.896000121983465458e+00 1.343279562747535349e+00 0.000000000000000000e+00
1.586121102728399812e+01 2.121317054403916380e+00 0.000000000000000000e+00
-1.344056354163712541e+01 -1.079021507486234377e+01 0.000000000000000000e+00
-5.639257448185323179e-02 -9.550423072520857204e+00 0.000000000000000000e+00
6.697842098874223993e+00 7.906630481696724111e+00 0.000000000000000000e+00
-5.725473805866696964e+00 1.794207072501915246e+00 0.000000000000000000e+00
4.105474729254424027e+00 -1.422045037340048346e+01 0.000000000000000000e+00
1.517070994528645755e+01 -1.573550009502049818e+00 0.000000000000000000e+00
2.581604137852440140e+00 -5.737794001632171792e+00 0.000000000000000000e+00
-9.274659020474384619e+00 -1.455240857706525404e+01 0.000000000000000000e+00
1.237475746288188461e+01 2.183609581705048264e+00 0.000000000000000000e+00
-1.119163738263458496e+00 -1.556370146714868952e+01 0.000000000000000000e+00
-3.154770202802192003e+00 -7.427906576001968908e+00 0.000000000000000000e+00
-1.258636616199454039e+01 7.339451418800030602e+00 0.000000000000000000e+00
-8.774775493566144391e+00 9.764616958481362019e+00 0.000000000000000000e+00
1.136394020542878414e+00 1.477930858344110376e+01 0.000000000000000000e+00
1.327385531580581457e+01 9.758903035520450686e+00 0.000000000000000000e+00
-1.720631963391334196e+01 2.814013455754788673e+00 0.000000000000000000e+00
3.204394518726946472e+00 9.876084026319347231e+00 0.000000000000000000e+00
1.728426139410813889e+01 -4.919768579295538680e-01 0.000000000000000000e+00
-6.911562678439440610e+00 4.614650403087431130e+00 0.000000000000000000e+00
1.002450374224911656e+01 -1.251165852563532965e+01 0.000000000000000000e+00
-1.265908694524019040e+01 -2.612934065880275991e+00 0.000000000000000000e+00
-1.431870441096904933e+01 7.658283291042366159e+00 0.000000000000000000e+00
-9.632314803848103679e+00 2.056592081420828055e+00 0.000000000000000000e+00
1.225064818898275298e+01 7.213739258485724726e+00 0.000000000000000000e+00
-2.054321041697511507e+00 1.699051401605887435e+01 0.000000000000000000e+00
-1.238798496506615621e+01 -9.464087333785720091e+00 0.000000000000000000e+00
-1.017595579640930659e+01 6.910694412857932178e+00 0.000000000000000000e+00
6.146549318440658993e+00 1.527511547011098259e+01 0.000000000000000000e+00
1.366836683124820695e+01 -2.800939503779046547e+00 0.000000000000000000e+00
1.061538112097984765e+01 1.375456889115415038e+01 0.000000000000000000e+00
1.363052982355623932e+01 5.489602162498104926e-02 0.000000000000000000e+00
-1.595731435549305033e+01 7.120619058525673672e+00 0.000000000000000000e+00
1.721016616018603562e+00 -1.898648976817541634e+00 0.000000000000000000e+00
-7.824478443879874234e+00 -5.109703220736605545e+00 0.000000000000000000e+00
-6.394590634997509682e+00 1.993964444020520921e-01 0.000000000000000000e+00
1.085944798313992621e+01 4.545231281087720454e+00 0.000000000000000000e+00
-1.647069480477824976e+00 -1.132016639202812947e+01 0.000000000000000000e+00
1.461652705263138152e+01 -6.334175139802606935e+00 0.000000000000000000e+00
4.431753159537747067e+00 8.687846357812700759e+00 0.000000000000000000e+00
1.459830733386789703e+01 3.853690284742882000e+00 0.000000000000000000e+00
2.063255198244858590e+00 1.706431029494648755e+01 0.000000000000000000e+00
1.038892187207317974e+01 -1.086959649131601324e+01 0.000000000000000000e+00
-1.341189570900454875e+01 -4.500934983576339476e+00 0.000000000000000000e+00
-2.145081597143284835e+00 3.103692003682505085e+00 0.000000000000000000e+00
-7.290532943562048729e+00 -3.098543907633489525e+00 0.000000000000000000e+00
-9.236491923166312290e+00 3.551960058418698551e+00 0.000000000000000000e+00
-1.115440506140067356e+01 1.219983279927858355e+01 0.000000000000000000e+00
-1.716321980602491593e+01 -1.368072885673521144e+00 0.000000000000000000e+00
5.849818415710580588e+00 4.480187133667680399e+00 0.000000000000000000e+00
5.023782425525690876e+00 -1.650262020828041543e+01 0.000000000000000000e+00
-1.104128063333197396e+01 -3.233628217601282273e+00 0.000000000000000000e+00
-7.893440432394566386e+00 -9.932717350449069116e+00 0.000000000000000000e+00
-1.220421352081563704e+01 -1.245611278232122032e+01 0.000000000000000000e+00
-2.574978691008106502e+00 -5.832445140855830878e+00 0.000000000000000000e+00
1.448031313740834136e+01 1.411492158886662462e+00 0.000000000000000000e+00
5.107998695726196914e+00 7.762154956556682750e-01 0.000000000000000000e+00
9.292058122230319128e+00 1.236040079301445793e+01 0.000000000000000000e+00
3.706689764734359294e+00 6.381342517684482019e+00 0.000000000000000000e+00
-8.705425054304560817e+00 -7.360439110408560026e+00 0.000000000000000000e+00
-8.306579597289406536e+00 1.289823960021243288e+01 0.000000000000000000e+00
1.286099947942202837e+00 -6.494643929944466265e+00 0.000000000000000000e+00
1.254818444069512040e+01 1.185574075949951833e+01 0.000000000000000000e+00
6.415681780960291292e+00 1.215437437150881550e+01 0.000000000000000000e+00
-5.851246682718131531e+00 -1.118308683356028155e+01 0.000000000000000000e+00
6.362013093331904123e+00 -9.057000022883174850e+00 0.000000000000000000e+00
-7.834030301044403899e+00 2.738673119883437757e+00 0.000000000000000000e+00
-1.474147068217353151e+01 -2.326414035963664251e+00 0.000000000000000000e+00
1.161282112706951075e+01 -1.274127866584804991e+01 0.000000000000000000e+00
6.890915043374455706e+00 -5.174954376190546768e+00 0.000000000000000000e+00
-3.439050822543742392e+00 -1.246130406353453601e+01 0.000000000000000000e+00
2.370387618320016987e+00 -1.677521507831789194e+01 0.000000000000000000e+00
-1.210592582729308653e+01 4.128225626017629324e+00 0.000000000000000000e+00
1.037785896608318126e+01 -5.461370237378580406e+00 0.000000000000000000e+00
-7.872391590660796190e+00 1.100396260772162726e+01 0.000000000000000000e+00
7.568617830805445479e+00 -7.469142526818367323e+00 0.000000000000000000e+00
-8.345806603977123928e+00 1.518709135718033743e+01 0.000000000000000000e+00
-1.408660911294470885e+01 9.817018370712887076e+00 0.000000000000000000e+00
-1.588686330056063767e+01 3.869311504403844193e+00 0.000000000000000000e+00
7.749628469283152299e+00 4.535539903877173096e+00 0.000000000000000000e+00
1.249848333259256172e+01 4.061573464963121438e+00 0.000000000000000000e+00
2.762902556722963254e+00 3.150214851402588945e+00 0.000000000000000000e+00
6.091541644367757691e+00 -3.803633050266076232e+00 0.000000000000000000e+00
1.590212216870979312e+01 -7.127586568187454397e+00 0.000000000000000000e+00
1.519803277963206867e+01 -3.188480061915045738e+00 0.000000000000000000e+00
1.018599132128711560e+01 -1.404738468005969132e+01 0.000000000000000000e+00
1.387352964801629174e+00 1.268707590200564184e+01 0.000000000000000000e+00
-1.017175667151981600e+01 -1.951272148742873913e+00 0.000000000000000000e+00
8.330511670278305303e+00 8.682841402042155821e+00 0.000000000000000000e+00
2.266698229123876196e+00 -1.218571870207908603e+01 0.000000000000000000e+00
3.762481311716600274e+00 -8.349875558699022093e+00 0.000000000000000000e+00
6.975324821581029511e+00 -3.488871347178619797e-01 0.000000000000000000e+00
1.116822015773486676e+01 -9.017294554845085131e+00 0.000000000000000000e+00
-2.701037076736191089e+00 1.194786131382821281e+01 0.000000000000000000e+00
-4.086003733037513186e+00 -9.241552063360950697e+00 0.000000000000000000e+00
7.766961071202206135e+00 1.557189281259564062e+01 0.000000000000000000e+00
-6.034275569172765863e+00 -5.087220609289882844e+00 0.000000000000000000e+00
1.043441416690609280e+01 7.997944228717114079e+00 0.000000000000000000e+00
7.306512322840036155e+00 1.089676692015707893e+01 0.000000000000000000e+00
-5.457694660750570748e+00 7.369785010429856342e+00 0.000000000000000000e+00
-8.993874086264355583e+00 -1.205039104328502120e+01 0.000000000000000000e+00
