1.514532809197699237e+01 -3.558744991048317541e+00 0.000000000000000000e+00
1.661396207103281597e+01 1.141765465231662002e+00 0.000000000000000000e+00
9.878987312027263101e+00 1.219385873327933467e+01 0.000000000000000000e+00
-6.083774039420160040e-01 -1.704969770096880444e+00 0.000000000000000000e+00
1.452409705931316708e+01 -8.482636014358202914e+00 0.000000000000000000e+00
-8.267832445668013008e+00 2.473895601872365901e+00 0.000000000000000000e+00
-5.994408748170277690e+00 -3.431829070177091268e+00 0.000000000000000000e+00
-5.596024991699267481e+00 9.782333390327739409e+00 0.000000000000000000e+00
-1.019563340732460510e+01 -6.301099621743962764e+00 0.000000000000000000e+00
5.938952407963301816e+00 -1.012514303876374377e+01 0.000000000000000000e+00
-1.045162878392583750e+01 2.532525805643693340e-01 0.000000000000000000e+00
-1.298925557983389645e+01 -5.685385191010346340e+00 0.000000000000000000e+00
1.091732899698725490e+01 -1.270401404109454191e+01 0.000000000000000000e+00
-6.136019248536896065e+00 -8.031481249366276387e+00 0.000000000000000000e+00
2.506130514937696674e+00 1.599083836288945903e+00 0.000000000000000000e+00
-1.481177721212456611e-01 -7.203358427804224640e+00 0.000000000000000000e+00
-8.344081714902531033e+00 2.582993595785438301e-01 0.000000000000000000e+00
-4.225582116091946006e+00 5.563362682965246719e+00 0.000000000000000000e+00
1.238960969179748162e+01 8.365092581690074525e+00 0.000000000000000000e+00
7.821754472229881294e+00 -6.254206260367934256e+00 0.000000000000000000e+00
7.422412317642786306e+00 -8.070486688942388298e+00 0.000000000000000000e+00
-9.432136538547418736e-01 5.651812270545379491e+00 0.000000000000000000e+00
2.088849699499796930e+00 -8.267715743441534926e+00 0.000000000000000000e+00
6.633319005002846325e+00 1.232501859107187236e+01 0.000000000000000000e+00
-8.359553639834548022e+00 7.150825737256220727e+00 0.000000000000000000e+00
3.623300914054807365e+00 8.983877576968808398e+00 0.000000000000000000e+00
-6.406255849223476240e+00 -1.391541185670968694e+01 0.000000000000000000e+00
1.232697740034736889e+01 9.068205098386319385e-01 0.000000000000000000e+00
-2.848168646038436780e+00 9.823956967588971523e+00 0.000000000000000000e+00
2.934571234947266571e+00 4.644245159116336730e+00 0.000000000000000000e+00
6.682200041705010030e+00 1.437207721698486296e+01 0.000000000000000000e+00
1.476376934279987729e+00 9.233487528041649739e+00 0.000000000000000000e+00
-1.283133543457336767e+00 1.135226890671431299e+01 0.000000000000000000e+00
-3.922235053608329025e+00 -1.486525542946910861e+01 0.000000000000000000e+00
2.641120786729107994e+00 1.422833811612007615e+01 0.000000000000000000e+00
1.390479270860805094e+01 8.188410188021547853e+00 0.000000000000000000e+00
-1.212119283499272981e+01 7.586048862646895152e+00 0.000000000000000000e+00
-7.974484415165102646e+00 -6.026248567407599843e+00 0.000000000000000000e+00
-4.292028173058592522e+00 3.684522344399348004e+00 0.000000000000000000e+00
-9.942180926368701321e+00 1.114039197850715190e+01 0.000000000000000000e+00
-8.508607557682609235e-01 -1.247846544799568491e+01 0.000000000000000000e+00
3.523942808613094613e+00 -1.359968765782357991e+01 0.000000000000000000e+00
1.302657029822149504e+01 1.110730452011939207e+01 0.000000000000000000e+00
-1.291338065442711347e+01 9.412370458248558336e+00 0.000000000000000000e+00
-4.926224203603438490e+00 1.336982277174215916e+01 0.000000000000000000e+00
-9.885156196462430600e+00 -3.158962236840904936e+00 0.000000000000000000e+00
-1.093247742322158977e+01 -1.122967777929044964e+01 0.000000000000000000e+00
1.426901010331290109e+01 3.387541800361410615e+00 0.000000000000000000e+00
-4.942989337508695513e+00 8.229336761404281830e+00 0.000000000000000000e+00
-4.067883121727851048e+00 1.523311226599413537e+01 0.000000000000000000e+00
-3.253209958159767545e+00 -7.009184252762754141e+00 0.000000000000000000e+00
-7.040375652048781241e+00 -1.677435672634214336e+00 0.000000000000000000e+00
4.026731657175215418e+00 -2.195676913136768160e+00 0.000000000000000000e+00
-2.218768779103486855e-01 8.401560743512188623e+00 0.000000000000000000e+00
-1.514917373425680225e+01 4.289434742078473306e+00 0.000000000000000000e+00
2.943306558640662818e+00 -6.722785830153524600e+00 0.000000000000000000e+00
-2.466724609810340585e+00 6.172152552704430306e+00 0.000000000000000000e+00
6.944165988488842700e+00 -2.913835705808344723e-01 0.000000000000000000e+00
1.308079551612401126e+01 -1.013024106227324950e+01 0.000000000000000000e+00
-1.550049029564880954e+01 -1.627624228112762639e+00 0.000000000000000000e+00
1.622084697679759913e+01 6.555200251626153829e+00 0.000000000000000000e+00
3.129879453378801024e-01 6.587707862843443785e+00 0.000000000000000000e+00
-5.709010617394037368e+00 4.208477954240191110e+00 0.000000000000000000e+00
-1.429500910310256678e+01 7.959181650435283473e+00 0.000000000000000000e+00
1.667702277400847422e+01 -1.327204375712127460e+00 0.000000000000000000e+00
-7.686191630608160352e+00 1.346078369884187076e+01 0.000000000000000000e+00
9.655927700148955850e+00 -6.199451375945101539e+00 0.000000000000000000e+00
-7.197461886213270432e+00 -9.515369422100985020e+00 0.000000000000000000e+00
9.391511414259690937e+00 4.222036080904983280e+00 0.000000000000000000e+00
8.364291392173530681e-01 1.319873664541237446e+01 0.000000000000000000e+00
5.180796589108832784e+00 -5.615581884207440311e+00 0.000000000000000000e+00
-2.633942523933990643e+00 1.248699142790582073e+01 0.000000000000000000e+00
8.476159431086523810e+00 -4.160820706517092127e+00 0.000000000000000000e+00
2.662838184865841562e+00 1.024473501279181775e+01 0.000000000000000000e+00
-2.015928158449423968e+00 -6.073705382103853800e+00 0.000000000000000000e+00
-1.269917723174642710e+01 1.195646456336210228e+01 0.000000000000000000e+00
1.070824536900575552e+00 1.534929104184846516e+01 0.000000000000000000e+00
1.350407025110186865e+01 -5.753471317467523605e+00 0.000000000000000000e+00
6.399374958177033612e+00 -3.024952141141489914e+00 0.000000000000000000e+00
1.557984445271663709e+01 -7.262676764847908473e+00 0.000000000000000000e+00
-9.916315299529143701e-01 1.290233715277390303e+01 0.000000000000000000e+00
-4.792279389767392317e+00 -6.398968444451704762e+00 0.000000000000000000e+00
2.285489776016816688e+00 -3.479384862287465019e+00 0.000000000000000000e+00
6.801441573409172214e+00 5.023627515130044685e+00 0.000000000000000000e+00
6.193504985493285986e+00 9.715449836720225107e+00 0.000000000000000000e+00
9.577377693512559631e+00 1.400425801299122597e+01 0.000000000000000000e+00
1.008783480778820874e+01 -6.280516987060635881e-01 0.000000000000000000e+00
1.157771586836103594e+00 4.362315861244458581e+00 0.000000000000000000e+00
-8.649646433306129367e+00 -1.467514574044104059e+01 0.000000000000000000e+00
1.748568164111228840e-01 -1.006760478618017984e+01 0.000000000000000000e+00
-2.397818523350484288e+00 -2.523021269148452816e+00 0.000000000000000000e+00
-3.252151251718465863e-02 -1.594765739066002297e+01 0.000000000000000000e+00
-7.038507961502418198e+00 -1.594087052849396891e+01 0.000000000000000000e+00
1.123850970590409482e+01 -6.590382033489001756e+00 0.000000000000000000e+00
1.404062924277954982e+00 -1.278670814753086837e+01 0.000000000000000000e+00
1.059622504214828886e+01 -3.252918413692987620e+00 0.000000000000000000e+00
5.646581530525109471e+00 8.256038911209834907e+00 0.000000000000000000e+00
-4.068066795500676069e-01 -4.454359656862537875e+00 0.000000000000000000e+00
1.601140328726301965e+00 -1.844062240547581721e+00 0.000000000000000000e+00
-1.710125450270597369e+01 -2.179526426818148455e+00 0.000000000000000000e+00
8.615230509478415399e+00 2.102895679730565348e+00 0.000000000000000000e+00
-3.811013496936294764e+00 -1.001467863013894899e+01 0.000000000000000000e+00
1.421547518057237802e+01 5.362879504491157689e+00 0.000000000000000000e+00
4.847400997438821690e+00 1.168234684831486625e+01 0.000000000000000000e+00
-1.286412825662607062e+01 2.993112129831720480e+00 0.000000000000000000e+00
-1.665630055286939915e-01 1.649667927029191716e+01 0.000000000000000000e+00
-2.533670211891707602e+00 -1.089311328979117022e+01 0.000000000000000000e+00
-1.162355471859516953e+01 4.418166735056093586e+00 0.000000000000000000e+00
6.666446387964023224e+00 1.606556991431115478e+01 0.000000000000000000e+00
4.330531836800733281e+00 6.345110428470002617e+00 0.000000000000000000e+00
-7.912857033136677209e+00 -3.445875539860109971e+00 0.000000000000000000e+00
-3.815471734053649033e+00 1.693553101254238413e+01 0.000000000000000000e+00
7.357260332429148342e+00 -1.404210354177950570e+01 0.000000000000000000e+00
-1.990824981354120338e+00 -1.582461508450014165e+01 0.000000000000000000e+00
-1.256627978702939075e+01 -1.151201446976834042e+01 0.000000000000000000e+00
-1.514992131323156244e+01 -4.505960549832214390e+00 0.000000000000000000e+00
-1.340947355128102458e+01 -7.862908418535035970e+00 0.000000000000000000e+00
-1.084856771818567722e+01 -4.654753154981954744e+00 0.000000000000000000e+00
-1.161487969594819347e+01 -8.566004237661632104e+00 0.000000000000000000e+00
-9.681279631338005842e+00 3.553932993828260223e+00 0.000000000000000000e+00
-4.899408076806295753e+00 -4.702788687257947409e+00 0.000000000000000000e+00
1.410602663073932561e+00 -1.679502738989636512e+01 0.000000000000000000e+00
8.279350793232360672e+00 -1.120785819010883344e+01 0.000000000000000000e+00
4.627274377604456923e+00 1.556056668178362123e+01 0.000000000000000000e+00
-7.571565680323776526e+00 9.498601005194268865e+00 0.000000000000000000e+00
-9.660780809299991390e+00 -9.180501237725335884e+00 0.000000000000000000e+00
1.561263652365927257e+01 -2.272771713625758583e-01 0.000000000000000000e+00
1.411114174131810550e+01 -2.585527764453767752e-01 0.000000000000000000e+00
-1.213047531415363700e+01 -7.489685209703099700e-01 0.000000000000000000e+00
9.117633817344824365e+00 9.948119621879408569e+00 0.000000000000000000e+00
1.091682782904090665e+01 4.330705014509607764e+00 0.000000000000000000e+00
1.539162348549996473e+01 7.846803244683482781e+00 0.000000000000000000e+00
-5.205635181135678247e-01 2.428946215603801750e+00 0.000000000000000000e+00
1.604264019663267860e+01 5.026994066924666882e+00 0.000000000000000000e+00
1.958785624688957006e+00 -1.422754117843724941e+01 0.000000000000000000e+00
2.733408303399497363e+00 1.639264261432423098e+01 0.000000000000000000e+00
-2.532181048561349623e+00 1.456592819500376557e+01 0.000000000000000000e+00
-1.079683242994001446e+01 -1.800951096994268807e+00 0.000000000000000000e+00
5.884679988355552283e+00 -1.489681106797016952e+01 0.000000000000000000e+00
-5.160780843000713602e+00 -4.827118087004024505e-02 0.000000000000000000e+00
6.611795198745203272e+00 3.348160599825159345e+00 0.000000000000000000e+00
1.666725866579122695e+01 -3.355384432717533283e+00 0.000000000000000000e+00
5.520231107462064024e+00 8.229302208053220768e-01 0.000000000000000000e+00
-4.512126931845410027e+00 -1.347869611679487001e+01 0.000000000000000000e+00
-4.180471859387274947e+00 -2.503978701808868834e+00 0.000000000000000000e+00
-5.935650114382339915e+00 -1.180087703552937839e+01 0.000000000000000000e+00
-5.384411746683500866e+00 -1.028231666273677547e+01 0.000000000000000000e+00
1.017898369031530770e+01 -8.070173618985865716e+00 0.000000000000000000e+00
-1.056783182624535655e+01 -1.290946053413176742e+01 0.000000000000000000e+00
1.587136794021971475e+01 -5.546082659635061418e+00 0.000000000000000000e+00
-2.368173840532941998e+00 4.688740980858544516e-01 0.000000000000000000e+00
-5.354262514710550924e+00 -1.639585940716132484e+01 0.000000000000000000e+00
2.044830543484379426e+00 6.824582169556385303e+00 0.000000000000000000e+00
1.054163535914607985e+00 1.112629706941538821e+01 0.000000000000000000e+00
-1.473549311253815830e+01 1.154443145905135859e+00 0.000000000000000000e+00
-1.341178319308306577e+01 -3.975033819161559734e+00 0.000000000000000000e+00
-1.384263598364101000e+01 -2.504536485898976594e-01 0.000000000000000000e+00
-3.369586076477601111e+00 -4.843263743544753197e+00 0.000000000000000000e+00
1.718431596551726770e+01 2.794894382880838357e+00 0.000000000000000000e+00
-1.390664049378289846e+01 -9.734016600720352130e+00 0.000000000000000000e+00
8.406262001961916752e+00 1.526539354501912449e+01 0.000000000000000000e+00
1.281017912378776380e+01 6.359185282470207312e+00 0.000000000000000000e+00
-1.719539946332414004e+01 -2.580579129629675950e-01 0.000000000000000000e+00
-3.823196842182780664e+00 1.505958617538931232e+00 0.000000000000000000e+00
8.721181797350158860e+00 -2.526644671752488414e+00 0.000000000000000000e+00
1.297208551428012768e+01 -8.315773087726636703e+00 0.000000000000000000e+00
8.973354114876186394e-01 3.849856193541343480e-02 0.000000000000000000e+00
-1.573146422862891036e+01 6.780180925579885276e+00 0.000000000000000000e+00
-1.206687644896932277e+01 1.167037200248935980e+00 0.000000000000000000e+00
-1.442093367837913032e-01 -1.418572432050899224e+01 0.000000000000000000e+00
9.355723401807804152e+00 -1.247927792613392128e+01 0.000000000000000000e+00
-1.355080939289801023e+01 5.700691571405184455e+00 0.000000000000000000e+00
2.199814137560660576e+00 -1.104134565506728549e+01 0.000000000000000000e+00
5.735787967925134012e+00 -7.169551491861779979e+00 0.000000000000000000e+00
1.025666785506696677e+01 -1.010450391338749121e+01 0.000000000000000000e+00
-1.725007983836377790e+01 1.778908737162051557e+00 0.000000000000000000e+00
4.047111587517282949e+00 1.245054287698190265e+00 0.000000000000000000e+00
-8.910189912361017761e+00 1.490824741979774437e+01 0.000000000000000000e+00
1.290696689465122837e+01 -2.912435562225012653e+00 0.000000000000000000e+00
-1.086114327103264543e+01 1.344716890487149108e+01 0.000000000000000000e+00
8.774311545850004279e+00 6.199928684081186248e+00 0.000000000000000000e+00
5.138682248177193657e+00 -1.173888759255017433e+01 0.000000000000000000e+00
-1.346459625544174621e+01 -2.250866390045592969e+00 0.000000000000000000e+00
-3.012261789327667305e+00 8.283370545658970130e+00 0.000000000000000000e+00
-9.939146861996299265e+00 8.286617897067923622e+00 0.000000000000000000e+00
-1.751653877298482875e+00 -8.784899994251354371e+00 0.000000000000000000e+00
4.740281531112671587e+00 -9.049446390531729278e+00 0.000000000000000000e+00
-8.566906687785083463e+00 -1.143393761293259558e+01 0.000000000000000000e+00
4.594050201420457391e+00 -7.177698196613619963e-01 0.000000000000000000e+00
-1.758360781753582458e+00 1.702286935858008476e+01 0.000000000000000000e+00
-5.163935000729421354e+00 1.127525619441628812e+01 0.000000000000000000e+00
-7.857261931821057033e+00 5.266203499980452563e+00 0.000000000000000000e+00
3.061791813090279479e+00 -1.019062965947829413e+00 0.000000000000000000e+00
-6.678620604407463635e-01 1.470478392392347011e+01 0.000000000000000000e+00
7.542924585911747748e+00 1.103332234746343588e+01 0.000000000000000000e+00
-6.582702486243700690e+00 1.591915022684388248e+01 0.000000000000000000e+00
-6.660096421053548710e+00 1.223136073332685747e+01 0.000000000000000000e+00
5.412085997769049861e+00 4.369518287575856696e+00 0.000000000000000000e+00
9.943007971058136718e+00 7.218022966039966626e+00 0.000000000000000000e+00
1.277635564328840800e+01 2.416428716347321703e+00 0.000000000000000000e+00
1.242875003326315486e+01 -7.324208662328636210e-01 0.000000000000000000e+00
-6.787751192145644374e+00 7.127450592973900712e+00 0.000000000000000000e+00
-9.144751937440249279e+00 -1.028270318016427209e+00 0.000000000000000000e+00
-1.522366830947448513e+01 -7.217697628555522549e+00 0.000000000000000000e+00
-4.454322568202130350e-01 1.009661273159498407e+01 0.000000000000000000e+00
-8.289457037759799363e+00 -8.409339121400613237e+00 0.000000000000000000e+00
-6.538473229936633935e+00 2.906403382916077138e+00 0.000000000000000000e+00
-9.003916194909109549e+00 1.245811767926034364e+01 0.000000000000000000e+00
6.666379518829270268e+00 -4.516883503967955349e+00 0.000000000000000000e+00
4.107552160768611849e+00 -1.687763629118038367e+01 0.000000000000000000e+00
6.990007734199456202e+00 7.552071671547219367e+00 0.000000000000000000e+00
1.243909421589323117e+01 4.861240874735893946e+00 0.000000000000000000e+00
1.057989809036326712e+01 9.254125141492972162e+00 0.000000000000000000e+00
-5.709496123977522153e+00 1.466938717577617446e+01 0.000000000000000000e+00
-1.141018608729238970e+01 1.020122433100232406e+01 0.000000000000000000e+00
-6.987461343837218841e+00 1.282003286291448108e+00 0.000000000000000000e+00
4.099038434577392032e+00 -4.542577984699520677e+00 0.000000000000000000e+00
-3.405148279007614853e+00 -8.615466904711546192e-01 0.000000000000000000e+00
-2.203349296044806671e+00 3.897794219239412161e+00 0.000000000000000000e+00
1.454635810275848984e+00 -4.843228201662113541e+00 0.000000000000000000e+00
-1.961770891002772244e+00 -1.429974909169460418e+01 0.000000000000000000e+00
2.926819548834071139e+00 1.181539875427569974e+01 0.000000000000000000e+00
6.983001799308000912e+00 -1.237071471132981948e+01 0.000000000000000000e+00
1.140531557312310795e+01 1.205961135247829219e+01 0.000000000000000000e+00
9.069233519999668758e+00 -1.430082601190950342e+01 0.000000000000000000e+00
3.615900627320525196e-01 -3.164702499942845471e+00 0.000000000000000000e+00
3.628980253767028152e+00 3.133048411882306539e+00 0.000000000000000000e+00
-9.940721272455739665e+00 6.413890840997837017e+00 0.000000000000000000e+00
8.019172734864737251e+00 -9.630314422286978981e+00 0.000000000000000000e+00
1.017606833668525823e+01 5.638348406636491283e+00 0.000000000000000000e+00
-7.393332953967305388e-01 3.913676490433757316e-01 0.000000000000000000e+00
-1.526877409170734623e+01 2.782763590664206532e+00 0.000000000000000000e+00
-1.019444065095580276e+00 -1.730872834201616328e+01 0.000000000000000000e+00
-1.118008193202640754e+01 2.946427469269399246e+00 0.000000000000000000e+00
-3.484876539986047739e+00 -1.693707222871052664e+01 0.000000000000000000e+00
1.341514743884031269e+01 9.616847091320666507e+00 0.000000000000000000e+00
1.108376677242175568e+01 -4.763970358632995783e+00 0.000000000000000000e+00
7.553579475839737434e+00 8.985394367743149147e+00 0.000000000000000000e+00
1.136443465715566203e+00 2.810410954486997515e+00 0.000000000000000000e+00
1.160710344978986086e+01 -1.121545856682370790e+01 0.000000000000000000e+00
-1.681089335920556493e+01 4.368514511271134104e+00 0.000000000000000000e+00
-4.548843877003062808e+00 -7.969530492952019429e+00 0.000000000000000000e+00
-1.652017442860646312e+01 -3.708558461171108878e+00 0.000000000000000000e+00
1.057804667730800219e+01 2.343251123187078733e+00 0.000000000000000000e+00
-1.539668264386647945e+00 7.433613367276674211e+00 0.000000000000000000e+00
-6.550027667690492272e+00 -5.513133048000963043e+00 0.000000000000000000e+00
4.273509493172062967e+00 -1.537924411643394862e+01 0.000000000000000000e+00
-1.621005575596820591e+01 -5.578490283019082341e+00 0.000000000000000000e+00
3.603711819592608112e+00 -1.016615078624807289e+01 0.000000000000000000e+00
-7.888307914384589559e+00 -1.336629778156270554e+01 0.000000000000000000e+00
1.149312339299036978e+01 -1.977094954359704060e+00 0.000000000000000000e+00
-8.436484445273931598e+00 1.086479060318078993e+01 0.000000000000000000e+00
1.530238330286255177e+01 1.991221613248721933e+00 0.000000000000000000e+00
8.165590371421716398e+00 1.298034158417632433e+01 0.000000000000000000e+00
-5.466569403373261693e+00 -1.701058255218548698e+00 0.000000000000000000e+00
1.406819156151409089e+01 -1.813902273569135914e+00 0.000000000000000000e+00
