-3.534080161081479154e+00 -1.102113986334373763e+01 0.000000000000000000e+00
-9.103342471217642284e+00 1.578317043246435247e+01 0.000000000000000000e+00
1.999569311471484312e+00 -1.677544235093793246e+00 0.000000000000000000e+00
-2.657517330233155395e+00 -4.236348421656049190e+00 0.000000000000000000e+00
1.582923950439319860e+01 5.377650816001985135e+00 0.000000000000000000e+00
-2.029420388029623101e+00 1.371951172478029335e+01 0.000000000000000000e+00
2.840817434351717630e+00 1.471372875503298516e+01 0.000000000000000000e+00
1.716889965345419000e+01 2.172275024250505115e+00 0.000000000000000000e+00
-1.838436668617445235e+01 -3.023130935698637334e+00 0.000000000000000000e+00
6.246564308651270103e-01 1.730243932827528752e+01 0.000000000000000000e+00
8.032884447812961071e+00 5.861542202715957828e+00 0.000000000000000000e+00
-2.309728416892795178e+00 -1.391520660132959497e+00 0.000000000000000000e+00
-1.036819287371667997e+01 -6.539741376128675121e+00 0.000000000000000000e+00
1.615957650689116232e+00 1.584758531392679792e+01 0.000000000000000000e+00
3.228467374618936070e+00 1.032487391176400138e+01 0.000000000000000000e+00
1.471857055360958277e+01 -1.001711700910948366e+01 0.000000000000000000e+00
-1.649120202988208916e+01 -7.092735707497454634e+00 0.000000000000000000e+00
1.626772633701805404e+01 -8.657302619389978915e+00 0.000000000000000000e+00
9.440148187608604857e+00 1.006609426137922192e+01 0.000000000000000000e+00
-1.450600842960919401e+01 -9.225613747593101266e+00 0.000000000000000000e+00
-1.466759117497312737e+01 -1.192162962342712262e+01 0.000000000000000000e+00
7.939338712364222062e+00 -1.539804062811290919e+01 0.000000000000000000e+00
4.626479690913223308e+00 -1.287442330693272119e+01 0.000000000000000000e+00
1.625238472178221150e+00 -1.569867590927056078e+01 0.000000000000000000e+00
-1.112016477163055050e+01 -1.481546157678347342e+01 0.000000000000000000e+00
-7.656894582502592250e+00 -1.131451115645665872e+01 0.000000000000000000e+00
-1.537845437294444650e+01 -4.257462532868855121e+00 0.000000000000000000e+00
1.791760322591711940e+01 -2.619066937448921717e-01 0.000000000000000000e+00
1.514299453642519033e+01 -1.274275845533948126e-01 0.000000000000000000e+00
-2.104940282035901333e+00 1.593747055907555144e+01 0.000000000000000000e+00
2.367148775119734871e+00 3.117928088445984791e+00 0.000000000000000000e+00
-1.139212197867794529e+01 4.307692973693074912e+00 0.000000000000000000e+00
2.082041281668248978e+00 1.786924924409960624e+01 0.000000000000000000e+00
-3.874764860605233174e+00 -1.617143738809644304e+01 0.000000000000000000e+00
6.104181231905740468e+00 1.456808914026542645e+01 0.000000000000000000e+00
-8.212731301785199278e+00 -1.659759425359770557e-01 0.000000000000000000e+00
4.600064496272375791e+00 6.233845484052446650e+00 0.000000000000000000e+00
-1.047221878060375921e+00 3.943964612223127109e+00 0.000000000000000000e+00
1.859804185743115212e+01 2.729781917367979815e+00 0.000000000000000000e+00
-1.225161953817047511e+01 1.117764353519266862e+01 0.000000000000000000e+00
-1.808467195717586185e+00 -9.270424254327254587e+00 0.000000000000000000e+00
-1.739510202922338422e+01 4.206518397529086961e+00 0.000000000000000000e+00
-2.825462780585450417e-01 1.180643900509322108e+01 0.000000000000000000e+00
2.808219846991895530e+00 -4.933883515311262791e+00 0.000000000000000000e+00
1.574305147803752014e+01 7.972916233066558611e+00 0.000000000000000000e+00
-2.608703676679354100e+00 -1.260409130973884118e+01 0.000000000000000000e+00
-1.767501787886566200e+00 9.007661001635510090e+00 0.000000000000000000e+00
-1.419859945583988114e+01 -5.679716035316160649e+00 0.000000000000000000e+00
7.782370079610685387e+00 1.255728970636910269e+01 0.000000000000000000e+00
-1.240988138784930417e+00 1.739552025665555490e+01 0.000000000000000000e+00
-1.191093652554624960e+01 -3.725374381738347118e+00 0.000000000000000000e+00
6.859336696318995230e+00 3.172099875122909030e+00 0.000000000000000000e+00
1.744601260152542821e+01 -3.650348229458623361e+00 0.000000000000000000e+00
1.543200310958498245e-01 -1.197925247311682995e+01 0.000000000000000000e+00
1.006811436287687833e+01 -1.132800272867103430e+01 0.000000000000000000e+00
1.263484054519028987e+01 -2.422449069372319741e+00 0.000000000000000000e+00
1.041450769815820188e+01 1.450556439322361157e+01 0.000000000000000000e+00
1.244866250361990545e+01 9.372069506955947205e+00 0.000000000000000000e+00
9.870799743312250740e+00 -3.738546837567518821e+00 0.000000000000000000e+00
3.901953735862415229e+00 -1.586454492880774669e+00 0.000000000000000000e+00
8.968529451061026947e+00 1.376923914751857581e+01 0.000000000000000000e+00
-6.478852431752796015e+00 -6.967077620975500318e-01 0.000000000000000000e+00
-1.375834048684117761e+01 1.308530450134013279e+01 0.000000000000000000e+00
-1.747859223172555332e+01 -4.543590733357604883e+00 0.000000000000000000e+00
-4.493112728789426136e+00 1.482036159741987724e+01 0.000000000000000000e+00
-2.272154259557129130e+00 2.167097372676456857e+00 0.000000000000000000e+00
-2.183823366950114142e+00 -1.626248844347214728e+01 0.000000000000000000e+00
5.185855473695848872e+00 1.742228232553926404e+01 0.000000000000000000e+00
-1.563317537208729391e+01 5.605957265178600490e-01 0.000000000000000000e+00
1.520967435097062115e+01 -3.452067434234749488e+00 0.000000000000000000e+00
4.432814237952098502e+00 -1.826854786860809909e+01 0.000000000000000000e+00
1.337314484926998936e+01 -4.473972177024212904e+00 0.000000000000000000e+00
-6.883439945825397643e+00 8.547228926531062143e+00 0.000000000000000000e+00
3.117138774920721889e-01 -1.648301215267617792e+01 0.000000000000000000e+00
-1.220093483075618224e+01 5.938807356362676870e+00 0.000000000000000000e+00
-9.760382660160788149e+00 1.426006607364595880e+01 0.000000000000000000e+00
-8.561561700909269490e+00 -9.978783370129814756e+00 0.000000000000000000e+00
-1.286281446803817374e+01 -1.349630316135558594e+01 0.000000000000000000e+00
-1.036120917671979136e+01 -9.899641750389553962e+00 0.000000000000000000e+00
1.136309923618203221e+01 3.551531564191178436e+00 0.000000000000000000e+00
-7.967073670628294302e+00 -1.389166458471465582e+01 0.000000000000000000e+00
-4.324687845635001859e-01 1.607793322867204466e+01 0.000000000000000000e+00
-4.925238702573625282e+00 -7.922878371097559658e+00 0.000000000000000000e+00
-5.282458585042484778e+00 -4.477525824903071161e+00 0.000000000000000000e+00
-5.626955728481137342e+00 2.210309497728094819e+00 0.000000000000000000e+00
-7.671574868339916975e+00 -8.600461382563832302e+00 0.000000000000000000e+00
-4.476388632856053817e+00 1.727420439772913241e+01 0.000000000000000000e+00
-1.460232386531179571e+01 3.529735626931520542e+00 0.000000000000000000e+00
-1.044959745760852954e+01 2.707935930832984894e+00 0.000000000000000000e+00
2.743643162309605366e+00 1.227271918586909649e+01 0.000000000000000000e+00
4.430685976479760591e+00 1.319827671659356483e+01 0.000000000000000000e+00
-6.456129409704355560e+00 1.532303363789347372e+01 0.000000000000000000e+00
6.936362878951630506e+00 -2.534533304337157844e+00 0.000000000000000000e+00
2.850316049676305585e+00 8.262692146611868793e+00 0.000000000000000000e+00
-3.039391351735855284e+00 1.824051083649581173e+01 0.000000000000000000e+00
-1.264758437449654416e+01 -6.560963361118274939e+00 0.000000000000000000e+00
1.767434137145584216e+01 -1.745718559559505056e+00 0.000000000000000000e+00
9.258165747514736310e+00 -9.366532327271407388e-01 0.000000000000000000e+00
-6.691361748268297660e+00 -6.118804989715581399e+00 0.000000000000000000e+00
-1.341039086734711461e+01 -2.460328097728265551e+00 0.000000000000000000e+00
5.269836746629119162e+00 -3.599767568727925138e+00 0.000000000000000000e+00
2.212922474352273738e+00 -8.782757566790257542e+00 0.000000000000000000e+00
-6.627823703047024395e+00 -1.675786532984056620e+01 0.000000000000000000e+00
-8.965462867806097691e+00 5.780271669369340337e+00 0.000000000000000000e+00
9.644421087768575873e+00 -5.793045476544416594e+00 0.000000000000000000e+00
-1.814540160513689315e+01 5.598860051588557596e+00 0.000000000000000000e+00
-1.275203086604752478e+01 -1.078590803528937414e+01 0.000000000000000000e+00
-6.440963581775183577e+00 1.275836833132263060e+01 0.000000000000000000e+00
1.183459236256549696e+00 1.386917340583261549e+01 0.000000000000000000e+00
-1.287452926130264252e+01 3.100467604846409930e+00 0.000000000000000000e+00
7.257945390635156535e+00 9.706732479825934234e+00 0.000000000000000000e+00
2.225309404170820127e+00 -1.841389513576051939e+01 0.000000000000000000e+00
-9.570482217013015713e+00 -1.535216076170954658e+01 0.000000000000000000e+00
7.641485270317010858e+00 1.735553926139957459e-01 0.000000000000000000e+00
1.110932794217444375e+01 -1.309807658747668846e+01 0.000000000000000000e+00
7.634793631529192659e+00 -9.900499762791087122e+00 0.000000000000000000e+00
-1.024768622568830834e+00 -1.191034414970723043e-01 0.000000000000000000e+00
-1.054278965291086045e+01 -1.867514746290646621e-01 0.000000000000000000e+00
-1.156063317096929666e+00 6.567985705265851237e+00 0.000000000000000000e+00
1.589868629224605989e+01 3.872820367983422774e+00 0.000000000000000000e+00
-8.417409598889407096e-01 -5.472605400098317752e+00 0.000000000000000000e+00
-5.363704664866266292e+00 8.656139526794857986e+00 0.000000000000000000e+00
5.910900790182012088e+00 4.648616631388315490e+00 0.000000000000000000e+00
-4.557700950244083060e+00 -1.311338137248483093e+01 0.000000000000000000e+00
-6.400704971803817145e+00 4.473047703568546751e+00 0.000000000000000000e+00
1.319165035867269786e+01 4.508967001160309351e+00 0.000000000000000000e+00
-1.436007013495160400e+01 5.284336392113504033e+00 0.000000000000000000e+00
9.792129752799427322e+00 8.555562279733596398e+00 0.000000000000000000e+00
-4.438113403048414618e+00 6.563335256192730505e+00 0.000000000000000000e+00
8.246038829980724572e+00 1.102633714997567793e+01 0.000000000000000000e+00
-9.036298991565368866e+00 3.463950778444873091e+00 0.000000000000000000e+00
-3.188990342258925192e+00 1.098150697075227811e+01 0.000000000000000000e+00
6.411114715692363575e+00 1.625959567546710716e+01 0.000000000000000000e+00
1.265090455912912049e+01 -1.341553947161520632e+01 0.000000000000000000e+00
5.402748022033638797e+00 1.176949264245551063e+01 0.000000000000000000e+00
1.077756834281558085e+01 7.116391504142983715e-01 0.000000000000000000e+00
1.690326791195674616e+01 -6.956697163307010712e+00 0.000000000000000000e+00
8.429590270123233919e-01 3.782883767090011173e-01 0.000000000000000000e+00
-6.145021790506881132e+00 -1.057252416549854068e+01 0.000000000000000000e+00
1.271859127321704008e+01 2.015321917015540976e+00 0.000000000000000000e+00
2.867650445548751481e+00 6.470675330790756519e+00 0.000000000000000000e+00
-8.773780306557441122e+00 -5.511866936420932284e+00 0.000000000000000000e+00
1.157967429324154374e+01 6.406303803208596825e+00 0.000000000000000000e+00
8.004149677814549335e+00 1.707772297088811442e+01 0.000000000000000000e+00
6.786850040496022807e+00 7.448212486071522420e+00 0.000000000000000000e+00
-7.391661726283615508e+00 -2.297686013279149897e+00 0.000000000000000000e+00
8.335559142027449298e+00 -7.242459463564585143e+00 0.000000000000000000e+00
-1.080220247792215815e+01 8.854652923815372390e+00 0.000000000000000000e+00
1.411461286105642188e+01 -7.516443138148034997e+00 0.000000000000000000e+00
-1.438012659249388037e+01 7.825120995852659078e+00 0.000000000000000000e+00
-8.149111986042326450e+00 1.060211887390234153e+01 0.000000000000000000e+00
-1.583857097741350906e+01 6.572642334019287880e+00 0.000000000000000000e+00
2.664323760616500003e+00 -3.134049042597528700e+00 0.000000000000000000e+00
1.088768965519444265e+01 -9.840127309851036230e+00 0.000000000000000000e+00
1.000145715593425066e+01 2.408329671980551367e+00 0.000000000000000000e+00
4.441966631437078705e-01 5.173920839022764007e+00 0.000000000000000000e+00
1.163974962480412856e+01 -6.980349744173201643e+00 0.000000000000000000e+00
1.193484693608995251e+01 1.148824284039683619e+01 0.000000000000000000e+00
1.002624308651972918e+01 6.277315973771458779e+00 0.000000000000000000e+00
-1.541639432059372083e+01 1.056585728322176720e+01 0.000000000000000000e+00
-1.284216458399974670e+01 9.304261208071009648e+00 0.000000000000000000e+00
-1.079988946133573258e+01 -1.291547861239919648e+01 0.000000000000000000e+00
-4.463657882232700658e+00 -6.343344903771338750e+00 0.000000000000000000e+00
1.588655700902668055e+00 -6.540649144365261236e+00 0.000000000000000000e+00
4.400795319414868567e-01 -2.961909595718713817e+00 0.000000000000000000e+00
-1.206442539522414847e+01 7.976705607517050822e+00 0.000000000000000000e+00
-4.440794006682382999e+00 -1.806564114005212929e+01 0.000000000000000000e+00
5.033246308223041865e+00 1.588869532825610831e+00 0.000000000000000000e+00
1.154767663748401496e+01 -5.136166824271325204e+00 0.000000000000000000e+00
1.738964326285017492e+01 -5.493862490645131658e+00 0.000000000000000000e+00
1.284035964945086317e+00 -1.082125829375767445e+01 0.000000000000000000e+00
1.539035332088306873e+01 1.727835386502449833e+00 0.000000000000000000e+00
-1.558070790641247427e+01 8.809298539774033543e+00 0.000000000000000000e+00
-5.025064633827099669e+00 1.143825103424399536e+01 0.000000000000000000e+00
1.713162382515876203e+01 6.547046619891784047e+00 0.000000000000000000e+00
1.346309542104938295e+01 -4.605629192575635966e-02 0.000000000000000000e+00
1.375554817934417251e+00 8.697902542835835860e+00 0.000000000000000000e+00
9.262336946351021894e+00 -1.380796557195564667e+01 0.000000000000000000e+00
-1.041439739549556975e+01 1.034096564001137786e+01 0.000000000000000000e+00
4.231440012450051746e+00 1.579130967596061907e+01 0.000000000000000000e+00
1.846278465382438938e+01 1.186658502065730758e+00 0.000000000000000000e+00
6.296760261202472897e+00 -8.356299065180955665e+00 0.000000000000000000e+00
6.049733742245053669e+00 -1.176025547842366947e+01 0.000000000000000000e+00
8.056101194000156340e+00 -5.248472524927112914e+00 0.000000000000000000e+00
-6.058872976579552372e+00 -1.461287704791206821e+01 0.000000000000000000e+00
-8.838930353685737984e+00 -3.141885905085527231e+00 0.000000000000000000e+00
8.748499856214015935e+00 4.112698555945285328e+00 0.000000000000000000e+00
5.986191774951171496e+00 -1.429687372928120759e+01 0.000000000000000000e+00
1.380351656645167857e+01 1.077781011289442858e+01 0.000000000000000000e+00
5.543008974311070425e+00 8.939902571679366972e+00 0.000000000000000000e+00
4.520584043518079298e+00 -8.969103672522978243e+00 0.000000000000000000e+00
-3.986461309427247190e+00 -2.551401493448651969e+00 0.000000000000000000e+00
-9.669759697119038933e+00 1.233244647103290070e+01 0.000000000000000000e+00
1.424525594301669251e+01 2.830045632486847040e+00 0.000000000000000000e+00
4.839272913470324511e+00 -7.082608893954908780e+00 0.000000000000000000e+00
-1.556693432463804871e+00 -1.765567390839854056e+01 0.000000000000000000e+00
-5.252794371781721594e-02 -1.465381071138030222e+01 0.000000000000000000e+00
-6.215841850473945662e+00 1.718956173750711258e+01 0.000000000000000000e+00
-8.257105679495531092e+00 1.337553739510657813e+01 0.000000000000000000e+00
-1.308236273465015209e+01 -6.825931008082789520e-01 0.000000000000000000e+00
-3.249893821200394717e-01 -1.048687502131735805e+01 0.000000000000000000e+00
1.311352624658926125e+01 6.420586899155639848e+00 0.000000000000000000e+00
3.038584784120411442e+00 -1.128543307359037051e+01 0.000000000000000000e+00
-1.532843498565133977e+01 -1.499877909125071795e+00 0.000000000000000000e+00
4.045506134435415291e+00 -1.494087715967178376e+01 0.000000000000000000e+00
5.519541359806458658e+00 -3.464351019353206218e-01 0.000000000000000000e+00
2.899090202921929649e+00 -1.679248775349451606e+01 0.000000000000000000e+00
-1.197252175667932228e+01 -8.709007615606155994e+00 0.000000000000000000e+00
1.395821069794690672e+01 -5.964352380888739980e+00 0.000000000000000000e+00
1.588540182808425705e+01 -5.203241128275108984e+00 0.000000000000000000e+00
9.283710824597101174e-01 1.025263001332154467e+01 0.000000000000000000e+00
-1.280377714767798736e+01 1.326263096331623981e+00 0.000000000000000000e+00
-4.879419039440918482e+00 4.330531637083217866e+00 0.000000000000000000e+00
-9.977241279140850239e+00 -8.149172873633242276e+00 0.000000000000000000e+00
1.557189438642484447e+01 -1.706898319083161031e+00 0.000000000000000000e+00
-9.063257447759280439e+00 -1.204516763531490398e+01 0.000000000000000000e+00
-1.382616092840304134e+01 1.117104863924542713e+01 0.000000000000000000e+00
4.238905693830914423e+00 2.976472668650147479e+00 0.000000000000000000e+00
1.075901464945010844e+01 -1.539743966823969856e+01 0.000000000000000000e+00
-3.484780255886660516e+00 2.822928483589648985e-01 0.000000000000000000e+00
-3.890066494552819609e-01 1.894284655681774154e+01 0.000000000000000000e+00
1.418845953979714203e+01 8.467298943984321369e+00 0.000000000000000000e+00
8.686904619124971916e+00 7.488114830217400097e+00 0.000000000000000000e+00
7.580811801464389710e+00 -1.355901769186007222e+01 0.000000000000000000e+00
-1.053682922597073279e+01 6.190419470692362758e+00 0.000000000000000000e+00
1.084688971681145375e+01 -1.523542274206283853e+00 0.000000000000000000e+00
-6.532038501024484134e+00 -1.245803758482350254e+01 0.000000000000000000e+00
8.841246388915719123e+00 1.542905839685966285e+01 0.000000000000000000e+00
-2.991868314534708251e+00 3.800209682574622327e+00 0.000000000000000000e+00
6.406075520494417752e+00 -6.333945716640770662e+00 0.000000000000000000e+00
-1.446916658163212466e+00 -7.553779247929293561e+00 0.000000000000000000e+00
-1.084632753558380003e+01 1.546361294234774064e+01 0.000000000000000000e+00
2.745130982976947465e+00 -1.365066468122383370e+01 0.000000000000000000e+00
3.845278230445761669e-01 7.536964160243056376e+00 0.000000000000000000e+00
-1.608135558369557927e+01 -2.884261082500892748e+00 0.000000000000000000e+00
-3.034002349246679220e+00 1.260194633957686072e+01 0.000000000000000000e+00
-1.154232490801546618e+01 -1.516830613004997552e+00 0.000000000000000000e+00
5.007907902810633693e+00 -1.611358802851468752e+01 0.000000000000000000e+00
1.416978001015008282e+01 -1.261050027224536585e+01 0.000000000000000000e+00
-6.408686938130263577e+00 1.039812770205139891e+01 0.000000000000000000e+00
4.078594124810337007e+00 4.710088859585077614e+00 0.000000000000000000e+00
-7.095231828240490479e+00 -3.813378142689507477e+00 0.000000000000000000e+00
1.844358849798178923e+01 4.521372408892455397e+00 0.000000000000000000e+00
1.241348511616060257e+01 -1.029309918910714750e+01 0.000000000000000000e+00
8.429910156047515812e+00 -2.899446709483460172e+00 0.000000000000000000e+00
-6.042820511502903003e+00 6.588553083234178764e+00 0.000000000000000000e+00
3.748225983870317468e-01 -1.879091128844408232e+01 0.000000000000000000e+00
-7.409119842822563307e+00 5.793461983211558142e+00 0.000000000000000000e+00
-4.933488133488673988e+00 -9.687943562575339840e+00 0.000000000000000000e+00
-9.089310316259249234e+00 1.160704159103403077e+00 0.000000000000000000e+00
8.402752433064637927e+00 2.623945436409668819e+00 0.000000000000000000e+00
-4.731305714172456156e+00 -1.063229217238350621e+00 0.000000000000000000e+00
-1.675855322695385041e+01 -8.737077375897145615e+00 0.000000000000000000e+00
-1.745256358208209591e+01 -3.257756152774187730e-01 0.000000000000000000e+00
-2.356610392317097791e+00 5.638175912603019313e+00 0.000000000000000000e+00
9.432467790966491350e+00 1.210467908884478483e+01 0.000000000000000000e+00
