2.242181838182498943e+00 -1.183364873268596629e+00 0.000000000000000000e+00
-4.986037943355094093e+00 -1.255044409128047356e+01 0.000000000000000000e+00
-2.958693769647655181e+00 2.931853148635300332e+00 0.000000000000000000e+00
9.404747713603821779e+00 3.388452443403630054e-01 0.000000000000000000e+00
-1.239007146120995095e+01 -7.131094770155271156e+00 0.000000000000000000e+00
1.387412042255195033e+01 1.048962814838687052e+01 0.000000000000000000e+00
-1.187573630622066112e+01 6.083160700434768309e+00 0.000000000000000000e+00
-4.007698483591759064e+00 8.976943395762848610e+00 0.000000000000000000e+00
-1.280638282332532363e+01 -4.327082945208779563e+00 0.000000000000000000e+00
-3.040829540155161048e+00 7.396872444931935853e+00 0.000000000000000000e+00
-1.166583947483342065e+01 -1.122209904984978301e+01 0.000000000000000000e+00
1.273411992806564186e+01 -5.037459588419403111e+00 0.000000000000000000e+00
-9.980831880244204202e-01 1.292947819897006312e+01 0.000000000000000000e+00
6.741748631105923373e+00 1.582301590908393152e+01 0.000000000000000000e+00
6.842000657327920621e+00 -9.669232804809531956e+00 0.000000000000000000e+00
8.891169810921322192e-01 -6.815049703634032063e+00 0.000000000000000000e+00
-1.297021804096431197e+00 -1.245134663351509463e+00 0.000000000000000000e+00
-9.221699871351830780e+00 -8.055396075510083520e+00 0.000000000000000000e+00
2.073672649126949707e+00 1.223940896126306832e+01 0.000000000000000000e+00
1.190359725822589887e+01 -2.482014947276446115e+00 0.000000000000000000e+00
-7.001937538294206398e+00 -7.794848091130970325e+00 0.000000000000000000e+00
-1.395893389868054157e+01 -5.316212237926875694e+00 0.000000000000000000e+00
-5.139468635621621040e+00 -8.843242746449849534e+00 0.000000000000000000e+00
2.907184440287859939e+00 1.071197424882527471e+01 0.000000000000000000e+00
6.860103986621506778e+00 1.992915317359178262e+00 0.000000000000000000e+00
8.421192967398214435e-01 2.088899012720486503e+00 0.000000000000000000e+00
-1.018920745151326557e+01 6.972600151184419559e+00 0.000000000000000000e+00
-8.068568585090016398e+00 8.155059017807776200e+00 0.000000000000000000e+00
-1.125005561574222712e+00 2.027016911183755710e+00 0.000000000000000000e+00
-1.645818048654207999e+01 -6.358131135696009073e-01 0.000000000000000000e+00
3.077633590527605545e+00 -4.578259599641324229e+00 0.000000000000000000e+00
7.767220485958288734e+00 -7.016784771521838771e+00 0.000000000000000000e+00
-6.137614346808453192e+00 2.515347769692167557e+00 0.000000000000000000e+00
-5.397672438212963719e+00 4.076444943848664515e+00 0.000000000000000000e+00
-5.293409683467116267e+00 1.466864870032432044e+01 0.000000000000000000e+00
-1.157057866538851876e+01 1.083985456037271256e+01 0.000000000000000000e+00
9.219188597512294692e+00 -2.580619123479770405e+00 0.000000000000000000e+00
4.517738497325312630e-01 1.192455059612458079e+01 0.000000000000000000e+00
-3.020192887809696636e+00 -1.584894143741588124e+01 0.000000000000000000e+00
-3.166930463656324468e-01 7.466894159922610186e+00 0.000000000000000000e+00
-8.491105558790152941e+00 -2.511340935593553869e+00 0.000000000000000000e+00
-4.114871736586643181e+00 1.691693795458623484e+01 0.000000000000000000e+00
7.056423061187543588e+00 -1.272446423528156245e+01 0.000000000000000000e+00
4.591386891612418530e+00 3.554094237733643080e+00 0.000000000000000000e+00
-1.453861398687599760e+01 5.138126838869887081e+00 0.000000000000000000e+00
-1.282735219586763087e+01 9.512601400182123967e+00 0.000000000000000000e+00
-1.222646005382712886e+01 -2.734919914330078861e+00 0.000000000000000000e+00
5.227570955627862226e+00 7.338479362390526450e-01 0.000000000000000000e+00
-1.063156873193831586e+01 -7.749988729635920448e-01 0.000000000000000000e+00
2.947628756382382420e+00 6.804830508308508108e+00 0.000000000000000000e+00
-4.231264557606279730e+00 1.078171656259122146e+00 0.000000000000000000e+00
1.420032482445144240e+00 -1.708485958818819483e+01 0.000000000000000000e+00
4.936617524589519412e+00 -1.405145393565500278e+01 0.000000000000000000e+00
6.938647338830479239e-01 9.375597634467270680e+00 0.000000000000000000e+00
-5.727856223285230364e+00 1.307256911591132997e+01 0.000000000000000000e+00
1.235120785992014136e+00 -1.172731406249839381e+01 0.000000000000000000e+00
1.662459674522219188e+01 -3.947744626150099911e+00 0.000000000000000000e+00
-7.955390303313849998e+00 -1.427163426972349392e+01 0.000000000000000000e+00
-1.624345861705461047e+01 5.701688104999151463e+00 0.000000000000000000e+00
-4.661926681459099164e+00 -3.413646681697372287e+00 0.000000000000000000e+00
1.286424593543974559e+01 5.299824205904558383e+00 0.000000000000000000e+00
5.841563691764456223e+00 4.926799609984603201e+00 0.000000000000000000e+00
3.135469352770316132e+00 -1.720805273054475037e+01 0.000000000000000000e+00
-6.050996356598002945e-01 -1.358622744330362053e+01 0.000000000000000000e+00
6.970401009646226775e+00 8.335656965363579474e+00 0.000000000000000000e+00
7.573476108496620007e+00 -1.090169592375457741e+00 0.000000000000000000e+00
1.089112547326674552e+01 4.163587868416665394e+00 0.000000000000000000e+00
-2.240781528283689872e-01 1.568747694191714892e+01 0.000000000000000000e+00
4.833743198960262610e+00 -1.071381403997770221e+01 0.000000000000000000e+00
-1.256631843385140535e+01 1.482557734973156960e-01 0.000000000000000000e+00
-6.135265427019446882e+00 1.110563785104433165e+01 0.000000000000000000e+00
1.425941239625054990e+01 7.638675592535419057e+00 0.000000000000000000e+00
-9.317706088385017793e+00 1.184346087218843380e+01 0.000000000000000000e+00
2.647488490261327154e+00 -9.914533973755943919e+00 0.000000000000000000e+00
2.346672495600556768e-02 -3.617984346440046295e-01 0.000000000000000000e+00
-3.142538141274934915e+00 1.292102931772357799e+01 0.000000000000000000e+00
5.664724129836567812e+00 -5.968381510078980767e+00 0.000000000000000000e+00
-7.172954368884541410e+00 1.233315380842507736e+01 0.000000000000000000e+00
-1.015621212844855847e+01 -6.218765628011708735e+00 0.000000000000000000e+00
-7.783292465453409470e+00 1.820717262024939276e-01 0.000000000000000000e+00
9.658263465338325915e+00 9.465431435378656388e+00 0.000000000000000000e+00
1.142723512953520526e+01 -1.001381207190194544e+01 0.000000000000000000e+00
-8.171545198014809941e+00 1.348945837565244510e+01 0.000000000000000000e+00
1.575758625170038840e+01 -4.314606477783997085e-01 0.000000000000000000e+00
-6.006466606325558288e+00 -1.084940620049448690e+01 0.000000000000000000e+00
1.071268047724685246e+01 -1.370831405514620549e+01 0.000000000000000000e+00
4.902636060558859477e+00 -7.317493996519750965e+00 0.000000000000000000e+00
-9.873324961157171842e+00 -1.047419379900644465e+01 0.000000000000000000e+00
3.651468769732487019e+00 2.241333085504634060e+00 0.000000000000000000e+00
-1.247516591081574688e+01 -9.153546172486644039e+00 0.000000000000000000e+00
-5.328552972193925541e+00 6.758707770933747305e+00 0.000000000000000000e+00
1.007925025901709937e+01 1.107497157770274754e+01 0.000000000000000000e+00
1.118734731072106925e+01 8.407368616153599872e-01 0.000000000000000000e+00
-6.661670711777478715e+00 -1.107839034615661467e+00 0.000000000000000000e+00
8.375420581346256554e+00 -5.626832064904544239e+00 0.000000000000000000e+00
4.927988631792036500e+00 1.502148603617793299e+01 0.000000000000000000e+00
-9.069950555488855315e+00 1.010338297832818100e+01 0.000000000000000000e+00
2.192052087953850759e+00 1.444594929876973843e+01 0.000000000000000000e+00
4.222223381727753910e+00 1.146283375255582193e+01 0.000000000000000000e+00
-6.642567809507990084e+00 5.773659481496604684e+00 0.000000000000000000e+00
1.169792021961076145e+01 -6.792994206776286070e+00 0.000000000000000000e+00
-1.617193044324421436e+01 4.194249814724605230e+00 0.000000000000000000e+00
1.582404421911901515e+01 -6.259376164016815736e+00 0.000000000000000000e+00
-3.041230497121295340e+00 -1.897031504612294306e+00 0.000000000000000000e+00
-1.565436696528217375e+01 -6.929376492093226148e+00 0.000000000000000000e+00
4.637772952483669719e+00 9.718423509900540935e+00 0.000000000000000000e+00
8.015237089679477123e+00 1.501398454712926522e+01 0.000000000000000000e+00
5.399933714393755579e+00 -1.568494821236161663e+01 0.000000000000000000e+00
-3.037455810249261923e+00 -6.921618770695982192e+00 0.000000000000000000e+00
-1.390086572966449108e+00 1.472773906739807970e+01 0.000000000000000000e+00
-4.918130628907667834e+00 -1.575595008085487692e+00 0.000000000000000000e+00
-1.002035998256150684e+01 -3.208427578739341257e+00 0.000000000000000000e+00
1.377769657811269788e+01 4.007532200956872792e+00 0.000000000000000000e+00
-1.229932858645621296e+00 -4.413387385104990734e+00 0.000000000000000000e+00
4.513050691069980580e+00 -2.906296450274076015e+00 0.000000000000000000e+00
-3.142329069175781697e+00 5.513627637452527708e+00 0.000000000000000000e+00
-7.652089475435737143e+00 1.086034325108697551e+01 0.000000000000000000e+00
6.340887197625727723e+00 -1.112042985131667017e+01 0.000000000000000000e+00
1.264877410539996738e+01 1.170419939063432047e+01 0.000000000000000000e+00
1.400299791559093698e+01 -4.138413857581762834e+00 0.000000000000000000e+00
-1.479360093781668661e+00 4.512102452418625731e+00 0.000000000000000000e+00
-3.255800820367733550e+00 -1.362936326789831476e+01 0.000000000000000000e+00
-7.936736782710510418e+00 -1.162357723982014512e+01 0.000000000000000000e+00
-1.358489164582416642e+01 1.089614915835657172e+01 0.000000000000000000e+00
9.601245738988428258e+00 6.034549384323875110e+00 0.000000000000000000e+00
-1.375209951407481768e+01 -1.806731996367586968e+00 0.000000000000000000e+00
-9.712929826368787545e+00 -1.322755660887346707e+01 0.000000000000000000e+00
1.356283792404806476e+01 -6.767363644941200462e+00 0.000000000000000000e+00
2.712011887436102775e+00 -1.219374862395439507e+01 0.000000000000000000e+00
-1.497434066116442786e+01 -3.974329275186788135e-01 0.000000000000000000e+00
-2.605036183333476973e+00 1.068152935130536640e+01 0.000000000000000000e+00
-2.169620658503056188e+00 8.815999195068830119e+00 0.000000000000000000e+00
-5.512499501944796015e-02 -8.419454167914526721e+00 0.000000000000000000e+00
-1.207058281021188506e+01 3.342679388404199869e+00 0.000000000000000000e+00
1.241164876306228293e-01 3.481248093521031706e+00 0.000000000000000000e+00
6.937300926705511017e+00 6.421972676589039253e+00 0.000000000000000000e+00
-1.355047149943269247e+01 7.751346204349404800e+00 0.000000000000000000e+00
2.697844970582430779e+00 3.495349802969823561e+00 0.000000000000000000e+00
1.054430860192839603e+01 -1.130293267841006788e+01 0.000000000000000000e+00
-2.158533607111836616e+00 -1.166403893109539069e+01 0.000000000000000000e+00
3.172065274803339552e+00 9.008664518400880894e+00 0.000000000000000000e+00
8.341055473270355236e+00 -9.102422482936736614e+00 0.000000000000000000e+00
5.601450428910250690e-01 -3.344486437256767530e+00 0.000000000000000000e+00
-7.697329804706904977e-01 1.061270148196292773e+01 0.000000000000000000e+00
1.387391395394284999e+01 -9.712190453813143165e+00 0.000000000000000000e+00
6.075328366400597702e+00 -3.650314049904054947e+00 0.000000000000000000e+00
-5.387642997987869720e+00 -1.628181992714891990e+01 0.000000000000000000e+00
2.432157607112196196e+00 -1.407427452497706177e+01 0.000000000000000000e+00
-6.716423938388754067e+00 -1.263104283667292549e+01 0.000000000000000000e+00
-1.098620857440558218e+01 4.519259083892948503e+00 0.000000000000000000e+00
1.280692773202868651e+01 7.127974784556998955e+00 0.000000000000000000e+00
-3.067065513054338055e+00 -3.851671869927977720e+00 0.000000000000000000e+00
-1.156478480131847508e+00 -6.500210533813659097e+00 0.000000000000000000e+00
5.190420983731472759e+00 -9.229841620334909180e+00 0.000000000000000000e+00
4.102888372702145681e+00 1.312020714680682687e+01 0.000000000000000000e+00
1.702974664710677288e+01 3.911452594878290778e+00 0.000000000000000000e+00
1.050438681643630012e+01 -5.367343341519513089e+00 0.000000000000000000e+00
7.614560428427584071e+00 3.438486514790565884e+00 0.000000000000000000e+00
1.280781320030721737e+01 9.059857768762621388e-01 0.000000000000000000e+00
-5.819119977805565114e+00 9.016408382584085501e+00 0.000000000000000000e+00
8.676849008341296354e+00 -1.387487432827984257e+01 0.000000000000000000e+00
6.911909045970874743e+00 3.770068608272516553e-01 0.000000000000000000e+00
1.201335858130004652e+01 2.918154144591673660e+00 0.000000000000000000e+00
-1.146746766058377354e+01 -1.306174038988904584e+01 0.000000000000000000e+00
7.505973162429460110e+00 1.018823254529498357e+01 0.000000000000000000e+00
5.144702445438522176e+00 6.382237796386315054e+00 0.000000000000000000e+00
-1.290775640710011807e+01 2.025399710487200799e+00 0.000000000000000000e+00
1.695947449408194885e+01 -1.330984900364861279e+00 0.000000000000000000e+00
1.303643336746396386e+01 -1.111327868888437642e+01 0.000000000000000000e+00
1.521657970039422203e+01 5.261608829043159297e+00 0.000000000000000000e+00
-1.567129043411745926e+01 -5.002340194757104008e+00 0.000000000000000000e+00
-8.631156661514550521e+00 3.416704571707104954e+00 0.000000000000000000e+00
9.062030374674582944e+00 3.044195845874928086e+00 0.000000000000000000e+00
-1.601761255251598826e+01 -3.437442385675317347e+00 0.000000000000000000e+00
-1.583297378504421538e+01 1.679526455462966084e+00 0.000000000000000000e+00
1.087579421914067446e+01 8.390780216100075961e+00 0.000000000000000000e+00
-1.058697368686901186e+01 1.264492530414158900e+01 0.000000000000000000e+00
-2.802450898223680209e+00 -8.827459381657867254e+00 0.000000000000000000e+00
1.211181105152328641e+01 9.816645309385577889e+00 0.000000000000000000e+00
1.484086362251139413e+01 1.989844857093481245e+00 0.000000000000000000e+00
9.492807131437894341e+00 1.451698250250252009e+01 0.000000000000000000e+00
1.357870902981942685e+01 -1.072988134002796246e+00 0.000000000000000000e+00
-1.474004127749074300e+01 3.037298441544800998e+00 0.000000000000000000e+00
-1.105165662697045548e+01 8.708487445412858463e+00 0.000000000000000000e+00
1.713357569520557178e+01 2.331892873562664725e+00 0.000000000000000000e+00
8.844011783029923635e+00 -1.217446970814869545e+01 0.000000000000000000e+00
-6.155321423270924797e+00 -1.440187159181646770e+01 0.000000000000000000e+00
1.790640640436530706e+00 7.856678868038273755e+00 0.000000000000000000e+00
3.903630447538486870e+00 -1.458047048679267821e+00 0.000000000000000000e+00
-1.474113546732014157e+01 -8.827926128067444367e+00 0.000000000000000000e+00
1.051312065227612225e+00 -4.938447307710613465e+00 0.000000000000000000e+00
6.254872457846908373e-01 1.737843052721463266e+01 0.000000000000000000e+00
-9.717361707954726313e+00 1.465138319711301484e+00 0.000000000000000000e+00
7.795891067448786238e+00 -3.227659488237834662e+00 0.000000000000000000e+00
6.491091436416127181e+00 1.275100212324478299e+01 0.000000000000000000e+00
-7.128537609806224751e+00 -1.565066641058622032e+01 0.000000000000000000e+00
-8.187909751795908520e+00 -5.258352041932151444e+00 0.000000000000000000e+00
9.592490256093103795e+00 -7.250600036187298869e+00 0.000000000000000000e+00
-1.495125975418790709e+01 8.757011231372278104e+00 0.000000000000000000e+00
-1.478346621109228654e+00 -1.659246666600461495e+01 0.000000000000000000e+00
-3.034565475241116861e+00 1.581743771978275426e+01 0.000000000000000000e+00
-7.209500845249036338e+00 -9.321360880802908255e+00 0.000000000000000000e+00
-1.727490035972587634e+01 8.700110520160962979e-01 0.000000000000000000e+00
2.938198924807505996e+00 -7.349061389053167304e+00 0.000000000000000000e+00
-4.059028558646125440e+00 1.167521575046013815e+01 0.000000000000000000e+00
-1.593814260907920222e+00 1.631271364674917024e+01 0.000000000000000000e+00
-1.162914217747362322e+01 -5.683224863273973249e+00 0.000000000000000000e+00
5.380286447824378371e-01 5.680443803914006828e+00 0.000000000000000000e+00
5.786232789164317269e-01 -1.462535572221899827e+01 0.000000000000000000e+00
5.848279316152814822e+00 -1.170057631538443665e+00 0.000000000000000000e+00
-4.147493317008678737e+00 -1.091778010714930325e+01 0.000000000000000000e+00
-3.141470096817205349e+00 -5.423949036823653813e+00 0.000000000000000000e+00
-6.004857103773822757e+00 -4.945041755176498022e+00 0.000000000000000000e+00
1.242783612919732050e+00 -9.316974992202746719e+00 0.000000000000000000e+00
-5.243882947257293203e+00 -7.003357901760706383e+00 0.000000000000000000e+00
-8.572640513009060825e+00 5.750063280593918691e+00 0.000000000000000000e+00
2.232719778580841474e+00 1.696080369362232787e+01 0.000000000000000000e+00
-1.724673787609354392e+01 -2.088003896099946299e+00 0.000000000000000000e+00
5.229705288336476521e+00 -1.245645578171349044e+01 0.000000000000000000e+00
3.895391757205484140e+00 -1.571792640357269022e+01 0.000000000000000000e+00
-6.579359882625257505e+00 1.551979948716214253e+01 0.000000000000000000e+00
1.975308831254603881e+00 9.775132698654233065e-01 0.000000000000000000e+00
-7.110365000270015834e+00 -3.256197975807571865e+00 0.000000000000000000e+00
5.568423061225342696e-01 1.392616428541538731e+01 0.000000000000000000e+00
-5.088322763371516677e-01 -1.087803903991912158e+01 0.000000000000000000e+00
5.702432647147348099e+00 1.088523978672633774e+01 0.000000000000000000e+00
-1.333954442590995626e+01 -1.120620632379366022e+01 0.000000000000000000e+00
-1.540124505011321432e+01 -1.910511471560206953e+00 0.000000000000000000e+00
8.465886836940333282e+00 7.755552528774898313e+00 0.000000000000000000e+00
8.453743347894860705e+00 4.801019642043389268e+00 0.000000000000000000e+00
-1.408257525642947172e+01 -7.192927519165148276e+00 0.000000000000000000e+00
8.379494145292152751e+00 1.623971116638202927e+00 0.000000000000000000e+00
-1.768152461207171733e+00 -2.734663489175854778e+00 0.000000000000000000e+00
7.039402369889877775e+00 -1.446383558035036820e+01 0.000000000000000000e+00
8.583716931921790305e+00 1.310407076019478723e+01 0.000000000000000000e+00
-8.633224919784165508e+00 1.498207321177558704e+01 0.000000000000000000e+00
-2.689000486595686468e+00 -3.282959233553818003e-03 0.000000000000000000e+00
1.136030744797214709e+01 -1.027232642733100221e+00 0.000000000000000000e+00
-1.001488320173153923e+01 1.416148786791730529e+01 0.000000000000000000e+00
1.567108794258820303e+01 7.102445913979287262e+00 0.000000000000000000e+00
4.765820945859869262e+00 1.681060373725766510e+01 0.000000000000000000e+00
3.484892848665887222e+00 5.083338258287783518e+00 0.000000000000000000e+00
-1.219734939692225595e+01 1.231549391054942788e+01 0.000000000000000000e+00
2.867732204092724224e+00 -2.693412823122548261e+00 0.000000000000000000e+00
-1.409590529564773576e+01 8.513156216141225530e-01 0.000000000000000000e+00
-1.548459807462797144e+01 7.239515319306536689e+00 0.000000000000000000e+00
3.562162369316554500e+00 -8.719285553938322053e+00 0.000000000000000000e+00
1.187557706095181054e+01 -8.528518435592015834e+00 0.000000000000000000e+00
1.568383151273967435e+01 -2.764997669301743954e+00 0.000000000000000000e+00
-1.416333926491507533e+01 -3.585036184842023133e+00 0.000000000000000000e+00
-1.124076849074869244e+01 9.367093837325248806e-01 0.000000000000000000e+00
5.399147485778363453e+00 8.224653952249553868e+00 0.000000000000000000e+00
8.565804295577859051e+00 1.151388880919532021e+01 0.000000000000000000e+00
1.712597337733854630e+01 3.407142300517478350e-01 0.000000000000000000e+00
1.347813735326697149e+01 8.943959223213918008e+00 0.000000000000000000e+00
3.610225558275693469e+00 5.588853127597374071e-01 0.000000000000000000e+00
