-9.385376144169807588e+00 -5.000508591627719213e-01 0.000000000000000000e+00
7.449080126135970703e-01 -1.278323147300127083e+01 0.000000000000000000e+00
-1.721823621925129899e+01 6.717804530658914253e+00 0.000000000000000000e+00
-1.527421852989771267e+01 9.817879531520350866e+00 0.000000000000000000e+00
1.443280389765915039e+01 -9.380256879413912952e-01 0.000000000000000000e+00
-1.068046827638304919e+01 8.579694812697868045e+00 0.000000000000000000e+00
1.197379683912532045e+01 -9.579134503157252567e+00 0.000000000000000000e+00
-1.347970435745127737e+01 -4.417707590385317573e+00 0.000000000000000000e+00
-2.956930215934227668e+00 5.671621315369849370e+00 0.000000000000000000e+00
8.853566458350830004e+00 -7.389902992861523856e+00 0.000000000000000000e+00
-9.822348839596244829e+00 1.446536707115448683e+00 0.000000000000000000e+00
-4.892046544795132235e+00 -8.752938620265519276e+00 0.000000000000000000e+00
1.258779947766514340e+01 5.457133513316786200e+00 0.000000000000000000e+00
1.075831399982198100e+01 -1.060672976798393918e+01 0.000000000000000000e+00
-3.307784493254317226e+00 -1.542930120143395989e+01 0.000000000000000000e+00
-3.953873357698612256e+00 1.206019333730787579e+01 0.000000000000000000e+00
-8.867892532407150696e+00 -5.270806157114386714e+00 0.000000000000000000e+00
-7.218919073519641794e-01 4.970810943869784282e+00 0.000000000000000000e+00
-8.312489870175326701e+00 -3.147064139983501985e+00 0.000000000000000000e+00
1.700114816614755275e+00 -1.544780933786822885e+01 0.000000000000000000e+00
9.282540375827828427e+00 -1.633778803395853796e+00 0.000000000000000000e+00
-1.526020354177914662e+01 6.603433276364327753e+00 0.000000000000000000e+00
-1.977117812631738358e+00 -1.255830762327254746e+01 0.000000000000000000e+00
4.975976579800068578e+00 -9.834405766620953671e+00 0.000000000000000000e+00
-7.602112522991936849e+00 7.959765808299545498e+00 0.000000000000000000e+00
-1.448744169802023229e+01 -8.513940289724347465e+00 0.000000000000000000e+00
-9.719009421990767450e+00 -1.403947428666576513e+01 0.000000000000000000e+00
-1.088378448227729223e+01 1.260089393667855440e+01 0.000000000000000000e+00
1.565085472224152419e+01 -4.374719880942889993e+00 0.000000000000000000e+00
1.421674272868772171e+01 4.905632857752155296e+00 0.000000000000000000e+00
-7.314619992752299238e-01 -1.718901271525312424e+01 0.000000000000000000e+00
1.781693567578089832e+00 1.226229542736454725e+01 0.000000000000000000e+00
2.249165558264193621e+00 -1.086582381516277529e+01 0.000000000000000000e+00
-1.806476091181799148e+01 -5.612804432366028884e+00 0.000000000000000000e+00
1.522524328979607766e+00 -9.109557352163509591e+00 0.000000000000000000e+00
-2.057100490517410840e+00 -6.695562122782073189e+00 0.000000000000000000e+00
1.396773578417454331e+01 -3.665928578321303366e+00 0.000000000000000000e+00
1.488776178893690627e+01 1.072060532050197024e+00 0.000000000000000000e+00
5.727586426809358144e+00 -1.708012205944919160e+01 0.000000000000000000e+00
2.562938337322066662e+00 1.468771352138399422e+01 0.000000000000000000e+00
-5.368386275056805879e+00 7.129249174424956870e+00 0.000000000000000000e+00
3.236010140039453642e+00 1.740007513970840414e+00 0.000000000000000000e+00
3.884976288574934156e+00 1.007092565228929537e+01 0.000000000000000000e+00
5.234245075035913963e+00 2.654304354103090624e+00 0.000000000000000000e+00
3.112527269953432318e-01 1.274219270438961615e+01 0.000000000000000000e+00
7.772434678225268456e+00 -1.218428765219578480e+01 0.000000000000000000e+00
-1.500915124862064154e+01 -1.111237995073477336e+01 0.000000000000000000e+00
1.562447929752977061e+01 7.393863649326871901e+00 0.000000000000000000e+00
-6.670574595007044749e+00 -8.725951624301062637e+00 0.000000000000000000e+00
-1.686587147651442464e+01 -8.555011137062686899e+00 0.000000000000000000e+00
7.653151506215498223e+00 -3.020249977290985655e+00 0.000000000000000000e+00
-8.638806457900125579e+00 1.107499018184529227e+01 0.000000000000000000e+00
-7.814346101244329823e+00 1.434973071312432569e-01 0.000000000000000000e+00
1.202136259860351153e+01 -3.566350619113448861e+00 0.000000000000000000e+00
-1.214087629722445244e-01 1.521564457853706998e+01 0.000000000000000000e+00
-1.077537779004505403e+01 -8.277266026088113904e+00 0.000000000000000000e+00
3.316129471051679101e+00 -8.606017582933434440e+00 0.000000000000000000e+00
1.779019254202893663e+01 -2.705277301272130397e-01 0.000000000000000000e+00
8.857975457667862429e+00 9.900590849052033349e+00 0.000000000000000000e+00
1.630262429469308927e+01 -6.230625045890027636e+00 0.000000000000000000e+00
1.481524320150601604e+01 -1.162700168133849310e+01 0.000000000000000000e+00
8.994655645320143833e+00 7.733630823057710657e+00 0.000000000000000000e+00
-1.444943275629029422e+01 2.594655419632178606e-01 0.000000000000000000e+00
1.607251456983425086e+01 4.029536639159670308e+00 0.000000000000000000e+00
2.323831421368493633e+00 7.125921119873854792e+00 0.000000000000000000e+00
-9.720361356015285281e+00 1.508679018965022145e+01 0.000000000000000000e+00
-6.480438114833082963e+00 -1.173437347664183683e+01 0.000000000000000000e+00
5.752561875226589905e+00 5.251489452752072573e+00 0.000000000000000000e+00
3.827256344658657827e+00 -1.445837298287893269e+01 0.000000000000000000e+00
-4.792059005745729294e+00 1.681502962522540301e+01 0.000000000000000000e+00
-1.624671593214647203e+01 -2.736339153914510547e+00 0.000000000000000000e+00
-1.837160719808228393e+01 2.585300382432940580e+00 0.000000000000000000e+00
-1.617780669574563035e+01 3.356441991544488967e+00 0.000000000000000000e+00
-1.328103516918275595e+01 -1.080204272229619811e+01 0.000000000000000000e+00
1.276492562888615900e+01 8.390822564011505946e+00 0.000000000000000000e+00
8.599028628532073837e-01 3.676581247723906820e+00 0.000000000000000000e+00
-5.406718443015891218e+00 1.444724530660238138e+01 0.000000000000000000e+00
2.979877072800752202e+00 -8.792306389915608422e-01 0.000000000000000000e+00
-7.149571429006355672e+00 -1.367428515405424250e+01 0.000000000000000000e+00
6.278976197518248092e+00 1.569667724748619442e+01 0.000000000000000000e+00
9.410107230085968055e+00 1.488327430324880218e+01 0.000000000000000000e+00
-1.819229281392902564e+01 4.747191851835199650e+00 0.000000000000000000e+00
-6.993127100585424527e-01 1.728361723990549326e+00 0.000000000000000000e+00
1.491810849201926459e+01 1.136022939126766751e+01 0.000000000000000000e+00
6.003969301497956046e+00 -7.640996247344787662e+00 0.000000000000000000e+00
7.327124894855621129e+00 -1.738862758925726126e+01 0.000000000000000000e+00
7.024067674218590795e+00 2.906518890595091609e+00 0.000000000000000000e+00
1.745926299418462690e+01 -2.629734879569188610e+00 0.000000000000000000e+00
9.136266358726956582e-01 9.519005065041303837e+00 0.000000000000000000e+00
4.768323291393246954e+00 1.770850691711688896e+01 0.000000000000000000e+00
-1.368395486170682496e+01 8.957153777574962561e+00 0.000000000000000000e+00
1.163087213689707333e+01 -1.294844835510833470e+01 0.000000000000000000e+00
2.434698549169165727e+00 -1.311454859577999166e+01 0.000000000000000000e+00
1.316097210801367190e+01 -8.609257680186317430e+00 0.000000000000000000e+00
-8.288745050623033350e+00 3.518403701445966369e+00 0.000000000000000000e+00
6.170795377970108575e+00 -4.315403141976076995e+00 0.000000000000000000e+00
-1.046833895300579620e+01 5.990471525533466846e+00 0.000000000000000000e+00
1.786147448386365966e+01 -4.788173588999064201e+00 0.000000000000000000e+00
-8.067912398041089617e+00 1.594280826157894637e+01 0.000000000000000000e+00
8.433720671588682549e+00 1.751130699145824199e+00 0.000000000000000000e+00
-1.596098981786676241e+01 5.075656672743329878e+00 0.000000000000000000e+00
-4.125190141589764714e+00 3.868750366968454646e+00 0.000000000000000000e+00
-1.359905562583708871e+01 4.439242916051007626e+00 0.000000000000000000e+00
-1.654918008885636738e+01 1.282443462778362520e+00 0.000000000000000000e+00
-1.373974461142180914e+01 -1.190107865006976962e+00 0.000000000000000000e+00
3.752070917141500317e+00 -6.428339165142570089e+00 0.000000000000000000e+00
-1.781606660993851321e+01 -2.291561545015801560e+00 0.000000000000000000e+00
-1.028728267912015770e+00 -8.942172260457793342e+00 0.000000000000000000e+00
1.595415257781815832e+01 -1.711278698572094914e+00 0.000000000000000000e+00
1.019449365428908649e+01 2.905414362444095566e+00 0.000000000000000000e+00
7.343462240741703617e+00 1.132218815607879669e+01 0.000000000000000000e+00
9.630175913175948565e+00 -1.196890701932860068e+01 0.000000000000000000e+00
-9.054823289811321230e-01 1.038146213105418347e+01 0.000000000000000000e+00
8.503277676633045346e+00 4.090838864614009474e+00 0.000000000000000000e+00
-4.407790641706015755e+00 2.394933087144392125e+00 0.000000000000000000e+00
-1.572651482961459068e+00 -5.064846621781544656e+00 0.000000000000000000e+00
1.407818626998538658e+00 -1.869852291722418958e+00 0.000000000000000000e+00
1.067163856616785544e+01 -1.528762310668485114e+01 0.000000000000000000e+00
6.372168981510554886e+00 -1.306430216409572509e+01 0.000000000000000000e+00
-1.215165462760994330e+01 3.131458833902807104e+00 0.000000000000000000e+00
-2.542908181849758975e+00 1.104527286192650770e+01 0.000000000000000000e+00
-1.422444670340770712e+00 1.433104342876230497e+01 0.000000000000000000e+00
1.340063604007270870e+00 1.839259117535843302e+01 0.000000000000000000e+00
-7.655942731392434197e+00 -7.051104316162098762e+00 0.000000000000000000e+00
4.284759182747590600e+00 -1.642537801105057937e+01 0.000000000000000000e+00
-1.642633668101313660e+01 -6.711121777479695183e+00 0.000000000000000000e+00
-9.920418458579943533e+00 -2.651991704696576413e+00 0.000000000000000000e+00
3.958051370081521636e+00 7.297013789290173413e+00 0.000000000000000000e+00
-4.241451564193010171e+00 -3.529000121234891374e+00 0.000000000000000000e+00
-1.174824408957218402e+01 -1.177936957441306554e+01 0.000000000000000000e+00
7.649257722501173973e+00 -1.566013557883156793e+01 0.000000000000000000e+00
3.610001555825824049e+00 5.826417201707793758e+00 0.000000000000000000e+00
-1.239805915935716740e+01 -5.757600912687284911e+00 0.000000000000000000e+00
-6.715113192451382496e+00 9.444770041060699839e+00 0.000000000000000000e+00
5.499753530477714314e+00 -1.540315422736528284e+01 0.000000000000000000e+00
-8.855663352627152207e+00 -9.058626669143523102e+00 0.000000000000000000e+00
-6.074143308589196266e+00 1.622282748030521082e+00 0.000000000000000000e+00
-9.392519752192109550e+00 -7.514865839116532165e+00 0.000000000000000000e+00
-3.391180010704692549e+00 1.552364550241524377e+01 0.000000000000000000e+00
1.049359326766938771e+01 1.377735960603223297e+01 0.000000000000000000e+00
1.296166450920558511e+01 1.136203541110477033e+01 0.000000000000000000e+00
1.256046514246495382e+00 -1.767809951081574482e+01 0.000000000000000000e+00
-7.419942257332225566e+00 -1.580963538978857308e+01 0.000000000000000000e+00
-5.018525372833562592e+00 -5.805992307579186384e-01 0.000000000000000000e+00
-4.935791107196611627e+00 8.593218261360624055e+00 0.000000000000000000e+00
-3.094059106759326827e+00 -1.768840646019457452e+00 0.000000000000000000e+00
-1.374104863688011546e+00 1.823963201786023802e+01 0.000000000000000000e+00
-1.535286264012448676e+01 -1.408164582016630417e+00 0.000000000000000000e+00
3.493641587695849093e+00 -1.817680491322291303e+01 0.000000000000000000e+00
1.007013444527996171e+01 -3.735481106273293772e+00 0.000000000000000000e+00
-1.286695738682324119e+01 7.496159549781486575e+00 0.000000000000000000e+00
-9.253932331031128555e+00 -1.655625451500015544e+01 0.000000000000000000e+00
-7.625870038973992848e+00 1.322401569922223530e+01 0.000000000000000000e+00
5.939580074568627133e+00 -3.523292442572852345e-01 0.000000000000000000e+00
1.080551808749646980e+01 -7.721864507971197833e-01 0.000000000000000000e+00
6.386904575485303326e+00 1.422000345116229081e+00 0.000000000000000000e+00
-1.193922914683663627e+01 5.257407599632649919e+00 0.000000000000000000e+00
1.624649577305959625e+01 -1.359562309581393014e-01 0.000000000000000000e+00
3.842758812245778088e+00 -3.693804456567677086e+00 0.000000000000000000e+00
-1.000504766311976290e+01 -1.159661009093705708e+01 0.000000000000000000e+00
1.365343573501759611e+00 5.643675476880683384e+00 0.000000000000000000e+00
8.341264188900638032e+00 6.058686680539275393e+00 0.000000000000000000e+00
1.366210442353174770e+01 3.206351642201381136e+00 0.000000000000000000e+00
-2.453872579310550694e+00 -1.769536648460480777e+01 0.000000000000000000e+00
-2.057040891140487826e+00 9.100667418152102783e+00 0.000000000000000000e+00
-2.876393552723357061e+00 -9.100684919027075992e+00 0.000000000000000000e+00
-1.113451765166553820e+01 1.047951889425923788e+01 0.000000000000000000e+00
-1.760798081228271528e+01 9.406220789507402369e-02 0.000000000000000000e+00
-2.210953860893262846e+00 -1.071425639706838595e+01 0.000000000000000000e+00
5.822830175106187056e+00 -2.090891542934355307e+00 0.000000000000000000e+00
7.861501036443123702e+00 -1.043375513502691554e+01 0.000000000000000000e+00
9.014180238376024334e+00 -1.333948579163307535e+01 0.000000000000000000e+00
4.354990174728278873e+00 9.649624149437437126e-02 0.000000000000000000e+00
-4.632833112293107014e+00 -2.041366421600702807e+00 0.000000000000000000e+00
-1.358428662373135642e+00 7.529507797140443159e+00 0.000000000000000000e+00
-4.470041360225537552e+00 -1.394957860066757149e+01 0.000000000000000000e+00
-5.781903078856675648e+00 5.187832433115261210e+00 0.000000000000000000e+00
1.137503465230608946e+01 -5.410342847541795841e+00 0.000000000000000000e+00
3.955638575776267096e+00 1.637032469458660344e+01 0.000000000000000000e+00
-6.878607465938447518e+00 1.120460151644626734e+01 0.000000000000000000e+00
-1.619376206916909666e+01 -5.101693792124653015e+00 0.000000000000000000e+00
1.095839856031154369e+01 -7.734415855088274228e+00 0.000000000000000000e+00
-4.823425983158593056e+00 -1.629166287625521647e+01 0.000000000000000000e+00
-1.270886700920214629e+01 1.211628653019748469e+01 0.000000000000000000e+00
1.388416053767685732e+00 -6.482604483337135015e+00 0.000000000000000000e+00
1.276912502434795194e+01 1.623318556026396298e+00 0.000000000000000000e+00
1.601733332736252891e+01 9.641275107483343376e+00 0.000000000000000000e+00
1.467876941975788796e+01 -5.844840838303992037e+00 0.000000000000000000e+00
8.755465115941019505e+00 -5.286087173300379333e-02 0.000000000000000000e+00
-1.398670562923464544e+01 2.266683790636507378e+00 0.000000000000000000e+00
-4.106585095911497341e+00 -1.189413257563760773e+01 0.000000000000000000e+00
2.381678812886353303e+00 -4.116571750923440298e+00 0.000000000000000000e+00
1.185213176591603812e+01 3.343358035815402030e+00 0.000000000000000000e+00
8.089839885975196765e+00 1.307820274994350740e+01 0.000000000000000000e+00
-6.156519229487913414e+00 -3.253423318405159304e+00 0.000000000000000000e+00
-1.892231779835784056e-01 -1.021260128519480581e+01 0.000000000000000000e+00
1.468426516517942915e+01 -8.247681586602100268e+00 0.000000000000000000e+00
6.426686153893885756e-01 -4.098897682363870310e+00 0.000000000000000000e+00
-1.373128570525744863e+01 6.225110349151980138e+00 0.000000000000000000e+00
-5.408434874388245106e+00 -6.567819115935694896e+00 0.000000000000000000e+00
7.798391577521052831e+00 -5.563930289381847416e+00 0.000000000000000000e+00
8.477494769494675619e-01 7.773135385798594754e+00 0.000000000000000000e+00
-1.170350804245614462e+01 -2.874794309381402124e-01 0.000000000000000000e+00
7.004836565163010675e+00 1.736477988631929747e+01 0.000000000000000000e+00
1.678739222471811843e+01 2.469698187759801655e+00 0.000000000000000000e+00
6.886230494528673418e+00 8.018929365965195899e+00 0.000000000000000000e+00
-2.283765360958663670e+00 1.267499350117291179e+01 0.000000000000000000e+00
-1.174167648744991155e+01 -3.819733072322817780e+00 0.000000000000000000e+00
-6.628786558913974947e-01 -2.369758806039733212e+00 0.000000000000000000e+00
-2.066053221163511200e+00 -3.278092865513067888e+00 0.000000000000000000e+00
3.749021505532110776e+00 3.172670737675901798e+00 0.000000000000000000e+00
-7.382448351221452931e+00 -4.547073818473393203e+00 0.000000000000000000e+00
-3.147067340453364004e+00 1.805575157383647067e+01 0.000000000000000000e+00
-8.063636506977886143e+00 -1.420246918361078414e+00 0.000000000000000000e+00
3.765874832440650355e+00 -1.161582669170024751e+01 0.000000000000000000e+00
1.857395032787145084e+01 3.956265400194140192e+00 0.000000000000000000e+00
4.691688033076793829e+00 1.390220055679282751e+01 0.000000000000000000e+00
-5.876649669288839029e+00 1.801391438441744342e+01 0.000000000000000000e+00
-2.121994699627003822e+00 -2.343281822377695778e-01 0.000000000000000000e+00
6.374401973622699558e+00 1.280783723802643159e+01 0.000000000000000000e+00
2.736545235308012747e-01 -1.480519001935248546e+01 0.000000000000000000e+00
-4.431065953907498134e+00 -1.795709546874284968e+01 0.000000000000000000e+00
-6.119148042253769404e+00 -1.645075911644789945e+00 0.000000000000000000e+00
3.103348628963726874e+00 1.805270860029766666e+01 0.000000000000000000e+00
1.034017274328113523e+01 8.587547558233758593e+00 0.000000000000000000e+00
1.238515331226182248e+01 -1.936037604154909664e+00 0.000000000000000000e+00
1.674611980335948824e-01 4.924881285851878121e-01 0.000000000000000000e+00
-5.747021292355462663e+00 -1.008554486231927605e+01 0.000000000000000000e+00
-1.633479802404939107e+01 8.422140287528987912e+00 0.000000000000000000e+00
6.867701738883789986e+00 9.527196550391376917e+00 0.000000000000000000e+00
-1.064291757538685346e+01 3.944446695434106864e+00 0.000000000000000000e+00
1.639360212535989447e+01 -7.822462368225133744e+00 0.000000000000000000e+00
4.983646838182325567e+00 1.204854770092746818e+01 0.000000000000000000e+00
-1.513354528991017300e+00 1.622644672076656036e+01 0.000000000000000000e+00
-1.222233818799255722e+01 -1.698038945721845661e+00 0.000000000000000000e+00
4.296728779965191869e+00 -1.668156054072828409e+00 0.000000000000000000e+00
1.297662558623037121e+01 -1.122898069636242013e+01 0.000000000000000000e+00
-1.286607452070544610e+01 -8.444204106935467635e+00 0.000000000000000000e+00
-1.223205873109202990e+01 -1.392943371159176813e+01 0.000000000000000000e+00
-8.302106149098008814e+00 5.290913345700628767e+00 0.000000000000000000e+00
1.021027463415463465e+01 9.940161147399206865e-01 0.000000000000000000e+00
-6.343128215409593373e+00 1.565000480419842432e+01 0.000000000000000000e+00
9.316015894161990829e+00 -9.578670655658640953e+00 0.000000000000000000e+00
5.440666193365567338e+00 1.018873377799135582e+01 0.000000000000000000e+00
1.061258127606211588e+01 1.082929385254500509e+01 0.000000000000000000e+00
7.818814691254601712e+00 1.576821956986945494e+01 0.000000000000000000e+00
1.339423300827446717e+01 1.297310848450453058e+01 0.000000000000000000e+00
9.624552923218050893e+00 1.201397056944527009e+01 0.000000000000000000e+00
1.579667528638231566e+01 5.806944329805294736e+00 0.000000000000000000e+00
-3.681676608315624044e+00 4.171079913705130204e-01 0.000000000000000000e+00
1.223101550067040044e+01 3.010089398879118791e-02 0.000000000000000000e+00
-2.635417200646141378e+00 3.622198584624083839e+00 0.000000000000000000e+00
-6.534662932963762216e+00 -1.743789342475371740e+01 0.000000000000000000e+00
-1.830956735164955274e-01 1.728809682922425850e+01 0.000000000000000000e+00
-1.436155370612815041e+01 1.236218177683762143e+01 0.000000000000000000e+00
1.413622498840862285e+01 6.906347504098652834e+00 0.000000000000000000e+00
