-1.285473451622145546e+01 7.349489985683902660e+00 0.000000000000000000e+00
-6.533636132575843192e+00 4.664424914711638337e+00 0.000000000000000000e+00
1.250541889229763726e+01 1.034539251066546761e+01 0.000000000000000000e+00
2.541684214950487686e+00 -3.454002884698000653e+00 0.000000000000000000e+00
5.636291430638118882e+00 -3.914132501259839803e+00 0.000000000000000000e+00
-1.306496920611634494e+01 -9.900435674372756623e+00 0.000000000000000000e+00
-1.259978041834645524e+01 1.974324809774738176e-01 0.000000000000000000e+00
3.819090846656822413e-01 1.766516292310439695e+01 0.000000000000000000e+00
1.393051464295682784e+01 -3.819956528170275423e+00 0.000000000000000000e+00
1.011756226227548128e+00 -1.646174081509755638e+01 0.000000000000000000e+00
1.913477080230173266e+00 1.461186590073228686e+01 0.000000000000000000e+00
1.265746466365714973e+01 -7.110620787323419734e+00 0.000000000000000000e+00
6.904423175868641849e+00 -8.583229593794142076e+00 0.000000000000000000e+00
1.592683868972403438e+01 -8.712434168277086499e+00 0.000000000000000000e+00
-1.527284245107739125e+01 8.888203842551373413e+00 0.000000000000000000e+00
2.341462130450372214e+00 -6.567939388444926863e+00 0.000000000000000000e+00
1.082350909743645850e+01 3.549006889172749091e+00 0.000000000000000000e+00
-2.807201349133078949e+00 8.722887742260519772e+00 0.000000000000000000e+00
1.346997747173654147e+01 1.337749506206783323e+01 0.000000000000000000e+00
7.424578253612183154e+00 -4.544966183143886340e+00 0.000000000000000000e+00
-9.533662514554507084e+00 1.153433912080339141e+01 0.000000000000000000e+00
-2.305584229882732927e+00 1.744770176650355964e+01 0.000000000000000000e+00
-1.774314531634373537e+01 -9.283185397085049750e-01 0.000000000000000000e+00
6.644502055634347037e+00 8.953177315163271643e+00 0.000000000000000000e+00
6.209770385463803777e+00 1.562844778334546492e+00 0.000000000000000000e+00
-1.011316103869276262e+01 -1.461557756440978650e+01 0.000000000000000000e+00
9.788865210205155876e+00 -9.314067648799746024e+00 0.000000000000000000e+00
-9.822742238753287225e+00 1.381476548244872760e+01 0.000000000000000000e+00
1.364896693215268542e+01 2.608204644454417576e+00 0.000000000000000000e+00
1.282594653385471339e+01 -1.354191611116051952e+01 0.000000000000000000e+00
-1.002016146873170399e+01 -9.143642568438812290e+00 0.000000000000000000e+00
5.117180124451718548e+00 -1.296044165872349829e+01 0.000000000000000000e+00
-1.573336264556299546e-01 -1.589481290390476920e+00 0.000000000000000000e+00
1.054315927151182564e+01 -2.210061193940033419e+00 0.000000000000000000e+00
-3.053370107866610894e+00 -1.867387303545101673e+01 0.000000000000000000e+00
-1.317437206557957730e+01 -2.968736420940421894e+00 0.000000000000000000e+00
-5.957412166019275368e+00 -6.148428251516131482e-01 0.000000000000000000e+00
-1.223621557495726542e+01 1.058233405756990031e+01 0.000000000000000000e+00
-7.161996353348615285e-01 -5.891944228893962965e+00 0.000000000000000000e+00
5.624459444232952521e+00 -6.537345673452784389e+00 0.000000000000000000e+00
-5.676244588336112784e+00 -6.523670144898655820e+00 0.000000000000000000e+00
1.233628623102553235e+01 -1.019489763683231054e+01 0.000000000000000000e+00
-4.975833873765774129e+00 2.320287960342960698e+00 0.000000000000000000e+00
-6.635419012263900740e+00 -1.141258146246429206e+01 0.000000000000000000e+00
-8.193475332066578076e+00 -3.440105974367281494e+00 0.000000000000000000e+00
4.789880575148688813e+00 1.555790907378824350e+01 0.000000000000000000e+00
-1.732500422438087284e+01 1.574009170219635934e+00 0.000000000000000000e+00
1.078335285089471540e+01 1.515973009199037769e+01 0.000000000000000000e+00
3.395716788705982481e+00 4.105040040129953383e+00 0.000000000000000000e+00
4.866136518736560390e+00 1.348231390905417904e+01 0.000000000000000000e+00
-4.376280808538417055e+00 -8.033429193711064675e-01 0.000000000000000000e+00
-3.384273797237348447e+00 1.562698940849613649e+01 0.000000000000000000e+00
1.572771516696589345e+01 5.114404895112127925e+00 0.000000000000000000e+00
2.370649297604351669e-01 -1.382207010993049501e+01 0.000000000000000000e+00
-1.089207070841445635e+01 -7.690101498078909081e+00 0.000000000000000000e+00
-2.789676566433978433e-01 8.278464127874309852e+00 0.000000000000000000e+00
5.076613437164105846e+00 -1.091662421643409786e+01 0.000000000000000000e+00
-1.438265238321687178e+01 -5.574914855696528448e+00 0.000000000000000000e+00
-1.577583693045649582e+01 1.743250222716965059e+00 0.000000000000000000e+00
-4.603563389839636422e+00 -1.724942119289415743e+01 0.000000000000000000e+00
1.707987443868892541e+01 -3.968945952524632670e+00 0.000000000000000000e+00
7.365509155578245704e+00 -1.253122464705172234e+01 0.000000000000000000e+00
-6.337205136472606526e+00 -3.548108074400686984e+00 0.000000000000000000e+00
1.545277722889035488e+01 6.699972635162553480e+00 0.000000000000000000e+00
-1.211001117900872615e+01 1.360845996039880568e+01 0.000000000000000000e+00
2.030076773528738610e+00 1.218850786126767538e+01 0.000000000000000000e+00
1.379819010744797403e+01 1.151607056549910979e+01 0.000000000000000000e+00
4.692741654624171588e+00 -2.082741165189317734e+00 0.000000000000000000e+00
-5.271274912530362400e+00 -1.047395394891579734e+01 0.000000000000000000e+00
-2.111043483621809769e-01 -1.848775546548834470e+01 0.000000000000000000e+00
6.855913462852483597e+00 1.206108031256986202e+01 0.000000000000000000e+00
7.773398615490609842e+00 1.545124755465031541e+01 0.000000000000000000e+00
4.396580008359966207e+00 -1.626542468111527384e+01 0.000000000000000000e+00
3.295158878585271456e+00 1.533035327501258216e+01 0.000000000000000000e+00
-1.069069853334548448e+01 -1.046093637557149458e+00 0.000000000000000000e+00
8.539412974646616306e+00 -5.551607837464382911e+00 0.000000000000000000e+00
-2.408594506262242696e+00 -2.255453663003106346e+00 0.000000000000000000e+00
-8.768647952021009218e+00 4.542441253598171080e+00 0.000000000000000000e+00
7.069209037175138377e+00 1.397057306247337394e+01 0.000000000000000000e+00
6.800874735130410187e+00 -1.579769777659662822e+01 0.000000000000000000e+00
7.596733000775122591e+00 1.703184729907557937e+01 0.000000000000000000e+00
-4.197765748257758389e+00 -1.245964653941321387e+01 0.000000000000000000e+00
-1.240414043606943473e+01 8.938940970488429727e+00 0.000000000000000000e+00
-1.531501196973301404e+01 -1.047392025290117523e+01 0.000000000000000000e+00
-7.813200221621381836e+00 2.903923977800270340e+00 0.000000000000000000e+00
1.089240263725862157e+01 -6.731954125718393467e-01 0.000000000000000000e+00
2.230667957926687262e+00 -1.982782303555300274e+00 0.000000000000000000e+00
-9.682734758575050060e-01 1.022024154490975695e-01 0.000000000000000000e+00
-6.869254442248992731e+00 1.234469058597874147e+00 0.000000000000000000e+00
-1.225490770873996738e+01 -5.411992867018979858e+00 0.000000000000000000e+00
1.685914596879169025e+01 -5.545210368143655977e+00 0.000000000000000000e+00
1.001177396575312883e+01 -7.375709684041051872e+00 0.000000000000000000e+00
6.361752905186230933e+00 -2.024883216265973118e+00 0.000000000000000000e+00
2.827968285978828877e+00 1.840335075033807044e+01 0.000000000000000000e+00
-2.579396364726725732e+00 -4.236434141571558065e+00 0.000000000000000000e+00
7.227804452048185446e+00 4.914441918880051219e+00 0.000000000000000000e+00
-9.265591025092305699e+00 1.599212453227262998e+01 0.000000000000000000e+00
-7.960789050283822554e+00 -1.420646635422943405e+01 0.000000000000000000e+00
1.643259569423933897e+01 -1.583313839117001187e+00 0.000000000000000000e+00
-1.869131231144989158e+01 -2.989839765420709394e+00 0.000000000000000000e+00
-7.929166300386540023e+00 -1.673148540063128920e+01 0.000000000000000000e+00
-1.157928023887972335e+00 -1.675988452220083502e+01 0.000000000000000000e+00
8.479782412620732401e+00 6.771072008803222242e-02 0.000000000000000000e+00
5.375451541440949832e+00 -9.081724328027167559e+00 0.000000000000000000e+00
5.539255230576453637e-02 5.576358209661657739e+00 0.000000000000000000e+00
1.288634935702637918e+01 -3.115203495706041492e-01 0.000000000000000000e+00
-2.399296860330042414e+00 -1.506820032990368219e+01 0.000000000000000000e+00
1.343953704286260376e+01 7.351965090977427231e+00 0.000000000000000000e+00
1.499579685267107898e+01 -1.018328055534795418e+01 0.000000000000000000e+00
4.234381012227993679e+00 7.813215440762933284e+00 0.000000000000000000e+00
-1.388992011354093892e+00 -1.106467118128642646e+01 0.000000000000000000e+00
1.580854630991952270e+01 1.902802236013671600e+00 0.000000000000000000e+00
1.842644361294649702e-01 -4.503226565102690593e+00 0.000000000000000000e+00
-7.169343140405031178e+00 -5.144575499014916176e+00 0.000000000000000000e+00
-1.474843777953743285e+01 2.995712331971859044e+00 0.000000000000000000e+00
3.415382198713712292e+00 -8.580812528517535398e+00 0.000000000000000000e+00
8.754032388246585583e+00 -2.234476581710512555e+00 0.000000000000000000e+00
1.255295410582237103e+01 1.425761521278508415e+00 0.000000000000000000e+00
3.507903199241917847e+00 -5.025548813035234375e+00 0.000000000000000000e+00
5.826139819240586881e+00 5.710652090626444632e+00 0.000000000000000000e+00
-7.032838783813721406e+00 1.755544154391001754e+01 0.000000000000000000e+00
6.802842516958159891e+00 -1.418513861043110857e+01 0.000000000000000000e+00
-1.665163539403817694e+01 7.234750021989595936e+00 0.000000000000000000e+00
-1.003408749815318579e+01 -4.213187103502925801e+00 0.000000000000000000e+00
-4.855974204767700364e+00 -8.462283639031555893e+00 0.000000000000000000e+00
-1.803742291316890345e+00 -8.537427493567374626e+00 0.000000000000000000e+00
-8.612469099154422547e-02 -9.441051986532627893e+00 0.000000000000000000e+00
-4.102885541629810007e+00 6.436721763860514756e+00 0.000000000000000000e+00
9.476438702586117202e+00 6.696833879882927221e+00 0.000000000000000000e+00
-4.980374554073455862e+00 1.412837411412735911e+01 0.000000000000000000e+00
9.130976225435786020e+00 1.277416215013690959e+01 0.000000000000000000e+00
3.065872340213900427e-01 1.191454607042513558e+01 0.000000000000000000e+00
1.103386542993766106e+01 1.157381764569122318e+01 0.000000000000000000e+00
1.151873566806144922e+01 -4.745387993967028706e+00 0.000000000000000000e+00
-9.284640762728713081e-01 1.877893052731390711e+01 0.000000000000000000e+00
-7.960138262054686109e+00 1.067309123003371063e+01 0.000000000000000000e+00
8.482848908874872862e+00 3.833534590262549280e+00 0.000000000000000000e+00
-1.793338466873765080e+00 7.102524699471113756e+00 0.000000000000000000e+00
9.881786503440006086e+00 -4.047287913056428543e+00 0.000000000000000000e+00
1.863159087953161475e+01 1.172130673535696221e+00 0.000000000000000000e+00
-1.566949157834974748e+01 -1.777401195140551060e+00 0.000000000000000000e+00
-2.606226627873305279e+00 1.296790713036980947e+01 0.000000000000000000e+00
3.921626885935010076e+00 -2.213836085167024681e-01 0.000000000000000000e+00
-8.435700514751678369e-01 2.074879041206024066e+00 0.000000000000000000e+00
-7.854478580576609303e+00 -2.026919280555536107e-01 0.000000000000000000e+00
1.225276066972037015e+01 -2.491166618105860486e+00 0.000000000000000000e+00
-1.658697849684812908e+01 5.151399643878793455e+00 0.000000000000000000e+00
8.375526986107052707e+00 1.891753478686806433e+00 0.000000000000000000e+00
-1.133458939815072597e+01 1.183518525878230143e+01 0.000000000000000000e+00
5.241463587078390773e+00 1.702849042224462650e+01 0.000000000000000000e+00
-8.478305949200079183e+00 6.874747064333630142e+00 0.000000000000000000e+00
9.073674400900301862e+00 1.117102030604231899e+01 0.000000000000000000e+00
5.055171948240904989e+00 -1.761393412051556240e+01 0.000000000000000000e+00
-1.716780544024183186e+01 -2.781460432661797988e+00 0.000000000000000000e+00
-1.888014156547841660e+00 3.757530828107262355e+00 0.000000000000000000e+00
-9.735148624470342682e+00 5.939636952821610194e+00 0.000000000000000000e+00
-7.172617771187590030e+00 -7.806101819504759121e+00 0.000000000000000000e+00
-8.309587393528651944e+00 -9.590281232584313642e+00 0.000000000000000000e+00
3.104036331526048187e+00 -1.705034402588500697e+01 0.000000000000000000e+00
-1.504397447756303841e+01 1.045969173391221396e+01 0.000000000000000000e+00
-1.780335191638504710e+01 -5.219691061868165782e+00 0.000000000000000000e+00
1.824595206116386592e+00 -1.092003901342366490e+01 0.000000000000000000e+00
-4.988503393886926318e+00 1.146473338996728053e+01 0.000000000000000000e+00
-1.145797481323119271e+01 6.513346608176496133e+00 0.000000000000000000e+00
-1.088542043714140561e+01 1.357271048027983040e+00 0.000000000000000000e+00
-4.655947136365393924e+00 8.594888373158193318e+00 0.000000000000000000e+00
-4.951402590336959619e+00 5.041022348456224655e+00 0.000000000000000000e+00
-1.084494772220040026e+01 4.463322078773215296e+00 0.000000000000000000e+00
-1.096074202285188193e+01 9.750664300329072276e+00 0.000000000000000000e+00
-4.221928450626887930e+00 -5.984285317810154936e+00 0.000000000000000000e+00
1.085414930308025738e+01 -1.463180237282201901e+01 0.000000000000000000e+00
-8.150130764618934709e-02 1.483485887587909424e+01 0.000000000000000000e+00
-8.201111148586834432e+00 -1.250535073552339682e+01 0.000000000000000000e+00
1.142252226232669265e+01 1.315899091190250836e+01 0.000000000000000000e+00
2.007510989818779734e+00 -1.522954664963401861e+01 0.000000000000000000e+00
9.318673431288699405e+00 -1.432040283316709584e+01 0.000000000000000000e+00
1.095658510974747912e+01 8.269574624374872229e+00 0.000000000000000000e+00
-9.715906815424387943e+00 2.347651953937666125e+00 0.000000000000000000e+00
2.796657894739326355e+00 1.005030826818122236e+01 0.000000000000000000e+00
-1.394189021770387704e+01 -1.108289061798213071e+00 0.000000000000000000e+00
-1.000782066024029682e+01 7.612920155061093652e+00 0.000000000000000000e+00
5.037414464780790802e+00 1.060535590204860057e+01 0.000000000000000000e+00
2.063395238216539695e+00 5.479656273323389115e+00 0.000000000000000000e+00
1.820457591833426036e+01 3.898503117742798008e+00 0.000000000000000000e+00
1.765745104141922184e+01 5.572248362380437747e+00 0.000000000000000000e+00
-1.720858794048255147e+00 1.447816230300836082e+01 0.000000000000000000e+00
-1.632955343968388462e+01 -6.195511732633621982e+00 0.000000000000000000e+00
-1.495972472864268887e+01 -7.124227419394633110e+00 0.000000000000000000e+00
3.270922709310512655e+00 -1.434668169914730917e+01 0.000000000000000000e+00
-7.219500279128857834e+00 1.570201752528991967e+01 0.000000000000000000e+00
-8.584418561341772502e+00 8.829053396082915839e+00 0.000000000000000000e+00
-3.482512413669877294e+00 4.703839145580407610e+00 0.000000000000000000e+00
-1.981101770323303313e-01 3.469198496292533740e+00 0.000000000000000000e+00
-6.854324910837362061e+00 1.179285304834067993e+01 0.000000000000000000e+00
-6.841743986670431710e+00 9.568093545470317096e+00 0.000000000000000000e+00
3.621479071911178349e-01 -7.336520369913133166e+00 0.000000000000000000e+00
2.315924681735835211e+00 -4.377206073861635849e-01 0.000000000000000000e+00
3.961994260480145691e+00 1.194481288587252088e+01 0.000000000000000000e+00
-8.428415223729098571e+00 1.234513542125612373e+00 0.000000000000000000e+00
1.022997188636056265e+00 1.048597502863426634e+01 0.000000000000000000e+00
-6.759134054032191585e+00 7.065295922357510250e+00 0.000000000000000000e+00
-2.296529031032644053e+00 -6.526063017256227283e+00 0.000000000000000000e+00
-1.600922409656209666e+01 -2.485596263580555632e-01 0.000000000000000000e+00
-5.483885544986735638e+00 1.710957354563881339e+01 0.000000000000000000e+00
-8.936062610894049740e+00 -7.257258899190420109e+00 0.000000000000000000e+00
-1.464700950923437439e+01 6.076112711538427469e+00 0.000000000000000000e+00
3.868296223737845985e+00 6.234401077455252072e+00 0.000000000000000000e+00
2.243860365803360679e+00 2.569902619203724647e+00 0.000000000000000000e+00
-8.257914117099764084e+00 1.454421335536789250e+01 0.000000000000000000e+00
-1.269842772269691089e+01 2.284611491054885590e+00 0.000000000000000000e+00
-2.412614473677672677e+00 2.345503623338446975e+00 0.000000000000000000e+00
-3.927757496487108479e+00 1.720503679461808844e+01 0.000000000000000000e+00
7.699278734375757161e+00 -1.069924970831353761e+01 0.000000000000000000e+00
-1.277018578712563546e+01 5.694603440336415190e+00 0.000000000000000000e+00
-1.182983121455961495e+01 -1.111035527312224858e+01 0.000000000000000000e+00
9.373634422150971091e+00 1.630849483574403891e+01 0.000000000000000000e+00
9.450843297107446972e+00 -1.263179472157296601e+01 0.000000000000000000e+00
5.660945206063656698e+00 3.876706027098816953e+00 0.000000000000000000e+00
-3.501746669324668382e+00 1.058123995259639472e+01 0.000000000000000000e+00
1.864008617550961233e+01 -3.029108006900101735e+00 0.000000000000000000e+00
9.797080505504998982e+00 -1.099165692366070424e+01 0.000000000000000000e+00
-1.823965401361112271e+01 3.996053700002687226e+00 0.000000000000000000e+00
1.415551289693423698e+00 -1.250289374880239812e+01 0.000000000000000000e+00
-4.020083181907721404e+00 -3.538220314869486849e+00 0.000000000000000000e+00
-4.636381726086611366e+00 -1.459087364267771747e+01 0.000000000000000000e+00
1.460549380651758611e+01 -1.283794324185914437e+00 0.000000000000000000e+00
7.455377779117456249e+00 1.060167758858269949e+01 0.000000000000000000e+00
-1.369410009202988476e+01 -1.311864336960958788e+01 0.000000000000000000e+00
3.544625994067854613e+00 -1.042909946354619599e+01 0.000000000000000000e+00
-1.590388498248402804e+01 -4.724622690352831000e+00 0.000000000000000000e+00
-1.673219628318136198e+00 -1.270346450575588904e+01 0.000000000000000000e+00
1.410956064450382641e+01 4.697998362125265004e+00 0.000000000000000000e+00
9.251383783297624674e+00 9.098837359102050826e+00 0.000000000000000000e+00
1.792979284157941322e+01 -1.315188244069894763e+00 0.000000000000000000e+00
1.536727228326962624e+01 3.576937563666467756e+00 0.000000000000000000e+00
1.213023070644363877e+01 -1.189291653146460348e+01 0.000000000000000000e+00
1.544640236144603307e+01 -4.506317987387186363e+00 0.000000000000000000e+00
3.466362808582142740e+00 -1.853539041628435058e+01 0.000000000000000000e+00
-1.386916272324449251e+00 1.130381701473948652e+01 0.000000000000000000e+00
-2.895131516459504173e+00 -3.025353905493674556e-01 0.000000000000000000e+00
-9.194826964985573170e+00 -1.137252955734582294e+01 0.000000000000000000e+00
-7.148903697303778060e+00 1.329943567513437053e+01 0.000000000000000000e+00
-1.058889311571286385e+01 -1.238858030790010467e+01 0.000000000000000000e+00
-1.167039705150416395e+01 -3.822495905933593896e+00 0.000000000000000000e+00
-9.780296068289727529e+00 -2.690459420492615994e+00 0.000000000000000000e+00
-9.484842884111166494e-01 1.284735720436897743e+01 0.000000000000000000e+00
-1.342244838717900990e+01 1.257835229486324735e+01 0.000000000000000000e+00
1.526915216867109670e+01 9.822803633632320341e+00 0.000000000000000000e+00
1.438782756679652053e+00 -9.082522891616674698e+00 0.000000000000000000e+00
1.548875295698095300e+01 1.865758460941847330e-01 0.000000000000000000e+00
6.562480901474092576e+00 -2.736610639821425162e-01 0.000000000000000000e+00
1.401194538305338710e+01 8.866003303910616751e+00 0.000000000000000000e+00
1.162084881010798121e+01 6.269024009814949672e+00 0.000000000000000000e+00
1.731688619601633405e+01 2.148869972849331234e+00 0.000000000000000000e+00
-5.569779013232529330e+00 -1.599188800023989643e+01 0.000000000000000000e+00
1.212206011285715368e+00 7.227036181020323191e+00 0.000000000000000000e+00
