2.919264539204789344e+00 -9.890113053783270658e+00 0.000000000000000000e+00
1.013262665587368438e+01 8.000740525053256391e+00 0.000000000000000000e+00
6.624500245409833177e+00 -1.267445289131896580e+01 0.000000000000000000e+00
-8.186385985591185133e+00 3.336933687009994820e+00 0.000000000000000000e+00
2.262140774386977249e+00 -1.365532262408290798e+01 0.000000000000000000e+00
4.644505663382060945e+00 3.506355425740466991e+00 0.000000000000000000e+00
4.439865555456102286e-01 1.690021293069124653e+01 0.000000000000000000e+00
8.600732359119090731e+00 -1.388179187583089913e+01 0.000000000000000000e+00
-1.873930261599050340e+01 -1.083529575491795294e+00 0.000000000000000000e+00
-1.275116041502440467e+01 -3.348949718310315404e+00 0.000000000000000000e+00
1.501013161836712406e+01 -1.138027448982738044e+01 0.000000000000000000e+00
-1.290069203617784055e+01 1.005081203630218134e+01 0.000000000000000000e+00
-1.182605139480923739e+01 -6.996737107986195525e+00 0.000000000000000000e+00
-4.656828026985332158e+00 4.471449545893950273e+00 0.000000000000000000e+00
-1.603606752212954234e+01 3.425689424713100895e-01 0.000000000000000000e+00
-1.682874490568646664e+01 1.843727676733099008e+00 0.000000000000000000e+00
9.387399634563779738e-02 1.233835907450645664e+01 0.000000000000000000e+00
-3.912501209322678086e+00 -1.693384093821162395e+01 0.000000000000000000e+00
1.355210623957313487e+01 9.507421268228346989e+00 0.000000000000000000e+00
-7.925862318743839730e+00 -9.268011887939570315e+00 0.000000000000000000e+00
-9.585990961185336445e+00 -9.394667046367310093e+00 0.000000000000000000e+00
-1.302455869743287664e+01 1.313546247399983180e+01 0.000000000000000000e+00
5.362473151296890173e+00 4.870080244032543249e+00 0.000000000000000000e+00
-1.748430713833250039e+01 3.772236249486712989e+00 0.000000000000000000e+00
3.587549814939606563e+00 1.236081969202192177e+01 0.000000000000000000e+00
-6.484737002004517414e+00 1.508968674465046078e+01 0.000000000000000000e+00
1.099895775991411284e+01 -1.186154132304900166e+01 0.000000000000000000e+00
1.039525644278800875e+01 -1.340945842790203635e+01 0.000000000000000000e+00
6.607435783700951859e+00 -9.766328925981499154e+00 0.000000000000000000e+00
-3.785837514684527449e-01 -1.381328162956113026e+01 0.000000000000000000e+00
4.631508754001521844e+00 -1.514385572949969294e+01 0.000000000000000000e+00
8.833482619169631178e+00 1.489262576756300405e+01 0.000000000000000000e+00
-2.169061880331332848e+00 -9.372683170550519804e+00 0.000000000000000000e+00
5.376894173918188358e+00 -2.195393005111091256e+00 0.000000000000000000e+00
-5.635395437055509049e+00 1.353311128022269827e+01 0.000000000000000000e+00
4.368583571643489982e+00 -1.220580906629679419e+01 0.000000000000000000e+00
-3.261613877524617067e+00 1.264022065826596020e+01 0.000000000000000000e+00
1.339448037866551822e+01 -2.575492044513253642e+00 0.000000000000000000e+00
-9.814433038263258524e+00 1.091863783449199765e+01 0.000000000000000000e+00
9.778112757870246696e+00 -1.040907557474777434e+01 0.000000000000000000e+00
-3.309229805075201813e+00 -1.454773009557639618e+01 0.000000000000000000e+00
8.948219651443235279e+00 -3.755500122754622527e+00 0.000000000000000000e+00
2.573667022010856620e+00 1.563554779527924588e+01 0.000000000000000000e+00
1.451367598991511620e+01 3.097575455739468797e+00 0.000000000000000000e+00
1.264457465683346449e+01 1.329804012764396681e+01 0.000000000000000000e+00
-5.420427824530355210e+00 -1.283698840658655804e+01 0.000000000000000000e+00
-1.489468000579693907e+01 8.533151004578510168e+00 0.000000000000000000e+00
-1.409065885821337183e+01 5.859183873767517703e+00 0.000000000000000000e+00
3.493892599508935604e+00 -8.094041939914921713e+00 0.000000000000000000e+00
1.705018263066027728e+01 8.216173791385498859e+00 0.000000000000000000e+00
-6.979319021292726077e+00 -5.201296598912208857e+00 0.000000000000000000e+00
2.946771488439111852e+00 -4.865253002928101367e+00 0.000000000000000000e+00
-9.553015867400370453e+00 5.175336628375816872e+00 0.000000000000000000e+00
6.904085754699884170e+00 1.758328962611041746e+01 0.000000000000000000e+00
-9.505051882835457988e+00 1.629524550783001757e+01 0.000000000000000000e+00
-1.202732340042659942e+01 -1.146254934616902332e+01 0.000000000000000000e+00
9.392946674338627844e+00 -6.383299126642409504e+00 0.000000000000000000e+00
5.580386237662176008e+00 -7.366502151304802126e+00 0.000000000000000000e+00
5.776803962450649976e+00 -4.737375219159235762e+00 0.000000000000000000e+00
-1.285557534626207143e+01 6.846119715085146495e+00 0.000000000000000000e+00
-1.439488057147069844e+00 -1.271267339578102007e+00 0.000000000000000000e+00
4.887725761503337374e+00 1.353265199319945467e+01 0.000000000000000000e+00
6.351265253727206961e+00 1.088784329238974280e+01 0.000000000000000000e+00
-1.205759742573484949e+00 -5.482930841790498278e+00 0.000000000000000000e+00
-5.927302972740752907e+00 -6.400544350731633969e+00 0.000000000000000000e+00
4.244337788644400256e+00 1.622898681072366145e+01 0.000000000000000000e+00
6.879024886703641428e+00 2.660625427394887499e+00 0.000000000000000000e+00
1.526999204118679287e+01 -1.175565542012181330e+00 0.000000000000000000e+00
-6.696604860247326485e+00 5.615090477055732165e+00 0.000000000000000000e+00
-6.546794230110749568e-01 -1.196413083606309691e+01 0.000000000000000000e+00
-1.289742024487797956e+01 -1.659282832696817200e+00 0.000000000000000000e+00
4.841121624040125027e-01 8.045889068871387551e+00 0.000000000000000000e+00
1.664139762611032936e+01 3.788746958763503425e+00 0.000000000000000000e+00
-1.142905293684926704e+01 1.099606549862514093e+01 0.000000000000000000e+00
-4.997276030657793910e+00 -1.049557828093766254e+01 0.000000000000000000e+00
1.084335100095033866e+01 -8.258453419754656633e-01 0.000000000000000000e+00
6.448053624239862280e+00 -1.772887056718528243e+01 0.000000000000000000e+00
1.557030406690317825e+01 -4.428234857964193694e+00 0.000000000000000000e+00
1.710463084837235925e+01 -6.974861375651968842e+00 0.000000000000000000e+00
7.498001637215337745e+00 -1.580463863939163538e+01 0.000000000000000000e+00
-1.335759250878155058e+01 -9.852421435749780798e+00 0.000000000000000000e+00
-1.655730351144142887e+01 -2.587171499579845158e+00 0.000000000000000000e+00
7.909320584998073222e+00 5.548330259278962728e+00 0.000000000000000000e+00
8.804341545670444802e+00 9.183111706290121745e+00 0.000000000000000000e+00
1.481711563182874558e+00 -5.479919642693610315e-01 0.000000000000000000e+00
4.957201743799192428e+00 7.160924700313622715e+00 0.000000000000000000e+00
1.543634937807634522e+01 4.111815458513992660e-01 0.000000000000000000e+00
1.925797023326196511e+00 3.664992184573850675e+00 0.000000000000000000e+00
1.888978420568638938e+01 -1.485908732431701074e+00 0.000000000000000000e+00
-1.626962594312364629e+01 -5.184743082883958465e+00 0.000000000000000000e+00
7.408707021600970499e+00 -6.979381455237493981e+00 0.000000000000000000e+00
-3.533091307796478731e+00 1.574757852809548808e+01 0.000000000000000000e+00
1.278103764266688458e+01 -1.235967174433042537e+01 0.000000000000000000e+00
-7.216067561440016043e+00 1.341594446933541995e+01 0.000000000000000000e+00
-5.131451706740043583e+00 9.920304860923071288e+00 0.000000000000000000e+00
9.590150004172032894e+00 1.177984034410162195e+01 0.000000000000000000e+00
-4.698558392076727763e+00 -2.104047035939850652e+00 0.000000000000000000e+00
-8.725722085950714302e+00 -7.250744371619362028e+00 0.000000000000000000e+00
-1.219310843162746405e+00 7.338944230329184748e+00 0.000000000000000000e+00
4.495900049325331160e+00 9.347028844916836832e+00 0.000000000000000000e+00
-7.439800319750288438e+00 1.106212999380428741e+01 0.000000000000000000e+00
2.355950905287339303e+00 -1.689034797371176211e+01 0.000000000000000000e+00
1.961224008493508641e+00 -6.666434616622409770e+00 0.000000000000000000e+00
1.107330011208624398e+01 3.740926575530023168e+00 0.000000000000000000e+00
-1.377598421797280892e+01 -1.300511130593204889e+01 0.000000000000000000e+00
-1.855947010556214360e+00 4.083536862112731924e+00 0.000000000000000000e+00
-5.790048318956639406e+00 -3.333527456949203049e+00 0.000000000000000000e+00
-1.778490472560738667e+00 1.165833448295807884e+01 0.000000000000000000e+00
2.719712782186295641e+00 1.382456210755284687e+01 0.000000000000000000e+00
-9.880174815071468331e+00 9.592462264044268050e-01 0.000000000000000000e+00
-4.327174184777672572e+00 -2.935834451326525540e-01 0.000000000000000000e+00
-5.796241432425844664e+00 -8.874972263332914224e+00 0.000000000000000000e+00
-7.389401307671178643e+00 1.639818543266045126e+01 0.000000000000000000e+00
1.330154769136460136e+00 -1.162141439584018521e+01 0.000000000000000000e+00
-1.783707207114258608e+01 -3.548256529096842193e+00 0.000000000000000000e+00
-8.092209564055719895e+00 -1.510502882444960981e+01 0.000000000000000000e+00
-2.999703480424736668e+00 6.684724114332918354e+00 0.000000000000000000e+00
1.146922863245989355e+01 -3.282294495630706965e+00 0.000000000000000000e+00
-1.493409602441962214e+01 -1.030895798063506241e+01 0.000000000000000000e+00
-6.035138311162699942e+00 2.231776611678014000e+00 0.000000000000000000e+00
-3.542516349757777849e+00 1.744671165598400719e+01 0.000000000000000000e+00
-1.052164433632879259e+01 -1.311732191313396356e+01 0.000000000000000000e+00
1.319430093722725061e+01 1.581266324668388901e+00 0.000000000000000000e+00
1.749181081802278115e+01 -2.122164120521539965e-01 0.000000000000000000e+00
9.170732116585281091e+00 6.544814243190074876e+00 0.000000000000000000e+00
8.257295180256560840e+00 -1.209768220517149295e+01 0.000000000000000000e+00
-1.632555360037627468e+00 -1.708406181048918882e+01 0.000000000000000000e+00
1.133212523920403036e+01 1.206484319221288182e+01 0.000000000000000000e+00
1.579893694701043749e+01 -9.657784215048256016e+00 0.000000000000000000e+00
8.576564358019346912e+00 1.296507508298518019e+01 0.000000000000000000e+00
9.116218895521939203e+00 -8.753957631169893006e-01 0.000000000000000000e+00
1.097615255548618585e+01 1.769574478954421437e+00 0.000000000000000000e+00
-1.813476776469805429e+00 -1.469581100823180719e+01 0.000000000000000000e+00
1.067392057996138632e+01 1.430692344175087172e+01 0.000000000000000000e+00
-1.114947426273485398e+01 2.287362705362790738e+00 0.000000000000000000e+00
-1.201186378539325617e+01 -8.998937946742543659e+00 0.000000000000000000e+00
-1.499803843192221819e+01 -2.550475392739981029e+00 0.000000000000000000e+00
7.358565614424973589e+00 -3.622667639326763833e+00 0.000000000000000000e+00
-1.812752886343709946e+01 4.587439910444731095e-01 0.000000000000000000e+00
7.450714125123154119e+00 -1.670222524102654482e+00 0.000000000000000000e+00
-6.932128576460836911e+00 -1.381415452712616521e+01 0.000000000000000000e+00
-1.140911109243078769e+01 4.314125497006418009e+00 0.000000000000000000e+00
1.813494410807540591e+00 -3.177397716418108420e+00 0.000000000000000000e+00
-1.645864906717732978e+01 6.706354151260232044e+00 0.000000000000000000e+00
-5.742033598763025104e+00 -1.509143754656709824e+01 0.000000000000000000e+00
8.982804812142695994e+00 -1.603686186379359668e+01 0.000000000000000000e+00
-6.912833513693795950e+00 7.683136878431573891e+00 0.000000000000000000e+00
6.346541951920062985e+00 4.037181244292782356e-01 0.000000000000000000e+00
-3.433882539333318107e+00 -4.774349182967566385e+00 0.000000000000000000e+00
-2.126212478793651162e+00 1.151318742985461441e+00 0.000000000000000000e+00
-1.570209818569814075e+01 4.618449566695050912e+00 0.000000000000000000e+00
1.730282219496451290e+01 -2.034527632959432175e+00 0.000000000000000000e+00
-1.073610953577694183e+01 -2.569723604587955901e+00 0.000000000000000000e+00
1.605954986897799586e+00 1.202232435832769575e+01 0.000000000000000000e+00
1.193542672876163557e+01 9.804700467447274193e+00 0.000000000000000000e+00
5.116756759926061271e+00 1.793181232925760682e+01 0.000000000000000000e+00
1.713666304973326671e-01 -3.011838475965483486e+00 0.000000000000000000e+00
1.122575472309186040e+01 5.740712820982555975e+00 0.000000000000000000e+00
-7.200950528657190652e+00 -1.187402035223896490e+01 0.000000000000000000e+00
-1.439925254991008075e+01 1.769924994562674048e+00 0.000000000000000000e+00
1.369845233107443150e+01 -8.102850208788893838e+00 0.000000000000000000e+00
1.834351950151854282e+01 -3.511268207501092586e+00 0.000000000000000000e+00
-1.053654019272799580e+01 -1.062668956180503699e+01 0.000000000000000000e+00
-2.169760388578368726e+00 1.847336347164230119e+01 0.000000000000000000e+00
1.667756343278796649e+01 5.318223124222243747e+00 0.000000000000000000e+00
1.721171488295055951e+01 -4.495686249300002935e+00 0.000000000000000000e+00
-1.115203307206836669e+01 1.474292486731212648e+01 0.000000000000000000e+00
2.536998875106735607e+00 1.854949202647203776e+01 0.000000000000000000e+00
-9.225425705658661713e+00 -1.166429553985347312e+01 0.000000000000000000e+00
9.157831565243688132e+00 2.746757767658821514e+00 0.000000000000000000e+00
6.384142614208105471e+00 8.213846690317357258e+00 0.000000000000000000e+00
-5.360830382754341095e+00 8.384386117559312623e+00 0.000000000000000000e+00
-1.523059466904734904e+01 -4.035195688621628030e+00 0.000000000000000000e+00
1.557471004843914031e+01 7.211631109555199259e+00 0.000000000000000000e+00
2.957429525576435458e-01 5.886507997274105231e-01 0.000000000000000000e+00
1.522546879992229485e+01 -6.710857308266100496e+00 0.000000000000000000e+00
3.886255015537071866e+00 5.303366596269611044e+00 0.000000000000000000e+00
-8.417900055612689059e+00 1.475069985234354952e+01 0.000000000000000000e+00
-1.212070185432313485e+00 -1.883976899132317939e+01 0.000000000000000000e+00
-1.035802181748494810e+01 -1.464942282327784717e+01 0.000000000000000000e+00
-3.795116985161168355e+00 1.936395855263170596e+00 0.000000000000000000e+00
4.755681279095457903e+00 -6.044742614413420867e+00 0.000000000000000000e+00
-8.867776889005551055e+00 8.706766299929103781e+00 0.000000000000000000e+00
1.452835609422258933e+01 4.801629532443351778e+00 0.000000000000000000e+00
2.204672443879008847e-01 1.517696908528273170e+01 0.000000000000000000e+00
3.988525097709612943e+00 -8.592869888789017585e-01 0.000000000000000000e+00
-1.154498476022882514e+01 -3.446063962464021753e-03 0.000000000000000000e+00
4.860898474476297082e+00 -8.826433299379123909e+00 0.000000000000000000e+00
-7.624929770690425990e+00 8.918463462149327226e-02 0.000000000000000000e+00
1.165713709214457516e+01 -6.974979561367797842e+00 0.000000000000000000e+00
3.700226751265368819e+00 1.468770451789431775e+00 0.000000000000000000e+00
-3.108198475071583200e+00 -1.128455825675618662e+01 0.000000000000000000e+00
-9.215092740314696940e+00 1.300824880361741442e+01 0.000000000000000000e+00
-6.261752473504510697e+00 -9.643420166054201825e-01 0.000000000000000000e+00
7.867056849925917916e+00 1.630357433648422827e+01 0.000000000000000000e+00
-1.424167518718493852e+01 -5.729190556761935227e+00 0.000000000000000000e+00
-1.268696698344723472e+01 2.498847248208690974e+00 0.000000000000000000e+00
-4.823491967167078620e+00 1.211465494537004517e+01 0.000000000000000000e+00
1.787229852314852963e+01 2.506594466056101478e+00 0.000000000000000000e+00
-3.324233368273350919e+00 8.535322905452522591e+00 0.000000000000000000e+00
1.448603624593625794e+00 9.295746779242671565e+00 0.000000000000000000e+00
-1.592107860507088013e+01 -8.136128829497858206e+00 0.000000000000000000e+00
-1.113941486400471703e+01 7.268918856907721882e+00 0.000000000000000000e+00
-3.050094153053392265e+00 -7.126629292153864093e+00 0.000000000000000000e+00
1.004585066942901328e+01 -8.316599250737050752e+00 0.000000000000000000e+00
3.678809711864949872e+00 -1.844290349096257131e+01 0.000000000000000000e+00
1.444079878085753066e+01 1.153697673369713605e+01 0.000000000000000000e+00
-3.129519960334238515e+00 -1.348477562954161213e+00 0.000000000000000000e+00
-9.199961845741142952e+00 -3.575774984796878719e+00 0.000000000000000000e+00
3.058871328622716046e+00 1.049151247181583102e+01 0.000000000000000000e+00
-2.939106016522546216e+00 1.021096208669954031e+01 0.000000000000000000e+00
-4.632005763445292690e-01 -9.125247958880702726e+00 0.000000000000000000e+00
1.178197409579586719e+01 7.607492165797877348e+00 0.000000000000000000e+00
1.224667964799517250e+01 -1.394186030311157332e+01 0.000000000000000000e+00
-1.225796193425400205e+01 -5.290997488063568177e+00 0.000000000000000000e+00
7.040301257132788315e+00 1.242956465910123143e+01 0.000000000000000000e+00
5.962206419546475233e-01 -5.823679649264340341e+00 0.000000000000000000e+00
1.313637298928256492e+01 -5.558355291680752153e+00 0.000000000000000000e+00
-1.325227206547216241e+01 7.753450964873298545e-01 0.000000000000000000e+00
1.048070830176562218e+01 -4.775015771912095808e+00 0.000000000000000000e+00
-2.019613392475500646e+00 -1.295382527801901063e+01 0.000000000000000000e+00
-1.862807144427093498e+00 -3.106955481212101411e+00 0.000000000000000000e+00
-2.089853153101089767e+00 1.507910221183224309e+01 0.000000000000000000e+00
-4.454973228790464645e+00 1.448335019381912581e+01 0.000000000000000000e+00
1.428688769445905749e+01 -9.799873075223569430e+00 0.000000000000000000e+00
-1.443265131766296960e+01 1.087573806622832251e+01 0.000000000000000000e+00
1.328817138129593900e+00 2.031794871603859853e+00 0.000000000000000000e+00
4.476353478496895022e+00 -3.964694637903618535e+00 0.000000000000000000e+00
1.116382055354586633e+01 -9.377656161865166595e+00 0.000000000000000000e+00
4.846654805623124562e-01 -1.621027939735117585e+01 0.000000000000000000e+00
-6.671647889747609028e+00 3.923723233338290317e+00 0.000000000000000000e+00
-6.584257419495783026e+00 -1.660366504774226826e+01 0.000000000000000000e+00
-9.141664819404109465e+00 -1.644885013063656132e+01 0.000000000000000000e+00
1.631362658476399474e+01 2.159629840215607555e+00 0.000000000000000000e+00
1.370694747228677457e+00 -9.879794692641262088e+00 0.000000000000000000e+00
5.167082554700415997e+00 1.188162644638660126e+01 0.000000000000000000e+00
1.357787275485594591e+01 7.905860446081728554e+00 0.000000000000000000e+00
-9.637292956834867752e+00 -6.329217683170015318e-01 0.000000000000000000e+00
1.496192049118017486e+01 -2.694787222868352927e+00 0.000000000000000000e+00
-1.383281023399131016e+01 4.004766955367383474e+00 0.000000000000000000e+00
1.808877908969597215e+01 -5.812752817508182623e+00 0.000000000000000000e+00
2.350324051734535846e+00 5.262127363737809205e+00 0.000000000000000000e+00
1.314165770806618028e+01 5.393780192757075653e+00 0.000000000000000000e+00
3.059601192003385872e+00 -1.546789786334405470e+01 0.000000000000000000e+00
9.393468411831287668e+00 6.958798567859874051e-01 0.000000000000000000e+00
-1.595935091915966808e+01 9.868011190818258171e+00 0.000000000000000000e+00
-3.983201434192125578e+00 -9.356393057357980325e+00 0.000000000000000000e+00
-8.281780618066306943e+00 -1.531771573505920303e+00 0.000000000000000000e+00
-1.846806549638663753e-01 5.977197498030043299e+00 0.000000000000000000e+00
7.525945556035924078e+00 -5.319920254848480745e+00 0.000000000000000000e+00
-5.842387116897350019e+00 1.806918879077485940e+01 0.000000000000000000e+00
1.296671529596185257e+00 -1.805435514577931144e+01 0.000000000000000000e+00
1.286965581214076337e+01 -1.116549355847987618e-01 0.000000000000000000e+00
3.750910207935628016e+00 -2.397598797752449329e+00 0.000000000000000000e+00
-8.437295300320130309e+00 -1.326783689440739522e+01 0.000000000000000000e+00
1.837669611247551060e+01 4.633367239837618001e+00 0.000000000000000000e+00
