4.566474407990409601e-01 6.891993372191079992e+00 0.000000000000000000e+00
-1.009856950657389696e+01 -1.364195096310148081e+01 0.000000000000000000e+00
1.209138131149586037e+01 -2.993695618548440240e+00 0.000000000000000000e+00
6.412252658319103737e+00 1.303732414094286973e+00 0.000000000000000000e+00
4.162230382337193113e+00 3.070416857341615291e+00 0.000000000000000000e+00
1.247806932710854610e+01 -7.765324541143777459e+00 0.000000000000000000e+00
1.029798572417440994e+01 -1.167385505853291150e+01 0.000000000000000000e+00
-2.395930049578953169e-01 -1.709042696620228696e+01 0.000000000000000000e+00
1.193145351061676607e+01 -5.389268060442244490e+00 0.000000000000000000e+00
1.542631821979817985e+01 8.310160393232108866e-01 0.000000000000000000e+00
1.419618971296598531e+01 -6.982287456233634559e-01 0.000000000000000000e+00
-9.854930332961778561e+00 -1.154285254070548206e+01 0.000000000000000000e+00
6.530346183046286335e+00 -1.612297918560271937e+00 0.000000000000000000e+00
-6.105731318730855506e+00 -7.064450120878037254e+00 0.000000000000000000e+00
-1.527728495025865385e+01 6.463706738957704978e+00 0.000000000000000000e+00
1.016463944525020047e+01 6.801393796126525837e-01 0.000000000000000000e+00
1.547919927889956249e+01 -3.536472171843862089e+00 0.000000000000000000e+00
1.187226827319937605e+01 6.764841845135009635e+00 0.000000000000000000e+00
-6.516032000405701297e+00 1.364963403944735987e+01 0.000000000000000000e+00
7.971228506909143974e+00 7.401180395698370162e+00 0.000000000000000000e+00
1.193074777050534685e+01 1.474915414290445526e+01 0.000000000000000000e+00
4.480926946715622528e+00 -1.607031628578565474e+01 0.000000000000000000e+00
-2.237365647452289608e+00 -9.435522709521485751e+00 0.000000000000000000e+00
-3.017147948566653692e+00 6.582193588317694299e+00 0.000000000000000000e+00
-1.356409824609737313e+01 1.260926950037691796e+01 0.000000000000000000e+00
-1.477583988200931131e+01 -8.063313672145107081e-01 0.000000000000000000e+00
1.676443437146845739e+01 -6.907484179333104990e+00 0.000000000000000000e+00
1.079389416154088543e+01 1.353783507543504960e+01 0.000000000000000000e+00
-7.950814017625730479e+00 -6.573543666004492358e+00 0.000000000000000000e+00
1.308550681067045529e+00 -6.254355413980838385e+00 0.000000000000000000e+00
-2.671984933346317703e+00 1.384424703160251191e+01 0.000000000000000000e+00
-1.315035825413589698e+01 3.544587459700973220e+00 0.000000000000000000e+00
-8.284104632615374442e+00 6.810485841826091402e+00 0.000000000000000000e+00
4.214495179221717791e+00 1.689745293542905102e+01 0.000000000000000000e+00
-1.769538636711179436e+01 2.769098922589315226e+00 0.000000000000000000e+00
2.995060386694882393e+00 -1.543161152751157728e+00 0.000000000000000000e+00
2.251420905705021624e+00 1.680497947681638848e+01 0.000000000000000000e+00
-1.343954821430427948e+01 1.087657008151360216e+01 0.000000000000000000e+00
1.102495716812502380e+01 -8.466287805671186106e+00 0.000000000000000000e+00
-1.066326610822168419e+01 1.440793563816108147e+01 0.000000000000000000e+00
-3.006546319088000963e-01 -8.865924627596276864e+00 0.000000000000000000e+00
-1.213124627674310929e+01 1.200340394112908715e+00 0.000000000000000000e+00
-3.732098183791713542e+00 -1.214281185885071146e+01 0.000000000000000000e+00
-9.415799338333694646e-01 4.082214984445616146e+00 0.000000000000000000e+00
1.286630411784243577e+01 3.243854347811581107e+00 0.000000000000000000e+00
-6.731641834245343681e+00 -5.311689890893541488e+00 0.000000000000000000e+00
-3.629053610541080666e+00 6.838001482387769947e-01 0.000000000000000000e+00
2.754251408788228606e+00 -1.395035902333018463e+01 0.000000000000000000e+00
5.301359917624769658e+00 -5.308466987312750796e+00 0.000000000000000000e+00
7.740454800960737458e+00 3.211056924023162562e+00 0.000000000000000000e+00
1.375956545265262143e+01 1.188294620642996335e+01 0.000000000000000000e+00
1.426152628492678964e+01 -5.532536264316259889e+00 0.000000000000000000e+00
8.835906227092182874e+00 1.348920856224132514e+01 0.000000000000000000e+00
-7.262523417863321562e+00 -3.686819358801594948e+00 0.000000000000000000e+00
8.208964703489561643e+00 -9.055658479625618984e-01 0.000000000000000000e+00
9.008462338026915761e-01 1.949606811976974274e+00 0.000000000000000000e+00
1.782853964646133349e+01 -1.440360684200026276e+00 0.000000000000000000e+00
1.299945830780853662e+01 -1.374060783829300370e+01 0.000000000000000000e+00
-1.673260509213630565e+00 1.634450968361297640e+01 0.000000000000000000e+00
1.036234820886893226e+00 -1.012978329636557984e+00 0.000000000000000000e+00
-1.669392650939208167e+01 7.186075150764669850e+00 0.000000000000000000e+00
-1.734270954336511039e+01 4.635459315243556588e+00 0.000000000000000000e+00
9.358508517590577114e+00 6.096206518883834136e+00 0.000000000000000000e+00
1.776181002116787866e+01 1.128343099128406468e+00 0.000000000000000000e+00
2.581852592673025804e+00 3.535613097298928587e-01 0.000000000000000000e+00
-1.310251734755481756e+01 -2.254040477801398268e+00 0.000000000000000000e+00
-1.041264026682062038e+01 -5.963031406786532429e+00 0.000000000000000000e+00
-1.950373822631876197e-01 -3.623599886807562065e+00 0.000000000000000000e+00
-1.151908815631815308e+01 -1.145982655788339422e+01 0.000000000000000000e+00
7.487867477818904938e+00 1.639181839989139178e+01 0.000000000000000000e+00
7.993837034120375939e+00 -8.687732471777238175e+00 0.000000000000000000e+00
-8.082996064394153635e+00 9.176840578487359679e+00 0.000000000000000000e+00
1.059983192583104916e+01 4.503146143431160375e+00 0.000000000000000000e+00
6.953200781027827349e-01 1.063710997714090567e+01 0.000000000000000000e+00
5.641819894833935756e+00 1.578886723735101505e+01 0.000000000000000000e+00
-1.040618796935076773e+01 -1.532652757525542597e+01 0.000000000000000000e+00
-5.391257542116289159e+00 -1.562197615305812981e+01 0.000000000000000000e+00
-5.258018043656561780e+00 -3.090094431164892796e+00 0.000000000000000000e+00
-1.550410244660198700e+01 9.125298264262140080e+00 0.000000000000000000e+00
-4.674303264425186732e+00 9.016539829883427615e+00 0.000000000000000000e+00
-5.655430873687137705e+00 1.709821973691414421e+00 0.000000000000000000e+00
1.438024361291755149e+00 3.538040119351295143e+00 0.000000000000000000e+00
-2.558864034731147541e+00 8.541769342305901347e+00 0.000000000000000000e+00
-1.467311956722150335e+01 4.581747368245351559e+00 0.000000000000000000e+00
1.205269797070365811e+01 9.845033199083658815e+00 0.000000000000000000e+00
1.828758518444450143e+00 -1.247554031459641166e+01 0.000000000000000000e+00
-1.365888960459006896e+01 -1.260541955498157485e+01 0.000000000000000000e+00
-1.299916183559006555e+01 9.091186057777527196e+00 0.000000000000000000e+00
-9.302247000569836999e+00 9.294312462080610571e-01 0.000000000000000000e+00
-8.669441847436202053e+00 -2.099806936925406209e+00 0.000000000000000000e+00
-7.769200363209326277e+00 1.085379580813551925e+01 0.000000000000000000e+00
-6.618405062436423236e+00 1.516355957680758948e+01 0.000000000000000000e+00
-4.917402955860935343e+00 -5.526798591934204197e+00 0.000000000000000000e+00
-1.095848559229614949e+01 -8.829546457234378476e-01 0.000000000000000000e+00
2.895169254353683108e+00 5.129724861884747078e+00 0.000000000000000000e+00
1.924513437081510348e-01 8.961246164304322193e+00 0.000000000000000000e+00
1.483407941771663552e+01 -7.424217652980159343e+00 0.000000000000000000e+00
7.984171942349982398e-02 -1.472177666786312500e+01 0.000000000000000000e+00
-2.114888356226581223e+00 -2.022025856203360394e+00 0.000000000000000000e+00
-1.325574023364014842e+01 6.787179016305096013e+00 0.000000000000000000e+00
1.058079512932867949e+01 -1.467333722844714572e+01 0.000000000000000000e+00
-7.472935258328099906e+00 -1.657789576622415162e-01 0.000000000000000000e+00
-4.492090144304391686e+00 1.532813209827868661e+01 0.000000000000000000e+00
7.369646113101984142e+00 1.425210113373330145e+01 0.000000000000000000e+00
1.452283305354746723e+01 -1.193267506580318127e+01 0.000000000000000000e+00
8.361608882433463563e+00 -4.415474850724380396e+00 0.000000000000000000e+00
9.603032177418519666e+00 2.264943806558986417e+00 0.000000000000000000e+00
4.605299874650854441e+00 -1.269762478870889133e+01 0.000000000000000000e+00
-1.217866882818828822e+00 1.139184948683350385e+01 0.000000000000000000e+00
5.872318340343924525e+00 2.729490228235227800e+00 0.000000000000000000e+00
-1.595145395559502077e+01 -6.184017282948643945e+00 0.000000000000000000e+00
-9.408426094731748179e+00 4.810881129347505336e+00 0.000000000000000000e+00
-3.702040768393181303e+00 -7.323540071425452602e+00 0.000000000000000000e+00
-6.919619317177807538e+00 1.724032725867390425e+01 0.000000000000000000e+00
6.042362945331936075e+00 -1.045279626706456888e+01 0.000000000000000000e+00
6.662127961140558163e+00 -1.771525482948856833e+01 0.000000000000000000e+00
-8.585355453382716107e+00 1.634177881513921449e+01 0.000000000000000000e+00
-5.168226935575845893e+00 -1.018340742143422339e+01 0.000000000000000000e+00
1.208923605179889904e+01 -1.115771774495523871e+01 0.000000000000000000e+00
1.630820710396142559e+01 -9.583781195295493660e+00 0.000000000000000000e+00
-3.899892475948672832e+00 1.133978840053950776e+01 0.000000000000000000e+00
8.261727016727057560e+00 9.856024154354319222e+00 0.000000000000000000e+00
-1.981004637876107255e+00 -5.003984715549559148e+00 0.000000000000000000e+00
5.934455685778111445e+00 6.438367619161066813e+00 0.000000000000000000e+00
2.466952342439643342e+00 -8.068341014369199371e+00 0.000000000000000000e+00
-1.083468395298950071e+01 1.982030489017180930e+00 0.000000000000000000e+00
-2.170880550516242069e-01 1.304497770575699356e+01 0.000000000000000000e+00
1.580546994462671861e+01 6.128912801274616129e+00 0.000000000000000000e+00
-6.778238497454835532e+00 -9.328219149907088337e+00 0.000000000000000000e+00
-3.670457747225236655e+00 -1.818535754822443451e+00 0.000000000000000000e+00
-6.632660836555595907e+00 -1.683899724856366120e+01 0.000000000000000000e+00
-1.747040371483424392e+00 -1.127989919546428155e+01 0.000000000000000000e+00
-1.458617499562233188e+00 -7.568098820743717425e+00 0.000000000000000000e+00
-1.392891103945018472e+00 -2.898245833360722501e-01 0.000000000000000000e+00
1.610867693832529923e+01 -4.992357218122049467e+00 0.000000000000000000e+00
3.255488213108268081e+00 1.428359250492612453e+01 0.000000000000000000e+00
1.702959103967182530e+00 1.442132787216263878e+01 0.000000000000000000e+00
6.018443059269198869e+00 -1.438830120301713933e+01 0.000000000000000000e+00
3.236565006997751848e+00 -1.185501363313304601e+01 0.000000000000000000e+00
-1.493960270171441884e+01 -1.082108325495618928e+01 0.000000000000000000e+00
7.075602583284442915e+00 -1.251810428740032854e+01 0.000000000000000000e+00
3.728997748976348614e+00 -3.894010270602746626e+00 0.000000000000000000e+00
1.061031630026360517e+01 8.178901886296108259e+00 0.000000000000000000e+00
-3.403480975781302043e+00 2.640496617557081649e+00 0.000000000000000000e+00
7.651163582693717657e+00 -1.091601296824689094e+01 0.000000000000000000e+00
6.666997737437218241e+00 -3.434432941941638617e+00 0.000000000000000000e+00
1.722697893110713707e+01 3.263192996914956456e+00 0.000000000000000000e+00
8.526055033368633573e+00 1.176650031973388266e+01 0.000000000000000000e+00
1.483867594348824959e+01 1.057160362065810766e+01 0.000000000000000000e+00
-4.731583528280116191e+00 1.700501506740371482e+01 0.000000000000000000e+00
5.403726770981833738e+00 5.034430764907614098e+00 0.000000000000000000e+00
3.228692259996860603e+00 9.786496048347103738e+00 0.000000000000000000e+00
1.559519536417587027e+01 -1.799187536982924884e+00 0.000000000000000000e+00
1.006121456779894174e+01 -1.207334074824949033e+00 0.000000000000000000e+00
-1.698444087775862243e+01 -4.345129974262205153e+00 0.000000000000000000e+00
-6.961654618114224924e+00 5.021753978982260946e+00 0.000000000000000000e+00
1.073825079200172006e+01 1.164825625730763115e+01 0.000000000000000000e+00
1.392544595824544018e+01 -9.392219206382238283e+00 0.000000000000000000e+00
-9.573667653259347432e+00 8.449395854394984084e+00 0.000000000000000000e+00
-7.568916977441077165e+00 -1.495492435203712844e+01 0.000000000000000000e+00
-2.485588065743941311e+00 1.786972552300129990e+01 0.000000000000000000e+00
-1.073437964137873557e+01 -2.828416155414275046e+00 0.000000000000000000e+00
1.554633127026286488e+01 8.200246325253260693e+00 0.000000000000000000e+00
4.752910678502956010e+00 1.256185237614006844e+01 0.000000000000000000e+00
1.300633801654634958e+01 -4.246294939729232887e+00 0.000000000000000000e+00
-1.463815255295887852e+01 -8.209833820409198069e+00 0.000000000000000000e+00
-6.226449720406792565e+00 1.193218279862179543e+01 0.000000000000000000e+00
-1.848676012839127836e+01 -4.343906246079098032e+00 0.000000000000000000e+00
-1.789478908095260579e+01 6.256903442589925035e-01 0.000000000000000000e+00
-1.161226590441322770e+01 -9.362625518199282126e+00 0.000000000000000000e+00
9.606623746277712428e+00 -9.967586858792248705e+00 0.000000000000000000e+00
-2.354124998653367218e+00 -1.280428361254652891e+01 0.000000000000000000e+00
-1.517336054098809406e+01 2.342254195549464235e+00 0.000000000000000000e+00
7.268188023055627056e+00 -6.881353858006769464e+00 0.000000000000000000e+00
1.809408617717936651e-01 -1.870077688579373287e+01 0.000000000000000000e+00
1.301956648918555359e+01 5.168617159782402659e+00 0.000000000000000000e+00
-1.412393273563320406e+01 -4.083703362424977890e+00 0.000000000000000000e+00
-5.266133657476651742e+00 4.906283380746418565e+00 0.000000000000000000e+00
-1.661833797240146993e+01 -1.455937517787876390e+00 0.000000000000000000e+00
4.542801274851696824e+00 -7.581809792480227905e+00 0.000000000000000000e+00
9.668160517012866606e+00 -3.660269641796567441e+00 0.000000000000000000e+00
-1.041372984598937279e+01 -8.016250434676990722e+00 0.000000000000000000e+00
1.292341654529611006e+01 1.571699988686161342e+00 0.000000000000000000e+00
-1.985561142891562492e+00 1.827738740960170416e+00 0.000000000000000000e+00
-3.255495240073390750e+00 -1.507604742630278416e+01 0.000000000000000000e+00
1.701471025668092807e+01 7.791139135099994562e+00 0.000000000000000000e+00
2.960178932219096559e+00 6.647021290916436342e+00 0.000000000000000000e+00
5.061956622945911199e+00 -2.708158812344734767e-01 0.000000000000000000e+00
-1.639935029043708425e+01 -8.952993589073539482e+00 0.000000000000000000e+00
6.809940776151289510e-02 1.545918936417703016e+01 0.000000000000000000e+00
-6.793624330717825011e+00 -1.287363474938666386e+01 0.000000000000000000e+00
8.937371346411527639e+00 -1.249184741068366122e+01 0.000000000000000000e+00
1.574238483381044773e+00 1.819661452211341768e+01 0.000000000000000000e+00
1.153129471181086885e+00 -2.880982918001434800e+00 0.000000000000000000e+00
1.547423683315085086e+01 3.883161557501979555e+00 0.000000000000000000e+00
5.459465817208451810e+00 1.033794847825841678e+01 0.000000000000000000e+00
1.732281796147552733e+00 -1.561273248713803774e+01 0.000000000000000000e+00
1.729538251627496859e+00 7.923080535342769792e+00 0.000000000000000000e+00
-1.176943144052868817e+01 1.289308404396545171e+01 0.000000000000000000e+00
6.081224373888591828e+00 1.333665965980612889e+01 0.000000000000000000e+00
1.716972113393411092e+01 -3.448213478195985893e+00 0.000000000000000000e+00
-1.170539975380906927e+00 7.145587365010038994e+00 0.000000000000000000e+00
-1.162550236067594689e+01 6.196826342651500674e+00 0.000000000000000000e+00
1.235826284497594019e+00 1.241168856637294127e+01 0.000000000000000000e+00
-7.842430113920793922e+00 -1.139700703412819749e+01 0.000000000000000000e+00
-9.143319192098877224e+00 1.348609735303355350e+01 0.000000000000000000e+00
1.794305949625400487e+01 5.648819484446494954e+00 0.000000000000000000e+00
2.676687954236469213e+00 -1.783321109194718090e+01 0.000000000000000000e+00
8.638929991495237104e+00 -1.565620465156686691e+01 0.000000000000000000e+00
7.801278398009613146e-02 -1.088940565525404658e+01 0.000000000000000000e+00
3.257881259208215141e+00 1.826603962528641745e+01 0.000000000000000000e+00
6.900654640556957986e+00 -5.253733327792381225e+00 0.000000000000000000e+00
-3.243517052248453769e+00 -1.659432627278373928e+01 0.000000000000000000e+00
5.114405278300797164e+00 -9.031836586606928563e+00 0.000000000000000000e+00
1.024522703681612867e+01 -5.585555306241039908e+00 0.000000000000000000e+00
-7.637368665326622619e-01 -1.317800906426356100e+01 0.000000000000000000e+00
-9.677505301573608776e+00 1.024687487034852573e+01 0.000000000000000000e+00
-3.357257901645462894e+00 -3.403390517907209034e+00 0.000000000000000000e+00
-9.463487316041057085e+00 -9.587757608748356475e+00 0.000000000000000000e+00
-5.380412344166608740e+00 3.305689266171277563e+00 0.000000000000000000e+00
7.874633630954986252e+00 5.842848830527738180e+00 0.000000000000000000e+00
1.028056836154698139e+01 1.520677777497952121e+01 0.000000000000000000e+00
6.780976783984011824e+00 1.122343058355462908e+01 0.000000000000000000e+00
-6.109481835269853001e+00 -1.136975052730377023e+01 0.000000000000000000e+00
-1.567495586340269753e+00 -1.844856778086574778e+01 0.000000000000000000e+00
-4.804228001433217266e+00 -1.727766577603420473e+01 0.000000000000000000e+00
-8.420739639073593352e+00 2.280628423512529590e+00 0.000000000000000000e+00
4.883528505403718967e+00 1.832347947864408511e+01 0.000000000000000000e+00
-1.494702984553482672e+01 1.062137886885645166e+01 0.000000000000000000e+00
1.456614289646267046e+00 -9.882635050499805729e+00 0.000000000000000000e+00
-1.438397489208229629e+01 -6.380692250768174922e+00 0.000000000000000000e+00
1.223015121951819495e+01 1.480249262455941017e-01 0.000000000000000000e+00
3.681625536979718394e+00 1.135840508099601998e+01 0.000000000000000000e+00
-7.926379991729824326e+00 1.439000412775519955e+01 0.000000000000000000e+00
-1.873950331148482817e+01 -7.024902838055300247e-01 0.000000000000000000e+00
-1.637666761841467178e+01 5.642756750484226869e-01 0.000000000000000000e+00
-1.299797137777816047e+01 -5.193637012220008842e+00 0.000000000000000000e+00
-1.323961852694774777e+01 -1.080813375585052860e+01 0.000000000000000000e+00
-6.468477412123158743e+00 6.546018622245847851e+00 0.000000000000000000e+00
-1.862522700062846681e+01 -2.478186185727297097e+00 0.000000000000000000e+00
-9.014790769676773508e+00 -4.187548792924030927e+00 0.000000000000000000e+00
1.337466592586217473e+01 6.847924694916301291e+00 0.000000000000000000e+00
-1.296617987335835487e+01 -7.318737930579409579e+00 0.000000000000000000e+00
8.609195192265066687e-01 -7.783307491697716074e+00 0.000000000000000000e+00
-1.723065438070335986e+01 -7.540033185454809939e+00 0.000000000000000000e+00
1.220173039002975801e-01 5.201070675886589889e+00 0.000000000000000000e+00
-9.358676385847481072e+00 1.181835540119748096e+01 0.000000000000000000e+00
-6.915810214331223449e+00 2.660131870751195837e+00 0.000000000000000000e+00
4.827581360876758154e+00 -1.783324639696598624e+01 0.000000000000000000e+00
8.708101324175004265e+00 1.550882593103492724e+01 0.000000000000000000e+00
-1.470880807573365701e+00 -1.455834037622270571e+01 0.000000000000000000e+00
-4.900266534878182867e+00 6.390392633533117817e+00 0.000000000000000000e+00
-6.528067268102722309e+00 9.790425775077224557e+00 0.000000000000000000e+00
-1.363891452460194031e+01 5.942677292869870120e-01 0.000000000000000000e+00
6.563835412237214229e+00 8.917420273176333012e+00 0.000000000000000000e+00
-1.771743468415074219e+01 -5.712897942173653654e+00 0.000000000000000000e+00
