-8.090909714455882806e+00 -4.913061972024389767e+00 0.000000000000000000e+00
-1.338411284043830562e+01 -6.818074356154797400e+00 0.000000000000000000e+00
2.634107199311052305e+00 -9.973781718603035529e+00 0.000000000000000000e+00
-8.097565912864158832e+00 -1.179576784977085246e+01 0.000000000000000000e+00
-1.576493808273851727e+01 -6.311945118833705237e+00 0.000000000000000000e+00
1.044027444686544115e+01 -3.282629643505692307e-01 0.000000000000000000e+00
2.231691405358065872e+00 7.441863137276830464e+00 0.000000000000000000e+00
7.381959652274193040e+00 1.087446191842205501e+01 0.000000000000000000e+00
-1.656666856265773902e+01 -4.980093820129441795e+00 0.000000000000000000e+00
-1.035114165340069903e+01 1.081070030160707951e+01 0.000000000000000000e+00
1.360565440160599326e+00 9.426509151604514969e+00 0.000000000000000000e+00
-9.590313481731108425e+00 9.279135009608728168e+00 0.000000000000000000e+00
1.504635409729643314e+01 -8.197470370574487575e+00 0.000000000000000000e+00
5.587492055909956790e+00 9.742281771256505962e+00 0.000000000000000000e+00
7.850009983421179172e+00 -1.003290339327521608e+01 0.000000000000000000e+00
1.465374276641340678e+00 -4.860137057986067544e-01 0.000000000000000000e+00
1.665163177406756390e+01 -3.443483548268807315e+00 0.000000000000000000e+00
-1.484279293327833571e+01 8.567297565492175693e+00 0.000000000000000000e+00
1.530422860905827953e+01 -8.116474567233246118e-01 0.000000000000000000e+00
7.512397312816914585e+00 -1.473412690352434673e+01 0.000000000000000000e+00
-2.824959659168163828e+00 1.156663820632499196e+01 0.000000000000000000e+00
2.912143994290171123e-01 -2.799754623329391290e+00 0.000000000000000000e+00
-5.571750486609864161e+00 -1.282131061726534327e+01 0.000000000000000000e+00
-8.124422110038532097e+00 -1.445675639181705385e+01 0.000000000000000000e+00
1.249793434026743988e+01 -1.032698962866908587e+01 0.000000000000000000e+00
1.294502930370585680e+01 9.660385503324885548e+00 0.000000000000000000e+00
2.544253457791100792e-01 -8.876698453746620032e+00 0.000000000000000000e+00
-1.602609620403405799e+01 -1.436512319901215529e+00 0.000000000000000000e+00
6.239006172397960626e+00 1.498589387337080936e+01 0.000000000000000000e+00
2.326484927934377112e+00 1.447102336778062970e+01 0.000000000000000000e+00
-1.640412781972495626e+00 -9.702634324915500486e+00 0.000000000000000000e+00
-6.881763063329882968e+00 1.421033818513679492e+01 0.000000000000000000e+00
2.300072260112978384e+00 -1.210212284888751988e+01 0.000000000000000000e+00
-7.200389629750895359e+00 2.110531839050691971e+00 0.000000000000000000e+00
8.111580711724258208e+00 -3.603242054538911443e+00 0.000000000000000000e+00
-1.429977672066189420e+01 -8.595190195168690650e+00 0.000000000000000000e+00
-6.199841457696416702e-01 7.794160649475345259e+00 0.000000000000000000e+00
3.983788457356852941e+00 1.679362294443313175e+01 0.000000000000000000e+00
-8.551959193146849714e+00 1.287829292509451884e+00 0.000000000000000000e+00
-2.081900033344648016e+00 1.384618024120714708e+01 0.000000000000000000e+00
8.043580515718380397e+00 -1.318618594586830461e+01 0.000000000000000000e+00
-4.146461898504224308e+00 1.384637911747437578e+01 0.000000000000000000e+00
3.107353779673254213e+00 4.822377232171790595e+00 0.000000000000000000e+00
5.460357684024841340e+00 -5.347444077074324120e+00 0.000000000000000000e+00
-4.093645982020184704e+00 1.258902305065593197e+00 0.000000000000000000e+00
-1.474590108577543823e+01 5.557737704084281916e+00 0.000000000000000000e+00
-1.477533785386272225e+00 6.435617331479594583e+00 0.000000000000000000e+00
-1.173970207556254408e+01 -5.420685607246736204e+00 0.000000000000000000e+00
2.173481545132166737e+00 1.098085039141383135e+01 0.000000000000000000e+00
-7.258227945181979557e+00 1.145705736383333218e+01 0.000000000000000000e+00
1.448217987878841662e+01 6.909790427449140182e+00 0.000000000000000000e+00
-6.664453504197690670e+00 -2.445934945763823976e+00 0.000000000000000000e+00
-3.079235208821324399e+00 1.497259554346514321e+01 0.000000000000000000e+00
-1.598382952348018726e+01 4.085990434012344963e+00 0.000000000000000000e+00
1.028522337327130742e+01 9.473917691551516640e+00 0.000000000000000000e+00
-8.659708491465398339e+00 1.515981340405052791e+01 0.000000000000000000e+00
-4.704913900464402055e+00 -4.427564009688502722e+00 0.000000000000000000e+00
3.588867943453653897e+00 -8.778454329534815415e+00 0.000000000000000000e+00
1.249026357206605597e+00 2.922398758913740124e+00 0.000000000000000000e+00
3.711657463526980116e+00 1.350998817654731710e+01 0.000000000000000000e+00
-1.710369539786101356e+01 2.310670167627788540e+00 0.000000000000000000e+00
-1.714871365104568568e+01 3.218470034155367920e-01 0.000000000000000000e+00
3.365058605082380083e+00 -9.005142014203719736e-01 0.000000000000000000e+00
8.597277388711599411e-01 1.671320149108069586e+01 0.000000000000000000e+00
-1.333332247095856715e+01 -3.943421848765544802e+00 0.000000000000000000e+00
7.004281822734402141e+00 -1.434492374378793844e+00 0.000000000000000000e+00
3.533143716774995724e+00 1.030296999193973129e+01 0.000000000000000000e+00
4.048053577245382506e+00 -1.272331654020611502e+01 0.000000000000000000e+00
1.079805146455946741e+01 4.669543255525418601e+00 0.000000000000000000e+00
-1.941357322971897448e+00 1.659691297165279522e+01 0.000000000000000000e+00
-1.036474238821248406e+01 2.976717979496739552e+00 0.000000000000000000e+00
-1.018700141710654528e+01 2.948269329678222528e-01 0.000000000000000000e+00
-4.429068762760343114e-01 -1.180404683638140106e+01 0.000000000000000000e+00
6.905457049584499352e+00 2.470150247187536396e-01 0.000000000000000000e+00
1.476714258245100098e+01 -4.208307164262287792e+00 0.000000000000000000e+00
9.962593132580911615e+00 1.129168122346367120e+01 0.000000000000000000e+00
5.166920554943737365e+00 7.888692069690710351e-01 0.000000000000000000e+00
1.103075050194433260e+01 -8.118370845676075476e+00 0.000000000000000000e+00
-1.261126680063011563e+01 7.618132321803012807e+00 0.000000000000000000e+00
5.037608088768832815e+00 -8.378317417618871943e+00 0.000000000000000000e+00
1.672815732780799891e+01 -5.099065427924878158e+00 0.000000000000000000e+00
-1.796271775173023277e+00 -7.889082322770322619e+00 0.000000000000000000e+00
-4.511410002500930716e+00 -1.416715466284325764e+01 0.000000000000000000e+00
-9.768953092035415509e+00 6.787762307986580979e+00 0.000000000000000000e+00
2.849705560026241091e+00 -6.117450919743890658e+00 0.000000000000000000e+00
7.032637257597539104e+00 6.147444654827137533e+00 0.000000000000000000e+00
-1.718258090694331663e+00 -3.428755997269421485e+00 0.000000000000000000e+00
-2.056046986135396715e+00 9.864682463309810245e+00 0.000000000000000000e+00
-1.376818765190586547e+01 1.880760724532005712e-01 0.000000000000000000e+00
4.722647089548650534e+00 1.475530954769003422e+01 0.000000000000000000e+00
-5.072584903247199684e+00 -2.267024907085921637e+00 0.000000000000000000e+00
1.584294596210693840e+01 2.176381591212738442e+00 0.000000000000000000e+00
1.108632260699235417e+01 1.303271414773840853e+01 0.000000000000000000e+00
-9.082097735165167052e+00 -7.745038041823964825e+00 0.000000000000000000e+00
-1.710725506956355169e+00 4.926699594177095243e+00 0.000000000000000000e+00
-8.816706975739327490e+00 -9.935547101867216568e+00 0.000000000000000000e+00
5.034115114561567239e+00 -2.307489361199670963e+00 0.000000000000000000e+00
-4.687925205991394506e+00 7.523877324861822480e+00 0.000000000000000000e+00
4.728835094246111592e-03 1.324006522225432114e+01 0.000000000000000000e+00
-3.116729099798344560e+00 -1.173941374153975836e+01 0.000000000000000000e+00
-6.399546295528970141e+00 -8.071696746399577904e+00 0.000000000000000000e+00
1.732098916285092116e+01 -1.817021136358539124e+00 0.000000000000000000e+00
-6.468268641289975918e+00 1.572683210481742755e+01 0.000000000000000000e+00
-1.177059564940756609e+01 4.690440080223161168e+00 0.000000000000000000e+00
-1.446437517239485659e+00 -6.408298631330437090e+00 0.000000000000000000e+00
1.422915307279515318e+01 1.704291889730261467e+00 0.000000000000000000e+00
-6.959001683037223884e+00 -1.551222614099875940e+01 0.000000000000000000e+00
7.042851061375259292e+00 -5.339246248029269282e+00 0.000000000000000000e+00
-6.048212094824860330e+00 3.079458982434569947e+00 0.000000000000000000e+00
8.987042504406215215e+00 1.989465309864530962e+00 0.000000000000000000e+00
5.641579380206088068e+00 3.143333202693306294e+00 0.000000000000000000e+00
-9.298693131924311572e+00 -1.295076085667386856e+01 0.000000000000000000e+00
1.005193157173132867e+01 -9.744425638596959871e+00 0.000000000000000000e+00
1.155646579071169988e+01 -1.702173599926891434e+00 0.000000000000000000e+00
8.005562552857758973e+00 1.542749300520766553e+01 0.000000000000000000e+00
5.677255831768323269e+00 -1.423049720312444677e+01 0.000000000000000000e+00
5.123655717745602800e+00 -1.125895621794703771e+01 0.000000000000000000e+00
1.403543913862420567e+01 5.363033122374459616e+00 0.000000000000000000e+00
-9.072681468836391261e+00 4.079975704203328668e+00 0.000000000000000000e+00
1.411100887390885905e+00 -1.600892583783031142e+01 0.000000000000000000e+00
1.238250346692441939e+00 5.642811462107881759e+00 0.000000000000000000e+00
-1.599496394246260600e+01 6.818794425127825853e+00 0.000000000000000000e+00
4.974478201002442646e+00 -1.591290454283943312e+01 0.000000000000000000e+00
1.345968616566646148e+01 -2.147645730596912550e+00 0.000000000000000000e+00
-1.175554683309822046e+01 -8.484612748688986628e+00 0.000000000000000000e+00
-4.740498862527316781e+00 -1.594312583390662219e+01 0.000000000000000000e+00
1.294881951817225740e+01 -3.733402438418417457e+00 0.000000000000000000e+00
1.037071560599745546e+01 7.771244742692768881e+00 0.000000000000000000e+00
8.498907286983447662e+00 7.857561050252916068e+00 0.000000000000000000e+00
9.021462586569153785e+00 4.753843586890097228e+00 0.000000000000000000e+00
-5.489379718904412897e+00 -6.328454650560451533e+00 0.000000000000000000e+00
9.048525749288970133e+00 -6.557518992549516312e+00 0.000000000000000000e+00
9.622325502939979458e+00 -5.133196615894236814e+00 0.000000000000000000e+00
1.195548262554035368e+01 5.928242656855869930e-01 0.000000000000000000e+00
6.075540973438687153e+00 4.678516640983307440e+00 0.000000000000000000e+00
-1.221926689686078760e+01 9.007683101882131282e-01 0.000000000000000000e+00
1.252110488872563110e+01 5.429281881533987608e+00 0.000000000000000000e+00
-7.498794204776646488e+00 4.261318256482124589e+00 0.000000000000000000e+00
8.009598921524052173e+00 3.605746433773528548e+00 0.000000000000000000e+00
1.644335888882454455e+01 4.546654693232857980e+00 0.000000000000000000e+00
-9.386842490539843098e+00 -1.173916976152526104e+00 0.000000000000000000e+00
1.181645451804512170e+01 7.046939985862025857e+00 0.000000000000000000e+00
4.776773327719453732e+00 1.208488171277767265e+01 0.000000000000000000e+00
9.274910224422928451e+00 -1.162522603705299673e+01 0.000000000000000000e+00
-4.331986093795669568e+00 -5.609813909739332916e-01 0.000000000000000000e+00
-1.089142546465033945e+01 -2.660554172829541209e+00 0.000000000000000000e+00
-1.454486824620023455e+01 2.331684749953033098e+00 0.000000000000000000e+00
-3.835167069641619797e+00 1.655394733289728393e+01 0.000000000000000000e+00
-6.147110562171035353e-01 -1.347717087012353332e+01 0.000000000000000000e+00
1.275983660580947365e+01 -6.585908735110016288e+00 0.000000000000000000e+00
-1.424364309483944879e+00 -6.923194504682558259e-01 0.000000000000000000e+00
-3.252117330853203203e+00 2.696276248100573092e+00 0.000000000000000000e+00
1.105937921971160698e+01 -1.288614725497557778e+01 0.000000000000000000e+00
3.936132360356652704e+00 8.795109228572140836e+00 0.000000000000000000e+00
-1.018516513985584915e+01 -5.398104552948919554e+00 0.000000000000000000e+00
-7.120787582315929454e-01 -1.635124026190159796e+01 0.000000000000000000e+00
1.163121104070118372e+00 -1.387606417351607568e+01 0.000000000000000000e+00
-6.082354214536861647e+00 5.987844297806345750e+00 0.000000000000000000e+00
1.740551039021865476e+00 -8.290372308392988998e+00 0.000000000000000000e+00
-5.025781705440397040e+00 -9.284675991471447176e+00 0.000000000000000000e+00
8.103645173946174562e-01 1.167236544288970990e+01 0.000000000000000000e+00
-1.207916373462816217e+01 1.203683416842722842e+01 0.000000000000000000e+00
1.146757733835585746e+01 1.087791041741352771e+01 0.000000000000000000e+00
-4.185056142922311651e+00 -7.226754062997404304e+00 0.000000000000000000e+00
-4.661117558839645625e+00 -1.104092953044373893e+01 0.000000000000000000e+00
-1.296671074346891217e+01 3.743320380251931478e+00 0.000000000000000000e+00
-1.295985791458620540e+01 9.589023650859802572e+00 0.000000000000000000e+00
-4.197710053726024348e+00 5.288461932196485193e+00 0.000000000000000000e+00
-1.021518340477032538e+01 1.341118096012965566e+01 0.000000000000000000e+00
-8.868877827594069174e+00 -3.299717839899568794e+00 0.000000000000000000e+00
-1.032575472624584201e+01 -9.511153566525287317e+00 0.000000000000000000e+00
8.594632149321549397e-01 -1.043297817778125847e+01 0.000000000000000000e+00
8.406246264600399698e+00 1.219308988313953535e+01 0.000000000000000000e+00
6.576011708862669281e+00 1.286999493416602469e+01 0.000000000000000000e+00
1.471751597720417770e+01 -6.063727819755837523e+00 0.000000000000000000e+00
-7.362094494009507883e+00 6.848422192782155804e+00 0.000000000000000000e+00
2.249560212639822865e+00 -3.339096098863630235e+00 0.000000000000000000e+00
-5.296260743019509221e+00 1.005194214968183708e+01 0.000000000000000000e+00
1.090698872433054412e+01 1.806142637974674559e+00 0.000000000000000000e+00
8.597004870903194984e+00 -8.055112681143448583e+00 0.000000000000000000e+00
7.726700607619770622e+00 -1.158266720545755568e+01 0.000000000000000000e+00
6.594006566607344411e+00 -8.817741329604485756e+00 0.000000000000000000e+00
-1.383516004682218181e+01 -1.848391429910843486e+00 0.000000000000000000e+00
-1.009444719040084060e+01 5.241633067271811441e+00 0.000000000000000000e+00
3.395937107983315162e+00 1.060988985566658105e+00 0.000000000000000000e+00
-1.647859683485477333e+01 -3.254877730203100228e+00 0.000000000000000000e+00
5.541328699133177160e+00 6.369286905963554624e+00 0.000000000000000000e+00
3.672564304796479551e+00 -1.446985313518461069e+01 0.000000000000000000e+00
6.447888610775427409e+00 7.596330813935651349e+00 0.000000000000000000e+00
3.067799660301871789e+00 -1.650227034516474234e+01 0.000000000000000000e+00
-6.812717128826023538e-01 2.554733792261456582e+00 0.000000000000000000e+00
6.490093326887071079e+00 -3.237105680611644942e+00 0.000000000000000000e+00
-1.129475725418279630e+01 -1.157202099694362829e+01 0.000000000000000000e+00
-7.348115108004873441e+00 -5.243811563688655086e-01 0.000000000000000000e+00
-1.462793316759958628e+01 -5.189484641791067610e+00 0.000000000000000000e+00
1.222381327440889009e+01 3.135721974217812402e+00 0.000000000000000000e+00
-6.094401076821663210e+00 1.287149476099098422e+01 0.000000000000000000e+00
-7.190052430906923142e+00 -1.036565585889136898e+01 0.000000000000000000e+00
-3.572160370271350027e-01 1.492396523489554383e+01 0.000000000000000000e+00
1.373018974440118534e+01 8.304083227037979853e+00 0.000000000000000000e+00
1.081753738862800240e+01 -3.033669439368965826e+00 0.000000000000000000e+00
4.363941588971614216e+00 -3.873742725331926096e+00 0.000000000000000000e+00
8.690283257850547116e+00 -1.417883351623150379e+00 0.000000000000000000e+00
-8.477169679278258485e+00 7.896800313780473424e+00 0.000000000000000000e+00
9.181016520154630656e-02 6.763952002875046610e-01 0.000000000000000000e+00
-7.134307916494280200e-01 1.063182993443772517e+01 0.000000000000000000e+00
1.410504836466477840e+01 3.794584162666781779e+00 0.000000000000000000e+00
-2.443105622755242123e+00 -1.468969361194811896e+01 0.000000000000000000e+00
-3.684604957386128365e+00 -2.928954993715194632e+00 0.000000000000000000e+00
2.366612050240439302e+00 1.680495792923558795e+01 0.000000000000000000e+00
1.169334790467616259e+01 -5.467869925150651511e+00 0.000000000000000000e+00
9.696430344289828085e+00 1.449607870847815683e+01 0.000000000000000000e+00
7.702193247993094793e+00 9.159798094132462154e+00 0.000000000000000000e+00
-5.937010027441305127e+00 5.133595833899943228e-01 0.000000000000000000e+00
6.477216017348133015e+00 1.688758182629988003e+00 0.000000000000000000e+00
-1.212851951497072989e+01 -1.279511600397891247e+00 0.000000000000000000e+00
6.536384969950282731e+00 -1.269838577318167872e+01 0.000000000000000000e+00
-2.506205931307363688e+00 -1.315095309918401867e+01 0.000000000000000000e+00
-3.576791496800708625e+00 9.537582971306173718e+00 0.000000000000000000e+00
-8.815119644112078490e+00 1.169994683108489397e+01 0.000000000000000000e+00
-1.140095701822612995e+01 6.709123623577694318e+00 0.000000000000000000e+00
1.678425049422386905e+01 8.535076844390588890e-01 0.000000000000000000e+00
-6.492532078555274033e+00 -4.174520143415879403e+00 0.000000000000000000e+00
4.217554344359826679e+00 2.370640152318948868e+00 0.000000000000000000e+00
-1.287058315136531661e+01 -1.178311904965560508e+01 0.000000000000000000e+00
-1.347560843478129833e+01 1.106545854459043632e+01 0.000000000000000000e+00
6.119592930677454135e+00 -6.968040677143616968e+00 0.000000000000000000e+00
-1.993406774653516234e+00 1.136653695106792927e+00 0.000000000000000000e+00
3.596728114547695032e+00 6.649588037180889977e+00 0.000000000000000000e+00
-3.492169540658669913e+00 -8.869227024285720518e+00 0.000000000000000000e+00
-2.255610125370509422e+00 -4.933132684525501688e+00 0.000000000000000000e+00
1.710089621088886958e+01 3.126816995638953323e+00 0.000000000000000000e+00
-7.236528609579743865e+00 9.753908823113727422e+00 0.000000000000000000e+00
-1.310949646085516340e-01 4.968770491653591748e+00 0.000000000000000000e+00
-1.133541639175523130e+01 8.764299540621696138e+00 0.000000000000000000e+00
-2.970053606848525263e+00 -1.654924852988153106e+01 0.000000000000000000e+00
1.276454542495995703e+01 1.186211191981828605e+01 0.000000000000000000e+00
1.250110273626152768e+01 -1.200932891813803316e+01 0.000000000000000000e+00
1.537570156346452244e+01 8.280409722449954657e+00 0.000000000000000000e+00
1.503351240464517424e+01 -2.671413405060007573e+00 0.000000000000000000e+00
-7.114627919511129051e+00 -6.574038663288486184e+00 0.000000000000000000e+00
4.467424252339360358e+00 -6.500254896584072739e+00 0.000000000000000000e+00
-1.126537940084701184e+01 -6.985370249265634435e+00 0.000000000000000000e+00
-3.139917790948298482e+00 7.501959388855642175e+00 0.000000000000000000e+00
-8.448358819369147454e+00 5.727668110683387326e+00 0.000000000000000000e+00
5.392229741898442175e-01 -5.074313610524233020e+00 0.000000000000000000e+00
9.552738911542624223e+00 -1.446730192808500881e+01 0.000000000000000000e+00
8.191111057734311585e-01 -6.565471665638122900e+00 0.000000000000000000e+00
9.172482415822534207e+00 4.749305672399544709e-01 0.000000000000000000e+00
-9.788717029945779302e+00 -1.450335655544404290e+01 0.000000000000000000e+00
9.679710685372004519e+00 3.382550452830582088e+00 0.000000000000000000e+00
1.755329570279345441e+00 1.286761693122789296e+01 0.000000000000000000e+00
-4.796559554855293506e+00 1.169062281772847456e+01 0.000000000000000000e+00
1.265651971060141356e+01 -8.268020876325280710e+00 0.000000000000000000e+00
-1.111289225433592698e+01 -1.327697775927754975e+01 0.000000000000000000e+00
-1.239277340198437649e+01 -1.018339387233588234e+01 0.000000000000000000e+00
