8.669340578468947456e+00 7.721612290779428456e+00 0.000000000000000000e+00
4.977379093046401692e+00 -5.955569664638385774e+00 0.000000000000000000e+00
1.844508882081822509e+00 -1.695693632946219864e+01 0.000000000000000000e+00
-9.080019792671002732e-02 8.352170364441708905e-01 0.000000000000000000e+00
1.258495946969883406e+01 1.317214151394443533e+01 0.000000000000000000e+00
8.128488337931264240e+00 1.025220589693311624e+01 0.000000000000000000e+00
1.640494037498203284e+01 -8.451211763173949620e+00 0.000000000000000000e+00
-6.637839665744866835e-01 4.342839712247740458e+00 0.000000000000000000e+00
-1.154938190209450072e-01 -6.835215716509627448e+00 0.000000000000000000e+00
7.118897959361781602e+00 -1.587147438417222567e+01 0.000000000000000000e+00
-1.944788535663802609e+00 6.706860792613976052e+00 0.000000000000000000e+00
-1.674299540534261510e+01 6.323235248425183919e+00 0.000000000000000000e+00
1.231135376216202282e+01 -8.436088381252726975e+00 0.000000000000000000e+00
-1.981678036878458782e+00 8.773548870274439082e+00 0.000000000000000000e+00
-9.367189641434704228e+00 -1.208863003785097057e+01 0.000000000000000000e+00
4.896773411223465655e-01 1.005553268887467944e+01 0.000000000000000000e+00
-3.224833765309833122e+00 7.790636328142609424e-01 0.000000000000000000e+00
-4.484771501217416301e+00 1.771858113790728595e+01 0.000000000000000000e+00
1.460728491670136187e+00 6.153721856428888692e+00 0.000000000000000000e+00
2.084700515817681232e+00 6.991442772001270622e-01 0.000000000000000000e+00
-5.837023095808479667e+00 -3.881118955940771720e+00 0.000000000000000000e+00
7.190874126180945680e+00 -9.691944624969654143e+00 0.000000000000000000e+00
-8.618475528806701647e+00 8.755524083895171117e+00 0.000000000000000000e+00
-1.856985944333385774e+01 -2.051019258393914857e+00 0.000000000000000000e+00
7.457103108628715837e+00 -4.275602517425811655e+00 0.000000000000000000e+00
2.597277819202163052e+00 -1.114597451865331657e+01 0.000000000000000000e+00
6.333994812191401813e+00 1.521446241245877395e+01 0.000000000000000000e+00
9.272984407203328061e+00 4.509427062405336528e+00 0.000000000000000000e+00
8.486090723012759796e+00 1.611608068290306406e+01 0.000000000000000000e+00
-1.983745838042683118e+00 1.265953323247109275e+01 0.000000000000000000e+00
1.042388057590355288e+01 -1.554031049507052487e+01 0.000000000000000000e+00
-4.273317119517857421e+00 -4.101956829758199419e+00 0.000000000000000000e+00
2.635655215998961021e-01 -8.910580459695120581e+00 0.000000000000000000e+00
1.246326013421824186e+01 -6.724311643056756438e+00 0.000000000000000000e+00
-1.109469777582788375e+01 -5.863760950106966519e+00 0.000000000000000000e+00
-3.202671122624348943e+00 -1.152404544714106827e+01 0.000000000000000000e+00
-8.425724711676920720e+00 4.230532525883124589e-02 0.000000000000000000e+00
1.435850412952623323e+01 1.019276256040166828e+01 0.000000000000000000e+00
5.369475849994596928e+00 4.546206577466225696e+00 0.000000000000000000e+00
-8.295759257663668507e+00 -1.774703490452590238e+00 0.000000000000000000e+00
-8.016410943978691250e+00 -3.346355468409177636e+00 0.000000000000000000e+00
-6.690893424790719024e+00 5.553321646174304682e+00 0.000000000000000000e+00
6.421338141678329059e+00 -1.417320676570653681e+01 0.000000000000000000e+00
-8.217972781516476033e+00 -8.753991054008297468e+00 0.000000000000000000e+00
8.485341343316315843e+00 -8.863916004103837842e-01 0.000000000000000000e+00
-1.370213850689553325e+01 -4.858902391852107705e+00 0.000000000000000000e+00
1.676968458528764216e+01 -6.432610498217678163e+00 0.000000000000000000e+00
2.970838792903735204e+00 2.653175588169698784e+00 0.000000000000000000e+00
9.858675406364278970e+00 -8.287029301659986302e+00 0.000000000000000000e+00
-1.184906244651805274e+01 2.423932295269716430e+00 0.000000000000000000e+00
5.339024248985910326e+00 1.766787160412457069e+01 0.000000000000000000e+00
-1.691977511926589628e+01 -7.488700347136924229e+00 0.000000000000000000e+00
2.966821391441685662e+00 1.018547387770684232e+01 0.000000000000000000e+00
6.152305096343202884e+00 -7.980011744558839659e+00 0.000000000000000000e+00
-5.792104974290369412e+00 7.097814989040632128e+00 0.000000000000000000e+00
-6.456658071968762513e+00 -1.507330434563160360e+01 0.000000000000000000e+00
8.004664506610154051e-01 -1.088528391139172946e+01 0.000000000000000000e+00
8.227335005667777423e+00 -1.266246195665535090e+01 0.000000000000000000e+00
3.064990362200837204e+00 5.750320136814720762e+00 0.000000000000000000e+00
3.781546310042054326e+00 4.252214016955208287e+00 0.000000000000000000e+00
1.185283175985220261e+01 -9.398196086164292140e-01 0.000000000000000000e+00
-4.844468044951356411e+00 1.187123244620331519e+01 0.000000000000000000e+00
1.525397737167938850e+01 -2.423470708025069253e+00 0.000000000000000000e+00
5.927333930485661817e+00 1.098545737616725759e+01 0.000000000000000000e+00
1.364188175785738899e+01 -1.185518710051387004e+01 0.000000000000000000e+00
-1.363316456701036827e+01 -3.173163663442862159e+00 0.000000000000000000e+00
7.704082611072851527e+00 3.960552111565568634e+00 0.000000000000000000e+00
-1.933290745630912966e+00 -3.417802186155362243e+00 0.000000000000000000e+00
-1.344842424617469057e+01 3.446599688669146122e+00 0.000000000000000000e+00
8.435330299486754058e+00 -1.468658247381168103e+01 0.000000000000000000e+00
3.646835773840719330e+00 -7.683370851640361821e+00 0.000000000000000000e+00
-1.149262040436513566e+01 -2.956951084599423130e+00 0.000000000000000000e+00
1.261625857348850666e+01 5.990008285071043659e+00 0.000000000000000000e+00
-1.277063734948769813e+01 -1.197682754932551674e+01 0.000000000000000000e+00
-4.805531267822928498e+00 1.009899798260588355e+01 0.000000000000000000e+00
-1.216145615006984215e+01 1.424530834336650464e+01 0.000000000000000000e+00
-3.075107674051616780e+00 -1.357675773325380675e+01 0.000000000000000000e+00
6.278877272691335776e+00 -9.497956948637205077e-01 0.000000000000000000e+00
1.028514827312292823e+01 -7.335081183618592515e-01 0.000000000000000000e+00
-5.008549932513974845e+00 -1.279145968412819556e+01 0.000000000000000000e+00
-9.810951113961603909e+00 4.096976646773000219e+00 0.000000000000000000e+00
1.416317690310815003e+01 3.004291407054586305e+00 0.000000000000000000e+00
1.109451956759948388e+01 -3.739496156106480118e+00 0.000000000000000000e+00
4.695522379371219301e+00 1.012866327525953558e+01 0.000000000000000000e+00
-1.306039282142434921e+01 6.064145082306771961e+00 0.000000000000000000e+00
-4.248073341054694474e+00 1.374561694161255510e+01 0.000000000000000000e+00
-6.716565492411551652e+00 -1.703293640554902666e+01 0.000000000000000000e+00
-1.160606444874366439e+01 5.263602428836250624e+00 0.000000000000000000e+00
2.201296970662912855e+00 1.816844626130327001e+01 0.000000000000000000e+00
-1.273750852975088321e+01 -8.534157580362836670e-01 0.000000000000000000e+00
-4.137099178208003991e+00 -6.566656335109700038e+00 0.000000000000000000e+00
-9.031418132973561441e+00 1.338644449327762587e+01 0.000000000000000000e+00
3.282622396630984762e-01 7.230045062370398234e+00 0.000000000000000000e+00
-2.281461959599110578e+00 1.107317484416748776e+01 0.000000000000000000e+00
-4.391779437473592451e-01 1.710933174296994608e+01 0.000000000000000000e+00
1.053670625342837575e+01 -1.314807366516993703e+01 0.000000000000000000e+00
4.994924048280791951e+00 6.687669401206516540e+00 0.000000000000000000e+00
1.234251074964711847e+01 1.077233758090417659e+01 0.000000000000000000e+00
-1.750183846197104742e+01 3.364782133629876881e+00 0.000000000000000000e+00
-4.890130565930389750e+00 -1.064849277904400715e+01 0.000000000000000000e+00
-1.226231610431645302e+00 -8.557642755853859029e+00 0.000000000000000000e+00
6.546060498089863178e-02 -1.267782604893279519e+01 0.000000000000000000e+00
6.522971537054002233e+00 1.089161147860574941e+00 0.000000000000000000e+00
9.036069233802960454e+00 1.372389677171030975e+01 0.000000000000000000e+00
1.596604752873576061e+01 1.002360313534598291e+01 0.000000000000000000e+00
1.976398498818117799e+00 1.298073910935165820e+01 0.000000000000000000e+00
-2.715341530405372961e+00 -1.523857366798202939e+01 0.000000000000000000e+00
4.133688430989718832e+00 -1.771938919035179083e+01 0.000000000000000000e+00
-4.211862957149296705e+00 3.954232730900030468e+00 0.000000000000000000e+00
-9.064418255566796034e+00 -5.819307267288691854e+00 0.000000000000000000e+00
-6.938582532345064280e+00 1.625212428684039168e+01 0.000000000000000000e+00
-1.762501826147822825e+01 1.655872009993011318e+00 0.000000000000000000e+00
-1.035475286209864265e+01 -1.533942069111497730e+01 0.000000000000000000e+00
-6.357139113843177647e+00 1.310111545279291967e+01 0.000000000000000000e+00
8.656572422446096482e+00 2.227264561249642227e+00 0.000000000000000000e+00
7.454053039971047845e+00 -6.097665384505618569e+00 0.000000000000000000e+00
-8.751110515241537158e+00 1.139228567789382396e+01 0.000000000000000000e+00
1.212153514718295000e+01 3.706041533711949221e+00 0.000000000000000000e+00
4.007469321950260621e+00 -1.007716537378239607e+01 0.000000000000000000e+00
-6.172714083146963127e+00 -7.554562959618440487e+00 0.000000000000000000e+00
-2.373870357685296195e+00 1.701282593858138625e+01 0.000000000000000000e+00
-8.466419282521686185e+00 -1.653959531062157495e+01 0.000000000000000000e+00
-1.003055076418864289e+01 9.890861426933334144e+00 0.000000000000000000e+00
-1.298722889598787766e+01 -1.385172798590252263e+01 0.000000000000000000e+00
-6.038478668419402062e+00 -5.573504816483255020e+00 0.000000000000000000e+00
1.564436824588611685e+01 5.822119874701227715e+00 0.000000000000000000e+00
3.346671377596031505e+00 1.228899207759308965e+01 0.000000000000000000e+00
3.120819871986522998e+00 1.666032151985490728e+01 0.000000000000000000e+00
-2.288217885133412732e+00 4.059472356766102408e+00 0.000000000000000000e+00
-3.478443606421964596e+00 -1.713045470513374724e+01 0.000000000000000000e+00
1.323207369892202934e+01 8.663648015521678403e+00 0.000000000000000000e+00
-1.545333620684766096e+01 1.848134615364863009e+00 0.000000000000000000e+00
-1.268992315848873531e+01 7.714053560117745789e+00 0.000000000000000000e+00
-9.792580761991468208e+00 1.059560045009886986e+00 0.000000000000000000e+00
5.799558046450985493e+00 2.989914109642830553e+00 0.000000000000000000e+00
-2.881407525990135277e+00 1.876679621116234031e+01 0.000000000000000000e+00
1.672186799605654883e+01 3.922645207538601575e+00 0.000000000000000000e+00
1.086643997441913889e+01 1.464512386937816224e+01 0.000000000000000000e+00
-1.433242694189062227e+01 5.874259553583163207e-01 0.000000000000000000e+00
1.604050291298209885e+01 -2.046462602716145329e-01 0.000000000000000000e+00
3.952041810057172366e+00 8.400415180958437089e-01 0.000000000000000000e+00
1.163976271189930678e+01 7.447400509764644738e+00 0.000000000000000000e+00
-9.722610698978904509e+00 -9.467902644503249476e+00 0.000000000000000000e+00
-1.397493493314753588e+00 -4.994595526034479427e+00 0.000000000000000000e+00
1.581593502396986395e+01 -5.075075335043880642e+00 0.000000000000000000e+00
-1.456563326607543551e+01 -1.040908019467857493e+01 0.000000000000000000e+00
-1.741634559611995092e+00 -1.102011243648290240e+01 0.000000000000000000e+00
-3.417881547580545298e+00 -1.865434749471602771e+01 0.000000000000000000e+00
1.073216837064087592e+01 1.488085173355025770e+00 0.000000000000000000e+00
-4.913740601329459778e+00 2.374503011267687924e+00 0.000000000000000000e+00
1.325622738559208535e+01 1.061526871204438560e+00 0.000000000000000000e+00
6.799614218221643469e+00 9.023277382337882457e+00 0.000000000000000000e+00
-1.387409352651826566e+01 -6.880999249051124700e+00 0.000000000000000000e+00
-4.649904424395814750e+00 -2.408533446133386935e+00 0.000000000000000000e+00
1.420016874566057297e+00 -5.397394197855421183e+00 0.000000000000000000e+00
1.095856359017223980e+01 -5.729557172394570408e+00 0.000000000000000000e+00
-1.735426441081339632e+01 -4.249230873665533759e-01 0.000000000000000000e+00
4.461816645510982227e+00 -1.534367602151591470e+01 0.000000000000000000e+00
1.307340260279294419e+01 -2.957327439571696193e+00 0.000000000000000000e+00
3.704208384061346004e-01 -1.826683204807011052e+01 0.000000000000000000e+00
1.000999699991229974e+01 -2.218565709837954980e+00 0.000000000000000000e+00
-1.470482302271649822e+01 5.205747900417975416e+00 0.000000000000000000e+00
5.877583029838316264e+00 -2.474458148907344501e+00 0.000000000000000000e+00
-1.549887315376259345e+01 -5.635349528292247889e+00 0.000000000000000000e+00
1.687730877616713343e+01 -2.377279907885531340e+00 0.000000000000000000e+00
-6.650644827867676634e-01 -1.643881761101073380e+01 0.000000000000000000e+00
8.046961354964876634e+00 -7.619453571895582478e+00 0.000000000000000000e+00
-3.492754564369493941e+00 6.615350483335634024e+00 0.000000000000000000e+00
2.339425999546631552e+00 -6.870069217418089735e+00 0.000000000000000000e+00
2.820310561032258523e+00 1.492377384667485352e+01 0.000000000000000000e+00
1.000415541565323752e+00 -1.489061242268557095e+01 0.000000000000000000e+00
-1.418889222058603572e+01 8.725859877265373044e+00 0.000000000000000000e+00
1.844443516125565097e+01 2.466082016427399548e+00 0.000000000000000000e+00
5.989821511307267698e+00 -1.065591657920262669e+01 0.000000000000000000e+00
-1.236267465420661971e+01 1.013978126037056526e+01 0.000000000000000000e+00
1.526145581346985836e+01 -1.100596180809708358e+01 0.000000000000000000e+00
-9.197415525125670399e+00 1.570841886903528817e+01 0.000000000000000000e+00
3.339264407172348292e+00 7.726756186799940807e+00 0.000000000000000000e+00
-1.577854999600041452e+01 9.522053601976532278e+00 0.000000000000000000e+00
4.804306853917361231e+00 1.313416913853844470e+01 0.000000000000000000e+00
-1.332041283607920334e+01 -8.486922948662524391e+00 0.000000000000000000e+00
1.664351375716528736e+01 8.291216947207232124e+00 0.000000000000000000e+00
-9.678455632489928462e+00 7.187777346458706695e+00 0.000000000000000000e+00
-3.234001096689412602e+00 -9.609821198317336055e+00 0.000000000000000000e+00
-1.024780809148478511e+01 -4.308951886078519422e+00 0.000000000000000000e+00
1.281001611573082677e+00 2.909224713801051188e+00 0.000000000000000000e+00
-1.234596718747699384e+01 -1.031212482945274900e+01 0.000000000000000000e+00
2.131996044623734488e+00 -1.887313050213423082e+01 0.000000000000000000e+00
-7.090648656343680578e+00 1.117234492286914715e+01 0.000000000000000000e+00
2.463684234488688674e+00 -3.869828098121985249e+00 0.000000000000000000e+00
5.132554107447698577e+00 -4.119459769501477631e+00 0.000000000000000000e+00
-1.025155301401073160e+01 1.158002027875333617e+01 0.000000000000000000e+00
-8.933409955991894691e+00 5.697439797147707985e+00 0.000000000000000000e+00
-7.820370492714004307e+00 -1.280569984884748358e+01 0.000000000000000000e+00
-4.054199544240420089e-02 5.726537448379283468e+00 0.000000000000000000e+00
-6.514797584921516282e+00 -8.635495384098338389e-01 0.000000000000000000e+00
-1.718278808848786809e+01 -3.659813368316087612e+00 0.000000000000000000e+00
-1.034198755344301013e+01 -5.847474600279276569e-01 0.000000000000000000e+00
-1.650031319419738463e+00 -9.002796709841516531e-02 0.000000000000000000e+00
1.108150529937322837e+01 -9.996678248647604903e+00 0.000000000000000000e+00
-5.790037670295837380e+00 1.466778974435084670e+01 0.000000000000000000e+00
1.465300867053054645e+01 7.698064481985610108e+00 0.000000000000000000e+00
1.099521030690414669e+01 9.965078112764949481e+00 0.000000000000000000e+00
1.800770875055723153e+01 -1.133659105076462170e+00 0.000000000000000000e+00
-1.406485498973972526e+01 1.025066112577594701e+01 0.000000000000000000e+00
-1.765468413024279570e+01 -5.186696495796685014e+00 0.000000000000000000e+00
9.233248799230123538e+00 -5.255158928811053620e+00 0.000000000000000000e+00
7.777921739659007017e+00 5.660209513778574397e+00 0.000000000000000000e+00
-1.215019740897453282e+01 6.733225986864909141e-01 0.000000000000000000e+00
-6.721796169012169031e+00 3.958208603867834796e+00 0.000000000000000000e+00
1.839825498572752238e+01 -3.531148017931033944e+00 0.000000000000000000e+00
-4.317526198293441198e+00 8.198800187256210847e+00 0.000000000000000000e+00
-8.219044613113338116e+00 -1.065365798128482488e+01 0.000000000000000000e+00
1.385451251667130812e+01 -7.939439368203001557e+00 0.000000000000000000e+00
-9.955179202682769013e-01 -2.116152877442968094e+00 0.000000000000000000e+00
9.553914694126428131e+00 1.076437146775175258e+01 0.000000000000000000e+00
-1.541264894357423820e+01 -2.816204662675960702e+00 0.000000000000000000e+00
-1.455980271975508877e+01 -9.918810203712029594e-01 0.000000000000000000e+00
-2.455672280346445024e+00 -6.200781745791530852e+00 0.000000000000000000e+00
1.204621045444235783e+01 -1.237885232558380366e+01 0.000000000000000000e+00
-1.459196708051757874e+01 6.922139352886778951e+00 0.000000000000000000e+00
5.136359135459962921e+00 8.472028436504569271e+00 0.000000000000000000e+00
4.925771228832465098e+00 -1.320325537267692262e+01 0.000000000000000000e+00
-6.170753748276735173e+00 6.915550944755219920e-01 0.000000000000000000e+00
1.361859715284477623e+01 -4.915017212131887803e+00 0.000000000000000000e+00
1.879301499813301035e+01 9.128900672022955964e-01 0.000000000000000000e+00
9.974702638065197746e+00 1.231736795905233883e+01 0.000000000000000000e+00
-1.318496221499515286e+00 1.457486864665314030e+01 0.000000000000000000e+00
6.263193531739037923e+00 1.262613643546092490e+01 0.000000000000000000e+00
6.311936143218105366e-01 1.495581049576683874e+01 0.000000000000000000e+00
-7.546410457195430688e+00 1.695144915940787644e+00 0.000000000000000000e+00
3.840933748008344306e+00 -2.314062769841934042e+00 0.000000000000000000e+00
-8.607703027656663508e+00 3.000551541364094632e+00 0.000000000000000000e+00
-1.048428411927499226e+01 -1.346288085038704985e+01 0.000000000000000000e+00
-1.516865480383240694e+01 3.604494460936823241e+00 0.000000000000000000e+00
-7.834946544720631678e+00 -6.756341671493838241e+00 0.000000000000000000e+00
1.487981477955703014e+01 1.396900798859977755e+00 0.000000000000000000e+00
-4.815878507738776904e+00 5.567240777153664943e+00 0.000000000000000000e+00
1.679130009839579429e+01 1.374739159785796305e+00 0.000000000000000000e+00
3.210046030188056676e+00 -1.368186264082241266e+01 0.000000000000000000e+00
1.473554147146505677e+01 -9.462504819070289841e+00 0.000000000000000000e+00
-3.743662446281312395e+00 1.633401247162345271e+01 0.000000000000000000e+00
-1.342305135536011207e+01 1.181372647992117564e+01 0.000000000000000000e+00
7.597643218107613450e+00 -1.114755474075466957e+01 0.000000000000000000e+00
-1.061848750902696992e+01 -1.118629593154668456e+01 0.000000000000000000e+00
-2.157995545744007426e+00 1.905999481508475757e+00 0.000000000000000000e+00
7.496095545907829338e-01 -1.303601432434105867e+00 0.000000000000000000e+00
-1.313608989243675307e-01 1.207747749103842239e+01 0.000000000000000000e+00
-1.501635715630190226e+01 -8.712872693518413314e+00 0.000000000000000000e+00
-7.408031664131686789e+00 1.460980054774351622e+01 0.000000000000000000e+00
1.478625469749180610e+01 1.192746052862556994e+01 0.000000000000000000e+00
7.253350142462055672e+00 1.733189081066167958e+01 0.000000000000000000e+00
-6.833050888837483683e+00 8.789420609424871245e+00 0.000000000000000000e+00
3.027549900443021968e+00 -1.585376977596375170e+01 0.000000000000000000e+00
4.401274875582663060e-01 1.884802562022647265e+01 0.000000000000000000e+00
1.085072737524436448e+01 6.118220529325441248e+00 0.000000000000000000e+00
