1.177176003660773951e+01 -1.783932898226086028e+00 0.000000000000000000e+00
-1.057005777982393546e+01 -2.423093497428766008e-01 0.000000000000000000e+00
8.122611158870256531e+00 4.577238035899084956e+00 0.000000000000000000e+00
1.328135132930804464e-02 1.837402153912878688e+01 0.000000000000000000e+00
1.642313689491221496e+01 7.052251430340862548e+00 0.000000000000000000e+00
8.354417498637580763e+00 1.418977823397478355e+00 0.000000000000000000e+00
-1.398338774663960926e+01 2.601953840334844781e+00 0.000000000000000000e+00
-1.014847330408863790e+01 -9.717630948671803992e+00 0.000000000000000000e+00
1.505187461159672857e+01 1.052222185161575929e+01 0.000000000000000000e+00
1.629519756553303722e+01 -3.077583111936205817e+00 0.000000000000000000e+00
1.142554414043989297e+01 1.721334966672555034e+00 0.000000000000000000e+00
-2.659936335293861642e+00 1.333776272449712152e+01 0.000000000000000000e+00
-1.535924671741741321e+01 -1.888490848244040343e+00 0.000000000000000000e+00
7.671859893500682759e+00 -1.832305192325263565e+00 0.000000000000000000e+00
-3.499255062530915783e+00 -4.850402190672890690e+00 0.000000000000000000e+00
-1.215146002825937543e+00 -1.134113863043059389e+01 0.000000000000000000e+00
-7.150267386992059215e+00 -1.003476298381565712e+01 0.000000000000000000e+00
1.144110298000031456e+01 4.741942499582866510e+00 0.000000000000000000e+00
1.121518819701696401e+01 -7.077503784937088760e+00 0.000000000000000000e+00
-1.282215478933836472e+01 -3.038135574420877116e+00 0.000000000000000000e+00
-7.669967257584631604e+00 -1.693365291802320316e+00 0.000000000000000000e+00
1.421865306781167071e+01 -9.087341940779246841e+00 0.000000000000000000e+00
-7.744895338851327971e+00 1.728644966182982046e+01 0.000000000000000000e+00
-1.206444477752361344e+01 -8.209963604652665836e+00 0.000000000000000000e+00
-1.137765085618064731e+01 4.254980386636513678e+00 0.000000000000000000e+00
-3.473627719729932561e+00 -2.690331702022212834e+00 0.000000000000000000e+00
8.146279295721488012e+00 -7.728975179741047974e+00 0.000000000000000000e+00
2.585601939229176249e+00 -9.057957793748053987e+00 0.000000000000000000e+00
1.692893663883628719e+01 7.589088634193644767e-01 0.000000000000000000e+00
-1.126371158742965406e+01 1.497483102790033449e+01 0.000000000000000000e+00
-9.616660711481857859e+00 1.597524912621661386e+01 0.000000000000000000e+00
-1.598126878830011321e+01 8.351538350893573437e+00 0.000000000000000000e+00
-2.628149149403751217e+00 -1.245577595374088808e+01 0.000000000000000000e+00
-7.506548267008981590e+00 1.333795982741763275e+01 0.000000000000000000e+00
3.410134743198011797e+00 -3.385911868646518941e-01 0.000000000000000000e+00
-3.823950836917832330e+00 -7.648868914968997679e+00 0.000000000000000000e+00
1.534511033098979382e+01 -6.490568692544554708e+00 0.000000000000000000e+00
-3.222600432828325978e+00 1.869700045360859519e+01 0.000000000000000000e+00
-1.063493653407821427e+01 -5.094282938981151254e+00 0.000000000000000000e+00
-4.441593606267847605e+00 1.652228362084095181e+01 0.000000000000000000e+00
1.020695513351172501e+01 -4.963531620026231828e+00 0.000000000000000000e+00
5.691975082528396790e+00 -4.184901231366191965e+00 0.000000000000000000e+00
1.355790109786430797e+01 6.775990993814329677e+00 0.000000000000000000e+00
1.155056284187542559e+01 1.145882708504086089e+01 0.000000000000000000e+00
-3.995721043925106297e+00 5.185088814692932146e+00 0.000000000000000000e+00
-1.767462753011331600e+01 2.343580564436639424e+00 0.000000000000000000e+00
-2.098062331033682781e+00 1.146322126084285209e+01 0.000000000000000000e+00
-6.948443086845605521e+00 1.245114416469214724e+00 0.000000000000000000e+00
-1.450578086952642742e+01 -4.879580031980833787e+00 0.000000000000000000e+00
4.046122629804953519e+00 -6.659382618202276838e+00 0.000000000000000000e+00
1.492895942879705373e+01 -2.013683183091568019e+00 0.000000000000000000e+00
-5.517739449056214163e+00 -2.570001771435460824e+00 0.000000000000000000e+00
1.494609174031480059e+01 8.492770021750544185e-01 0.000000000000000000e+00
-1.088403431762783846e+01 -2.971233825213258850e+00 0.000000000000000000e+00
-3.989171558712264254e+00 7.664202407108305914e-01 0.000000000000000000e+00
-2.233450565469093263e+00 1.637257605325659071e+01 0.000000000000000000e+00
-1.041238749937724029e+00 -1.829596063576205012e+01 0.000000000000000000e+00
-1.855166996599323426e+01 -1.658984767943634531e-01 0.000000000000000000e+00
7.533589454161335297e+00 1.681223740972222203e+01 0.000000000000000000e+00
-4.576066341186750819e+00 -1.084121440991087093e+00 0.000000000000000000e+00
2.667525114201019232e+00 -4.487653082763014112e+00 0.000000000000000000e+00
1.464501734370973018e+01 3.096499440344900211e+00 0.000000000000000000e+00
-1.117476821399886910e+00 2.151184822926374973e-01 0.000000000000000000e+00
6.367785802803327400e+00 -1.354303444734236628e+01 0.000000000000000000e+00
1.000558971151392029e+00 -1.704608164251645164e+01 0.000000000000000000e+00
-1.326021995211832172e+00 5.384524052813505435e+00 0.000000000000000000e+00
4.756116518938875437e+00 1.755714817285941720e+01 0.000000000000000000e+00
1.187505185096251914e+01 -1.139384844941899111e+01 0.000000000000000000e+00
-8.849605614582438662e-01 -1.485691174972722450e+01 0.000000000000000000e+00
-1.269325705993769837e+01 -1.266684536512530634e+01 0.000000000000000000e+00
1.255871800553859607e+01 1.383596330203905644e+01 0.000000000000000000e+00
-5.184030839812924896e+00 -5.276680239675306971e+00 0.000000000000000000e+00
1.408646336679722166e+00 7.501731410903569319e+00 0.000000000000000000e+00
1.439624548239436841e+01 -3.503515574605615246e+00 0.000000000000000000e+00
-5.992969066545940748e+00 1.262525079685201668e+01 0.000000000000000000e+00
1.311532657440148131e-01 1.253063141078999010e+01 0.000000000000000000e+00
-7.785865507431243004e-02 1.932608585995626127e+00 0.000000000000000000e+00
-4.317232169000126518e+00 -1.049393720655522699e+01 0.000000000000000000e+00
-3.996340173233598581e+00 1.095734751052031086e+01 0.000000000000000000e+00
7.817548119640234106e+00 1.092553714832732048e+01 0.000000000000000000e+00
-7.631984996687590783e-01 1.671624613718604735e+01 0.000000000000000000e+00
7.593543503740168177e+00 -1.215383363557062069e+01 0.000000000000000000e+00
1.247829818433794102e+01 3.811334294729895600e-01 0.000000000000000000e+00
6.285462625108900525e+00 -1.752718522901943743e+01 0.000000000000000000e+00
3.706074186034947093e+00 -1.646572662926996244e+01 0.000000000000000000e+00
-8.612196225386357540e+00 5.923238451966412299e+00 0.000000000000000000e+00
-1.217335235062583720e+01 1.226597654384321423e+01 0.000000000000000000e+00
-4.139749270381247293e+00 -1.770678451924819186e+01 0.000000000000000000e+00
-8.216054997497771240e+00 -1.484662352224273540e+01 0.000000000000000000e+00
1.459122884202102632e+01 8.246396080742954382e+00 0.000000000000000000e+00
5.699674645135739404e+00 1.942168289023538330e+00 0.000000000000000000e+00
4.088597944773855630e+00 5.731421336406156364e+00 0.000000000000000000e+00
1.249706644042001003e+01 -8.630471446907792554e+00 0.000000000000000000e+00
-1.357732384017856120e+01 6.815040435893729764e+00 0.000000000000000000e+00
-1.586510482008594991e+01 -3.629412771404038729e+00 0.000000000000000000e+00
1.371852644768767426e+01 -5.909482818552541872e+00 0.000000000000000000e+00
-3.772372729462538210e+00 -1.493972909482422828e+01 0.000000000000000000e+00
8.057557004460683459e+00 -3.327908616650663731e+00 0.000000000000000000e+00
1.330467284950380691e+00 2.735981626995055649e+00 0.000000000000000000e+00
-1.561325695100253697e+01 -8.635018167789134225e+00 0.000000000000000000e+00
-1.654785111431170463e+01 -5.249211921840997164e+00 0.000000000000000000e+00
-1.100612561617341001e+01 -1.237668145580704504e+01 0.000000000000000000e+00
-1.031427557095146774e+01 -1.438207582286562491e+01 0.000000000000000000e+00
8.474044541714965462e+00 1.377945220828832085e+01 0.000000000000000000e+00
-5.143977531057759123e+00 2.686175375359457274e+00 0.000000000000000000e+00
-1.676964636508776607e+01 4.196358761694179762e+00 0.000000000000000000e+00
2.924386814893729092e-01 -8.470788810258669699e+00 0.000000000000000000e+00
5.223138164592352695e+00 1.208664403971767420e+01 0.000000000000000000e+00
3.340025032850396425e+00 -1.379099805252244337e+01 0.000000000000000000e+00
-1.567160140704182325e+01 1.021222099673597405e+01 0.000000000000000000e+00
-8.948139578888472556e+00 -6.723028795039502903e-01 0.000000000000000000e+00
-9.179609630642923790e+00 8.216017358307908580e+00 0.000000000000000000e+00
-7.415086276581600799e+00 -5.175268145276556986e+00 0.000000000000000000e+00
7.399652482406196441e+00 -4.883127355219276211e+00 0.000000000000000000e+00
-6.898522017563301745e+00 -8.180942760092293042e+00 0.000000000000000000e+00
-1.439541773430532245e+00 1.424318694838306598e+01 0.000000000000000000e+00
1.119390963027759867e+01 -9.974266099651925899e+00 0.000000000000000000e+00
7.444733305816641611e+00 -1.478569917335424755e+01 0.000000000000000000e+00
-5.258569561477551169e+00 -7.106515438938522777e+00 0.000000000000000000e+00
1.673029505182631382e+01 5.239339775746598704e+00 0.000000000000000000e+00
1.045752718368846779e+01 -1.400277180239419117e+01 0.000000000000000000e+00
9.807573721995744620e+00 7.742154357018476318e+00 0.000000000000000000e+00
-6.492151340578386609e+00 -1.428715590731398066e+01 0.000000000000000000e+00
1.614528506158705579e+00 -1.288355671308372941e+01 0.000000000000000000e+00
3.540982390157966897e+00 -1.037321761637499762e+01 0.000000000000000000e+00
-1.564580216618123298e+00 -4.366219337862999872e+00 0.000000000000000000e+00
-7.216000767467060761e+00 7.623525336611470138e+00 0.000000000000000000e+00
7.251103501873680912e+00 -9.144771523476586950e+00 0.000000000000000000e+00
1.510933973791898088e+00 -2.039084163149162077e+00 0.000000000000000000e+00
-9.638038449106668182e+00 1.088375457397957113e+01 0.000000000000000000e+00
5.304207210687592600e+00 -8.806696859627578533e+00 0.000000000000000000e+00
5.789437506085354457e+00 6.981334994104446245e+00 0.000000000000000000e+00
-1.427473060371175606e+01 -1.125377252664338812e+01 0.000000000000000000e+00
6.603041973689887101e+00 9.257229159822749409e+00 0.000000000000000000e+00
-1.153493831234473888e+01 1.141643176637727741e+00 0.000000000000000000e+00
1.017487730645663646e+01 2.706118518748246604e+00 0.000000000000000000e+00
5.612908991302862916e+00 -2.373683797844048371e+00 0.000000000000000000e+00
7.677983805007480456e+00 6.975156122067502906e+00 0.000000000000000000e+00
-6.551324142868404365e-01 3.954190595061358948e+00 0.000000000000000000e+00
-1.139124380414688176e+01 1.078325712485419352e+01 0.000000000000000000e+00
2.358128500330778365e-01 1.552264346164814945e+01 0.000000000000000000e+00
-1.524239564384519774e+01 1.077507021648203445e+00 0.000000000000000000e+00
-7.199970580563496370e+00 4.133592594287787136e+00 0.000000000000000000e+00
-7.398020645713837773e+00 1.090963612365465529e+01 0.000000000000000000e+00
8.964982123763979516e+00 -1.451412845693279685e+01 0.000000000000000000e+00
1.256764116835258527e+01 -1.353536365234707617e+01 0.000000000000000000e+00
9.992908792085106739e+00 -3.332653486164725010e+00 0.000000000000000000e+00
1.630398643616938870e+00 -1.891363612413276840e+01 0.000000000000000000e+00
-7.006203156154091616e+00 -1.587886018309120928e+01 0.000000000000000000e+00
9.021459091074611081e+00 -1.059410805251719445e+01 0.000000000000000000e+00
1.122781600821171955e+00 1.066333414318336281e+01 0.000000000000000000e+00
-9.321794735026093903e+00 4.012061465645862413e+00 0.000000000000000000e+00
9.470855838813736494e-01 -6.924256373699504863e+00 0.000000000000000000e+00
1.651730018541544887e+00 1.381646329136475870e+01 0.000000000000000000e+00
-1.054736341344129746e+00 1.020982598186506785e+01 0.000000000000000000e+00
9.593212140127436172e+00 -8.537508112085840040e+00 0.000000000000000000e+00
6.064901736381324682e+00 5.203967635977702066e+00 0.000000000000000000e+00
4.532428492481246352e+00 -5.138803192547131360e+00 0.000000000000000000e+00
-3.656676764686241476e+00 3.273109344428600131e+00 0.000000000000000000e+00
-7.922813622442149040e+00 -1.298055680910830745e+01 0.000000000000000000e+00
-6.442817523694575499e+00 1.490229335011740375e+01 0.000000000000000000e+00
-1.046870289750538952e+01 7.280277660484906654e+00 0.000000000000000000e+00
5.214095378999040520e+00 -5.278578162505931370e-01 0.000000000000000000e+00
-7.197636853299747006e-01 7.422112523322848432e+00 0.000000000000000000e+00
1.773261374078338504e+00 1.808082871991136642e+01 0.000000000000000000e+00
2.278506872104113512e+00 5.182748154086332271e+00 0.000000000000000000e+00
-6.086099936957918288e+00 -1.135504808924311249e+01 0.000000000000000000e+00
5.197920397670942272e+00 8.545028807127588166e+00 0.000000000000000000e+00
-9.023840293820857283e+00 1.806410182690357358e+00 0.000000000000000000e+00
1.843724012801878942e+01 -2.263392361566232136e+00 0.000000000000000000e+00
1.853691042510724785e+01 -2.004976945808288336e-01 0.000000000000000000e+00
-1.421241961208360038e+01 -5.511263917586979588e-02 0.000000000000000000e+00
1.029306973875527653e+01 -2.889982374497314099e-01 0.000000000000000000e+00
2.743658253570107064e+00 1.618330669118924448e+01 0.000000000000000000e+00
1.223013840540729369e+01 -5.219135585105705744e+00 0.000000000000000000e+00
6.009671812671061986e+00 -1.147840507943339894e+01 0.000000000000000000e+00
-4.821638459554585587e+00 -1.276087688036032475e+01 0.000000000000000000e+00
-1.950021164607513180e+00 -1.708805401629740217e+01 0.000000000000000000e+00
6.592669502651450131e+00 1.486339630669709244e+01 0.000000000000000000e+00
-8.932582106073317263e+00 -8.767697480262647503e+00 0.000000000000000000e+00
-1.380183612783790714e+01 -1.901037338983724512e+00 0.000000000000000000e+00
-7.565375678684902461e+00 -3.499920652215796402e+00 0.000000000000000000e+00
-1.726797937774957248e+01 -1.874248256790238321e+00 0.000000000000000000e+00
2.696174826310708816e+00 2.017288158587488223e+00 0.000000000000000000e+00
4.071331840087989207e+00 -1.223136922797867143e+01 0.000000000000000000e+00
-7.952696857626648352e+00 1.569580614852360689e+01 0.000000000000000000e+00
8.526209800542317030e-01 -4.433691688457536806e+00 0.000000000000000000e+00
-2.113212573573438391e+00 -7.159416873050196806e+00 0.000000000000000000e+00
-1.219510231616009577e+01 -1.061310169169825812e+01 0.000000000000000000e+00
-1.900912967433815881e+00 3.111338789914989356e+00 0.000000000000000000e+00
1.133731748038689879e+01 9.830166237608768398e+00 0.000000000000000000e+00
-5.449554931516328082e+00 8.415583514246261387e+00 0.000000000000000000e+00
-9.101106599422276844e+00 -1.116092485834996495e+01 0.000000000000000000e+00
4.435350421666599097e+00 1.458155512993819158e+01 0.000000000000000000e+00
9.472610226783261922e+00 5.623408107466834949e+00 0.000000000000000000e+00
1.845429731945778684e+01 3.582405612869562717e+00 0.000000000000000000e+00
4.913402444097194621e-01 -1.024280991352860326e+01 0.000000000000000000e+00
-6.624002463093638937e+00 5.640386284866534261e+00 0.000000000000000000e+00
1.351875587958122971e+01 -1.118233071088214636e+01 0.000000000000000000e+00
2.269875467510926725e-01 8.749830385554860257e+00 0.000000000000000000e+00
-1.542694292760159591e+01 5.770975293703231479e+00 0.000000000000000000e+00
-6.217815610120678294e+00 -4.162233468628053323e+00 0.000000000000000000e+00
7.039208162036310945e+00 -6.655490228842517730e+00 0.000000000000000000e+00
1.288851625915028976e+01 8.650506648309042035e+00 0.000000000000000000e+00
1.415126162706431323e+01 -7.580783780089976887e+00 0.000000000000000000e+00
-8.531769919618502840e+00 -1.650746411607027397e+01 0.000000000000000000e+00
7.282466835698444996e+00 2.134678455607352254e-01 0.000000000000000000e+00
-2.907309215193706109e+00 -1.869305211379123222e+01 0.000000000000000000e+00
-4.873795424834937995e-01 -2.403777104570794965e+00 0.000000000000000000e+00
-6.237160332051614020e+00 -1.772741753209516702e+01 0.000000000000000000e+00
1.281068155402240372e+01 2.472507256203762882e+00 0.000000000000000000e+00
-2.115751642995165049e+00 -9.634557055734157771e+00 0.000000000000000000e+00
-2.833031300056302992e+00 -3.337927021037220277e-01 0.000000000000000000e+00
1.107418364156094803e+01 6.397882143724594961e+00 0.000000000000000000e+00
7.047222683668479704e+00 3.355808878885539137e+00 0.000000000000000000e+00
-5.994333470327521063e+00 1.781180812232850030e+01 0.000000000000000000e+00
4.401918863913350854e+00 -1.817645273260633942e+01 0.000000000000000000e+00
2.196818283878129024e-02 -1.221865415786397513e+01 0.000000000000000000e+00
-1.690720598513159345e+01 -7.104424742375718971e+00 0.000000000000000000e+00
-1.146672936276119437e+01 8.460404445608014967e+00 0.000000000000000000e+00
1.391376285105948574e+00 -1.548537525770753653e+01 0.000000000000000000e+00
-1.798833555223185954e+01 5.447516006127823829e+00 0.000000000000000000e+00
-1.068517101978608830e+00 -5.790894533563341717e+00 0.000000000000000000e+00
-1.418532918143579202e+01 -9.173057969967603142e+00 0.000000000000000000e+00
2.009411868178989202e+00 5.340467604384816491e-01 0.000000000000000000e+00
-2.309692115082169206e+00 9.094965852330608058e+00 0.000000000000000000e+00
-6.063070556342493589e+00 -7.114808268644380318e-01 0.000000000000000000e+00
1.598185199662172629e+01 -9.972597388462016710e+00 0.000000000000000000e+00
2.903032767479047038e+00 9.359616221471666719e+00 0.000000000000000000e+00
1.881411367692164660e+01 1.577000304916738482e+00 0.000000000000000000e+00
-1.261862048894829336e+01 -1.248239229626636332e-01 0.000000000000000000e+00
-9.975655054665242716e+00 -7.001390946216544897e+00 0.000000000000000000e+00
9.000196281777274265e+00 1.598751979718145755e+01 0.000000000000000000e+00
9.280231886433718103e+00 -1.472686525912529465e+00 0.000000000000000000e+00
-4.549783456306471408e+00 7.165193710884249612e+00 0.000000000000000000e+00
1.018862027940853210e+01 1.387908966622616980e+01 0.000000000000000000e+00
9.343461462203741519e+00 1.145484674207486364e+01 0.000000000000000000e+00
-1.771234048380012993e+01 -3.368511640863373291e+00 0.000000000000000000e+00
5.245033657266149341e+00 -1.536089774304455347e+01 0.000000000000000000e+00
8.345846453705329182e+00 8.954821207226101976e+00 0.000000000000000000e+00
-1.309019872122576089e+00 -1.322385979039886017e+01 0.000000000000000000e+00
-1.373727953398624990e+01 4.625904928985779208e+00 0.000000000000000000e+00
-1.405574882131811520e+01 1.251545267645741255e+01 0.000000000000000000e+00
1.633157873722691278e+01 9.378812548459427134e+00 0.000000000000000000e+00
3.886950742762468991e+00 -3.329509807397743160e+00 0.000000000000000000e+00
-9.340344024526659794e+00 -2.272268446394355212e+00 0.000000000000000000e+00
-1.290551989231519059e+01 1.059826098130550598e+01 0.000000000000000000e+00
-5.472273854577909269e+00 4.400197485255032070e+00 0.000000000000000000e+00
-9.458601679030783416e+00 1.345145783945073070e+01 0.000000000000000000e+00
1.698894024366616762e+01 -7.446569446379943003e+00 0.000000000000000000e+00
8.236888389690331991e+00 -1.633085445078954834e+01 0.000000000000000000e+00
2.501556309120080535e+00 -7.000817422605626561e+00 0.000000000000000000e+00
1.700033889887248151e+01 -5.290244637222051516e+00 0.000000000000000000e+00
6.290562983843924760e-01 -4.682188696298028585e-01 0.000000000000000000e+00
5.815775332846915724e+00 1.350330293344757138e+01 0.000000000000000000e+00
-3.909185347038609315e+00 1.471327327972616672e+01 0.000000000000000000e+00
