1.532144253668506906e+01 2.692031951368011100e+00 0.000000000000000000e+00
3.879797990538975672e+00 -4.906815854595590887e-01 0.000000000000000000e+00
-3.372738772910990779e+00 1.328829147138512035e+01 0.000000000000000000e+00
9.409858672995129680e+00 -1.881771023813640031e+00 0.000000000000000000e+00
2.307186254415158622e-01 3.976388412128552652e+00 0.000000000000000000e+00
-1.688966745689274518e+00 6.634334628513106402e+00 0.000000000000000000e+00
1.021499682959506439e+00 1.560530136836229875e+00 0.000000000000000000e+00
-3.608077195174020702e+00 -1.681277797334686142e+01 0.000000000000000000e+00
-1.612481977168266667e+01 -7.927625988312895222e-01 0.000000000000000000e+00
1.718349874168093905e+01 -1.837053041787584995e+00 0.000000000000000000e+00
5.628122853026391148e+00 1.164050785209031957e+01 0.000000000000000000e+00
-1.160646187028745935e+01 -8.442346382544094752e+00 0.000000000000000000e+00
-5.741832532274402823e+00 -2.452266170143444501e+00 0.000000000000000000e+00
6.323072816783421146e+00 1.945829860185445126e+00 0.000000000000000000e+00
5.227688995320068699e+00 -4.181471405100110950e+00 0.000000000000000000e+00
3.393797927029077677e+00 -1.634521178291594268e+01 0.000000000000000000e+00
-1.333781957658487194e+01 8.213509840246164373e+00 0.000000000000000000e+00
-9.502358966719192779e+00 6.439898118927566140e-01 0.000000000000000000e+00
3.690723104229185925e+00 -1.198312438671210955e+01 0.000000000000000000e+00
-2.215776120063928989e+00 -5.508176410869107364e+00 0.000000000000000000e+00
1.040921988115875862e+01 9.032893728245074527e+00 0.000000000000000000e+00
3.630016518985585527e+00 1.196479440454662679e+01 0.000000000000000000e+00
-4.210227787833077606e+00 9.927174901415218855e+00 0.000000000000000000e+00
-1.523801961647765602e+01 -2.744241277080218033e+00 0.000000000000000000e+00
-9.602782178352232023e+00 1.027914613713919323e+01 0.000000000000000000e+00
1.941363363321896851e-01 -3.702632734703312334e+00 0.000000000000000000e+00
2.853440841927041838e+00 -1.405306016136017178e+01 0.000000000000000000e+00
-5.657991730183209445e-01 -1.061083908286894761e+01 0.000000000000000000e+00
-8.797970814765843528e+00 3.870113125710497926e+00 0.000000000000000000e+00
-7.818121278761363868e+00 -5.095527678229283097e+00 0.000000000000000000e+00
-1.020256182064278505e+01 3.177487985985457897e+00 0.000000000000000000e+00
8.654899601224711247e+00 1.118262667404546562e+01 0.000000000000000000e+00
-1.257316532729483072e+01 -5.748482568578259233e+00 0.000000000000000000e+00
4.115159956139620712e-01 1.398416351082612508e+01 0.000000000000000000e+00
1.232954600701791037e+01 1.339282180086771135e+00 0.000000000000000000e+00
4.318567584094801792e-01 1.726292420804750805e+01 0.000000000000000000e+00
-1.803918620572777520e+00 -9.651926874098801790e+00 0.000000000000000000e+00
5.544383318722175602e+00 1.342912051400616846e+01 0.000000000000000000e+00
4.168111141411947607e+00 -2.826874982033800165e+00 0.000000000000000000e+00
8.725657423781463251e+00 6.659019733473163782e+00 0.000000000000000000e+00
-8.745125699242644046e+00 -1.224011189597795379e+01 0.000000000000000000e+00
-1.425161688043196584e+01 -1.218565374188524064e+00 0.000000000000000000e+00
2.761089604451160806e+00 -7.676474207406107197e+00 0.000000000000000000e+00
-7.718819700193948918e+00 -3.303977931452188876e-01 0.000000000000000000e+00
-1.366514051814787223e+01 -9.407641902572061454e+00 0.000000000000000000e+00
-8.761752944155825062e+00 7.720250816988617260e+00 0.000000000000000000e+00
-3.303107614314821472e+00 -1.219260904344820240e+01 0.000000000000000000e+00
-1.590035608681161605e+01 -7.060301593494588523e+00 0.000000000000000000e+00
9.848259955492398632e+00 -1.410764206953352229e+01 0.000000000000000000e+00
1.581009407461085026e+01 4.622430892794854529e+00 0.000000000000000000e+00
-9.917289686050937414e-01 1.275791800877432536e+01 0.000000000000000000e+00
-2.719460177366988418e+00 -8.131025531340011270e+00 0.000000000000000000e+00
6.147781538785796585e+00 -1.429919564771690865e+01 0.000000000000000000e+00
1.371578527339008602e+01 7.824510066700702815e+00 0.000000000000000000e+00
-6.331177034733240561e+00 8.633669218895123620e+00 0.000000000000000000e+00
-5.734537165378796875e-01 -6.002418177406135591e+00 0.000000000000000000e+00
-1.125259879996136547e+01 3.446230655115455899e-01 0.000000000000000000e+00
1.238222965339345727e+00 -9.341666982452036194e+00 0.000000000000000000e+00
9.325809088528304258e+00 4.088977394202141902e+00 0.000000000000000000e+00
-1.400558711036737591e+01 3.109977284319650259e+00 0.000000000000000000e+00
1.044405670862355251e+01 1.261486492677395077e+01 0.000000000000000000e+00
-1.026120101060405787e+01 7.638564273966856000e+00 0.000000000000000000e+00
-1.000422006475628933e+01 -1.632640990782060930e+00 0.000000000000000000e+00
-1.770101365292273465e+00 -1.384719944501595990e+01 0.000000000000000000e+00
9.608530078864845336e+00 -9.442077910376893257e+00 0.000000000000000000e+00
5.608189631661027796e+00 3.299146239828210980e+00 0.000000000000000000e+00
-1.036709581112632961e+01 4.950643877418611893e+00 0.000000000000000000e+00
-1.243602086637604032e+01 3.860411815646084932e+00 0.000000000000000000e+00
-7.291751829591230916e-01 9.739884300629219283e+00 0.000000000000000000e+00
-7.226498916548593776e+00 1.811401444832245966e+00 0.000000000000000000e+00
-1.273125102024774158e+01 -2.002347542205332176e-01 0.000000000000000000e+00
-5.183262693586931036e+00 -7.194373993084143271e-01 0.000000000000000000e+00
-1.087469491352553064e+01 -5.924999116900224294e+00 0.000000000000000000e+00
-1.563846556102508423e+01 7.723495897377569364e+00 0.000000000000000000e+00
-6.347179564862059031e+00 -1.591208950991260629e+01 0.000000000000000000e+00
7.799986961634983729e+00 -9.326978047292447727e+00 0.000000000000000000e+00
5.195838811298446380e+00 -7.153209945644566581e+00 0.000000000000000000e+00
-7.027158235699520361e+00 1.514088141988984049e+01 0.000000000000000000e+00
-4.071096913836002251e+00 -9.861496132207987486e+00 0.000000000000000000e+00
3.293374878084663671e+00 1.706025391646499756e+01 0.000000000000000000e+00
-1.902525676196668236e+00 -2.067843280022169383e-01 0.000000000000000000e+00
5.246896499893918264e-01 5.578916063229907962e+00 0.000000000000000000e+00
1.760053107456418797e-01 -1.417319621041009370e+01 0.000000000000000000e+00
1.491532515075799381e+01 -4.550788720879196170e+00 0.000000000000000000e+00
1.134871032660869794e+01 -1.147000426961820096e+01 0.000000000000000000e+00
4.446424802454297165e+00 6.158502627647164829e+00 0.000000000000000000e+00
1.375016719591537395e+01 -1.450129436716946607e+00 0.000000000000000000e+00
7.204251661602183887e+00 -1.538462033604704082e+01 0.000000000000000000e+00
-1.307542564725199163e+01 -2.545387136985881593e+00 0.000000000000000000e+00
-3.816403900157777862e+00 5.126933583865133315e+00 0.000000000000000000e+00
-1.949870905238288987e+00 2.732964123863955486e+00 0.000000000000000000e+00
1.348258086281365919e+01 3.319164640718492709e+00 0.000000000000000000e+00
-9.152955035970018471e+00 -9.517098876589994205e+00 0.000000000000000000e+00
2.972011140152278075e-01 -7.793419541113766336e+00 0.000000000000000000e+00
9.518549964876553693e-01 1.195799449313022755e+01 0.000000000000000000e+00
-1.296297935718210148e+01 -1.149841430562879907e+01 0.000000000000000000e+00
3.961649325048789638e+00 -8.948531496491588300e+00 0.000000000000000000e+00
7.589539801337056524e+00 8.941118013261144526e+00 0.000000000000000000e+00
-1.346830644904969709e+01 1.041679367641686937e+01 0.000000000000000000e+00
-7.846320849610764370e+00 -2.763872015676505978e+00 0.000000000000000000e+00
1.409098118845182235e+01 1.161556033622830997e+00 0.000000000000000000e+00
-1.678941305650370452e+01 4.007064855216124322e+00 0.000000000000000000e+00
-6.715749547223211380e+00 -9.753109935622171989e+00 0.000000000000000000e+00
1.239361570314718897e+01 -7.929230516933241546e+00 0.000000000000000000e+00
-1.226806881511074865e+00 -3.131338958445379905e+00 0.000000000000000000e+00
4.627682615895379215e+00 1.035962667352877098e+01 0.000000000000000000e+00
-3.504471602290441523e-01 -1.241705332403877904e+01 0.000000000000000000e+00
-7.895620106539344540e+00 -1.548479558138189027e+01 0.000000000000000000e+00
-5.990251299995942524e+00 5.611789180467035898e+00 0.000000000000000000e+00
3.056102666898644848e+00 1.487628710674480104e+01 0.000000000000000000e+00
8.804196112011005937e+00 -3.297165095924846079e-01 0.000000000000000000e+00
6.711253057950957945e+00 1.438417351556554102e+01 0.000000000000000000e+00
2.954009468876889866e+00 8.100513766850772512e+00 0.000000000000000000e+00
-1.215597635608475002e+01 -4.281691607190412086e+00 0.000000000000000000e+00
1.175370360366238742e+01 4.473213136985230598e+00 0.000000000000000000e+00
1.229045735490468338e+01 -4.508816921670107725e+00 0.000000000000000000e+00
-1.070361341994040671e+01 1.349782522432798082e+01 0.000000000000000000e+00
-8.881356534159648319e+00 1.385736103232651750e+01 0.000000000000000000e+00
-3.855972875128158339e+00 -5.028149185890538497e+00 0.000000000000000000e+00
1.422596296769835966e+01 -8.147544081858434595e+00 0.000000000000000000e+00
-1.373165688622693104e+01 9.702593115261510803e-01 0.000000000000000000e+00
-1.449345992171125808e+01 -4.965100148004626845e+00 0.000000000000000000e+00
-7.529558515936923158e+00 -6.916133743857872496e+00 0.000000000000000000e+00
-1.413423326463194307e+01 4.773606606359523497e+00 0.000000000000000000e+00
1.185743674898776057e+01 1.101581728712000974e+01 0.000000000000000000e+00
1.054755184338964824e+01 -5.190113725796441813e+00 0.000000000000000000e+00
-5.308272862207538800e+00 -1.390668394136635122e+01 0.000000000000000000e+00
8.779523649592253065e+00 -1.082731222112704295e+01 0.000000000000000000e+00
1.370451491360814167e+01 -5.465077004794068216e+00 0.000000000000000000e+00
-2.250132564843989158e+00 4.560255803283260079e+00 0.000000000000000000e+00
8.092065323085277484e+00 -7.760200802902352812e+00 0.000000000000000000e+00
-2.599154847679239655e+00 7.895695216786746684e+00 0.000000000000000000e+00
1.280780170526354622e+00 -1.161553812982444356e+01 0.000000000000000000e+00
3.186768851832833871e+00 -4.249593266296974647e+00 0.000000000000000000e+00
1.321325851695658571e+01 5.008092842801294076e+00 0.000000000000000000e+00
-4.102938513327117676e+00 -7.177808738883717510e+00 0.000000000000000000e+00
7.356546956655580338e+00 -6.256169412509518857e+00 0.000000000000000000e+00
2.639827649543534438e+00 4.527853768214976427e+00 0.000000000000000000e+00
-7.158278180111439681e+00 -1.409773460272873358e+01 0.000000000000000000e+00
-5.467065953846884874e+00 4.035329497119979791e+00 0.000000000000000000e+00
2.697821842734853703e+00 1.199139869402365610e+00 0.000000000000000000e+00
1.580386211684334263e+01 -1.037565241723465537e+00 0.000000000000000000e+00
-1.309378488737735502e+01 -7.523433076025654920e+00 0.000000000000000000e+00
-1.707181884938012217e+01 -3.772085070969551257e+00 0.000000000000000000e+00
1.160432608826071688e+00 -1.560148670678974270e+01 0.000000000000000000e+00
1.772253140053302589e+00 1.629489566216309271e+01 0.000000000000000000e+00
5.843623988148829440e+00 -1.174318661154329924e+01 0.000000000000000000e+00
1.430971380847707053e+01 -9.677303532709386147e+00 0.000000000000000000e+00
-8.838066487357080447e+00 1.163935222721644003e+01 0.000000000000000000e+00
9.254339929164073553e+00 1.442811934154979880e+01 0.000000000000000000e+00
5.033542948941603257e+00 8.733500689718573184e+00 0.000000000000000000e+00
5.755595121002079040e+00 -8.457126448528001772e-01 0.000000000000000000e+00
-4.988085957338551424e+00 1.446406536210566074e+01 0.000000000000000000e+00
-5.556127573677691611e-01 -1.747517762658614160e+01 0.000000000000000000e+00
-7.795985992299653056e+00 8.964313386184663557e+00 0.000000000000000000e+00
-9.311378484032116987e+00 -5.796184355180496794e+00 0.000000000000000000e+00
7.855268876375659737e+00 5.262592536968742962e+00 0.000000000000000000e+00
-1.055805789451234666e+01 -4.362683336611246077e+00 0.000000000000000000e+00
-1.010424965309591094e+01 -1.387743305464949373e+01 0.000000000000000000e+00
8.608602616904404314e+00 -3.526249845552257955e+00 0.000000000000000000e+00
8.500546821756200799e+00 1.280592824336267910e+01 0.000000000000000000e+00
-6.618744514183520167e+00 -1.146164208261505557e+01 0.000000000000000000e+00
-3.130872331883810311e+00 1.131910007203853574e+01 0.000000000000000000e+00
-6.929080765789965568e+00 1.024016440737874767e+01 0.000000000000000000e+00
-2.778463498615347582e+00 -1.533861809411398092e+01 0.000000000000000000e+00
6.760845243437706431e-01 -2.028691701003416004e+00 0.000000000000000000e+00
-1.111737516327873898e+01 -1.084126241220754139e+01 0.000000000000000000e+00
1.619623173864748722e+01 1.405147153415512884e+00 0.000000000000000000e+00
-1.163711331930907811e+01 -2.051109365397237649e+00 0.000000000000000000e+00
1.552152725963249047e+01 7.822646683818166302e+00 0.000000000000000000e+00
6.485370633188215495e-01 8.629391555853842988e+00 0.000000000000000000e+00
5.290046484911385960e+00 1.645097119550976217e+01 0.000000000000000000e+00
-1.232979088673705537e+00 -7.569808059142272505e+00 0.000000000000000000e+00
5.395612195909671449e+00 -1.021572832660153907e+01 0.000000000000000000e+00
-1.695054805744560866e+01 1.145890059973989183e+00 0.000000000000000000e+00
9.166314004662552861e+00 2.091727402254697665e+00 0.000000000000000000e+00
-1.148505763427633752e+01 1.173180965962855815e+01 0.000000000000000000e+00
-3.753486466455546733e+00 1.604976855161463334e+01 0.000000000000000000e+00
-1.240426701914552954e+00 1.550752199435209810e+01 0.000000000000000000e+00
1.065156956499837726e+01 -7.288410793189376236e+00 0.000000000000000000e+00
8.639348224221263806e+00 -1.286897465211227320e+01 0.000000000000000000e+00
6.294192306715794771e+00 1.016938358175362644e+01 0.000000000000000000e+00
-4.497946117453008874e+00 -1.559586504816980401e+01 0.000000000000000000e+00
-5.914568695534416776e+00 -8.157251981954280140e+00 0.000000000000000000e+00
-6.994584648970375795e+00 1.245482050629120963e+01 0.000000000000000000e+00
-1.239197965128962764e+01 2.149040630805810981e+00 0.000000000000000000e+00
1.119025728215231119e+01 2.727977913768928619e+00 0.000000000000000000e+00
-5.504057894904944570e-01 1.673666702917492088e+00 0.000000000000000000e+00
-3.319708768951894040e+00 3.487094985454400220e+00 0.000000000000000000e+00
1.154861766802984491e+01 -2.440700338196062358e+00 0.000000000000000000e+00
-4.182415491526058737e+00 -3.202791328051473929e+00 0.000000000000000000e+00
-1.268827639528933915e+01 6.409522725630101725e+00 0.000000000000000000e+00
1.502338038657426367e+01 5.901847485337181176e+00 0.000000000000000000e+00
7.453682344814105853e+00 -1.996202774294882687e+00 0.000000000000000000e+00
2.045300057929551052e+00 -4.167517464536658611e-01 0.000000000000000000e+00
-8.121543260646353346e+00 -1.083245953650389026e+01 0.000000000000000000e+00
4.521810734104881213e+00 1.542042388552590015e+00 0.000000000000000000e+00
1.135109652051034246e+01 -4.530135734298875727e-01 0.000000000000000000e+00
-1.600051833907569687e+01 -5.158624483518513770e+00 0.000000000000000000e+00
3.231872530180884606e+00 2.965842724851161183e+00 0.000000000000000000e+00
3.354700592552574800e+00 -6.232239110876688137e+00 0.000000000000000000e+00
1.725752314301654167e+01 -4.806772925613334718e-02 0.000000000000000000e+00
-4.864105513112471080e+00 8.318101323515394441e+00 0.000000000000000000e+00
1.179147982829735497e+01 -6.077976248874241705e+00 0.000000000000000000e+00
-1.189181518343146315e+01 9.678425923911790463e+00 0.000000000000000000e+00
4.411004421580220658e+00 -1.424947128790002537e+01 0.000000000000000000e+00
1.268718075756529728e+01 -1.059370901172109924e+01 0.000000000000000000e+00
1.385341360848484804e+01 -3.374479555226404859e+00 0.000000000000000000e+00
5.198290364467412772e+00 -1.626193718606453942e+01 0.000000000000000000e+00
-5.374423865602376615e+00 1.246336313979339927e+01 0.000000000000000000e+00
1.585216227272542255e+01 -5.883701312152909146e+00 0.000000000000000000e+00
1.044789465739853895e+01 5.738710486002590372e+00 0.000000000000000000e+00
-3.804071562437243426e+00 -1.713413133466334948e+00 0.000000000000000000e+00
-1.369266340046346175e-01 7.245616168570157001e+00 0.000000000000000000e+00
-4.891010509687964358e+00 -1.177669834342891697e+01 0.000000000000000000e+00
-1.591837305106231071e+01 2.420220288265459985e+00 0.000000000000000000e+00
1.230239898946603461e+00 -5.268023361408931571e+00 0.000000000000000000e+00
1.972081841828845494e+00 -1.716370876216114638e+01 0.000000000000000000e+00
-1.549821628952091324e+01 5.917759024042910987e+00 0.000000000000000000e+00
-5.261250803156273560e-03 -9.975078107126775229e-02 0.000000000000000000e+00
-9.603751593396392394e+00 -3.150747189032207185e+00 0.000000000000000000e+00
1.261726138365318661e+01 9.605134488031319862e+00 0.000000000000000000e+00
1.678203778222197684e+01 -3.658939717250294876e+00 0.000000000000000000e+00
-8.791055127446107065e+00 -7.961162282946731672e+00 0.000000000000000000e+00
-1.488315142165563465e+01 -8.401113213185753992e+00 0.000000000000000000e+00
-5.766755112375949288e+00 -5.321830449447761957e+00 0.000000000000000000e+00
6.249137613785459067e+00 6.077719522765217874e+00 0.000000000000000000e+00
1.716225893267419522e+01 3.248496707977823306e+00 0.000000000000000000e+00
-7.081698378807332439e+00 4.068432588230376012e+00 0.000000000000000000e+00
7.479292916577484185e+00 -4.652865373633464863e+00 0.000000000000000000e+00
-7.726831704724783201e+00 5.582616618699768551e+00 0.000000000000000000e+00
-2.036419001850821253e+00 -1.681132579309072383e+01 0.000000000000000000e+00
2.997598979410071696e+00 9.625302160399881402e+00 0.000000000000000000e+00
-1.474619668603290989e+01 9.200085128795393530e+00 0.000000000000000000e+00
7.227090833572553663e+00 -1.080725794547044494e+01 0.000000000000000000e+00
-3.653817183670735158e+00 -1.400476179927423637e+01 0.000000000000000000e+00
2.316626919281894459e+00 1.269284950881557528e+01 0.000000000000000000e+00
2.164818392292427340e+00 -2.769001621490096099e+00 0.000000000000000000e+00
-8.706333293950661911e+00 2.158027835181642651e+00 0.000000000000000000e+00
9.355092145870397502e+00 -6.283953119111922447e+00 0.000000000000000000e+00
-5.799374118958441571e+00 2.298083576135907968e+00 0.000000000000000000e+00
1.611583335726388455e+00 2.943332130251077317e+00 0.000000000000000000e+00
-1.439047477785465468e+01 -6.566494458590964811e+00 0.000000000000000000e+00
7.334442648858376046e+00 2.412579432337382535e-01 0.000000000000000000e+00
-5.297312584190496665e+00 1.607154775384814727e+01 0.000000000000000000e+00
1.166519811419419028e+01 6.761519953844199904e+00 0.000000000000000000e+00
6.950393233681889882e+00 1.285514268084832601e+01 0.000000000000000000e+00
1.418326214532082830e+01 1.015345234433341304e+01 0.000000000000000000e+00
-3.695046530326306478e+00 8.485399332292523633e-01 0.000000000000000000e+00
5.803871506373019074e+00 -2.443513961189305750e+00 0.000000000000000000e+00
-6.861281301789738940e+00 7.117141566801275410e+00 0.000000000000000000e+00
7.024394108290962002e+00 1.591209455319449084e+01 0.000000000000000000e+00
-6.497226604490101032e+00 -3.963615705701708070e+00 0.000000000000000000e+00
1.521757995777462646e+01 -2.473370416855311671e+00 0.000000000000000000e+00
-2.117360235012143210e+00 1.720328111432968043e+01 0.000000000000000000e+00
1.385602038124647661e+00 -1.325591393855286526e+01 0.000000000000000000e+00
