6.527912422650181234e+00 -9.751840686562450955e+00 0.000000000000000000e+00
2.246511585662196442e+00 -1.869455794327192333e+00 0.000000000000000000e+00
-1.086710465854856444e+01 -7.997911179571208784e+00 0.000000000000000000e+00
3.663790367351577260e+00 1.303611616948660590e+01 0.000000000000000000e+00
-8.988946663822833472e+00 -4.235640512365486998e+00 0.000000000000000000e+00
-2.561635799854988793e+00 -1.249751212251002208e+01 0.000000000000000000e+00
8.259117684549787342e+00 -5.693899369744400696e-01 0.000000000000000000e+00
-4.931562280651984764e+00 9.139733650164581391e+00 0.000000000000000000e+00
-8.534263604594366726e+00 6.238526551555316324e+00 0.000000000000000000e+00
-2.870027889596003856e+00 6.153899322439821518e+00 0.000000000000000000e+00
1.429473086969556839e+01 -4.086983681591435769e+00 0.000000000000000000e+00
-1.515780857880524835e+01 9.235387164865077603e-01 0.000000000000000000e+00
9.606858993237130662e-01 1.328883361506711935e+01 0.000000000000000000e+00
-1.773072379356211314e+01 2.837425832833084360e+00 0.000000000000000000e+00
-1.285991080989961510e+00 -1.679551388796447853e+01 0.000000000000000000e+00
-1.217993710204293656e+01 4.074524473221651455e+00 0.000000000000000000e+00
8.004530624349827761e+00 -1.183477435612149620e+01 0.000000000000000000e+00
6.238101139125848071e+00 1.065445548749385019e+01 0.000000000000000000e+00
-1.120430561251895440e+01 2.558504881457241087e+00 0.000000000000000000e+00
-4.699354840871757810e-01 1.765642238025868238e+01 0.000000000000000000e+00
-4.569511009201591811e+00 4.010881652264922437e+00 0.000000000000000000e+00
1.117083985948153924e+01 -7.648369279102906759e+00 0.000000000000000000e+00
1.791646107157862033e+01 -4.804011068523198702e+00 0.000000000000000000e+00
3.679234926371757197e+00 8.131515674261191151e+00 0.000000000000000000e+00
-1.239113531668296275e+01 -2.058766330217759677e+00 0.000000000000000000e+00
9.686408521959278817e-01 1.828417784260732759e+01 0.000000000000000000e+00
3.568472788855460820e+00 -4.325718885814633374e+00 0.000000000000000000e+00
-7.330182973576099492e+00 1.291982903572819907e+01 0.000000000000000000e+00
2.345141441119465764e+00 -6.570329180106379674e+00 0.000000000000000000e+00
-1.680414747607505532e+01 4.944999003461698628e+00 0.000000000000000000e+00
-3.895662712353717527e+00 -7.191343671021212636e+00 0.000000000000000000e+00
1.400559901590359591e+00 7.314896031423141487e+00 0.000000000000000000e+00
1.064446491631648684e+01 1.478375788869378660e+01 0.000000000000000000e+00
4.180324531435138269e+00 -7.498539558090000945e+00 0.000000000000000000e+00
-7.892156177009055362e+00 1.580146111209876736e+01 0.000000000000000000e+00
-4.531187728669664461e-01 -1.016054173884633904e+01 0.000000000000000000e+00
1.306456055736181554e+01 -2.770184866021778713e+00 0.000000000000000000e+00
-1.703027467127305528e+01 -7.268383102609544899e+00 0.000000000000000000e+00
4.297064451160339971e+00 1.767470572073630919e+01 0.000000000000000000e+00
-1.051811217750770489e+01 2.761041334473543843e-02 0.000000000000000000e+00
1.248969179585049361e+01 1.997237804694149688e+00 0.000000000000000000e+00
-6.150026875924186065e+00 -8.360760899442139404e+00 0.000000000000000000e+00
-1.168674677593939215e+01 -1.454565923178037856e+01 0.000000000000000000e+00
8.131934037254060499e-01 4.396039394453474358e+00 0.000000000000000000e+00
-1.393157001805043116e+01 -4.842427424451096307e+00 0.000000000000000000e+00
-7.560809896199651270e+00 -7.297075744499044170e+00 0.000000000000000000e+00
4.089595666727071088e-01 -1.278681609300044464e+01 0.000000000000000000e+00
-7.792046206494421812e-01 -1.260663173550947480e+00 0.000000000000000000e+00
-1.013585141769700115e+01 -6.259319828826006571e+00 0.000000000000000000e+00
1.684927028533029780e+00 -5.765375488322118519e-02 0.000000000000000000e+00
-2.817275300427930507e+00 8.287598558461224840e+00 0.000000000000000000e+00
1.026689685811900432e+01 -1.344945172120699262e+01 0.000000000000000000e+00
-1.101881462724302452e+01 -1.138472862189320089e+01 0.000000000000000000e+00
1.179074949355917745e+01 1.103903889714980124e+01 0.000000000000000000e+00
1.503672781545520998e+01 -2.642122477034633210e+00 0.000000000000000000e+00
-3.816428924408830081e+00 1.178062982238260892e+00 0.000000000000000000e+00
-1.286252995003214927e+01 1.374445111184206247e+01 0.000000000000000000e+00
-1.274037394143546109e+01 -1.276033445100004649e+01 0.000000000000000000e+00
-6.499487641697694329e+00 2.633770779973958920e+00 0.000000000000000000e+00
-1.496419562812531723e+01 3.863334927941497465e+00 0.000000000000000000e+00
9.398786685172892064e+00 8.872330264659051835e+00 0.000000000000000000e+00
7.166948244325282324e+00 -4.895243490705320610e+00 0.000000000000000000e+00
-8.024725090029507513e+00 -2.207445750594795975e+00 0.000000000000000000e+00
-3.901133188599024693e-01 1.543537261114294701e+01 0.000000000000000000e+00
7.586604242223345729e+00 5.860589765980528831e+00 0.000000000000000000e+00
-3.841418234483848781e+00 -3.754808356841406791e+00 0.000000000000000000e+00
1.551744990322427853e+01 6.286521088755996800e+00 0.000000000000000000e+00
1.322260118670186779e+00 -1.593179851020498994e+01 0.000000000000000000e+00
4.046368204685751202e+00 -6.120205303935043473e-01 0.000000000000000000e+00
4.428512682251525945e+00 1.566512775468376617e+01 0.000000000000000000e+00
1.620767248004917249e+01 9.523944459202132506e+00 0.000000000000000000e+00
9.461142798090831363e+00 -8.786824508122229815e+00 0.000000000000000000e+00
-3.213459010881724698e+00 -1.086619566828126882e+00 0.000000000000000000e+00
3.778990556287744607e-01 1.618349364503647525e+00 0.000000000000000000e+00
-2.153886858231518264e+00 -8.869111114850721123e+00 0.000000000000000000e+00
-5.742649898667721686e+00 -1.400259608415256096e+01 0.000000000000000000e+00
-7.054362249077225755e+00 -5.347358256015684930e+00 0.000000000000000000e+00
1.677283397484976391e+01 -8.129417457119744839e+00 0.000000000000000000e+00
-8.093783769862271882e+00 -1.313414075846632301e+01 0.000000000000000000e+00
-4.430101120869369247e+00 1.588668371296750337e+01 0.000000000000000000e+00
-3.986413723108298002e-01 -1.833285939850316026e+01 0.000000000000000000e+00
-1.493043928429421641e+01 -8.801664166351288898e+00 0.000000000000000000e+00
9.150364715660177950e+00 1.118907239244522245e+01 0.000000000000000000e+00
1.576686076164797079e+01 4.001924446700074967e+00 0.000000000000000000e+00
-4.037683078677103410e+00 7.339094292472099212e+00 0.000000000000000000e+00
5.317148055558098108e+00 -1.168769046079318663e+01 0.000000000000000000e+00
9.587322401459395849e+00 -3.009539168726397484e+00 0.000000000000000000e+00
1.305330549384381733e+01 -6.957900568774173955e+00 0.000000000000000000e+00
-7.674645051285664543e+00 -1.186091143252970825e-01 0.000000000000000000e+00
-1.776114010169369095e+01 -5.293929996220945178e+00 0.000000000000000000e+00
7.934946218339141488e+00 1.447502131307694739e+01 0.000000000000000000e+00
-9.365781011308841997e+00 -1.584264585823153304e+01 0.000000000000000000e+00
4.685014765067754716e+00 -1.592748798472804950e+01 0.000000000000000000e+00
-8.523768263753293439e+00 4.691000357131529519e+00 0.000000000000000000e+00
-1.080581811972287731e+01 1.508139277527448741e+01 0.000000000000000000e+00
7.810234742709475375e-01 -1.488240354643854735e+00 0.000000000000000000e+00
1.012702506074079345e+01 6.567232966213503609e+00 0.000000000000000000e+00
-1.035627230615509875e+00 1.046511132137503530e+01 0.000000000000000000e+00
-1.436717272146258662e+00 2.949968749132759971e+00 0.000000000000000000e+00
1.522493661278228849e+01 2.363143271528226119e+00 0.000000000000000000e+00
-4.203890763523814300e+00 1.343593683345074830e+01 0.000000000000000000e+00
-7.510415931456511096e+00 1.520963110967743059e+00 0.000000000000000000e+00
1.369832441208452067e+01 -1.044792621255260734e+01 0.000000000000000000e+00
4.565841767050866196e+00 -9.379968249084528864e+00 0.000000000000000000e+00
-4.743970795565404686e+00 -1.527239160392679906e+01 0.000000000000000000e+00
1.479533308895739196e+01 8.268508555130692272e+00 0.000000000000000000e+00
5.447833735820117873e+00 -6.160250752703028354e+00 0.000000000000000000e+00
-3.584109649028016875e+00 -1.644713297171936972e+01 0.000000000000000000e+00
1.646472738086760090e+00 2.557514442656616094e+00 0.000000000000000000e+00
-2.104652753747924820e-01 7.043168201095489245e+00 0.000000000000000000e+00
-1.537931397841305525e+01 -3.226183105238404458e+00 0.000000000000000000e+00
-4.772076463595492868e+00 -1.085223002813925852e+01 0.000000000000000000e+00
7.940695344391320631e+00 -1.720009937953491530e+01 0.000000000000000000e+00
1.356047066437596271e+01 -3.928334718915426071e-01 0.000000000000000000e+00
1.764789280457228271e+00 -1.798029222058414334e+01 0.000000000000000000e+00
1.691186267879927385e+01 -8.637251107087159374e-01 0.000000000000000000e+00
-1.087714836997492895e+01 1.128805844119366419e+01 0.000000000000000000e+00
4.450615966495687914e+00 2.383698447746980698e+00 0.000000000000000000e+00
4.740470765722280433e+00 -1.440350627639693570e+01 0.000000000000000000e+00
5.151165602655336961e+00 1.391370915729761393e+01 0.000000000000000000e+00
-1.704865049520575582e+01 -3.105433815502301798e+00 0.000000000000000000e+00
-1.739231368088853813e+00 1.386854416671082824e+01 0.000000000000000000e+00
-8.707513172395842105e+00 -9.223868101562670674e+00 0.000000000000000000e+00
5.785947095863505751e+00 1.788086363261778544e+01 0.000000000000000000e+00
-9.007995397138591542e+00 1.440390887431473566e+01 0.000000000000000000e+00
-8.235677401215644622e+00 9.650735325540020781e+00 0.000000000000000000e+00
-2.600620041016194595e+00 -4.635303021820338820e+00 0.000000000000000000e+00
2.577585602517346253e+00 1.134494609351015981e+01 0.000000000000000000e+00
-1.336023629319076456e+01 -6.590171104102561905e+00 0.000000000000000000e+00
-6.522871291495094148e+00 -1.583918670355087066e+01 0.000000000000000000e+00
4.718886783290380471e+00 -1.782495762310782084e+01 0.000000000000000000e+00
-7.234059526815666885e+00 -1.050340235428677893e+01 0.000000000000000000e+00
9.623908231913469891e+00 1.518254911156183273e-01 0.000000000000000000e+00
1.160772785927305151e+00 -1.052472626687630708e+01 0.000000000000000000e+00
9.781856291985764784e+00 -6.299881305929202924e+00 0.000000000000000000e+00
1.708349059005232817e+01 7.424477721575650335e+00 0.000000000000000000e+00
2.921941405623992072e+00 -1.186935835458598021e+01 0.000000000000000000e+00
1.889130787773572351e+01 -7.354963856014707924e-01 0.000000000000000000e+00
-9.236031760627312792e+00 3.363178623041800375e+00 0.000000000000000000e+00
1.077147795631391425e+01 1.647058635989296027e+00 0.000000000000000000e+00
-1.184211298107341470e+01 6.556803041414924316e+00 0.000000000000000000e+00
-5.087137193435655291e+00 -2.260982087019693498e+00 0.000000000000000000e+00
7.822236506313547721e+00 -2.852860089196383786e+00 0.000000000000000000e+00
-1.020166617876822279e+01 -1.850988695003196849e+00 0.000000000000000000e+00
9.901885416443301224e+00 -4.510029204039072148e+00 0.000000000000000000e+00
-1.449954613322421437e+01 5.657953750976413509e+00 0.000000000000000000e+00
1.517722675864379234e+01 -4.366449769275063120e-01 0.000000000000000000e+00
-1.625832819421808395e+01 2.176870264972091462e+00 0.000000000000000000e+00
-9.960575377956839560e-01 -1.334883273881658639e+01 0.000000000000000000e+00
-2.561414340036824555e+00 1.829519109162674084e+01 0.000000000000000000e+00
-1.618995001416845980e+01 -5.359325634363990787e+00 0.000000000000000000e+00
1.447683246403703627e+01 1.155345940384281178e+01 0.000000000000000000e+00
4.104773444510419367e+00 -2.777057830552901674e+00 0.000000000000000000e+00
1.748030718259118643e+01 3.078272084772931905e+00 0.000000000000000000e+00
1.404058030610697649e+01 4.475952072836946627e+00 0.000000000000000000e+00
-1.357167648372813318e+01 1.087735216728697729e+01 0.000000000000000000e+00
2.492859423325761270e+00 -9.110752412168647396e+00 0.000000000000000000e+00
-2.824399861706138104e+00 1.657691973973905419e+01 0.000000000000000000e+00
-1.541676789043132878e+01 7.930069861220743199e+00 0.000000000000000000e+00
8.285916241457170983e+00 3.610195017716038013e+00 0.000000000000000000e+00
7.551582962116254016e+00 -1.389506108180117927e+01 0.000000000000000000e+00
3.440150892183600817e+00 6.172336534966508026e+00 0.000000000000000000e+00
-1.153968223994891673e+01 8.460822661153594382e+00 0.000000000000000000e+00
-3.502379406853960209e+00 -9.810615552857168353e+00 0.000000000000000000e+00
-9.803562266930589075e+00 -1.421195866379172124e+01 0.000000000000000000e+00
-4.130067771381673580e+00 -1.326324472509568331e+01 0.000000000000000000e+00
1.209324126617563877e+01 -1.058440956497403462e+01 0.000000000000000000e+00
1.374552043721813099e+01 -8.501414149980117685e+00 0.000000000000000000e+00
-1.263454654645072139e+01 -8.013727106535734279e+00 0.000000000000000000e+00
2.912698744122950600e+00 -1.612610043390502312e+01 0.000000000000000000e+00
-5.492839469364564353e-01 5.288928265535433937e+00 0.000000000000000000e+00
4.716581227601419180e+00 1.097687782692874947e+01 0.000000000000000000e+00
-1.252503394180161500e+01 -9.739134032203315527e+00 0.000000000000000000e+00
-2.244177123765386472e+00 -1.877383292836409012e+01 0.000000000000000000e+00
-2.308808712164481136e+00 1.323236713253946206e+00 0.000000000000000000e+00
9.591023570852131641e+00 -1.195924834612983467e+01 0.000000000000000000e+00
1.103844263187056418e+00 -1.438347297258378710e+01 0.000000000000000000e+00
7.580638837655211404e+00 8.794127761954714240e-01 0.000000000000000000e+00
-8.064970170538060756e+00 -1.661659743320738869e+01 0.000000000000000000e+00
6.008303753003154668e+00 2.187016537201686095e+00 0.000000000000000000e+00
1.107475675430699447e+01 -1.665483913477442401e+00 0.000000000000000000e+00
2.002963669966247640e+00 -3.585711543818747682e+00 0.000000000000000000e+00
2.759492988543458480e+00 -1.389060025217315264e+01 0.000000000000000000e+00
1.351416427932653441e+01 9.661023299993672708e+00 0.000000000000000000e+00
1.320921485409285800e+01 1.361570748071554249e+01 0.000000000000000000e+00
6.661516747843575281e+00 7.076946935845457531e+00 0.000000000000000000e+00
-2.190812295551412880e+00 -2.416941245489277801e+00 0.000000000000000000e+00
-3.523115148714819345e+00 1.203659992181643723e+01 0.000000000000000000e+00
1.145540959663520297e+01 1.260328347496180967e+01 0.000000000000000000e+00
-8.073185291272504394e-01 -6.107905941929874238e+00 0.000000000000000000e+00
8.052529424872060915e+00 -6.916505281681105899e+00 0.000000000000000000e+00
-9.923627765872096163e+00 -1.270648230772180298e+01 0.000000000000000000e+00
9.088371825884362210e+00 -1.544383283047613986e+01 0.000000000000000000e+00
-1.436210410360437173e+01 -1.144084681860152131e+01 0.000000000000000000e+00
1.058465606714203133e+01 4.974084049376288341e+00 0.000000000000000000e+00
1.694069745198719801e+01 -3.364417758183889884e+00 0.000000000000000000e+00
-6.418566803816895927e+00 4.681672821065463452e+00 0.000000000000000000e+00
-1.431716452026661734e+01 9.226166281190838703e+00 0.000000000000000000e+00
1.556304615602892838e+01 -5.681360204304127137e+00 0.000000000000000000e+00
9.772615432660478163e+00 3.030581620899631901e+00 0.000000000000000000e+00
1.846192265184307679e+00 1.593317550477192590e+01 0.000000000000000000e+00
-1.534378921014085151e+01 -1.187073339241324188e+00 0.000000000000000000e+00
1.241255320784056693e+01 4.597582145832659783e+00 0.000000000000000000e+00
1.528040948201547877e+01 -9.749497784485635421e+00 0.000000000000000000e+00
1.173634610956024638e+01 2.157130454032265554e-01 0.000000000000000000e+00
2.069705878228849105e+00 8.666402538484312856e+00 0.000000000000000000e+00
6.100876016379642941e+00 9.039756547607186832e+00 0.000000000000000000e+00
5.888801287594795930e+00 -1.179017220387803988e+00 0.000000000000000000e+00
1.803743744852332753e+01 1.512803909756536669e+00 0.000000000000000000e+00
5.861939786982350853e+00 5.676612195976726838e+00 0.000000000000000000e+00
7.729377033735490343e+00 1.193580588721211733e+01 0.000000000000000000e+00
-5.956174709074677942e+00 -6.374808614051069355e+00 0.000000000000000000e+00
-5.975602759394655017e+00 1.798949658082211300e+01 0.000000000000000000e+00
-1.242013549855672139e+01 1.612153826425883452e+00 0.000000000000000000e+00
-1.640729005445941624e+01 6.606808907195948599e+00 0.000000000000000000e+00
8.689315330020264128e+00 1.600992632121774051e+01 0.000000000000000000e+00
4.498974852021222492e-01 -4.761694687894959976e+00 0.000000000000000000e+00
7.175499772216843652e+00 1.702811609078455390e+01 0.000000000000000000e+00
-1.499187143645210885e-01 -8.315258049304434351e+00 0.000000000000000000e+00
-6.547980334434596372e+00 1.495297866019675759e+01 0.000000000000000000e+00
6.144807342475631984e+00 1.267626135991772962e+01 0.000000000000000000e+00
-6.763758101774954845e+00 -3.371291147739392091e+00 0.000000000000000000e+00
1.272063205076383596e+01 -1.322333636931963063e+01 0.000000000000000000e+00
-5.592753574616562418e+00 -1.805495159051173104e+01 0.000000000000000000e+00
-1.559821415582265836e+01 1.058749660518732938e+01 0.000000000000000000e+00
8.088851904063792730e+00 -1.005290764293935979e+01 0.000000000000000000e+00
-1.821047163614534625e+01 -6.163893156005738616e-01 0.000000000000000000e+00
-6.663082897724478038e+00 7.015498688135676453e+00 0.000000000000000000e+00
9.376740943482282375e+00 1.380124481526560665e+01 0.000000000000000000e+00
-1.187765050097848274e+01 -5.253367582117327572e+00 0.000000000000000000e+00
-5.473045531363404770e+00 1.104323481203445922e+01 0.000000000000000000e+00
-5.615807822591880161e+00 1.014762303096580887e+00 0.000000000000000000e+00
1.735879572393211845e+01 -6.465761628840837716e+00 0.000000000000000000e+00
5.098491482100658168e+00 7.044712826977517217e+00 0.000000000000000000e+00
-1.845698909695708068e+01 4.163703113721542337e+00 0.000000000000000000e+00
-1.085948312332047649e+01 1.347291607058946639e+01 0.000000000000000000e+00
1.226139053555320579e+01 -4.077029295820427279e+00 0.000000000000000000e+00
1.866432177317219754e+01 -3.376538703272304431e+00 0.000000000000000000e+00
-6.971281641470989499e+00 8.602659125335916812e+00 0.000000000000000000e+00
-8.616480542276667265e+00 -1.127522900398193251e+01 0.000000000000000000e+00
8.208578168974655753e+00 7.502493482778705314e+00 0.000000000000000000e+00
1.785490412662153048e+01 4.789151518866352930e+00 0.000000000000000000e+00
-1.389877396559212919e+01 -1.317612436054892144e-01 0.000000000000000000e+00
2.614204971367347419e+00 4.760448276115222477e+00 0.000000000000000000e+00
-8.463968391081687415e+00 1.151064727396095400e+01 0.000000000000000000e+00
1.507793024601216381e+01 -7.463086252694811407e+00 0.000000000000000000e+00
2.706241434375605603e+00 1.866153730930231092e+01 0.000000000000000000e+00
-5.270325209804738620e+00 -4.838739313129475583e+00 0.000000000000000000e+00
-1.178633008822942418e+00 -1.179133392860826213e+01 0.000000000000000000e+00
-9.616520406883006800e-01 -4.212757047699484225e+00 0.000000000000000000e+00
-3.922133655245440220e+00 -1.815808619704470317e+01 0.000000000000000000e+00
-2.806939303978912115e+00 1.069338897440537295e+01 0.000000000000000000e+00
-1.295227467203123162e+01 7.604972411212165717e+00 0.000000000000000000e+00
5.484498794980115832e+00 4.059481764028838868e-01 0.000000000000000000e+00
-1.206839767869104207e+01 1.026338992354555835e+01 0.000000000000000000e+00
-9.552991648055227714e+00 1.598793248006101564e+00 0.000000000000000000e+00
