-7.181050777157062193e+00 3.662688653366183988e-01 0.000000000000000000e+00
-1.655026502097814500e+01 8.523813537144956598e+00 0.000000000000000000e+00
-3.382764111211912228e-01 -6.712432413364767925e+00 0.000000000000000000e+00
5.943710831789247528e+00 1.247092295479778734e+00 0.000000000000000000e+00
7.839069977038509052e+00 -3.169678034711696846e+00 0.000000000000000000e+00
1.136499005382646210e+01 2.166414995371479080e+00 0.000000000000000000e+00
8.420635981822266913e+00 -1.063035878828542780e+00 0.000000000000000000e+00
-8.552775344921824896e+00 1.242544201081980715e+00 0.000000000000000000e+00
1.600505716706298287e+01 7.934253685550379132e+00 0.000000000000000000e+00
9.719967282404080589e-01 -1.039424098314023404e+01 0.000000000000000000e+00
1.735308532709210283e+01 -4.204344847102065685e+00 0.000000000000000000e+00
3.643327129091721073e+00 -1.384895857885222092e+01 0.000000000000000000e+00
1.729056922351658443e+01 -2.236038991675850074e+00 0.000000000000000000e+00
-1.568103632069477626e+01 -4.627655026847998343e+00 0.000000000000000000e+00
4.351017004196832794e+00 -2.283507739607935960e+00 0.000000000000000000e+00
-3.825521459420925030e+00 -1.573505144253357813e+01 0.000000000000000000e+00
1.271835426791130175e+01 -1.156533111528163715e+01 0.000000000000000000e+00
-3.147073473461349913e+00 -1.714061598304000356e+01 0.000000000000000000e+00
1.294329511333584115e+01 -3.932086805751998648e-01 0.000000000000000000e+00
9.337195437345432225e+00 -5.491431979954077391e+00 0.000000000000000000e+00
-9.507959690150050491e+00 -8.760277268077341972e+00 0.000000000000000000e+00
6.433956461171445040e-01 -3.491750743331715867e+00 0.000000000000000000e+00
-5.132658531514415756e+00 -6.050367439821049409e+00 0.000000000000000000e+00
-7.647542209284852177e+00 -1.561517371835251744e+01 0.000000000000000000e+00
-5.159603986640044049e+00 1.304409656492566505e+01 0.000000000000000000e+00
-1.114680431195917976e+01 -3.080576322329131145e+00 0.000000000000000000e+00
3.562932887384395730e+00 2.433464862202091794e+00 0.000000000000000000e+00
3.773288010982319030e+00 -1.109543609729620428e+01 0.000000000000000000e+00
-1.049839719105890978e+01 -7.598886477720702359e+00 0.000000000000000000e+00
-1.150699043872413263e+01 2.865454112099258488e+00 0.000000000000000000e+00
-6.847470142663118153e+00 5.646290669575522614e+00 0.000000000000000000e+00
-4.604820678009365342e-01 7.709226897958940228e+00 0.000000000000000000e+00
-6.306718737395545782e-01 -1.458054288554643740e+01 0.000000000000000000e+00
1.231019861185774644e+01 -9.184028316766960742e+00 0.000000000000000000e+00
-1.754412425659520025e+01 5.102515748369136350e-01 0.000000000000000000e+00
-2.101973568018783212e+00 -1.023239745664729661e+01 0.000000000000000000e+00
-1.019259838510178540e+00 1.790206126081415050e+01 0.000000000000000000e+00
7.530323897947342360e+00 8.774939942661289294e+00 0.000000000000000000e+00
-1.617999664639444646e+01 4.444170135689066825e+00 0.000000000000000000e+00
-1.232858100396587453e+01 1.068367725492877618e+01 0.000000000000000000e+00
-9.794457038065937482e+00 -3.959698814449712057e+00 0.000000000000000000e+00
1.508954205608135624e+01 3.310470624306721454e+00 0.000000000000000000e+00
1.214454056190675857e+01 1.047371095621724280e+01 0.000000000000000000e+00
1.386588985328643453e+01 -3.162646350792419181e+00 0.000000000000000000e+00
-8.604452150859067672e+00 1.557631679468295616e+01 0.000000000000000000e+00
1.492193864738129960e+01 -1.174482337781154939e+01 0.000000000000000000e+00
-7.100380640230040008e+00 -1.023733594799787205e+01 0.000000000000000000e+00
5.472309601751217834e+00 6.389805303306605566e+00 0.000000000000000000e+00
1.212334314725623585e+01 8.666742620066209213e+00 0.000000000000000000e+00
6.978663179951837492e+00 1.396634425449450845e+01 0.000000000000000000e+00
-2.704425640091001171e+00 1.408993611802660340e+01 0.000000000000000000e+00
-8.012539628795655844e+00 4.585576897353430326e+00 0.000000000000000000e+00
1.749654936870620858e+01 3.998373640178126909e+00 0.000000000000000000e+00
1.572785254299718005e+01 -1.987515885687517692e+00 0.000000000000000000e+00
-3.192826810805266202e+00 -1.353091007014964653e+01 0.000000000000000000e+00
-1.756942342885928454e+01 -5.415850023516014744e+00 0.000000000000000000e+00
2.132754138695924340e+00 4.966004473829501165e-01 0.000000000000000000e+00
5.820589492848482038e+00 -2.905312229157457793e+00 0.000000000000000000e+00
-1.652266109714771503e+01 -8.786054024463229695e+00 0.000000000000000000e+00
8.348117735110937687e+00 1.955066735527167143e+00 0.000000000000000000e+00
-1.028476588332756414e+01 1.142381344401610654e+01 0.000000000000000000e+00
-5.242557826896075746e+00 8.479996527872593504e+00 0.000000000000000000e+00
2.578125477027542356e+00 1.638674700793707828e+01 0.000000000000000000e+00
-4.525843479711799233e+00 -6.667789114677119544e-01 0.000000000000000000e+00
-4.818140112348939574e+00 -1.269262443204407376e+01 0.000000000000000000e+00
-3.268046125521101297e-01 1.092480643674862151e+01 0.000000000000000000e+00
6.064567403555201963e+00 -1.700540057188975140e+01 0.000000000000000000e+00
6.702017894451541835e+00 1.007787756446270855e+01 0.000000000000000000e+00
1.634504050782926043e+01 -7.256836617170228543e+00 0.000000000000000000e+00
-5.941723925891892577e+00 -1.540536540033704505e+01 0.000000000000000000e+00
3.699879648388109565e+00 -6.980566426469056118e+00 0.000000000000000000e+00
1.121535524636671077e+01 5.489399246228773066e+00 0.000000000000000000e+00
-1.683852740751138199e+01 1.880994823543626460e+00 0.000000000000000000e+00
-5.360144733622342450e+00 5.431149460453493560e+00 0.000000000000000000e+00
-7.662445293326471507e+00 -5.842297343489350148e+00 0.000000000000000000e+00
-1.011920515424352018e+01 -5.743903732973230980e+00 0.000000000000000000e+00
4.834226128521994958e+00 -1.806598604021557719e+01 0.000000000000000000e+00
1.100801426807078265e+01 -1.022294835086790066e+01 0.000000000000000000e+00
-7.499752717296726878e+00 1.019148150553443877e+01 0.000000000000000000e+00
1.369680513695612056e+01 9.894596504995421427e+00 0.000000000000000000e+00
-1.209799794992589739e+01 1.325998303928395750e+01 0.000000000000000000e+00
6.172859296651360239e+00 -1.394712011018275533e+01 0.000000000000000000e+00
1.828006642940547932e+00 4.494518039864331627e+00 0.000000000000000000e+00
-5.470343776646955369e+00 1.967081727948066128e+00 0.000000000000000000e+00
9.148064353171008634e+00 1.114306713742067956e+01 0.000000000000000000e+00
1.139057647176307597e+01 3.943526085788941149e+00 0.000000000000000000e+00
-1.510252724830147741e+01 -6.645058538308623142e+00 0.000000000000000000e+00
8.615234354339694534e+00 5.526128844702373755e+00 0.000000000000000000e+00
1.942263416602172110e-01 5.925476797300759380e-01 0.000000000000000000e+00
-5.253647250072877029e+00 -2.410992616389854959e+00 0.000000000000000000e+00
7.139150708793206235e+00 -1.109011684303416345e+01 0.000000000000000000e+00
3.377628679188966032e+00 -8.724452877065990819e+00 0.000000000000000000e+00
1.152003518564922047e+01 -1.417675436223536067e+01 0.000000000000000000e+00
4.676021811639076375e+00 1.667524544707107026e+01 0.000000000000000000e+00
1.491995734400238049e+01 6.784385465264011650e+00 0.000000000000000000e+00
1.249905051851966675e+01 -1.864287192917675418e+00 0.000000000000000000e+00
1.667215543319213733e+00 -1.437294394745783599e+01 0.000000000000000000e+00
-4.330799112551512731e-01 6.083821544136140957e+00 0.000000000000000000e+00
4.614022269656400610e+00 1.032830413301010353e+01 0.000000000000000000e+00
4.169751606710260461e+00 6.065506693206147437e-01 0.000000000000000000e+00
1.919211946658891499e+00 -1.884843088150410395e+01 0.000000000000000000e+00
-5.248304910224328879e+00 1.716969741038524333e+01 0.000000000000000000e+00
2.818787897055128777e+00 1.229013421507811721e+01 0.000000000000000000e+00
-1.016165348644239153e+01 -1.085369575406091869e+01 0.000000000000000000e+00
-1.351372282672505243e+01 5.930222623099863810e+00 0.000000000000000000e+00
1.570407013618472902e+01 -4.035715264790654011e+00 0.000000000000000000e+00
-1.874538775923984879e+00 -6.043660321789331213e+00 0.000000000000000000e+00
3.668071058260725881e+00 -1.673894519196811359e+01 0.000000000000000000e+00
-9.075642777898604407e+00 -1.290967498011460357e+01 0.000000000000000000e+00
-1.324782530369220090e+01 -5.414359067675298398e+00 0.000000000000000000e+00
-1.070189340004712442e+01 -1.343986367454180630e+01 0.000000000000000000e+00
-7.349894739004521504e+00 1.355977482845830195e+01 0.000000000000000000e+00
3.927034563315011884e+00 4.802217535554060390e+00 0.000000000000000000e+00
-5.921056011416243159e+00 3.669842342251917522e+00 0.000000000000000000e+00
4.267044326778269281e-01 -1.291587175809617705e+01 0.000000000000000000e+00
-3.145586064260406545e+00 5.479013633932746430e+00 0.000000000000000000e+00
8.344470888054132729e+00 -1.500164088258994788e+01 0.000000000000000000e+00
1.051153621948375338e+01 1.036609862360152690e+01 0.000000000000000000e+00
4.903257562755388044e+00 8.481356327254513161e+00 0.000000000000000000e+00
-6.145618517231561662e-02 1.416560808346333467e+01 0.000000000000000000e+00
7.337809763299786070e+00 1.747721313948830613e+01 0.000000000000000000e+00
1.281419593587222927e+01 2.863723865442984629e+00 0.000000000000000000e+00
7.257103031410399474e+00 -6.851115615743954557e+00 0.000000000000000000e+00
-9.472226564331448273e+00 1.426389926655759943e+01 0.000000000000000000e+00
-1.608494649317836434e+01 -3.768588950612362098e-01 0.000000000000000000e+00
-6.042034381050512160e+00 1.131327990602153832e+01 0.000000000000000000e+00
1.504110015081117346e+01 -1.009030526373866721e+01 0.000000000000000000e+00
6.528636154421920246e+00 -8.307597829262951095e+00 0.000000000000000000e+00
-8.504665171657338263e+00 -5.237976083956290552e-01 0.000000000000000000e+00
-1.986963615767522562e+00 7.667585364351662491e+00 0.000000000000000000e+00
-4.729284139547999644e+00 -7.968781277051706802e+00 0.000000000000000000e+00
7.008573816493512965e-01 -1.108608048865068696e+00 0.000000000000000000e+00
-6.760045044517132284e-02 3.775685696058372454e+00 0.000000000000000000e+00
-1.856354518564375411e+01 3.721939830181474562e+00 0.000000000000000000e+00
1.377192467832180434e+01 -5.169276386058883510e+00 0.000000000000000000e+00
-1.191012467462489965e+01 6.845589035775510034e+00 0.000000000000000000e+00
-6.096787796107714819e+00 -1.776522207908543649e+01 0.000000000000000000e+00
9.191054940872163570e+00 8.749005966840771364e+00 0.000000000000000000e+00
1.124024273874132263e+01 -6.567104211532670099e+00 0.000000000000000000e+00
-1.172370927106762828e+01 -5.625003105793163094e+00 0.000000000000000000e+00
-7.243102222434322224e-01 -1.130729528362847880e+01 0.000000000000000000e+00
6.629728839476116242e+00 3.845043980910268111e+00 0.000000000000000000e+00
4.734227014079071871e+00 1.305254005896392400e+01 0.000000000000000000e+00
-1.831741856378468869e+00 1.172645765170852705e+01 0.000000000000000000e+00
1.804100170783907586e+01 5.593619455949315089e+00 0.000000000000000000e+00
7.657020957891841562e+00 -1.328337652784352052e+01 0.000000000000000000e+00
6.219613520513294080e-01 -1.594253920383198420e+01 0.000000000000000000e+00
-1.476810574309740254e+01 9.719860298752037053e+00 0.000000000000000000e+00
8.532782120525077119e+00 -1.025524319220191316e+01 0.000000000000000000e+00
-1.770897922184844830e+01 -3.541257321050130802e+00 0.000000000000000000e+00
-1.363255487817686529e+01 8.628415086831415337e+00 0.000000000000000000e+00
-1.918685825134105016e+00 9.250456081504383476e+00 0.000000000000000000e+00
-1.582179984839293674e+00 -2.216294652643952201e+00 0.000000000000000000e+00
-9.138461292233776234e+00 2.644251387420724964e+00 0.000000000000000000e+00
-1.718784848662862785e+01 5.566481142132747806e+00 0.000000000000000000e+00
1.322352219673883944e+00 9.588841928466042219e+00 0.000000000000000000e+00
-1.885879456053290326e+01 -2.124013018283967380e+00 0.000000000000000000e+00
9.076430980122808023e+00 3.606823878877160716e+00 0.000000000000000000e+00
1.187202300572939784e+01 -4.928248770989141825e+00 0.000000000000000000e+00
-8.425029567075059678e-01 -9.111621799407119582e+00 0.000000000000000000e+00
4.475410281940527035e+00 -4.923170652809771397e+00 0.000000000000000000e+00
5.106682102432882786e+00 1.489625408996510458e+01 0.000000000000000000e+00
2.764361775479538874e+00 -3.064420309017216404e+00 0.000000000000000000e+00
-1.190816280106887959e+01 -9.508472154061498927e+00 0.000000000000000000e+00
1.352320655645563718e+01 6.170352554076943719e+00 0.000000000000000000e+00
-8.556682460948858093e+00 -1.686235202487264928e+01 0.000000000000000000e+00
-6.219545210520811551e+00 -1.210633959706244323e+00 0.000000000000000000e+00
9.026704738623539725e+00 -7.071169765329607948e+00 0.000000000000000000e+00
-1.093736282402330673e+01 1.253519133830395038e+00 0.000000000000000000e+00
-3.900638800197283373e+00 -1.012461802027334912e+01 0.000000000000000000e+00
-3.168092457605437229e+00 -7.298097980905427384e+00 0.000000000000000000e+00
-1.375967597225269934e+01 1.143198621301347728e+01 0.000000000000000000e+00
-5.022251357849165210e+00 9.974174857336098654e+00 0.000000000000000000e+00
-9.536359359577494033e+00 6.977936762201318643e+00 0.000000000000000000e+00
-3.962711891086107663e+00 -4.254455643591165348e+00 0.000000000000000000e+00
1.715445652190475956e+00 -6.062697522499790992e+00 0.000000000000000000e+00
7.076013978649095648e+00 -4.652634014864394096e+00 0.000000000000000000e+00
-1.318238814173849605e+01 -1.248276271439424256e+01 0.000000000000000000e+00
6.899649566440381854e+00 6.981022093413729479e+00 0.000000000000000000e+00
4.234580684412709295e-01 1.859809194885844263e+01 0.000000000000000000e+00
1.186217297035805629e+01 1.318575480034771985e+01 0.000000000000000000e+00
1.572235589290611912e+01 1.032603381213408511e+01 0.000000000000000000e+00
3.113422346479919778e+00 8.159957378890576152e+00 0.000000000000000000e+00
1.847173418802585942e+01 1.933587547093261527e+00 0.000000000000000000e+00
8.204909475043406175e+00 -8.545773310808472800e+00 0.000000000000000000e+00
1.118515490172484839e+01 -1.236086390072526342e+01 0.000000000000000000e+00
1.653534425774182282e+01 8.056189861798600527e-01 0.000000000000000000e+00
-1.493799136264191141e+01 -1.164259838473632946e+01 0.000000000000000000e+00
-1.393209448710615028e+01 -4.015500361587377220e+00 0.000000000000000000e+00
-9.836306178965919855e+00 9.332770528200923010e+00 0.000000000000000000e+00
9.230294454400837623e+00 1.561859063619194821e+01 0.000000000000000000e+00
-6.727199463145669078e+00 -1.352024785162650744e+01 0.000000000000000000e+00
-1.056064301411579809e+00 -6.836205250239224540e-01 0.000000000000000000e+00
-1.706899351388326025e+01 -2.024141106561881287e+00 0.000000000000000000e+00
3.133198791612491263e+00 6.130548508100226890e+00 0.000000000000000000e+00
-1.193861565987415041e+01 4.551902701791027184e+00 0.000000000000000000e+00
6.230923600591314226e+00 -6.401496924009327794e-01 0.000000000000000000e+00
-6.237432923153765962e+00 1.506498380679311921e+01 0.000000000000000000e+00
9.827722681873268584e+00 -1.311647118978430981e+01 0.000000000000000000e+00
-1.158111663855629736e+01 -1.571189352139658268e+00 0.000000000000000000e+00
-2.761336718241390820e+00 -2.328852931469988230e-01 0.000000000000000000e+00
1.054254462196909614e+01 7.161782616428733483e+00 0.000000000000000000e+00
-4.843039890941554302e-04 1.604849222190699365e+01 0.000000000000000000e+00
1.467268681388806684e+01 1.196641246955210569e+01 0.000000000000000000e+00
-1.034400594753903135e+01 4.355238326289369688e+00 0.000000000000000000e+00
1.375679089425890744e+01 1.085117801401113358e+00 0.000000000000000000e+00
-7.022463880750133391e+00 -8.013252172563868569e+00 0.000000000000000000e+00
1.012759878776518896e+01 -2.420135933803164274e+00 0.000000000000000000e+00
-1.480437221846508677e+01 -9.531418131918982795e+00 0.000000000000000000e+00
-3.935678460672569656e+00 2.209927937042102553e+00 0.000000000000000000e+00
-7.714915155023663651e+00 7.991275200446422033e+00 0.000000000000000000e+00
-8.621027283521993212e+00 -1.147746868237792661e+01 0.000000000000000000e+00
-1.336418324185801154e+01 3.273665751223865161e+00 0.000000000000000000e+00
1.172255471218432099e+01 1.477166547600223190e+01 0.000000000000000000e+00
5.987071449277466151e+00 -1.003017185120272536e+01 0.000000000000000000e+00
8.984516201286309567e+00 -1.184622832236099832e+01 0.000000000000000000e+00
-1.036750150610157561e+01 -2.397371605196609023e-01 0.000000000000000000e+00
-1.861336839851299052e+00 1.620215995152529942e+01 0.000000000000000000e+00
-4.179015207167395829e+00 1.552195705098280776e+01 0.000000000000000000e+00
1.221599442753294973e+01 7.111366234096872851e+00 0.000000000000000000e+00
2.399134251447416766e+00 1.074989586825600085e+01 0.000000000000000000e+00
-1.354839126422673345e+00 -1.688043517067846011e+01 0.000000000000000000e+00
-2.343016046908973138e+00 -3.655525073899905220e+00 0.000000000000000000e+00
-1.102024484985336894e+00 -4.646103915255682892e+00 0.000000000000000000e+00
-3.570939384572333619e+00 -5.756809983773305106e+00 0.000000000000000000e+00
1.408113729027308558e+01 8.318379039648927886e+00 0.000000000000000000e+00
8.583479725986764564e+00 -1.692603796814711359e+01 0.000000000000000000e+00
1.105425437905060093e+00 1.956391684803979736e+00 0.000000000000000000e+00
1.024039973134588877e+01 -1.574006266853393043e+01 0.000000000000000000e+00
-1.243268917984322997e+01 -1.383690798350360751e+01 0.000000000000000000e+00
-3.310968505172536158e+00 1.262683027218627529e+01 0.000000000000000000e+00
9.696178708958624881e+00 1.346499771976087523e+01 0.000000000000000000e+00
1.541288624651378925e+01 5.282569271930178445e+00 0.000000000000000000e+00
2.245245646433869702e+00 1.829536501311240926e+01 0.000000000000000000e+00
1.018297941858941691e+01 -3.024778941315620084e-01 0.000000000000000000e+00
-1.323839681223149078e+01 -7.913318336592503499e+00 0.000000000000000000e+00
2.455008808074496951e+00 1.465757153517666289e+01 0.000000000000000000e+00
-2.905326490784910565e+00 3.738625121073286817e+00 0.000000000000000000e+00
5.281526226015402337e+00 -1.150826831747012768e+01 0.000000000000000000e+00
-2.105487560620548315e+00 -1.832227925140318092e+01 0.000000000000000000e+00
9.826836784584639162e+00 -8.419010449885540481e+00 0.000000000000000000e+00
-8.625963610291234041e-01 1.666324679436794298e+00 0.000000000000000000e+00
-1.488112317663953554e+01 1.406172132142623044e+00 0.000000000000000000e+00
1.355690474690929825e+01 4.498055573544166741e+00 0.000000000000000000e+00
-2.189753768260058298e+00 -1.208385345858856397e+01 0.000000000000000000e+00
1.440968212109483382e+01 -7.974765973392961449e+00 0.000000000000000000e+00
1.794445898020292063e+01 -6.021843594688595092e-01 0.000000000000000000e+00
-7.228268458919457018e+00 1.697416314346523691e+01 0.000000000000000000e+00
-1.575161877823246215e+01 6.604733412451277097e+00 0.000000000000000000e+00
-1.373722324751955881e+01 -1.086938893091319525e+00 0.000000000000000000e+00
5.286002644011728258e+00 -6.197943495602883601e+00 0.000000000000000000e+00
6.893125061757942262e+00 1.189934114126077169e+01 0.000000000000000000e+00
-3.673832334410985112e+00 1.093975635569163884e+01 0.000000000000000000e+00
-4.155312740638675284e-01 -1.872466114248586067e+01 0.000000000000000000e+00
-1.059180665598366744e+01 -1.525082214588292118e+01 0.000000000000000000e+00
-1.058366242342838603e+01 1.540177931056329363e+01 0.000000000000000000e+00
