1.220996270610013745e+01 1.159733402113499956e+01 0.000000000000000000e+00
-1.269261966268709685e+01 -8.963593982723624620e+00 0.000000000000000000e+00
-1.315192430574454185e+01 -6.233491104070275846e+00 0.000000000000000000e+00
-6.667778820029790943e+00 9.933033748598703028e+00 0.000000000000000000e+00
-7.241641286533281319e-01 -1.394538585656187379e+01 0.000000000000000000e+00
-2.485827104430391010e+00 -1.303981268237345148e+01 0.000000000000000000e+00
4.105279663195015694e+00 1.026726844200117306e+01 0.000000000000000000e+00
-4.624904677969219335e+00 1.500014813301726946e+01 0.000000000000000000e+00
-8.873827807058772166e+00 1.468912596039701590e+01 0.000000000000000000e+00
3.545431068615731984e+00 3.220268093591028613e+00 0.000000000000000000e+00
1.543397808285933426e+00 3.879311288998743557e+00 0.000000000000000000e+00
6.543697464216252868e+00 -1.766640581203250848e+00 0.000000000000000000e+00
3.107928726617472659e-01 5.447789041093644702e-01 0.000000000000000000e+00
8.549439539150032630e+00 1.013561426925859976e+01 0.000000000000000000e+00
1.418636996425780117e+00 -4.342859937598263720e+00 0.000000000000000000e+00
-3.698271763263948131e+00 -1.718473881067805920e+01 0.000000000000000000e+00
3.437090432331692202e+00 -7.018271177709965336e+00 0.000000000000000000e+00
3.183488183956346695e+00 1.719779679446901355e+01 0.000000000000000000e+00
1.267175650794195718e+01 2.207504806482604831e+00 0.000000000000000000e+00
-1.188637698942553200e+01 7.408092219979510062e+00 0.000000000000000000e+00
-1.666000876961167521e+01 -5.400556697704507192e-01 0.000000000000000000e+00
-8.351515324483008484e+00 4.532638431404469870e+00 0.000000000000000000e+00
1.241595964974190203e+01 -7.634060915251636992e+00 0.000000000000000000e+00
8.853557597571057869e+00 -1.341107812442477254e+01 0.000000000000000000e+00
1.128598956284798938e+01 -9.668784220542036678e+00 0.000000000000000000e+00
-6.194248927172666619e+00 -5.172174780954240880e+00 0.000000000000000000e+00
2.839842387768981791e+00 -2.964859991376965542e+00 0.000000000000000000e+00
-4.384560980352382842e+00 3.481449023726829184e-01 0.000000000000000000e+00
9.614484635825192527e+00 2.168816979977431281e+00 0.000000000000000000e+00
1.454374073901171016e+01 2.897528002406736913e+00 0.000000000000000000e+00
-1.330842796347174506e+01 9.640338296303056609e+00 0.000000000000000000e+00
1.613907509410201158e+01 -5.541393456801365858e+00 0.000000000000000000e+00
4.704775725794623220e+00 8.776244182009790507e+00 0.000000000000000000e+00
-7.962526061948519418e-01 1.740881214573797919e+01 0.000000000000000000e+00
-1.310675260426905453e+01 1.206401362717813441e+01 0.000000000000000000e+00
1.403174675661175463e+01 -8.226223455616786140e+00 0.000000000000000000e+00
-3.784378936072657851e+00 6.847722652331105664e+00 0.000000000000000000e+00
5.052564071363329745e+00 -3.880179133016926629e-01 0.000000000000000000e+00
-9.453362713591115352e+00 -1.071274104481658052e+00 0.000000000000000000e+00
-5.197131340551788131e-02 1.343236921433289766e+01 0.000000000000000000e+00
3.017420468205067152e+00 6.601077516100495757e+00 0.000000000000000000e+00
-4.557594874475145552e+00 -1.416058551046508818e+01 0.000000000000000000e+00
-1.548179907232364627e+01 -1.078046707159165862e+01 0.000000000000000000e+00
-1.215555131704314817e+01 -2.854277924254867482e+00 0.000000000000000000e+00
-1.737013649369108403e+00 9.509530949617117201e+00 0.000000000000000000e+00
2.827381648909254253e+00 -1.278846864041984333e+01 0.000000000000000000e+00
1.234803792546413881e+01 -4.021693250889470939e+00 0.000000000000000000e+00
-2.807994280568916423e+00 2.891911336514838116e+00 0.000000000000000000e+00
7.956524360792385231e+00 -8.587568716719843565e+00 0.000000000000000000e+00
1.371630819787856126e+01 -9.891734465330705106e+00 0.000000000000000000e+00
-8.247701437322939810e+00 8.934827876949059444e+00 0.000000000000000000e+00
-5.537145126580780286e+00 -1.054511263812172750e+01 0.000000000000000000e+00
-5.284136099690447175e+00 8.537643891465833690e+00 0.000000000000000000e+00
-1.673614883238994322e+00 7.508959831698795107e+00 0.000000000000000000e+00
3.607361741145606593e-01 -1.808799200221409720e+01 0.000000000000000000e+00
-6.098727154851904864e+00 -3.213025517429064948e+00 0.000000000000000000e+00
5.560805286217430421e+00 1.619260629020560316e+01 0.000000000000000000e+00
7.159899183891431207e+00 -1.412472146212308211e+01 0.000000000000000000e+00
-6.500600744075513582e+00 -8.981125935743929034e+00 0.000000000000000000e+00
2.790225571530927429e+00 1.520416111373054768e+01 0.000000000000000000e+00
-8.932444198797565349e+00 6.874944185072895841e+00 0.000000000000000000e+00
-9.917611136214771861e+00 -1.227853068657399049e+01 0.000000000000000000e+00
4.507261071658025919e+00 -2.096752887477673966e+00 0.000000000000000000e+00
5.674178354156318882e+00 2.195026776226629561e+00 0.000000000000000000e+00
-1.346943710738037980e+00 5.857010130478178311e+00 0.000000000000000000e+00
-1.521842453606755008e+01 -7.560694420201893862e-02 0.000000000000000000e+00
6.115179994340279812e+00 -1.078523182276807901e+01 0.000000000000000000e+00
-1.708658793467705550e+01 3.198684735306797755e+00 0.000000000000000000e+00
8.898756575874442021e+00 -3.172130481812350133e+00 0.000000000000000000e+00
1.582123180328521705e+01 -3.246304109113172132e+00 0.000000000000000000e+00
3.718364893315009745e+00 -1.783070698351367511e+01 0.000000000000000000e+00
-9.749177653454641046e+00 1.340613495081651330e+01 0.000000000000000000e+00
-4.187614197550904471e+00 1.228170833397546957e+01 0.000000000000000000e+00
-8.332893708046483994e+00 -8.381813463002046660e+00 0.000000000000000000e+00
-1.832813046956517056e+01 1.737600298572990809e+00 0.000000000000000000e+00
1.099201867913381392e+01 1.450662742431438446e+01 0.000000000000000000e+00
-2.065275392878670679e+00 -1.686011941190263030e+01 0.000000000000000000e+00
-5.991271644505309357e-01 -1.238502018143560512e+01 0.000000000000000000e+00
3.436066107705783246e+00 1.354349794889017389e+01 0.000000000000000000e+00
1.698860189358763506e+01 -7.058354494393047851e+00 0.000000000000000000e+00
-1.546737042553963448e+01 -4.845320580317205028e+00 0.000000000000000000e+00
9.357397238467575207e+00 -1.080148765272171829e+01 0.000000000000000000e+00
1.003284663176522251e+01 -8.614703707877513494e+00 0.000000000000000000e+00
-6.455223320795530739e+00 1.271776697581242788e+00 0.000000000000000000e+00
5.295716801379447780e+00 -1.735707460744252373e+01 0.000000000000000000e+00
1.573691550195215960e+01 1.719091720332561302e+00 0.000000000000000000e+00
-1.056633854783429172e+01 1.496367493660176784e+01 0.000000000000000000e+00
1.849208282993345520e+01 1.221802628151336334e+00 0.000000000000000000e+00
6.405749375990793304e+00 -6.869080813438099398e+00 0.000000000000000000e+00
-1.662613884484781579e+01 -3.505140230543282165e+00 0.000000000000000000e+00
-3.259282159019906810e+00 -7.204440054707792918e+00 0.000000000000000000e+00
3.542495615588570068e-02 -9.040363457972540928e+00 0.000000000000000000e+00
-2.333694206295771068e+00 1.693773919452151233e+01 0.000000000000000000e+00
1.223266340847608902e+01 3.848447795156465512e-01 0.000000000000000000e+00
-1.346190250636511720e+01 4.725384081439838013e+00 0.000000000000000000e+00
6.743179872812526732e+00 -4.056112961554664942e+00 0.000000000000000000e+00
3.128020149824853657e+00 -1.069591322885286644e+01 0.000000000000000000e+00
7.700292238426985847e+00 -1.674639716806650469e+01 0.000000000000000000e+00
-8.732741078717054961e+00 -1.061722402878853622e+01 0.000000000000000000e+00
-1.364439968387511115e+01 -1.173655690130398810e+01 0.000000000000000000e+00
1.620971870016019167e+01 9.469910050969575721e+00 0.000000000000000000e+00
-5.414290302789616760e+00 4.251737628876186115e+00 0.000000000000000000e+00
1.374670251123166320e+00 -8.064506493611034443e+00 0.000000000000000000e+00
9.723371302406196293e+00 -9.988644672507693834e-01 0.000000000000000000e+00
-2.241220826209972206e+00 -3.166648009421034082e+00 0.000000000000000000e+00
2.058710985017080941e-01 2.513041605069890050e+00 0.000000000000000000e+00
1.222248161311783221e+01 8.211393781013923032e+00 0.000000000000000000e+00
8.106149783176821444e+00 1.248590164793541124e+00 0.000000000000000000e+00
9.898617972025339995e+00 1.182781249234297860e+01 0.000000000000000000e+00
-8.058538957186450746e-01 -6.794765631223129709e+00 0.000000000000000000e+00
-2.445781919928120107e+00 1.856598634705445150e+01 0.000000000000000000e+00
-9.505167847499253142e+00 -6.230035503478540626e+00 0.000000000000000000e+00
-8.700990811091362076e+00 -4.623573614188241976e+00 0.000000000000000000e+00
5.194796257515301718e+00 -1.229441503973375305e+01 0.000000000000000000e+00
9.856827874362881658e+00 7.672063708409113225e+00 0.000000000000000000e+00
-1.606511171943422056e+01 4.728380355686145897e+00 0.000000000000000000e+00
1.252503259228009824e+01 -1.107268265147019903e+01 0.000000000000000000e+00
1.417103894998231617e+01 1.091397835419356355e+01 0.000000000000000000e+00
-1.321175726182164034e+01 4.516484059412202434e-01 0.000000000000000000e+00
-1.271072775717315118e+01 -1.338924656232652000e+00 0.000000000000000000e+00
1.818773759677268842e+01 -3.265441997797061124e-01 0.000000000000000000e+00
1.575594495669311712e+01 -1.489867233188989726e+00 0.000000000000000000e+00
-1.169909732428099325e+01 9.950399580431254165e+00 0.000000000000000000e+00
4.469911545299382755e-02 -1.486260422054288322e+00 0.000000000000000000e+00
1.124295372324052167e+01 -1.300575117369401568e+01 0.000000000000000000e+00
1.098072203782426648e+01 -2.714712963181790784e+00 0.000000000000000000e+00
-1.792393765025033758e+01 5.618736691171205777e+00 0.000000000000000000e+00
-1.487424666639058835e+01 -6.614171141642013474e+00 0.000000000000000000e+00
-7.872880732521061464e-01 -1.556884848559200663e+01 0.000000000000000000e+00
-4.832897261426919222e+00 2.052709004491665823e+00 0.000000000000000000e+00
9.603135663681243273e+00 -7.125936904533705096e+00 0.000000000000000000e+00
2.308473876108531275e+00 -5.632443420628119313e+00 0.000000000000000000e+00
-6.234691227445904538e+00 1.475743797096179399e+01 0.000000000000000000e+00
7.426366603165615032e+00 4.018481581632375566e+00 0.000000000000000000e+00
-8.651096297879023567e+00 -1.555264997513503289e+01 0.000000000000000000e+00
-1.046076485735583361e+01 -2.714423911302496606e+00 0.000000000000000000e+00
-4.070499587924386375e+00 1.027503455162701762e+01 0.000000000000000000e+00
1.207984402752747988e+00 1.052671567905018435e+01 0.000000000000000000e+00
1.060994254710166196e+01 3.371358867275469517e+00 0.000000000000000000e+00
9.389880328245563845e+00 -1.570289592829839975e+01 0.000000000000000000e+00
1.419472500437549733e+01 1.256917017154468574e+01 0.000000000000000000e+00
1.822575094710252230e+01 -2.812009525261585985e+00 0.000000000000000000e+00
-1.086413830554577586e+01 -9.211957820624750326e+00 0.000000000000000000e+00
1.814074097540661867e+01 -5.368260504021495017e+00 0.000000000000000000e+00
-9.708551756448695613e+00 1.040563075626115186e+01 0.000000000000000000e+00
-1.546066629350495525e+01 -2.236380683173922357e+00 0.000000000000000000e+00
5.950632115196095029e+00 6.443115599300803353e+00 0.000000000000000000e+00
6.812328779434364989e+00 1.341351308867905878e+01 0.000000000000000000e+00
-1.068608451600448284e+01 -7.719475710675195224e+00 0.000000000000000000e+00
-3.223247227437030293e+00 -4.495211254155877079e+00 0.000000000000000000e+00
1.241121699920779164e+01 6.430001727654401478e+00 0.000000000000000000e+00
-3.092448693659772374e+00 -1.491231948295749277e+01 0.000000000000000000e+00
-1.080650723902559029e+01 -5.285703915621512650e+00 0.000000000000000000e+00
1.078406042270437482e+01 4.889956650961068796e+00 0.000000000000000000e+00
-1.089375714808009477e+01 1.817220374333032573e-01 0.000000000000000000e+00
-1.022731917859201189e+01 4.548967662856769678e+00 0.000000000000000000e+00
-1.590917162628677772e+01 2.167794182386244550e+00 0.000000000000000000e+00
2.841250964380954702e+00 1.677504127372841491e+00 0.000000000000000000e+00
-1.218364033609739217e+01 1.946306192872299334e+00 0.000000000000000000e+00
-1.458068833598717795e+01 7.018908632107144108e+00 0.000000000000000000e+00
-1.361541409395475277e+01 -4.230809899424510689e+00 0.000000000000000000e+00
-7.011961462586248750e+00 1.750094586270418873e+01 0.000000000000000000e+00
-1.007470705518535903e+00 1.582599242052828536e+01 0.000000000000000000e+00
2.261052584726439107e+00 -1.043948260430172192e+00 0.000000000000000000e+00
1.614973465605742842e+00 -1.040447009778204546e+01 0.000000000000000000e+00
-6.624019064577826299e+00 -1.743152252132549762e+01 0.000000000000000000e+00
-4.501040032667368074e+00 -1.955684527508233073e+00 0.000000000000000000e+00
-2.278960785561932934e+00 -1.086545835810664862e+01 0.000000000000000000e+00
9.657694856359650970e+00 1.563434230345609066e+01 0.000000000000000000e+00
-8.155142801579127187e-01 1.126932217262273817e+01 0.000000000000000000e+00
-7.636918723124035857e+00 -5.778920150407172329e+00 0.000000000000000000e+00
1.460139362337980451e+01 7.037146597365761203e+00 0.000000000000000000e+00
5.453207755240616628e+00 -5.213638792242211828e+00 0.000000000000000000e+00
1.762016277483395621e+00 1.872641137793329591e+01 0.000000000000000000e+00
1.103402306656958931e+00 1.588789664204959351e+01 0.000000000000000000e+00
-8.367767979587512173e+00 -2.890764683468121099e+00 0.000000000000000000e+00
2.585576900858971960e+00 9.760371066614272451e+00 0.000000000000000000e+00
1.066471336416589821e+01 -6.000054650896344377e+00 0.000000000000000000e+00
-4.032566568277169416e+00 -1.232219150587011214e+01 0.000000000000000000e+00
1.481603382244428779e+01 8.685240684719282456e+00 0.000000000000000000e+00
-1.052427333885211880e+01 1.180430146011144465e+01 0.000000000000000000e+00
-7.357416966745296882e+00 -1.431295159558594143e+01 0.000000000000000000e+00
-1.213865277239492357e+01 -4.505400068398590641e+00 0.000000000000000000e+00
1.818482959942605959e+01 4.948940634458582011e+00 0.000000000000000000e+00
-2.777724287801947245e+00 -1.765123761652196643e+00 0.000000000000000000e+00
-1.634524043918322533e+01 9.085253236897003148e+00 0.000000000000000000e+00
1.431566252514044102e+01 5.474748538984998802e+00 0.000000000000000000e+00
-6.050586694971089585e+00 1.189084913764589047e+01 0.000000000000000000e+00
2.432286377555184842e+00 8.253244066676185042e+00 0.000000000000000000e+00
-9.101090301376755676e+00 2.169724658603656930e+00 0.000000000000000000e+00
-1.546347577412839591e+01 1.096858152384551843e+01 0.000000000000000000e+00
1.271101860608507650e+01 -1.358268917924497821e+01 0.000000000000000000e+00
1.555351926663326090e+01 -8.934268658900618831e+00 0.000000000000000000e+00
-6.554351891764158111e+00 6.324525328556698689e+00 0.000000000000000000e+00
1.447200903237101599e+01 -2.395603361642788087e+00 0.000000000000000000e+00
-1.363117146419739356e+01 2.788132126013573853e+00 0.000000000000000000e+00
-3.153624128214452149e+00 1.467053998514693625e+01 0.000000000000000000e+00
1.475099563922763757e+01 -4.699548313703495239e+00 0.000000000000000000e+00
1.843253442489232086e+01 2.957236255629557498e+00 0.000000000000000000e+00
8.584047625411264093e+00 5.769938222253093940e+00 0.000000000000000000e+00
1.059043047518289882e+01 -1.435727578075986344e+01 0.000000000000000000e+00
3.761522215046682605e-01 7.743866606010096021e+00 0.000000000000000000e+00
-3.370237118323730741e+00 -9.817089885669238569e+00 0.000000000000000000e+00
-1.646669382921897196e+01 -9.156867205521772135e+00 0.000000000000000000e+00
1.833148317609533340e+00 1.389179552004611828e+01 0.000000000000000000e+00
7.669677801951344520e+00 1.146938523866417015e+01 0.000000000000000000e+00
1.493072111539668789e+01 -6.673209348742596525e+00 0.000000000000000000e+00
-1.221822349233316274e+01 -1.112553261623083323e+01 0.000000000000000000e+00
6.227156318436878557e+00 -8.752827771696162884e+00 0.000000000000000000e+00
-1.168335413087197416e+01 5.591635665368551500e+00 0.000000000000000000e+00
2.570532882958674215e+00 1.194466404222983691e+01 0.000000000000000000e+00
-9.899451195972515549e+00 8.310167278346044739e+00 0.000000000000000000e+00
-1.328046371453326824e+00 4.008665052246390914e+00 0.000000000000000000e+00
-1.891436883283724768e+01 -8.093397691076692491e-01 0.000000000000000000e+00
-5.308550012461667578e+00 1.804498320929445399e+01 0.000000000000000000e+00
5.964312007335592192e+00 1.102718216949218188e+01 0.000000000000000000e+00
-2.199728699197124104e+00 8.758413607274070367e-01 0.000000000000000000e+00
9.287452936410325322e+00 1.382203934730979356e+01 0.000000000000000000e+00
4.058695910656172856e+00 -1.446241198345336976e+01 0.000000000000000000e+00
7.748121835845252825e+00 8.715342865859680543e+00 0.000000000000000000e+00
1.433319062779400710e+01 -3.872862921061640540e-01 0.000000000000000000e+00
4.386201633026257651e-01 5.316949463073511239e+00 0.000000000000000000e+00
-1.406899975214971787e+00 -1.848106679584141077e+01 0.000000000000000000e+00
6.635413535434928178e+00 4.636764067861625094e-01 0.000000000000000000e+00
-7.663825664958266337e+00 1.258558879024183419e+01 0.000000000000000000e+00
-7.798008126490464598e+00 -6.419598943624627019e-01 0.000000000000000000e+00
8.719580073780614171e+00 -5.703106410743859378e+00 0.000000000000000000e+00
1.392148395446053222e+01 -1.244575171261442925e+01 0.000000000000000000e+00
1.668317147967884395e+01 3.839535089957991421e+00 0.000000000000000000e+00
7.353973928692984607e+00 1.517720429108090308e+01 0.000000000000000000e+00
-1.672594317582201029e+01 -7.292451252704783116e+00 0.000000000000000000e+00
-1.746934534515027693e+01 -5.667691439713991031e+00 0.000000000000000000e+00
1.187751939463622675e+00 -1.252245419661547565e+01 0.000000000000000000e+00
-1.211584958376431409e+01 1.406741732662099764e+01 0.000000000000000000e+00
8.743211187101374016e-01 -1.615274140229690758e+01 0.000000000000000000e+00
8.479108233557413499e+00 1.688991775791191685e+01 0.000000000000000000e+00
-7.569688248051119395e+00 -1.171882942691961382e+01 0.000000000000000000e+00
1.230866593098243911e+01 -6.013232425368993717e+00 0.000000000000000000e+00
-1.071653814186405640e+01 -1.441483305640880452e+01 0.000000000000000000e+00
7.867901526338116902e-02 -5.100330423901870525e+00 0.000000000000000000e+00
1.023827706915825608e+01 9.487030530611409773e+00 0.000000000000000000e+00
1.236527196103696369e+01 1.387251375219110194e+01 0.000000000000000000e+00
-1.078412960136490284e+01 2.734607926109504650e+00 0.000000000000000000e+00
-1.614731617542514641e+01 7.321755802827541793e+00 0.000000000000000000e+00
-3.906145856677213590e+00 4.706302498950368118e+00 0.000000000000000000e+00
1.544081559326824227e+01 -1.062153265295041749e+01 0.000000000000000000e+00
4.493210046895264043e+00 1.129476683965731310e+00 0.000000000000000000e+00
5.825972221009026342e+00 3.982791721766924642e+00 0.000000000000000000e+00
-1.442655135008805090e+01 -8.905826492508602144e+00 0.000000000000000000e+00
4.127045205068484712e+00 -3.798731416780273484e+00 0.000000000000000000e+00
-5.984788570297494559e+00 -1.314731184427599286e+00 0.000000000000000000e+00
4.843567749632927466e+00 1.421495281381808162e+01 0.000000000000000000e+00
-5.195942895239244130e+00 -8.074084932172230111e+00 0.000000000000000000e+00
1.192355132857254851e+01 9.910144697219486432e+00 0.000000000000000000e+00
1.414024872403219568e+01 1.183522035725345534e+00 0.000000000000000000e+00
1.692087397606272958e+01 5.910040084211655831e+00 0.000000000000000000e+00
