-5.613981548356377971e+00 -5.631933078389220526e+00 0.000000000000000000e+00
-7.419091831051607855e+00 4.302490210379376734e+00 0.000000000000000000e+00
-5.893426224981683781e+00 3.066476511340232580e+00 0.000000000000000000e+00
-1.670933073586492768e+01 -8.865323817807930773e-01 0.000000000000000000e+00
-1.125906733977760510e+01 -1.005340060738288166e+01 0.000000000000000000e+00
1.694431060618620533e-01 4.008709873937068124e+00 0.000000000000000000e+00
7.344014817120351424e+00 1.453748993271870482e+01 0.000000000000000000e+00
-6.606333744335453950e+00 1.159985229632206938e+01 0.000000000000000000e+00
1.298486089468942595e+01 -4.175351278291808299e+00 0.000000000000000000e+00
-1.286565053301893791e+01 2.621609283401252100e+00 0.000000000000000000e+00
4.156489390447610788e+00 1.024745747844503718e+01 0.000000000000000000e+00
1.263284315652480494e+01 7.573448499986018767e+00 0.000000000000000000e+00
-4.468472366344051316e+00 1.258133141013285616e+01 0.000000000000000000e+00
-1.475357819672666615e+01 2.623110369503538930e+00 0.000000000000000000e+00
7.615539723917190251e+00 2.550706073633958404e+00 0.000000000000000000e+00
9.591278357685137479e+00 3.727475367929793948e-01 0.000000000000000000e+00
5.327606404400095919e+00 -1.181660988756675934e+01 0.000000000000000000e+00
-8.769121437748441661e-01 -2.323118181468370569e+00 0.000000000000000000e+00
4.883825290536635277e-01 2.051791911628003895e+00 0.000000000000000000e+00
5.097010883039550855e+00 -3.868868442324334689e-01 0.000000000000000000e+00
1.008529596718807930e+01 4.364548881524362933e+00 0.000000000000000000e+00
5.444273372074619033e+00 8.396475342702396816e+00 0.000000000000000000e+00
1.011412154100833405e+01 -4.691154063183391898e+00 0.000000000000000000e+00
-1.100961831176176098e+01 -1.652332436425897333e+00 0.000000000000000000e+00
8.255801222557415997e+00 -1.036716323339985202e+01 0.000000000000000000e+00
-5.061490242560910069e+00 6.874019282384608687e+00 0.000000000000000000e+00
-1.432756936341406906e+01 7.343129087281605294e+00 0.000000000000000000e+00
1.432688852689214265e+01 8.697041544785136580e+00 0.000000000000000000e+00
-8.171052107078301319e+00 7.990307696376563129e+00 0.000000000000000000e+00
-1.023377671064182692e+01 1.870599855380683241e-01 0.000000000000000000e+00
-2.422946304300958698e+00 -9.620369464541246529e+00 0.000000000000000000e+00
3.210367348119310460e+00 -1.625794784637744783e+01 0.000000000000000000e+00
1.620352824841685901e+01 -3.617552804695466584e+00 0.000000000000000000e+00
-9.088627089300961970e+00 -1.187115200252935665e+01 0.000000000000000000e+00
6.652718387281103540e-01 1.373395290175330352e+01 0.000000000000000000e+00
9.629100355474584205e+00 -1.199790919466021499e+01 0.000000000000000000e+00
-1.689062741510829468e+01 -3.336256657381063473e+00 0.000000000000000000e+00
1.126482362062784937e+01 1.233416818395140613e+00 0.000000000000000000e+00
-7.480663190642922622e+00 1.351060701864893510e+01 0.000000000000000000e+00
-7.681605115754932100e+00 -9.746940769825929607e+00 0.000000000000000000e+00
-1.054371232227584265e+01 -6.892172802883305138e+00 0.000000000000000000e+00
2.026262943870321465e+00 -1.011074474692094682e+01 0.000000000000000000e+00
-1.782229634463604828e+00 1.034650580710057000e+01 0.000000000000000000e+00
-1.045448572024755940e+01 1.310960834399891617e+01 0.000000000000000000e+00
-1.455711259827635473e+01 4.421774099935926294e+00 0.000000000000000000e+00
7.009069965540879465e-01 -5.542914799273237492e+00 0.000000000000000000e+00
1.579758946322674973e+01 -7.200744968183840022e+00 0.000000000000000000e+00
-1.321504090805811238e+01 -7.724687516888337768e+00 0.000000000000000000e+00
-3.324057294498704795e+00 -7.487396524724245772e-01 0.000000000000000000e+00
2.972764011310790044e-01 6.949325716553850896e+00 0.000000000000000000e+00
-6.064938842479491221e+00 -8.719717084685234099e+00 0.000000000000000000e+00
-5.858696606595587220e+00 -1.062551702261684738e+01 0.000000000000000000e+00
-1.196974600563128988e+01 4.368023860431574867e+00 0.000000000000000000e+00
6.688714483686070800e+00 3.796883988163852197e-01 0.000000000000000000e+00
2.347921362424443270e+00 1.722251026146511421e+01 0.000000000000000000e+00
-1.229299031010634380e+01 1.147186535184687495e+00 0.000000000000000000e+00
-4.155788367207027711e+00 -1.148796715994158468e+01 0.000000000000000000e+00
5.704008200847120236e+00 -1.570310101294610661e+01 0.000000000000000000e+00
-4.086102713425305843e+00 -2.167289060966744785e+00 0.000000000000000000e+00
-6.889590552843045668e-01 -8.104451801789362975e+00 0.000000000000000000e+00
1.545918408333210259e+01 4.075258272931641557e+00 0.000000000000000000e+00
4.800464534232080638e+00 4.340567339177274775e+00 0.000000000000000000e+00
-1.321981862986249867e+00 -1.536054204642842258e+01 0.000000000000000000e+00
-1.594225900162029141e+01 1.125979635808058710e+00 0.000000000000000000e+00
-7.617568317705634584e+00 -3.134595937382784747e+00 0.000000000000000000e+00
-1.405464735902661744e+01 -2.768337825334921565e+00 0.000000000000000000e+00
-2.715538330927558253e+00 -1.401010099757249172e+01 0.000000000000000000e+00
7.882123377398437825e+00 -2.501997425511929052e+00 0.000000000000000000e+00
-1.569298355763101505e+01 -4.392425971216636249e+00 0.000000000000000000e+00
-1.077350895712281265e+01 -3.944377519114776742e+00 0.000000000000000000e+00
1.246402577383299182e+01 1.082028398955541704e+01 0.000000000000000000e+00
-8.553801383153134541e-01 5.747576911276631506e+00 0.000000000000000000e+00
-6.629561689733288077e+00 1.550234896023001596e+01 0.000000000000000000e+00
4.679266099711356652e+00 -9.143182135377811548e+00 0.000000000000000000e+00
2.827896137034824342e+00 5.062040629625276011e+00 0.000000000000000000e+00
7.484403947948160329e+00 -1.536586470977684904e+01 0.000000000000000000e+00
5.989974728696166650e+00 -6.924082721931245743e+00 0.000000000000000000e+00
-1.246869788731311601e+00 1.525273100470755949e+01 0.000000000000000000e+00
2.539950910411808316e+00 1.128812138728576286e+01 0.000000000000000000e+00
-1.416483452061296333e+00 1.356407011552205866e+01 0.000000000000000000e+00
-1.721493382452688126e+00 -1.183565909395285409e+01 0.000000000000000000e+00
1.126558518202558545e+01 1.173595693866074718e+01 0.000000000000000000e+00
-1.004775502572569579e+01 9.435204760596729301e+00 0.000000000000000000e+00
-1.488517203253580412e+01 -7.295389677392876138e+00 0.000000000000000000e+00
1.286645090272586955e+01 -1.030065733280131512e+00 0.000000000000000000e+00
-1.284608363545270748e+01 5.669316486603524829e+00 0.000000000000000000e+00
7.711478512956639442e+00 -5.538203739917415547e+00 0.000000000000000000e+00
-9.338784651089943267e+00 -1.420521229103304250e+01 0.000000000000000000e+00
1.111096106304838216e+01 6.354846792681710710e+00 0.000000000000000000e+00
8.345262416136456807e+00 -4.114305550348643870e+00 0.000000000000000000e+00
-8.228506789708371016e+00 1.771752091816682251e+00 0.000000000000000000e+00
-6.261862144574650735e+00 -1.582479845051234868e+01 0.000000000000000000e+00
1.537565934647048671e+01 -5.279309615918932330e+00 0.000000000000000000e+00
1.591630503279180964e+01 -1.436089853487174106e-01 0.000000000000000000e+00
-4.070507713916207138e+00 -4.959768992324331549e+00 0.000000000000000000e+00
2.131065663245151232e+00 8.429548225604589717e+00 0.000000000000000000e+00
6.528633414521326728e+00 1.213047853366356499e+01 0.000000000000000000e+00
-1.517951328430959368e+00 -6.523781894429338202e+00 0.000000000000000000e+00
-4.224559085827315208e+00 -1.449902737057820623e+01 0.000000000000000000e+00
-1.541372724118968751e+00 3.475016069548975572e+00 0.000000000000000000e+00
-2.522293574354832035e+00 9.810430290751416260e-01 0.000000000000000000e+00
1.360757777358907639e+01 -7.356687451364179786e+00 0.000000000000000000e+00
-5.740509668650065400e+00 1.381384537638171039e+01 0.000000000000000000e+00
1.155608673635783124e+00 -7.495939831417682164e+00 0.000000000000000000e+00
1.097248464302792215e+00 -1.533409225791784714e+01 0.000000000000000000e+00
-1.180593971531804520e+01 -5.524511485985204473e+00 0.000000000000000000e+00
-7.359003888997344589e+00 -6.565044997699196472e+00 0.000000000000000000e+00
4.572589753786718170e+00 -2.503296554023759057e+00 0.000000000000000000e+00
-1.157778313688960381e+01 6.913391786483085610e+00 0.000000000000000000e+00
1.079858277962719271e+01 -7.430319610974405187e+00 0.000000000000000000e+00
-4.258842424976577057e+00 1.561996056955352596e+00 0.000000000000000000e+00
1.741019543957647286e+01 -1.381951165407731441e+00 0.000000000000000000e+00
-1.642501278467815951e+01 4.021249688032630942e+00 0.000000000000000000e+00
4.901586118925731483e+00 1.475717639874411802e+01 0.000000000000000000e+00
-5.513574163324082456e+00 5.281774495237308464e+00 0.000000000000000000e+00
9.770361192763724389e+00 1.092932633298565470e+01 0.000000000000000000e+00
6.511621209735236171e+00 -1.070794927173205302e+01 0.000000000000000000e+00
-1.614051980831234800e+01 6.442110445264916940e+00 0.000000000000000000e+00
4.733325169072332805e+00 6.471928779599666726e+00 0.000000000000000000e+00
-3.089970730392662013e+00 1.619411275461639832e+01 0.000000000000000000e+00
2.224178405997038421e+00 -4.882826570334180438e+00 0.000000000000000000e+00
-3.066095891039577026e+00 1.129498019951754095e+01 0.000000000000000000e+00
1.111171162282951030e+01 -1.330155362178224898e+01 0.000000000000000000e+00
1.178852365280148540e+01 -6.068010340259178292e+00 0.000000000000000000e+00
-9.871506403727513757e+00 3.817919796054972004e+00 0.000000000000000000e+00
7.244996095916772738e+00 -1.309077934838966506e+01 0.000000000000000000e+00
1.483410795929676951e+01 2.068711242531027672e+00 0.000000000000000000e+00
-5.887267590485444124e+00 9.396974112159635351e-02 0.000000000000000000e+00
3.591302290138910447e+00 8.436928974211972410e-01 0.000000000000000000e+00
-4.121016393912857900e+00 1.426989115311510936e+01 0.000000000000000000e+00
3.565280022866303966e+00 -1.288128672081487558e+01 0.000000000000000000e+00
1.037831359752156679e+01 1.334804339022589659e+01 0.000000000000000000e+00
8.333914211693745244e+00 -8.558274451682212458e+00 0.000000000000000000e+00
3.662522617189519769e-01 3.053327170532905699e-01 0.000000000000000000e+00
3.458163149970738814e+00 -1.083061397636317480e+01 0.000000000000000000e+00
-9.442648812287320226e+00 1.152043356755264902e+01 0.000000000000000000e+00
-1.203445903260215921e+01 1.228258161891547218e+01 0.000000000000000000e+00
1.337950409352661829e+01 -1.105121602184668106e+01 0.000000000000000000e+00
1.273299564084256552e+01 -8.989151693821979094e+00 0.000000000000000000e+00
4.107593940834910029e+00 -4.268175231013707993e+00 0.000000000000000000e+00
1.168309471065900951e+01 -1.090319880584490519e+01 0.000000000000000000e+00
-7.094615247925465162e+00 9.156628832814572405e+00 0.000000000000000000e+00
-3.631819393903015669e+00 7.818320465004275910e+00 0.000000000000000000e+00
1.225665262469255978e+01 4.206930738366481570e+00 0.000000000000000000e+00
-4.886888440731090855e-01 -3.862406123073844011e+00 0.000000000000000000e+00
2.713308474357476907e+00 3.128678603997005592e+00 0.000000000000000000e+00
4.539334145353168815e+00 -6.171438628412192706e+00 0.000000000000000000e+00
-1.085802226677164839e+01 -1.222082511387387882e+01 0.000000000000000000e+00
-2.415443485753175079e-01 -1.050030622175608208e+01 0.000000000000000000e+00
-2.227605614449339022e+00 -5.197197275211217438e+00 0.000000000000000000e+00
7.987114526661861724e+00 5.242529394855384162e+00 0.000000000000000000e+00
-1.100497728848166012e+01 -8.399682948517849468e+00 0.000000000000000000e+00
1.438091207727791776e+01 -8.921535960583580893e-01 0.000000000000000000e+00
1.692218652934529288e+01 3.187068440434874805e+00 0.000000000000000000e+00
-1.302134677377134508e+01 -1.169008958305773760e+01 0.000000000000000000e+00
-9.285277814299139010e+00 -8.132077961377568442e+00 0.000000000000000000e+00
6.619815247038729034e+00 -4.045289405564307827e+00 0.000000000000000000e+00
7.562381477835422139e+00 9.972305812359609334e+00 0.000000000000000000e+00
2.889840951902124200e+00 1.542253154002125726e+01 0.000000000000000000e+00
-8.804825720411979972e+00 -8.801269712181120086e-01 0.000000000000000000e+00
-3.993999921862936731e+00 -6.998605290146162616e+00 0.000000000000000000e+00
-1.387035766777400170e+01 6.162506356926610307e-01 0.000000000000000000e+00
6.878426476200011130e+00 7.471980824595298110e+00 0.000000000000000000e+00
-4.660335420567809805e+00 9.055795258774997691e+00 0.000000000000000000e+00
-5.293741282301958506e+00 -3.508040051874313114e+00 0.000000000000000000e+00
-5.240002068514976408e+00 1.051581280150799458e+01 0.000000000000000000e+00
1.448769936099676192e+00 -2.119072934595832791e+00 0.000000000000000000e+00
6.253456382571629391e+00 1.615652790452773857e+01 0.000000000000000000e+00
2.376680497847607487e+00 1.280007112520283030e+01 0.000000000000000000e+00
-1.933101966891653367e+00 7.150744738431617620e+00 0.000000000000000000e+00
-1.468921665957678080e+01 -9.276835934947461837e+00 0.000000000000000000e+00
-9.731165548298701395e+00 6.955929970547866326e+00 0.000000000000000000e+00
1.631440115641024846e+01 1.807865033822322998e+00 0.000000000000000000e+00
-1.354896108135644006e+01 1.063289113794609975e+01 0.000000000000000000e+00
5.937114739904981953e+00 1.871767437782820176e+00 0.000000000000000000e+00
8.492328421193867882e+00 7.628822213538260399e+00 0.000000000000000000e+00
9.680214943826621621e+00 -2.344641213410429526e+00 0.000000000000000000e+00
7.984143674249000178e+00 1.314007851071785460e+01 0.000000000000000000e+00
-7.389565148066810529e+00 -1.467891392739755574e+01 0.000000000000000000e+00
3.134269014093173489e+00 -7.469814289038085420e+00 0.000000000000000000e+00
2.777985134683613744e-01 1.142133584065086893e+01 0.000000000000000000e+00
4.994536442824091260e+00 -1.358687185672676634e+01 0.000000000000000000e+00
-1.306954681099051996e+01 -9.749176435950198893e+00 0.000000000000000000e+00
1.496543231366967142e+01 -2.417928006099049565e+00 0.000000000000000000e+00
8.028627728811309205e-02 -1.699761601179027792e+01 0.000000000000000000e+00
2.266266347128884640e-01 -1.377127963701273394e+01 0.000000000000000000e+00
6.710461448553431296e+00 -9.090444707116999368e+00 0.000000000000000000e+00
9.319173027239109786e+00 -1.431545633546462781e+01 0.000000000000000000e+00
1.052664351634276052e+01 9.448148197682675331e+00 0.000000000000000000e+00
-1.308674859715954319e+01 -1.129514410964266524e+00 0.000000000000000000e+00
9.038472655076809303e+00 1.447995377186582822e+01 0.000000000000000000e+00
-7.158405895082500692e+00 6.533441291956864738e+00 0.000000000000000000e+00
1.456050177178159011e+01 -9.639145075139236241e+00 0.000000000000000000e+00
2.870197314564161495e+00 -1.457685978766376778e+01 0.000000000000000000e+00
1.088491635503438637e+00 1.634502781884541989e+01 0.000000000000000000e+00
1.339246642885333216e+01 3.776531363754971893e-01 0.000000000000000000e+00
1.024161689967696276e+01 -9.488425331305490928e+00 0.000000000000000000e+00
-4.449245026626996058e+00 -1.638409076203938142e+01 0.000000000000000000e+00
-7.264003827310787642e+00 -1.637308208290636280e+00 0.000000000000000000e+00
-1.378553941717035514e+01 -6.115446678117844925e+00 0.000000000000000000e+00
-8.239396707745974879e+00 1.032386531778056948e+01 0.000000000000000000e+00
-1.180527543555407810e+01 9.071677630555871730e+00 0.000000000000000000e+00
-1.497891462578009936e+01 -1.285691434415082490e+00 0.000000000000000000e+00
5.021705391883615199e+00 1.310480122903273958e+01 0.000000000000000000e+00
8.183369392334181924e+00 -1.027279681586303006e+00 0.000000000000000000e+00
-7.526053480635023440e+00 -1.142506671792058626e+01 0.000000000000000000e+00
-8.807370928910486896e+00 -4.969980028346500767e+00 0.000000000000000000e+00
-9.116419154174170814e+00 5.367686477738928374e+00 0.000000000000000000e+00
-5.972155510961265179e+00 -1.278105340803034018e+01 0.000000000000000000e+00
1.133830541403505698e+01 2.958102652944985422e+00 0.000000000000000000e+00
2.237155161315935725e+00 1.591744003294413234e+00 0.000000000000000000e+00
-9.264077785928656050e-01 8.839389119264220440e+00 0.000000000000000000e+00
-1.587894765078238279e+01 -6.124746842724308138e+00 0.000000000000000000e+00
1.394342269184152272e+00 9.919286165250868592e+00 0.000000000000000000e+00
1.359633493231236478e+01 5.975834005703323903e+00 0.000000000000000000e+00
-4.675970970798486448e+00 3.950959824847466884e+00 0.000000000000000000e+00
-4.154996476904796232e+00 -9.005485165906170764e+00 0.000000000000000000e+00
9.332133972114723619e+00 -6.851240409059005110e+00 0.000000000000000000e+00
6.330164683705507223e+00 4.232347108353581078e+00 0.000000000000000000e+00
-4.892553556688196359e+00 1.604951826255761560e+01 0.000000000000000000e+00
1.334867920623190152e+01 2.330739063144969592e+00 0.000000000000000000e+00
-1.195175794689452342e+00 4.143993448915527476e-03 0.000000000000000000e+00
-2.958926011598971062e+00 -1.704538096509353196e+01 0.000000000000000000e+00
8.735638862535040516e+00 3.697996933739877701e+00 0.000000000000000000e+00
-2.952492705571939435e+00 5.609961774994697947e+00 0.000000000000000000e+00
3.022641079803646935e+00 -1.128992053416683961e+00 0.000000000000000000e+00
-1.253705019610040772e+01 -3.833332339101390485e+00 0.000000000000000000e+00
-8.504233695350068345e+00 1.515244679442594666e+01 0.000000000000000000e+00
1.104642800115812662e+01 -3.341911843792834347e+00 0.000000000000000000e+00
-7.049556462624858355e+00 -4.805257202781244352e+00 0.000000000000000000e+00
3.828663042859070664e+00 8.458863049165620041e+00 0.000000000000000000e+00
-3.152732165485869320e+00 2.750840510158530705e+00 0.000000000000000000e+00
1.318638324457218403e+01 -2.582638876260687333e+00 0.000000000000000000e+00
1.391871633128358887e+01 4.039600889448394128e+00 0.000000000000000000e+00
-2.536507135179730366e+00 9.015287831562366350e+00 0.000000000000000000e+00
1.509083547849983331e+00 -1.293763170414845831e+01 0.000000000000000000e+00
-9.588729074059683555e+00 -2.292071610735483045e+00 0.000000000000000000e+00
1.584903285742239909e+01 6.315486521390297092e+00 0.000000000000000000e+00
1.245337793314030073e+01 -1.228393461679044663e+01 0.000000000000000000e+00
-6.916945913578890215e-01 1.692236337949706027e+01 0.000000000000000000e+00
1.132453175652722877e+01 -9.415973475278096583e-01 0.000000000000000000e+00
2.483128513472592225e+00 6.942684281915191491e+00 0.000000000000000000e+00
-1.078553659406722787e+01 1.995856199947868115e+00 0.000000000000000000e+00
4.318773648516184949e+00 1.668509407307555747e+01 0.000000000000000000e+00
9.224343264814656607e+00 6.190565515228151128e+00 0.000000000000000000e+00
-3.088022492264535845e+00 -3.695825396409152308e+00 0.000000000000000000e+00
5.726411403863381544e+00 1.074497916849341550e+01 0.000000000000000000e+00
1.099707137710250748e+01 7.886864121845007070e+00 0.000000000000000000e+00
-1.338047357769979939e+01 8.896749766665038806e+00 0.000000000000000000e+00
-7.482209690722520179e+00 -8.110903836518163601e+00 0.000000000000000000e+00
-1.504464918819993891e+01 8.706698266800824371e+00 0.000000000000000000e+00
2.483132430497758225e+00 -3.229198518839985876e+00 0.000000000000000000e+00
3.626286295443401198e+00 1.392396404286400724e+01 0.000000000000000000e+00
3.995680388864231158e+00 1.181348944658331845e+01 0.000000000000000000e+00
4.417886566417646321e+00 2.655277019508273550e+00 0.000000000000000000e+00
8.140958362046822216e+00 8.587366511221548038e-01 0.000000000000000000e+00
