1.681172252387003851e+00 8.646370448151561305e+00 0.000000000000000000e+00
2.836906059186110163e+00 -4.409156689834555110e+00 0.000000000000000000e+00
1.283410346289462645e+01 -1.085165205168825509e+01 0.000000000000000000e+00
-3.035090844203013560e+00 -9.686515225083040193e+00 0.000000000000000000e+00
-7.305519013735715106e+00 1.001204680720363172e+01 0.000000000000000000e+00
8.923683440386986021e+00 1.057922671482419830e+01 0.000000000000000000e+00
-4.259959342726463483e+00 -1.656385898090617559e+01 0.000000000000000000e+00
4.531139573168227130e+00 1.367417052423958879e+01 0.000000000000000000e+00
5.075907660271426813e+00 -1.328743349562512499e+01 0.000000000000000000e+00
1.052425106607305594e+01 1.281715917833134455e+01 0.000000000000000000e+00
-5.663538827778645812e-01 -9.076906403175245330e+00 0.000000000000000000e+00
-8.104566419633043584e-01 1.396853951628432178e+01 0.000000000000000000e+00
-1.657491790385845487e+00 -1.400837121312348366e+01 0.000000000000000000e+00
-5.167096489959097205e+00 7.642707016637421968e-02 0.000000000000000000e+00
-1.403850095318057711e+00 -3.960588264691775606e+00 0.000000000000000000e+00
-1.265523664491009725e+01 1.137010922644772748e+01 0.000000000000000000e+00
1.580885735470389264e+01 4.055241637901223051e+00 0.000000000000000000e+00
-1.129120554726156556e+01 -7.757642399522193699e+00 0.000000000000000000e+00
4.527643060723492430e-01 9.606466806779764056e+00 0.000000000000000000e+00
-3.740466067669467876e+00 1.553553770973268300e+01 0.000000000000000000e+00
7.477286331481576731e+00 2.261414770777244954e+00 0.000000000000000000e+00
-3.792853840005098842e+00 -1.492463264391197519e+01 0.000000000000000000e+00
1.030576494713288049e+01 -1.387784319614499040e+01 0.000000000000000000e+00
1.161800661799783718e+01 2.902984303714109426e+00 0.000000000000000000e+00
-1.287834473858961637e+01 7.711614602084674530e+00 0.000000000000000000e+00
-1.780028771017775346e-01 -1.536228361344064197e+01 0.000000000000000000e+00
-1.420603649352642162e+00 8.387622357369915349e+00 0.000000000000000000e+00
-9.341394248471493356e+00 1.209791069939454999e+01 0.000000000000000000e+00
-4.490421066923965476e+00 -1.220863208752037465e+01 0.000000000000000000e+00
-1.056965916513835957e+01 8.074399787013835095e+00 0.000000000000000000e+00
-5.412011769045811604e+00 -1.043600863270011736e+01 0.000000000000000000e+00
1.685542950385207561e+01 -9.470978076215057495e-01 0.000000000000000000e+00
5.329155111917206256e+00 1.084718440286555996e+01 0.000000000000000000e+00
-5.381833876952735629e+00 5.470241164137025436e+00 0.000000000000000000e+00
5.612339427030525130e+00 2.879584571051195141e+00 0.000000000000000000e+00
1.362099973014944432e+01 -3.940668118374574647e+00 0.000000000000000000e+00
-1.275699835001287319e+01 1.903008600537211326e+00 0.000000000000000000e+00
7.929256187306996662e-01 5.149301378334834034e+00 0.000000000000000000e+00
4.268921287086932637e+00 1.685948948304760275e+00 0.000000000000000000e+00
-1.458709474659286442e+01 7.425472134859505857e+00 0.000000000000000000e+00
3.645728387535702719e+00 -2.952407921313350947e+00 0.000000000000000000e+00
4.293501636177464498e+00 -7.863818626525351796e+00 0.000000000000000000e+00
8.324456753058742109e+00 9.139424662814745748e-01 0.000000000000000000e+00
-1.113155274342977741e+01 3.584489760406143422e+00 0.000000000000000000e+00
1.277913957436913162e+00 -8.095946922388968403e+00 0.000000000000000000e+00
-5.671740053444246143e+00 -1.590657025957320059e+01 0.000000000000000000e+00
-3.464081681786624345e-01 1.196896854543448896e+01 0.000000000000000000e+00
-8.152814174091124855e+00 -1.303592064532269568e+01 0.000000000000000000e+00
-2.763305640415295805e+00 1.268300404022318162e+01 0.000000000000000000e+00
5.107205265049273635e+00 1.558251915282065525e+01 0.000000000000000000e+00
-3.737353019111167018e+00 -6.141251611620674566e+00 0.000000000000000000e+00
3.136429915698488280e+00 -3.662037188134243393e-01 0.000000000000000000e+00
-2.367309651859207609e+00 -1.149787164393453232e+01 0.000000000000000000e+00
7.968613661646493096e-01 1.590821277831155456e+01 0.000000000000000000e+00
-7.989769189338239208e+00 1.731202932465113475e+00 0.000000000000000000e+00
4.806504978849128307e+00 -1.680291835203842155e+01 0.000000000000000000e+00
6.499195282641386795e-01 -4.307558760053466607e+00 0.000000000000000000e+00
5.819035349016929537e+00 5.972883685076527671e-01 0.000000000000000000e+00
-1.532256974697282725e+00 -1.670860324783489048e+01 0.000000000000000000e+00
4.911666968027486591e-01 2.657046040485626204e+00 0.000000000000000000e+00
-1.788369092335003518e+00 -7.541425939380991039e+00 0.000000000000000000e+00
1.353487686931019773e+01 -3.989519885984784547e-02 0.000000000000000000e+00
-4.739764423866023257e+00 2.959331723375830059e+00 0.000000000000000000e+00
-7.007222118212634854e+00 6.661048678780398191e+00 0.000000000000000000e+00
9.717710303969123942e+00 -3.167309359714385764e+00 0.000000000000000000e+00
-3.266843711689843222e+00 4.680631633845613315e+00 0.000000000000000000e+00
1.052433502019067646e+01 1.199943190095863255e+00 0.000000000000000000e+00
8.226509929251626829e+00 5.589296470096025260e+00 0.000000000000000000e+00
3.993351509413679334e+00 3.722494756626772094e+00 0.000000000000000000e+00
5.287461819380119721e+00 9.229981048034762381e+00 0.000000000000000000e+00
8.266108510702599332e+00 -1.645695131476846651e+00 0.000000000000000000e+00
1.321406658763255670e+01 -6.891531480958965616e+00 0.000000000000000000e+00
5.998107912017027310e+00 1.332370212534565113e+01 0.000000000000000000e+00
1.391690456440421819e+01 6.077977322272722027e+00 0.000000000000000000e+00
1.176566853251600797e+01 -4.211116216454295902e+00 0.000000000000000000e+00
-2.995188265575789988e+00 6.290675986224307792e+00 0.000000000000000000e+00
8.659028341262640538e+00 3.868561352262198216e+00 0.000000000000000000e+00
9.119341187960193551e+00 7.656659643735321374e+00 0.000000000000000000e+00
-1.329964756349902011e+01 -1.024004432483210003e+01 0.000000000000000000e+00
-1.210264056340062666e+01 4.506021308039786510e-01 0.000000000000000000e+00
6.315922183971725445e+00 5.154614797522177660e+00 0.000000000000000000e+00
-1.088768915639564305e+01 -3.426662504132732767e+00 0.000000000000000000e+00
-6.113910003637692547e+00 -4.590435115117436737e+00 0.000000000000000000e+00
8.643469455299287674e+00 1.474509705330649290e+01 0.000000000000000000e+00
-5.877505299011448692e+00 1.148408283396278406e+01 0.000000000000000000e+00
1.445210350662460463e+01 2.939813556774756975e+00 0.000000000000000000e+00
-1.286881537619496108e+01 -5.135813520431949719e+00 0.000000000000000000e+00
-1.708210076061739358e+01 -3.375680561461471996e+00 0.000000000000000000e+00
7.444939691505581436e+00 -1.306504311133641139e+01 0.000000000000000000e+00
1.156250756218239673e+01 -8.988350012585808457e+00 0.000000000000000000e+00
-8.183651448924720739e+00 -1.053728986474840923e+01 0.000000000000000000e+00
-1.512410864040237835e+00 1.739809410197335282e+01 0.000000000000000000e+00
9.094835629235115348e+00 -5.513925845604231490e+00 0.000000000000000000e+00
-3.192752822825374981e+00 -1.391893248768996116e+00 0.000000000000000000e+00
1.078243181974306708e+01 -1.063504393521073510e+00 0.000000000000000000e+00
6.432233251726199974e+00 -2.158834716121099451e+00 0.000000000000000000e+00
2.404999938030296214e+00 -1.325451422997149287e+01 0.000000000000000000e+00
-1.083722008602849662e+01 -1.611231418093602707e+00 0.000000000000000000e+00
-8.421278392400452617e+00 -6.789652510733050761e+00 0.000000000000000000e+00
-5.393148517077615445e+00 1.465574144427235481e+01 0.000000000000000000e+00
1.280743877548457554e+01 -2.228196682479196333e+00 0.000000000000000000e+00
5.632189989675987718e+00 -9.760294069675840234e+00 0.000000000000000000e+00
1.366285362079238297e+01 -8.897213450453699934e+00 0.000000000000000000e+00
-1.101348787785617134e+01 -1.019968479274611184e+01 0.000000000000000000e+00
-1.015849744363426765e+01 1.034680543312295864e+00 0.000000000000000000e+00
1.388885050553331979e+01 9.415023213955626247e+00 0.000000000000000000e+00
-6.828731832723164530e+00 1.519987916047639764e+01 0.000000000000000000e+00
-8.628539039297864477e+00 -5.162208990760817962e+00 0.000000000000000000e+00
-1.695406691227543661e+01 -1.595306040747038079e+00 0.000000000000000000e+00
-1.281254281069879930e+01 -1.025546141465244920e+00 0.000000000000000000e+00
7.909506743440800847e+00 -4.268955246419521288e+00 0.000000000000000000e+00
-7.195876747022595055e+00 3.785262500607183167e+00 0.000000000000000000e+00
-1.520100798562189581e+01 2.344520450418776658e+00 0.000000000000000000e+00
-1.576822379880129077e+01 5.692251104861027144e+00 0.000000000000000000e+00
1.574097968020129379e+01 8.942122496619828720e-01 0.000000000000000000e+00
1.075292269930706546e+01 5.706687453966480028e+00 0.000000000000000000e+00
2.685343395858529991e+00 1.419169372500517134e+01 0.000000000000000000e+00
1.004487386684898809e+01 -6.911402689244566133e+00 0.000000000000000000e+00
-5.954510812331212044e+00 -1.429489483759254043e+01 0.000000000000000000e+00
-6.554071074899038507e+00 -7.844204949231425417e+00 0.000000000000000000e+00
-2.548167798664402461e+00 5.957572276589707672e-01 0.000000000000000000e+00
-9.605545306381249038e-01 6.707977102580099604e+00 0.000000000000000000e+00
-1.667525902491626966e-01 -5.765837230529485602e+00 0.000000000000000000e+00
-1.377494049836203516e+01 9.787885621290326910e+00 0.000000000000000000e+00
8.283834742012857077e+00 -9.983994166739380560e+00 0.000000000000000000e+00
1.225897337039743817e+01 6.870726514327576417e+00 0.000000000000000000e+00
-9.070821306229294834e+00 3.014738103769620370e+00 0.000000000000000000e+00
-7.052135137163358714e+00 2.324203929871143659e-01 0.000000000000000000e+00
2.569827810455068473e+00 2.785924745526232815e+00 0.000000000000000000e+00
-9.068098182167126708e+00 -1.307871566344803949e+00 0.000000000000000000e+00
-6.623103706682627489e+00 8.469990434713915661e+00 0.000000000000000000e+00
8.599812159883949647e+00 1.300514868062235330e+01 0.000000000000000000e+00
2.094368824344237545e+00 -1.649414254869999752e+01 0.000000000000000000e+00
-3.787057159149332275e+00 1.094766399575233962e+01 0.000000000000000000e+00
-4.865071383360119128e+00 -3.561073778521852251e+00 0.000000000000000000e+00
-9.676224654267722158e+00 -1.424471840862683258e+01 0.000000000000000000e+00
-5.755298730331237067e+00 -2.116596618460393486e+00 0.000000000000000000e+00
-1.398536726150766718e+01 5.554941048215985333e+00 0.000000000000000000e+00
8.314181153529091262e+00 -1.495049253195785610e+01 0.000000000000000000e+00
3.651469284667343551e+00 8.411072281897068237e+00 0.000000000000000000e+00
-1.331062884738174645e+01 -6.572423862865019117e+00 0.000000000000000000e+00
6.085065917489235865e+00 -6.670649721767171414e+00 0.000000000000000000e+00
-1.196096529964975730e+01 5.177666437854274051e+00 0.000000000000000000e+00
1.478937448200700722e+01 -8.958813743271404340e-01 0.000000000000000000e+00
1.561467561380519697e+01 -6.437530650290232970e+00 0.000000000000000000e+00
-5.297256108809617059e-01 -1.242031212334760681e+01 0.000000000000000000e+00
7.523632757279903771e+00 -7.275500587954375042e+00 0.000000000000000000e+00
-2.160976619476348670e+00 2.049403201296817301e+00 0.000000000000000000e+00
-7.762480027855889197e-01 4.579428463344628497e+00 0.000000000000000000e+00
-7.425515682534752138e+00 1.359001631846383695e+01 0.000000000000000000e+00
6.324277879387467216e+00 -1.133121660745560355e+01 0.000000000000000000e+00
1.786685067205382893e+00 6.484645060845833697e+00 0.000000000000000000e+00
-9.816495560292379352e+00 5.936544634432691758e+00 0.000000000000000000e+00
-2.141551011165544749e-01 -2.971138784985569270e+00 0.000000000000000000e+00
-8.091214939912672044e-01 -1.080891304654020324e+01 0.000000000000000000e+00
-1.000063922236403968e+01 -1.138528679079489336e+01 0.000000000000000000e+00
-1.014217768248355256e+01 -4.852132046158525114e+00 0.000000000000000000e+00
-2.973412826437658030e+00 -3.300559344218140456e+00 0.000000000000000000e+00
-6.503366719103255145e-01 -2.673243507947254405e-01 0.000000000000000000e+00
-8.324578660259438934e+00 1.483750582786983507e+01 0.000000000000000000e+00
1.234215847521210385e+01 8.459639700962988229e+00 0.000000000000000000e+00
4.403336358548906482e+00 -5.216086586866009789e+00 0.000000000000000000e+00
1.116501966985015848e+01 -1.239212123307456892e+01 0.000000000000000000e+00
6.431448562410833070e+00 -5.023708359649276645e+00 0.000000000000000000e+00
-4.824113655311024651e+00 7.308072023007156304e+00 0.000000000000000000e+00
5.491415690002327210e+00 -1.527455573972016545e+01 0.000000000000000000e+00
-1.543090105169051007e+01 -5.390149356414512205e+00 0.000000000000000000e+00
6.565313420879541617e+00 8.208178347108821882e+00 0.000000000000000000e+00
-1.509868142045708161e+01 7.892883010336633198e-01 0.000000000000000000e+00
-5.068794951385410918e+00 -7.030263999509776873e+00 0.000000000000000000e+00
1.412215178411337035e+01 7.806054516791528286e+00 0.000000000000000000e+00
1.361660243191065156e+00 -1.203715511740647948e+01 0.000000000000000000e+00
1.761804251634030649e+00 1.101529031166902328e+01 0.000000000000000000e+00
3.158128009475612341e+00 -1.127083392875762513e+01 0.000000000000000000e+00
-7.686327357574003649e+00 -1.539688330148853801e+01 0.000000000000000000e+00
7.298200871263108347e+00 1.189174656177344680e+01 0.000000000000000000e+00
1.134892654027275505e+01 9.956274496079352332e+00 0.000000000000000000e+00
-1.446347873980182186e+01 -4.112699685066721678e+00 0.000000000000000000e+00
2.475580880359450342e-01 7.910311711284617076e+00 0.000000000000000000e+00
-8.858423456023331255e+00 -3.137081409731630188e+00 0.000000000000000000e+00
-3.899523684528945378e+00 1.672357495273400163e+00 0.000000000000000000e+00
-1.671403294964006392e+01 3.412519854271605091e+00 0.000000000000000000e+00
5.056658898099612109e+00 -7.545242308734748660e-01 0.000000000000000000e+00
-1.477798565353181459e+01 -7.606433665412864364e+00 0.000000000000000000e+00
1.699053158160944488e+00 -1.478941223938417693e+01 0.000000000000000000e+00
-1.094305611729019745e+01 1.203780211527569932e+01 0.000000000000000000e+00
9.876186483554615592e+00 9.332513669015817470e+00 0.000000000000000000e+00
-9.726137913887317410e+00 1.422033060469639665e+01 0.000000000000000000e+00
-1.483782011913954868e+01 4.078407674213686995e+00 0.000000000000000000e+00
1.150407655638768567e+00 1.167007738545910112e+00 0.000000000000000000e+00
1.596772327580702644e+01 -2.562092648680911466e+00 0.000000000000000000e+00
1.210253659281918814e+01 4.972537109645517539e+00 0.000000000000000000e+00
1.198426513173076202e+01 1.926542993284284522e-01 0.000000000000000000e+00
-9.188589473536673324e+00 -8.661112333222696691e+00 0.000000000000000000e+00
-2.015081303134581781e+00 1.055233871993947758e+01 0.000000000000000000e+00
2.184170763421227512e+00 1.655561818942043573e+01 0.000000000000000000e+00
9.843564926219393385e+00 -9.943966329074719113e+00 0.000000000000000000e+00
1.513609882056329781e+01 -4.753271106047760597e+00 0.000000000000000000e+00
1.635072270756506541e+01 6.214343726330049833e+00 0.000000000000000000e+00
3.401658564092740811e+00 6.461669350154403801e+00 0.000000000000000000e+00
3.815929563598865926e+00 1.188572859307842222e+01 0.000000000000000000e+00
-3.463727922951755911e+00 -8.234255872305308088e+00 0.000000000000000000e+00
3.010492147784761485e+00 -9.031708233912526751e+00 0.000000000000000000e+00
2.665966313374468211e+00 -7.070808344499978304e+00 0.000000000000000000e+00
5.170701570121974733e+00 6.808187799356979042e+00 0.000000000000000000e+00
9.146605480189672122e+00 -1.240008309483772919e+01 0.000000000000000000e+00
-8.891510679077502033e+00 1.020482940608762057e+01 0.000000000000000000e+00
-9.043288201770797841e+00 4.524704336861672616e+00 0.000000000000000000e+00
9.527153577358424386e+00 -8.329975800702499100e+00 0.000000000000000000e+00
1.676608803838919926e+01 -3.860599595295695963e+00 0.000000000000000000e+00
-3.474817657166146656e+00 8.210815251537638915e+00 0.000000000000000000e+00
-1.137819923756637230e+01 9.729649844629980393e+00 0.000000000000000000e+00
8.849891094134225700e-01 -1.004239031880463529e+01 0.000000000000000000e+00
-7.560563576477560055e+00 -1.924471912154012809e+00 0.000000000000000000e+00
-5.229052313996502832e+00 9.590532771080512831e+00 0.000000000000000000e+00
1.317439652114614290e+01 1.665339894081000693e+00 0.000000000000000000e+00
-1.303697781005739742e+01 -2.871709618422918275e+00 0.000000000000000000e+00
-2.397190262074158529e+00 -5.333755000074655861e+00 0.000000000000000000e+00
4.714016773480986799e+00 5.272697061571116173e+00 0.000000000000000000e+00
-1.708774697377933549e+01 1.780324354846344104e+00 0.000000000000000000e+00
1.215519489040550738e+01 1.205690135176912037e+01 0.000000000000000000e+00
-1.182087948385214027e+01 -1.265782379935681767e+01 0.000000000000000000e+00
7.492692760160675647e+00 9.721681286308765380e+00 0.000000000000000000e+00
1.552680901108912215e+00 -5.882302326398580306e+00 0.000000000000000000e+00
1.799081787361695328e+00 -1.510368717941852568e+00 0.000000000000000000e+00
-8.323365372172474963e+00 8.453324997164605392e+00 0.000000000000000000e+00
5.969429248736656035e+00 -8.214550986894549212e+00 0.000000000000000000e+00
6.851164569801039050e+00 -4.931088340738595255e-01 0.000000000000000000e+00
1.721709101801922515e+01 2.519909114862955768e+00 0.000000000000000000e+00
3.667578714297572984e-01 -1.714647455915834939e+01 0.000000000000000000e+00
-4.411014337519555184e+00 1.314922636600139860e+01 0.000000000000000000e+00
-1.444026381518138535e+01 -1.540503618689758936e+00 0.000000000000000000e+00
1.161567525635351039e+01 -6.801657908290085430e+00 0.000000000000000000e+00
9.657381617426073817e+00 2.533386010951071299e+00 0.000000000000000000e+00
-5.936126828283470047e+00 1.414570036171739709e+00 0.000000000000000000e+00
3.670968227819303209e+00 -1.465736432993812954e+01 0.000000000000000000e+00
2.649766353960166576e+00 4.823631930657994893e+00 0.000000000000000000e+00
9.674461016729600793e-01 1.395017927341027608e+01 0.000000000000000000e+00
-1.131493780559894802e+01 -5.840136749192018861e+00 0.000000000000000000e+00
-1.276557407810554068e+01 3.861970102404216121e+00 0.000000000000000000e+00
1.506253850942391459e+01 -7.874836658589276617e+00 0.000000000000000000e+00
6.543193558508787255e+00 1.507367612958796421e+01 0.000000000000000000e+00
9.567398704880321958e+00 -7.191172225388609007e-02 0.000000000000000000e+00
-1.682908963425479953e+01 1.300931728433913359e-01 0.000000000000000000e+00
-6.427442625647936461e-03 1.742909644504263511e+01 0.000000000000000000e+00
-1.107468051555156840e+01 1.354870080160542400e+01 0.000000000000000000e+00
1.311137149935538027e+01 1.085535408533394275e+01 0.000000000000000000e+00
-6.214574080027696290e+00 -1.213049148858394410e+01 0.000000000000000000e+00
3.860957322743860054e+00 1.026990222649680362e+01 0.000000000000000000e+00
-5.112663924869036869e+00 -8.941829280924393331e+00 0.000000000000000000e+00
-1.122524068390042729e+01 6.518722857609573040e+00 0.000000000000000000e+00
1.121935952731352693e+01 -1.084172456091912196e+01 0.000000000000000000e+00
1.092547437385592168e+01 7.619910538622213458e+00 0.000000000000000000e+00
-7.219316916864717548e+00 -9.280322402348296862e+00 0.000000000000000000e+00
-2.463753473197402566e-01 -7.447384919747102039e+00 0.000000000000000000e+00
4.001210122440743255e+00 1.696185028002855688e+01 0.000000000000000000e+00
