-1.268674732353662371e+01 3.076173171287974295e+00 0.000000000000000000e+00
1.219130014682372476e+01 -5.703187645455112254e-01 0.000000000000000000e+00
-4.840875820650265005e-01 4.164908042737279992e+00 0.000000000000000000e+00
-1.565482558020543635e+01 -7.710379237142806375e+00 0.000000000000000000e+00
-5.586493604048251349e+00 -1.554881919129698176e+01 0.000000000000000000e+00
-3.389389841607260312e+00 9.922369954760803523e+00 0.000000000000000000e+00
-1.513118451230646588e+00 2.711003359810643110e-01 0.000000000000000000e+00
1.203077461295940331e+01 7.449467989920742106e+00 0.000000000000000000e+00
1.538402533758511481e+01 -5.501890994723183326e+00 0.000000000000000000e+00
-6.769267766894471627e+00 -1.653252448406148822e+00 0.000000000000000000e+00
-1.425118097554930685e+01 8.571492788501823057e+00 0.000000000000000000e+00
2.144166072566245695e+00 -1.397182871970855089e+01 0.000000000000000000e+00
-7.661213240389604273e+00 -1.236730424592961164e+01 0.000000000000000000e+00
-5.927498503807183461e+00 -5.585314908057359418e+00 0.000000000000000000e+00
7.561286478893266327e+00 -1.357434845128998901e+01 0.000000000000000000e+00
-7.537454356091771723e-01 7.432491354296896446e+00 0.000000000000000000e+00
-3.487308434228412746e-01 -9.558514860340997288e+00 0.000000000000000000e+00
3.046780628674047531e+00 -3.373185403218083245e+00 0.000000000000000000e+00
6.518714878999539053e+00 4.202566447217338741e+00 0.000000000000000000e+00
1.066728096531951486e+01 -3.816506028070663081e+00 0.000000000000000000e+00
-8.068210161708401884e+00 -9.582554100594009583e+00 0.000000000000000000e+00
-2.228643933404964361e+00 -1.317426609193333853e+01 0.000000000000000000e+00
-1.142187730994651851e+01 4.052243690395637365e+00 0.000000000000000000e+00
7.640222544899031298e+00 1.128436555495877691e+01 0.000000000000000000e+00
6.104072034911229849e+00 2.577929766134877010e+00 0.000000000000000000e+00
-9.822606314824831486e+00 7.895976385894810434e+00 0.000000000000000000e+00
4.015564932379787066e+00 1.509473335862815624e+01 0.000000000000000000e+00
-1.522340861247062582e+00 1.104957640076177583e+01 0.000000000000000000e+00
9.292309758864419678e+00 3.182734992452003642e+00 0.000000000000000000e+00
5.664508285106468755e+00 -1.423157333602840424e+01 0.000000000000000000e+00
-9.254285608365941940e+00 1.254364908052031780e+01 0.000000000000000000e+00
-9.926919724370740994e+00 2.655603151299195108e+00 0.000000000000000000e+00
-1.971766879701967179e+00 -6.383115792380776199e+00 0.000000000000000000e+00
3.449243531308223698e+00 8.870251218762003731e+00 0.000000000000000000e+00
1.431950567265996277e+01 -2.871354021781669985e+00 0.000000000000000000e+00
-3.352265344119871759e+00 -1.110176357951443649e+01 0.000000000000000000e+00
-1.078192035778908675e+01 -1.264783418186373609e+01 0.000000000000000000e+00
4.154241149177967607e+00 -5.575253809123603688e+00 0.000000000000000000e+00
9.600778562738588207e+00 1.419942102743494949e+01 0.000000000000000000e+00
-9.947525243476754042e+00 -6.051396047978229165e-01 0.000000000000000000e+00
-5.418678600137343260e-01 -1.732243379732389599e+01 0.000000000000000000e+00
1.113077906896105640e+00 1.174270327962039895e+00 0.000000000000000000e+00
7.218249639576614918e+00 1.461259563251724813e+01 0.000000000000000000e+00
1.392792033644053795e+01 1.031922269956464078e+01 0.000000000000000000e+00
1.222530323333168134e+01 5.652143641664610918e+00 0.000000000000000000e+00
-3.294406819182649215e+00 -6.696572004660124033e-01 0.000000000000000000e+00
4.361002488275130595e+00 -1.563473215956350693e+01 0.000000000000000000e+00
5.737877200465966609e+00 9.140819236158012728e+00 0.000000000000000000e+00
1.202481348580403697e+01 3.279199369340997983e+00 0.000000000000000000e+00
1.424452819213344990e+00 1.338340500999858129e+01 0.000000000000000000e+00
-7.966078463702718437e+00 -1.393934155471621850e+01 0.000000000000000000e+00
-8.154297998173367645e+00 8.501493639542712089e+00 0.000000000000000000e+00
-6.808368601303643075e+00 1.130759871813380357e+01 0.000000000000000000e+00
-9.292778110301728844e+00 1.024611581770744095e+01 0.000000000000000000e+00
-6.125113962843022009e+00 -7.337007768484119730e+00 0.000000000000000000e+00
1.175740401481270325e+01 1.200316644917165121e+01 0.000000000000000000e+00
6.705509880257271682e+00 6.940805729962345794e+00 0.000000000000000000e+00
-2.698349429693557067e+00 -1.614236139879324483e+01 0.000000000000000000e+00
-5.242766819579832038e+00 -9.875005256903483186e+00 0.000000000000000000e+00
2.502948899560263119e+00 -5.017080267078946498e+00 0.000000000000000000e+00
4.516975389480753833e+00 1.281208338002795699e+01 0.000000000000000000e+00
-5.032382162815853377e+00 1.111559144440923852e+00 0.000000000000000000e+00
-6.041619433847732701e+00 1.548614825476936296e+01 0.000000000000000000e+00
-7.476878798264454673e+00 4.056306484819409142e-01 0.000000000000000000e+00
-3.379753297881840646e-01 1.482533729512697462e+01 0.000000000000000000e+00
-1.694008333541029288e+01 3.513156754424099915e-01 0.000000000000000000e+00
7.397772442175677199e+00 -5.264816030674916547e+00 0.000000000000000000e+00
-1.319108080536657468e+01 -9.669105403300932267e+00 0.000000000000000000e+00
-3.294355731439327695e+00 1.420344693537774461e+01 0.000000000000000000e+00
-6.638390273447073220e+00 5.719107868378304538e+00 0.000000000000000000e+00
1.331135602623550351e+00 -1.839494990249863626e+00 0.000000000000000000e+00
3.666500825347175585e+00 5.753286349256633514e+00 0.000000000000000000e+00
6.331040121584405878e-01 -1.412002247268786981e+01 0.000000000000000000e+00
1.672079223246069546e+01 3.958709963951178690e+00 0.000000000000000000e+00
-1.349507376014434179e+01 -1.760149061970089024e+00 0.000000000000000000e+00
-1.245011051120875756e+01 -1.120151404783932136e+01 0.000000000000000000e+00
1.298355038137360573e+01 -9.013068495482018605e+00 0.000000000000000000e+00
8.842887476368307631e+00 8.925008921916386839e+00 0.000000000000000000e+00
8.134403366449316053e+00 -6.406746674299947930e-01 0.000000000000000000e+00
4.729460874612741783e+00 -1.008778807625359875e+01 0.000000000000000000e+00
3.039201986033472469e+00 1.180309041625979205e+01 0.000000000000000000e+00
1.001699702032697736e+01 -5.173111409927270365e+00 0.000000000000000000e+00
-1.328535401240474556e+01 1.131671275448809055e+01 0.000000000000000000e+00
-4.795559118300374735e+00 7.606750706276922180e+00 0.000000000000000000e+00
9.171107697381547297e+00 -1.111112586718628847e+01 0.000000000000000000e+00
1.351434819285743938e+00 -9.675220032482487298e+00 0.000000000000000000e+00
1.463616942803824372e+01 1.258279027389440197e+00 0.000000000000000000e+00
9.950264737763347966e+00 -9.308516097609572881e+00 0.000000000000000000e+00
7.258844039319043873e+00 -7.400358188073989041e+00 0.000000000000000000e+00
-1.653530807028074179e+01 -4.143405384775959988e+00 0.000000000000000000e+00
4.861686833531070562e+00 7.364647215541837433e+00 0.000000000000000000e+00
9.563132218828618747e+00 -7.844768598430847284e+00 0.000000000000000000e+00
-8.894097960746584874e+00 -6.474772836627716188e+00 0.000000000000000000e+00
1.705756355561000248e+01 2.240009669910385970e+00 0.000000000000000000e+00
-1.411171920463749174e+01 6.342259347316131723e+00 0.000000000000000000e+00
4.885965735822613176e+00 1.022766746961553785e+00 0.000000000000000000e+00
1.116619222552418833e+01 1.048309334197310072e+01 0.000000000000000000e+00
5.335710477941547403e+00 -2.121942594853983621e+00 0.000000000000000000e+00
2.060660624216852810e+00 9.542741925525886515e+00 0.000000000000000000e+00
-8.839542112290818210e+00 1.412423215317462422e+01 0.000000000000000000e+00
-3.669118319344190082e-01 1.866345586360497188e+00 0.000000000000000000e+00
1.565499505955114001e+00 -1.198735210001166251e+01 0.000000000000000000e+00
1.438382603128336967e+01 -8.396177367639011679e-01 0.000000000000000000e+00
1.379088214662613687e+01 -4.286149387593665594e+00 0.000000000000000000e+00
1.167422387847128107e+01 9.677186817789129591e-01 0.000000000000000000e+00
-3.785127175507783659e-01 -5.284705711710311782e+00 0.000000000000000000e+00
7.384117649553003204e+00 -9.446058531522906421e+00 0.000000000000000000e+00
-1.310820664942486857e+01 -7.732416418035446881e+00 0.000000000000000000e+00
-5.042033116378524582e+00 3.806102498947637525e+00 0.000000000000000000e+00
-1.112538872340022955e+01 1.027573636945727209e+01 0.000000000000000000e+00
-4.747970177765593824e+00 9.173433359076462068e+00 0.000000000000000000e+00
-2.715820769102720966e+00 5.631845262566484323e+00 0.000000000000000000e+00
1.342137125260357067e+01 -1.105169375094208206e+01 0.000000000000000000e+00
-5.203982906224661198e-01 -7.877999585149710882e+00 0.000000000000000000e+00
-6.324632036586175232e+00 -1.124582650146210305e+01 0.000000000000000000e+00
-1.782523962533867801e+00 3.105356487766681717e+00 0.000000000000000000e+00
1.159748623916611976e+01 -1.069079270882970611e+01 0.000000000000000000e+00
-3.334438959102265176e+00 -4.272026451548170733e+00 0.000000000000000000e+00
-1.518641184113425169e+01 2.779389762015633814e+00 0.000000000000000000e+00
5.446264011896012613e-01 1.747124277195176134e+01 0.000000000000000000e+00
-1.415174884056253291e+01 4.643806495883586294e+00 0.000000000000000000e+00
1.225462945703594286e+01 -7.196789797755630325e+00 0.000000000000000000e+00
-5.072322812435174910e-01 5.779607468668759296e+00 0.000000000000000000e+00
1.665269597017478009e+00 -1.621656401719780760e+01 0.000000000000000000e+00
7.131976683049345844e+00 -1.137248631709693214e+01 0.000000000000000000e+00
-3.216874565273541098e+00 -2.722292853793948808e+00 0.000000000000000000e+00
-8.377103475408032907e+00 -1.559891107645744013e+00 0.000000000000000000e+00
1.034213807518072237e+01 -1.362123256794183668e+01 0.000000000000000000e+00
-1.322158722697567335e+01 -4.811371647112339112e+00 0.000000000000000000e+00
-6.681115330972603239e+00 1.759053655365008462e+00 0.000000000000000000e+00
5.562753506623407951e+00 -8.268425124933603598e+00 0.000000000000000000e+00
-9.447257760075183697e+00 -8.497477156828068701e+00 0.000000000000000000e+00
1.533280104174312086e+01 6.030791558376096262e+00 0.000000000000000000e+00
-4.670023495892704268e+00 1.189287064941070682e+01 0.000000000000000000e+00
-9.185718686779555497e+00 5.071501897674147941e+00 0.000000000000000000e+00
-1.030167158169099295e+01 -5.601197133940764239e+00 0.000000000000000000e+00
3.906309171723616469e+00 2.587185534803065234e+00 0.000000000000000000e+00
2.772099310265878191e+00 3.650283397010124720e+00 0.000000000000000000e+00
-3.134705827629859609e+00 -1.447101729882698606e+01 0.000000000000000000e+00
4.783170858059228259e+00 1.132857376361935664e+01 0.000000000000000000e+00
1.594244024123272219e+01 -2.455449705988548725e+00 0.000000000000000000e+00
-1.467189982296077133e+01 -6.703592388527467028e-02 0.000000000000000000e+00
1.076589467694851621e+01 4.874114645508642596e+00 0.000000000000000000e+00
8.918007522850540658e-01 5.234475025922837865e+00 0.000000000000000000e+00
-1.637370077868369123e+01 -5.688386725859308157e+00 0.000000000000000000e+00
8.110991676506104753e+00 5.257290475520593809e+00 0.000000000000000000e+00
-4.225916234607539623e-01 9.141749941260085777e+00 0.000000000000000000e+00
1.813006430614380715e+00 -7.728187374727234271e+00 0.000000000000000000e+00
1.294434475641448534e+00 1.573401308705048507e+01 0.000000000000000000e+00
-4.753293690680240324e-01 -3.252860856212076879e+00 0.000000000000000000e+00
-1.544014065922100887e+00 -1.495701232624014132e+01 0.000000000000000000e+00
4.909088748769888433e+00 1.667495634948677363e+01 0.000000000000000000e+00
-1.497271467455981941e+01 -3.404663391080719137e+00 0.000000000000000000e+00
8.806046962422467317e+00 8.347971800351553506e-01 0.000000000000000000e+00
1.349537597302498959e+01 4.320405197618982562e+00 0.000000000000000000e+00
-1.227143009204484603e+00 -1.760691899072011735e+00 0.000000000000000000e+00
-3.633971267260159621e+00 1.644004125349561107e+01 0.000000000000000000e+00
1.638111296692267516e+01 -3.997174195587988588e-01 0.000000000000000000e+00
-1.613650068205539867e+01 4.866428332148360347e+00 0.000000000000000000e+00
1.457663941535796681e+01 -9.311075080687416516e+00 0.000000000000000000e+00
-8.212596332364777041e+00 2.197871192844928157e+00 0.000000000000000000e+00
-1.282527719505826802e+01 -1.065493663427028170e-01 0.000000000000000000e+00
3.185020731642763003e+00 -1.264979882187559568e+01 0.000000000000000000e+00
-3.500492901963101033e+00 2.288500332926832748e+00 0.000000000000000000e+00
-8.329100241773589985e+00 -4.787030049674543264e+00 0.000000000000000000e+00
4.269324244982719563e+00 4.122123124419600160e+00 0.000000000000000000e+00
1.366619774366033546e-01 -1.590005487361620240e+01 0.000000000000000000e+00
-4.832338193429869477e+00 -1.887137491034049930e+00 0.000000000000000000e+00
-2.948757058064996883e+00 -8.363442096619101207e+00 0.000000000000000000e+00
5.203626236243891201e-01 -3.714256613257229667e-01 0.000000000000000000e+00
8.147763324238858074e-01 8.008539209302895756e+00 0.000000000000000000e+00
3.978122762335006168e+00 -1.404458725273368280e+01 0.000000000000000000e+00
1.425868322826729084e+01 2.918428743128925973e+00 0.000000000000000000e+00
1.351835098460201756e+01 -5.903209820170459921e+00 0.000000000000000000e+00
9.394649578944429535e+00 1.233290475504809969e+01 0.000000000000000000e+00
-5.487176260092006430e+00 -3.660181784181350650e+00 0.000000000000000000e+00
-4.232328176416383370e-01 -1.293463504268319220e+01 0.000000000000000000e+00
-6.671422239546728861e+00 1.337277336476845413e+01 0.000000000000000000e+00
9.094558047479237572e+00 -3.699770475271835224e+00 0.000000000000000000e+00
5.213732499408173737e+00 -1.163694513529591035e+01 0.000000000000000000e+00
-1.702085922006909158e+01 -1.148025584296589185e+00 0.000000000000000000e+00
2.729871626866442025e+00 7.086398577288752776e+00 0.000000000000000000e+00
-1.024251725845945238e+01 1.059056799449424657e+00 0.000000000000000000e+00
2.246758669801370178e+00 1.695791974406403213e+01 0.000000000000000000e+00
1.024068274507836129e+01 -9.609672811559886174e-01 0.000000000000000000e+00
5.652023371056558609e+00 5.852513897575224888e+00 0.000000000000000000e+00
-1.756844118624151907e+00 -4.559413589056119598e+00 0.000000000000000000e+00
-7.316260484715253476e+00 3.856624365485187500e+00 0.000000000000000000e+00
-1.247907820462936712e+01 -6.343223369829961378e+00 0.000000000000000000e+00
-1.058605671815613114e+01 5.941658582833758473e+00 0.000000000000000000e+00
-1.067675978323184793e+01 1.335306864693012230e+01 0.000000000000000000e+00
-1.142242223355800945e+01 -7.568272277899395384e+00 0.000000000000000000e+00
-8.688828616260140691e+00 -1.122535359394946575e+01 0.000000000000000000e+00
3.084943809719718821e+00 -2.482634895235065753e-01 0.000000000000000000e+00
-3.789680074196412729e+00 -5.997347725310754107e+00 0.000000000000000000e+00
1.473877851271044470e+01 8.365795415452412342e+00 0.000000000000000000e+00
-1.733534028734748267e+00 1.593538080784615119e+01 0.000000000000000000e+00
1.659730399622048935e+01 -4.594245594314758208e+00 0.000000000000000000e+00
-6.342451617735109792e+00 9.563824596196822014e+00 0.000000000000000000e+00
7.729201979691199265e-01 -6.247861759396634795e+00 0.000000000000000000e+00
-8.948468001728379306e+00 6.593077429638053211e+00 0.000000000000000000e+00
1.251246109248446281e+01 -2.058078511863636884e+00 0.000000000000000000e+00
1.265163860137016272e+01 9.081663517095613258e+00 0.000000000000000000e+00
6.894719345835665258e+00 -2.301992104118558924e+00 0.000000000000000000e+00
-1.973836130666922317e+00 8.690589976259733618e+00 0.000000000000000000e+00
5.512764638309781695e+00 -6.603892773579675968e+00 0.000000000000000000e+00
-5.049103096782484812e+00 1.405974651412459053e+01 0.000000000000000000e+00
-1.133776430913814437e+01 8.081155684942455508e+00 0.000000000000000000e+00
-1.085523539291317796e+01 -9.096418072782766373e+00 0.000000000000000000e+00
1.454456491614170055e+01 -7.217110968115681757e+00 0.000000000000000000e+00
-1.243396771775269904e+01 5.337461138865680965e+00 0.000000000000000000e+00
-7.310686983814566275e+00 -3.081168245431988861e+00 0.000000000000000000e+00
-1.194259725333339439e+01 -2.108790058860196215e+00 0.000000000000000000e+00
-5.061117723208793606e+00 -1.402048810336158446e+01 0.000000000000000000e+00
-1.156930348302300615e+01 -3.794865588923979516e+00 0.000000000000000000e+00
-1.170906207442159896e+01 1.617358964428515788e+00 0.000000000000000000e+00
6.454529446847407037e+00 -1.593082451419686763e+01 0.000000000000000000e+00
2.698472296001868109e+00 1.434400129638618715e+01 0.000000000000000000e+00
-5.118977820336723994e+00 -1.238593899129131337e+01 0.000000000000000000e+00
7.183397735202055046e+00 9.712173836445172626e+00 0.000000000000000000e+00
-1.049869005474002970e+00 -1.119487282601913769e+01 0.000000000000000000e+00
1.356877208399180113e+01 6.633526503595259527e+00 0.000000000000000000e+00
-1.010239397836507243e-02 1.104802376698450850e+01 0.000000000000000000e+00
-1.590242264748376710e+00 1.266427762236445531e+01 0.000000000000000000e+00
1.220148090540664398e+01 -1.209474539938297610e+01 0.000000000000000000e+00
9.959096303094888469e+00 7.625767965700664064e+00 0.000000000000000000e+00
-1.134865190383006173e+01 1.179494973274664638e+01 0.000000000000000000e+00
-1.268667734024077909e+01 9.043802737777637546e+00 0.000000000000000000e+00
1.196065726285325326e+01 -4.719473082505997397e+00 0.000000000000000000e+00
-4.535336564145355354e+00 -7.591461244138354658e+00 0.000000000000000000e+00
7.329745213654065061e+00 1.326704599590955214e+00 0.000000000000000000e+00
6.512676527994244680e+00 1.231480912970557107e+01 0.000000000000000000e+00
8.933572231046861489e+00 -1.441665240925457603e+01 0.000000000000000000e+00
3.391193082759401012e+00 -7.120412843382441181e+00 0.000000000000000000e+00
-6.328508412494777247e+00 7.769948006521192774e+00 0.000000000000000000e+00
-1.252556274220934363e+01 6.977827564601709831e+00 0.000000000000000000e+00
6.606652632296586170e+00 -5.095903425842264467e-02 0.000000000000000000e+00
-7.273604179998372388e+00 -1.579803288640555614e+01 0.000000000000000000e+00
-4.273816747197379584e+00 -1.680774305083941300e+01 0.000000000000000000e+00
-1.683423328969400146e+01 3.075578512992648061e+00 0.000000000000000000e+00
-9.915980898694815693e+00 -1.398049244741244657e+01 0.000000000000000000e+00
1.299373709739577620e+01 1.724302264926028672e+00 0.000000000000000000e+00
6.285628118940898013e+00 -4.234949732824440538e+00 0.000000000000000000e+00
1.088522906508423560e+01 1.338461532649100150e+01 0.000000000000000000e+00
-1.582447840148929963e+01 6.484403554595418839e+00 0.000000000000000000e+00
1.072812279936228919e+01 2.472806723333162537e+00 0.000000000000000000e+00
-4.621775872279339836e+00 5.589290446119382416e+00 0.000000000000000000e+00
1.340675662511080279e+00 1.186642497432731780e+01 0.000000000000000000e+00
-1.366820825395211614e+01 1.285254717093016863e+00 0.000000000000000000e+00
-1.089296741684139747e+01 -1.111962345545202879e+01 0.000000000000000000e+00
2.980183741616142079e+00 -1.080255040279858747e+01 0.000000000000000000e+00
-2.127226838956074229e+00 -1.009786343601416370e+01 0.000000000000000000e+00
3.757746801721517205e+00 -8.928142318975762493e+00 0.000000000000000000e+00
-1.470830996299924465e+01 -9.175602468771959508e+00 0.000000000000000000e+00
1.189034761732143064e+00 3.738106939805967421e+00 0.000000000000000000e+00
-1.552943193684809842e+01 -1.724093301353631924e+00 0.000000000000000000e+00
