2.323787412979846145e+00 -1.228239708362865734e+01 0.000000000000000000e+00
-1.295801084171163708e+01 6.444210204155902844e+00 0.000000000000000000e+00
3.989064459621285863e+00 1.034758671201208990e+01 0.000000000000000000e+00
-2.664306136861934071e+00 9.047405602939935676e+00 0.000000000000000000e+00
1.455155658253124873e+00 6.745148506347034889e+00 0.000000000000000000e+00
1.466181377605640890e+01 -2.444177840367824928e+00 0.000000000000000000e+00
1.529258311917149804e+01 -9.293339423571058688e+00 0.000000000000000000e+00
1.612101006594270691e+00 4.482999579727249717e+00 0.000000000000000000e+00
1.394580943026002373e+01 -4.670928641593500963e+00 0.000000000000000000e+00
1.014166584133782045e+01 -1.399095219066211726e+01 0.000000000000000000e+00
-8.212764021041001783e+00 -1.030307387429520638e+01 0.000000000000000000e+00
-1.014511756626507832e+01 -1.368616206280958814e+01 0.000000000000000000e+00
1.126282954297783157e+01 -1.129178563425995918e+01 0.000000000000000000e+00
-1.650966156087840364e+00 -1.310944471808211098e+01 0.000000000000000000e+00
-2.966438335305122909e+00 -4.535297598970366550e+00 0.000000000000000000e+00
1.459743746507148465e+01 6.317144673330644944e-02 0.000000000000000000e+00
-1.381844248008797216e+01 4.779482153316952697e+00 0.000000000000000000e+00
-7.426510713511917494e+00 -3.177197709489153254e+00 0.000000000000000000e+00
2.264394066398155658e+00 1.461700330957322791e+01 0.000000000000000000e+00
-1.338949071313788330e+01 -8.559524324065550971e+00 0.000000000000000000e+00
-2.135118431699153163e+00 5.538936947775178865e+00 0.000000000000000000e+00
1.668707284253639855e+01 6.953573681691752384e+00 0.000000000000000000e+00
3.020888301612557614e-01 2.748110663824601119e+00 0.000000000000000000e+00
8.313656708546270480e+00 -2.298363757248129691e+00 0.000000000000000000e+00
-8.079711202741426845e+00 5.414535067474206542e+00 0.000000000000000000e+00
5.466243180271075808e+00 -8.004808543229998463e+00 0.000000000000000000e+00
1.227172102942033938e+01 -4.223618725519066586e-01 0.000000000000000000e+00
-9.605125440231780942e+00 -5.585374240677076330e+00 0.000000000000000000e+00
-1.208874799116575716e+01 -1.145462706003596409e+01 0.000000000000000000e+00
7.371749782333496093e+00 2.130822568033611475e+00 0.000000000000000000e+00
-9.187182442337324062e+00 1.005591488792998511e+01 0.000000000000000000e+00
9.473297191249107740e+00 7.253540914522033312e+00 0.000000000000000000e+00
-8.340539434176308831e+00 -7.597038426629134200e+00 0.000000000000000000e+00
-1.476134083439280431e+01 -1.001174889227127274e+01 0.000000000000000000e+00
-4.163165541881727272e+00 -9.645309044571945378e+00 0.000000000000000000e+00
4.848224901719475177e+00 1.320704184209663268e+01 0.000000000000000000e+00
-1.524881575685630608e+01 2.318793738210588096e+00 0.000000000000000000e+00
2.321191154841917570e-01 -1.866237312431740492e+01 0.000000000000000000e+00
1.064419724709279791e+01 -3.465540432118038527e+00 0.000000000000000000e+00
1.144688046303977247e+00 1.270257673037064095e+01 0.000000000000000000e+00
-8.152343198798886803e+00 1.503924808044259187e+01 0.000000000000000000e+00
1.484768653618848022e+00 -2.754407367249632976e+00 0.000000000000000000e+00
1.084653250435885852e+01 -6.501095001459463951e+00 0.000000000000000000e+00
-9.281251714052040080e-01 8.961893974634422833e+00 0.000000000000000000e+00
7.160894356746181799e+00 -7.975628033298067798e+00 0.000000000000000000e+00
-5.912128837072981646e+00 -7.075776223697526568e+00 0.000000000000000000e+00
-1.011654254341471493e+01 -8.402674608064430117e+00 0.000000000000000000e+00
-2.450078759313519594e+00 -8.999238499375211475e+00 0.000000000000000000e+00
6.230811496682543194e+00 4.659852215725377889e+00 0.000000000000000000e+00
-3.389808771271815679e+00 3.777423030379775781e+00 0.000000000000000000e+00
-6.556167737284829045e+00 -4.770577288415803530e+00 0.000000000000000000e+00
-1.592284291075034730e+01 -8.863770421132334931e+00 0.000000000000000000e+00
-9.201056153528074377e-01 -1.157147275812563514e+01 0.000000000000000000e+00
1.054733903365820957e+01 2.254996133177624984e-01 0.000000000000000000e+00
-1.661517187153121000e+01 7.087952801096282229e+00 0.000000000000000000e+00
-1.155248877244043193e+01 -1.291592562581583081e+01 0.000000000000000000e+00
-5.780991257534521033e+00 1.519211896423955466e+01 0.000000000000000000e+00
-3.987590351639400121e-01 1.730930642149582255e+01 0.000000000000000000e+00
4.883158359429614848e+00 -1.440056039565774659e+00 0.000000000000000000e+00
1.235827051302198321e+01 9.044847226108524652e+00 0.000000000000000000e+00
-1.449358849015271122e+00 -6.201088973937431525e+00 0.000000000000000000e+00
-6.368398586171706732e+00 1.115293373721710068e+01 0.000000000000000000e+00
8.646492070034650368e+00 -1.481689033516580167e+01 0.000000000000000000e+00
-1.633556673742457477e+01 4.839731131703727485e+00 0.000000000000000000e+00
7.209517770619996435e-01 -6.231485716629005189e+00 0.000000000000000000e+00
2.022058975286163740e+00 -1.636365380772007683e+01 0.000000000000000000e+00
6.699902362749380558e+00 1.607084094510431527e+01 0.000000000000000000e+00
-4.194774975195471711e+00 1.482367907287355635e+01 0.000000000000000000e+00
-3.943909905863005605e+00 -7.687881903653887683e+00 0.000000000000000000e+00
-1.518292272073109217e+01 -5.728570970279789343e+00 0.000000000000000000e+00
1.913411513847057099e+00 -9.103637858528134785e+00 0.000000000000000000e+00
1.842104973586376460e+01 2.913559564174684535e+00 0.000000000000000000e+00
6.214664814000181003e+00 -1.562321243000874205e+01 0.000000000000000000e+00
-1.208582852629904636e+01 -4.558594202711459431e+00 0.000000000000000000e+00
1.360397239980461670e+01 1.507860620368604687e+00 0.000000000000000000e+00
1.327113787766669661e+00 -9.843139357081959195e-01 0.000000000000000000e+00
-9.849008939267331897e+00 -2.593044814760783190e+00 0.000000000000000000e+00
1.422193715191022712e+01 4.101234913288931416e+00 0.000000000000000000e+00
-9.249186241067587133e+00 1.160299580883545900e+01 0.000000000000000000e+00
1.282770514662874284e+01 1.182935777414561151e+01 0.000000000000000000e+00
7.866511573100735788e+00 -1.031185205208935329e+01 0.000000000000000000e+00
1.451071583019749589e+01 6.294669755522018129e+00 0.000000000000000000e+00
1.557967210936064362e+01 -6.013260423374324759e+00 0.000000000000000000e+00
9.521138460425222050e+00 1.373516085523765007e+01 0.000000000000000000e+00
2.186607054978680242e+00 1.706006561775541996e+01 0.000000000000000000e+00
1.445542817159289894e+00 1.863719113970491037e+01 0.000000000000000000e+00
3.027888495250842915e+00 6.073039501080369718e+00 0.000000000000000000e+00
1.424104135979601971e+01 1.010268751569814860e+01 0.000000000000000000e+00
6.513426192030562945e+00 8.285501163738942410e+00 0.000000000000000000e+00
1.615577816326597826e+01 -1.536354772147117576e+00 0.000000000000000000e+00
-4.078367500185384742e+00 -5.793456319600833737e+00 0.000000000000000000e+00
-9.851083010380675020e+00 -1.208818321724246303e+01 0.000000000000000000e+00
-1.522050273116158969e+01 9.590613031907521346e+00 0.000000000000000000e+00
-1.571011300144330747e+01 -1.429079943612050263e+00 0.000000000000000000e+00
-6.513003855732769409e+00 3.548628038946909591e+00 0.000000000000000000e+00
6.463854382636273321e+00 -2.813416433638852077e+00 0.000000000000000000e+00
-1.787412585445599689e+01 -2.771249700567942398e+00 0.000000000000000000e+00
-7.498376143559189799e+00 9.002951719187189283e+00 0.000000000000000000e+00
7.807068349755614811e+00 -1.197280007124035706e+01 0.000000000000000000e+00
-9.724400149019151840e+00 1.493560029917762710e+00 0.000000000000000000e+00
3.844700959135785912e+00 -1.437985502313726727e+01 0.000000000000000000e+00
-6.852205299541386019e+00 1.739151215406591788e+01 0.000000000000000000e+00
1.290932652628329080e+01 -8.976382522318607116e+00 0.000000000000000000e+00
8.716329102561189757e+00 -4.859106272133526971e+00 0.000000000000000000e+00
-1.060265623355780562e+01 8.293101879825549860e-03 0.000000000000000000e+00
3.508233708463484035e+00 1.930813040306052164e+00 0.000000000000000000e+00
6.058459272651411709e+00 1.090322591307915756e+00 0.000000000000000000e+00
1.365978559865861541e+01 -1.034176977104161033e+01 0.000000000000000000e+00
3.109399300595746762e+00 1.259894508723468043e+01 0.000000000000000000e+00
9.839739612796222445e+00 5.236082923733354377e+00 0.000000000000000000e+00
-4.508549127712040416e+00 -3.624934048548552834e+00 0.000000000000000000e+00
-3.919732961649633474e+00 7.348427203322340340e+00 0.000000000000000000e+00
6.124681622437646134e+00 -1.195860074905069759e+01 0.000000000000000000e+00
-1.227523277155664161e+01 -9.210717796384666478e-01 0.000000000000000000e+00
1.773171578594365272e+01 -4.845200416312965608e+00 0.000000000000000000e+00
-1.068291738351301490e+01 5.967718890172008628e+00 0.000000000000000000e+00
-8.680862767883656517e+00 2.882066225639877466e+00 0.000000000000000000e+00
1.595462255380721839e+00 1.092481766962978273e+00 0.000000000000000000e+00
-1.282884156693471223e+00 -2.068182937925307829e+00 0.000000000000000000e+00
-6.786901614595379328e+00 -1.325982362461159880e+01 0.000000000000000000e+00
-2.807040906980577954e+00 -1.111295846546784105e+01 0.000000000000000000e+00
-4.934784663076280609e+00 -1.580020773387193067e+01 0.000000000000000000e+00
9.317028156344193235e+00 -1.191222037220349250e+01 0.000000000000000000e+00
-1.491949395587220062e+00 1.079655993974743744e+01 0.000000000000000000e+00
9.024451203057127557e+00 -8.791247128245307962e+00 0.000000000000000000e+00
-5.043224642482527109e+00 1.454435644734204613e+00 0.000000000000000000e+00
-1.204109332053905668e+01 1.321033593189251398e+01 0.000000000000000000e+00
6.836060537044150287e+00 1.234839931177585370e+01 0.000000000000000000e+00
-7.812114287068242291e+00 1.251734434737383239e+01 0.000000000000000000e+00
-5.424414442563909589e+00 6.470984239300017649e+00 0.000000000000000000e+00
-8.991891314815637415e+00 -3.953535747801797395e+00 0.000000000000000000e+00
-1.477633394100299569e+01 -3.061133625042231188e+00 0.000000000000000000e+00
8.154042881915248842e+00 -1.221648363719944480e-01 0.000000000000000000e+00
8.623643858757121805e+00 3.845666435652645543e+00 0.000000000000000000e+00
1.325058792854475875e+01 -1.900414048428768599e+00 0.000000000000000000e+00
9.523945465037678915e+00 1.077175837537954983e+01 0.000000000000000000e+00
7.658969534712794847e+00 -6.055030968904379307e+00 0.000000000000000000e+00
-1.159799041397001185e+00 -3.097178474877324006e-01 0.000000000000000000e+00
-1.769290701452927905e+01 2.165876028048191237e+00 0.000000000000000000e+00
1.132567249296008960e+01 6.727405200474766644e+00 0.000000000000000000e+00
-7.613250973667349264e+00 -9.850478461452012446e-01 0.000000000000000000e+00
3.513855805536755472e+00 3.215383082396148229e-01 0.000000000000000000e+00
-2.554235454151864371e+00 1.395578088041149556e+01 0.000000000000000000e+00
-1.061719377720021207e+01 -1.010002143188104462e+01 0.000000000000000000e+00
-7.214937682801543239e+00 4.744260913501535115e-01 0.000000000000000000e+00
5.081420720996395524e+00 2.279505777350942619e+00 0.000000000000000000e+00
4.077756806660982392e+00 1.809321719746725776e+01 0.000000000000000000e+00
1.485430892431836369e+01 2.356426692417005420e+00 0.000000000000000000e+00
1.650864124217478590e+01 9.357628581481359120e+00 0.000000000000000000e+00
-3.361521678176859762e+00 1.058506332656317461e+01 0.000000000000000000e+00
-1.161071046223632663e+01 -8.162543144905274772e+00 0.000000000000000000e+00
-1.686482698272682867e+01 -7.416551604151417010e+00 0.000000000000000000e+00
-2.355685264193903006e+00 1.635112425306804784e+00 0.000000000000000000e+00
-1.241851026389094281e+00 4.147908977054339807e+00 0.000000000000000000e+00
-1.342204594792499872e+00 1.871289096781292827e+01 0.000000000000000000e+00
1.945894656229536945e+00 -1.081531661190168592e+01 0.000000000000000000e+00
2.723055090206349949e+00 -1.847287930773844522e+01 0.000000000000000000e+00
1.471228737225638916e+01 -7.690252223619796546e+00 0.000000000000000000e+00
-1.151253381418599098e+01 -2.361249673197908461e+00 0.000000000000000000e+00
-6.134275052670313144e+00 1.311293778227488893e+01 0.000000000000000000e+00
-1.384559253752214403e+01 1.263179576882449950e+01 0.000000000000000000e+00
4.149418478566640367e+00 7.277825763689409477e+00 0.000000000000000000e+00
6.275630348746374487e+00 -5.121674916192964222e-01 0.000000000000000000e+00
-6.219228233328801814e+00 -9.090537392539102868e+00 0.000000000000000000e+00
-1.866011611290540273e+01 2.444282646117784397e-01 0.000000000000000000e+00
-7.450314605818201485e+00 -6.216881838333152110e+00 0.000000000000000000e+00
4.621622823939486757e+00 4.641683610028107587e+00 0.000000000000000000e+00
1.617197171306309755e+01 6.476373500850671761e-01 0.000000000000000000e+00
1.500683223014234535e+01 8.386582531575150767e+00 0.000000000000000000e+00
-8.796878412819847171e+00 -1.474766466028301437e+01 0.000000000000000000e+00
1.003307349063758558e+01 -1.625512030712056077e+00 0.000000000000000000e+00
3.859162882283868612e+00 -7.546427447676643752e+00 0.000000000000000000e+00
-1.142169965983474178e+01 8.740840019103487180e+00 0.000000000000000000e+00
-7.227817439405513911e-01 1.306383541257031311e+01 0.000000000000000000e+00
-4.764813271929662974e+00 -1.379380894640129895e+01 0.000000000000000000e+00
6.276401593618246011e+00 1.784633970513288048e+01 0.000000000000000000e+00
2.990796368051938936e-01 5.453253810407824531e+00 0.000000000000000000e+00
8.580551800144069929e+00 1.252660296607434454e+01 0.000000000000000000e+00
-1.412110931052901286e+01 1.184393315669637348e+00 0.000000000000000000e+00
-1.142974343514787883e+01 1.105830581155412418e+01 0.000000000000000000e+00
-3.634754998652879543e+00 1.645907705027504520e+01 0.000000000000000000e+00
-1.087338298628324473e+01 1.463429340194545780e+01 0.000000000000000000e+00
-5.095740912453655902e+00 1.790887816398042176e+01 0.000000000000000000e+00
1.270632411956098196e+01 -1.214841762830183214e+01 0.000000000000000000e+00
1.657904024995211145e+01 -3.676133846115109183e+00 0.000000000000000000e+00
5.322133220526963804e+00 -6.248553279528559656e+00 0.000000000000000000e+00
-4.389938769599213142e-01 -1.658071769523152383e+01 0.000000000000000000e+00
1.213451315041631240e+01 -5.010082297767839421e+00 0.000000000000000000e+00
-1.053958218894892340e+01 3.497589639630801273e+00 0.000000000000000000e+00
2.872509448587079017e+00 -5.248533272050965870e+00 0.000000000000000000e+00
-4.085829122266028790e+00 -1.354092870489920442e+00 0.000000000000000000e+00
1.756517401829997738e+01 4.919447493655737524e-02 0.000000000000000000e+00
1.194088421553560941e+01 1.474348316238881518e+00 0.000000000000000000e+00
-5.706973277035860548e+00 8.204113618074972081e+00 0.000000000000000000e+00
6.673892429822786632e+00 -9.400232083636749891e+00 0.000000000000000000e+00
-1.375580187563771162e+01 -6.485489558575677549e+00 0.000000000000000000e+00
-5.314837629061446717e-02 -1.022884565492404541e+01 0.000000000000000000e+00
3.711848321281852936e+00 -9.251753454869385607e+00 0.000000000000000000e+00
7.613795501961980960e+00 9.504320730904282755e+00 0.000000000000000000e+00
3.698543542641095527e+00 -2.902328539441932254e+00 0.000000000000000000e+00
1.015032660075477899e+01 3.402515226528013415e+00 0.000000000000000000e+00
-8.917961850109859867e+00 8.201635558562484718e+00 0.000000000000000000e+00
6.562376681222468200e+00 -4.716921536243391166e+00 0.000000000000000000e+00
-3.700635218899673617e+00 -1.489917911000636508e+01 0.000000000000000000e+00
1.023150307474320719e+01 8.708797625275680687e+00 0.000000000000000000e+00
-7.198132417730026766e+00 -1.557072742571238422e+01 0.000000000000000000e+00
1.653560403834664783e+01 4.240160799442899808e+00 0.000000000000000000e+00
4.026701403754908704e-01 -1.322752264525400889e+01 0.000000000000000000e+00
7.074911857062047282e+00 -1.725207182553567264e+01 0.000000000000000000e+00
2.476458193068564295e+00 9.524140847523799636e+00 0.000000000000000000e+00
-1.554299161529873174e+01 1.647137098151486012e-01 0.000000000000000000e+00
-1.060503770597518880e+01 -1.575263285688907011e+01 0.000000000000000000e+00
-3.275820328187968311e-01 -4.916926745057637937e+00 0.000000000000000000e+00
-1.186805610704358926e+01 -6.641523380691065626e+00 0.000000000000000000e+00
-1.090299146366200400e+00 1.543399593821514770e+01 0.000000000000000000e+00
-1.634209119884521755e+01 -3.769198197824849661e+00 0.000000000000000000e+00
1.218809723656310062e+01 -1.421588496893005349e+01 0.000000000000000000e+00
7.034137425140241096e-01 1.078454679901017421e+01 0.000000000000000000e+00
1.288789210234473259e+01 6.382228893170869277e+00 0.000000000000000000e+00
-4.281295411238352777e+00 1.325916970180667143e+01 0.000000000000000000e+00
-1.390709882854301149e+01 -4.485278501497604320e-01 0.000000000000000000e+00
-2.558934875853485114e+00 1.750573133409140070e+01 0.000000000000000000e+00
-2.224789084202625666e+00 -1.724678565105874029e+01 0.000000000000000000e+00
1.086210317768086142e+01 -1.543793558331552163e+01 0.000000000000000000e+00
-1.338650955773242934e+01 8.988653784016305437e+00 0.000000000000000000e+00
5.035591151625605555e+00 -1.812112122241762791e+01 0.000000000000000000e+00
-5.923319782960672519e+00 -8.881129268464337256e-01 0.000000000000000000e+00
1.160824280266157515e+01 5.130340679867434694e+00 0.000000000000000000e+00
-3.993687797669177031e-01 -8.446343323414273740e+00 0.000000000000000000e+00
-1.249462856644551323e+01 4.030156581380107461e+00 0.000000000000000000e+00
-3.010037245712934073e+00 -1.863786297564572081e+01 0.000000000000000000e+00
-1.323591244149845814e+01 -2.658196513769090608e+00 0.000000000000000000e+00
-1.257312678248350224e+01 -9.918586590683261761e+00 0.000000000000000000e+00
4.780026858872450823e+00 -1.094595592257130789e+01 0.000000000000000000e+00
-9.517052590641268850e+00 1.587045853299869336e+01 0.000000000000000000e+00
-2.566054020727073226e-01 -1.463196761378935129e+01 0.000000000000000000e+00
8.361730852812414128e+00 1.565182782537627659e+01 0.000000000000000000e+00
-1.771312466679512454e+01 5.873719527255983230e+00 0.000000000000000000e+00
5.827709758624260772e+00 1.463268531428215269e+01 0.000000000000000000e+00
-6.510045330419213627e+00 -1.776800906770546007e+01 0.000000000000000000e+00
9.807870195975565863e+00 1.616459788680880916e+00 0.000000000000000000e+00
1.521007756391705890e+01 -1.104884885298911357e+01 0.000000000000000000e+00
1.295364085008281307e+01 -7.237315398746093642e+00 0.000000000000000000e+00
-1.353625274729101058e+01 -1.202979552705000543e+01 0.000000000000000000e+00
2.354956137236683844e+00 -1.389072204815752976e+01 0.000000000000000000e+00
-1.005624631581858530e+01 1.329504104499996231e+01 0.000000000000000000e+00
-8.312276329339177039e+00 -1.182819281259503086e+01 0.000000000000000000e+00
1.124204990137257099e+01 1.203267925150589690e+01 0.000000000000000000e+00
-1.822896138195137183e+01 -4.520639402292750297e+00 0.000000000000000000e+00
-5.352613092599848521e+00 4.499581773731693879e+00 0.000000000000000000e+00
6.576793235787645187e-02 1.231314309049806655e+00 0.000000000000000000e+00
1.201198865192113452e+01 3.609623887351541160e+00 0.000000000000000000e+00
4.786702853143292913e+00 1.627137803699513796e+01 0.000000000000000000e+00
-7.479854846508456667e+00 7.222730515107272709e+00 0.000000000000000000e+00
-4.110435712424863830e+00 -1.744038584051002871e+01 0.000000000000000000e+00
5.732433927026896470e+00 6.431162216496660200e+00 0.000000000000000000e+00
