-9.165780277731307990e+00 -7.975600272088053444e+00 0.000000000000000000e+00
1.600662273515743550e+01 7.838059786616181412e+00 0.000000000000000000e+00
1.682617677543169776e+01 -2.216920836025525254e+00 0.000000000000000000e+00
7.925797666151355614e+00 9.159023342858108041e-02 0.000000000000000000e+00
8.306805677119264431e+00 9.103446501267111302e+00 0.000000000000000000e+00
2.438773474785788320e+00 3.369713437868531614e+00 0.000000000000000000e+00
2.330579178755707748e+00 -1.603908898290745810e+01 0.000000000000000000e+00
5.925529786797481435e+00 -1.986723623953016715e-01 0.000000000000000000e+00
1.721644155669956078e+01 -6.325823722138772531e+00 0.000000000000000000e+00
-9.561965082235230895e+00 -2.614297929773571116e+00 0.000000000000000000e+00
-1.199863625764387010e+01 -1.317287800466183079e+01 0.000000000000000000e+00
4.850298192605656311e+00 1.271889313690752665e+01 0.000000000000000000e+00
-4.655655129332366471e+00 4.388411864067969681e+00 0.000000000000000000e+00
8.130724960669217793e+00 -5.922809325847002704e+00 0.000000000000000000e+00
8.151993160231327806e+00 -7.737043967242034803e+00 0.000000000000000000e+00
-1.005316944104823307e+00 1.818710443918681463e+01 0.000000000000000000e+00
-4.052325191588954212e+00 -8.196248324067148872e+00 0.000000000000000000e+00
3.158174041092988382e+00 -4.775818756396060571e+00 0.000000000000000000e+00
-8.440191932111821060e+00 9.621747388996052308e+00 0.000000000000000000e+00
-8.378673765133782397e-03 1.134331615842692109e+01 0.000000000000000000e+00
-4.576478678766107144e+00 -5.236848348063355196e+00 0.000000000000000000e+00
-4.589872306395403889e+00 1.147463462690573799e+01 0.000000000000000000e+00
1.231119498097076459e+01 1.296267031694130045e+00 0.000000000000000000e+00
2.051158339265529040e+00 1.417094741452008400e+01 0.000000000000000000e+00
-1.360284565121786571e+01 -3.933875919435895430e+00 0.000000000000000000e+00
-5.265705697400943741e+00 1.414272448036404306e+01 0.000000000000000000e+00
-1.652138073499320825e+01 4.583956704920316483e+00 0.000000000000000000e+00
9.506659494439947622e+00 -2.158959065858636617e+00 0.000000000000000000e+00
8.305144325893932589e+00 -1.580637515072392851e+01 0.000000000000000000e+00
-1.303774190431234459e+01 4.300962759507908295e+00 0.000000000000000000e+00
5.160654905853293783e+00 -4.586374925470041219e+00 0.000000000000000000e+00
1.491459446520139487e+01 -3.761487120590684130e-01 0.000000000000000000e+00
-1.886437139493049742e+01 -1.267767324503157766e+00 0.000000000000000000e+00
-1.307968517831479716e+01 -6.720554677932089938e+00 0.000000000000000000e+00
-1.248437943819986984e+01 -8.779893533803589278e+00 0.000000000000000000e+00
1.067943873970096114e+01 1.032102140522953526e+01 0.000000000000000000e+00
-7.850766186137585478e+00 1.486418697798846722e+01 0.000000000000000000e+00
-1.119931016639983845e+01 1.513311239359251203e+01 0.000000000000000000e+00
-1.516092163618918853e+01 -5.791065092017447569e+00 0.000000000000000000e+00
-4.514461080644211144e+00 7.300928218384129309e+00 0.000000000000000000e+00
5.817494546681539980e+00 -1.025290326349727188e+01 0.000000000000000000e+00
1.643223750748160228e+01 -7.644742160381339247e+00 0.000000000000000000e+00
1.477827647721342430e+01 -8.000113988144077481e+00 0.000000000000000000e+00
-1.379485135173276156e+01 1.073547901133134985e+01 0.000000000000000000e+00
-3.260076507250286859e+00 -1.866383951102356775e+01 0.000000000000000000e+00
1.259049108271130279e+01 4.090636013708841112e+00 0.000000000000000000e+00
5.154254551062547485e+00 -7.150024026990568160e+00 0.000000000000000000e+00
1.040516127874674446e+01 -4.108889582303418386e+00 0.000000000000000000e+00
-2.502786546324910599e+00 -1.173264882997433389e+01 0.000000000000000000e+00
5.662062253167278847e+00 -1.328672612877403836e+01 0.000000000000000000e+00
-7.901135094829672134e+00 7.910232939478606617e+00 0.000000000000000000e+00
1.795717604887744301e+01 4.594705455277241501e-01 0.000000000000000000e+00
1.078152102966616610e+01 4.919329908721915778e+00 0.000000000000000000e+00
5.813769005796484146e-01 2.598293733233875358e+00 0.000000000000000000e+00
1.825227048761880688e+00 -5.843785044867417788e+00 0.000000000000000000e+00
4.942930740219535046e+00 1.737060350713413115e+01 0.000000000000000000e+00
-2.862968837653125487e+00 -9.697109656183704018e+00 0.000000000000000000e+00
-1.385648356773708656e+01 -2.036233438458901368e+00 0.000000000000000000e+00
-6.732280810663644033e+00 1.236622076052284847e+01 0.000000000000000000e+00
-1.045284256134821810e+01 -1.385361264991240837e+01 0.000000000000000000e+00
1.354349556640424668e+00 -8.943325764547338963e+00 0.000000000000000000e+00
7.883913853833911745e+00 1.373346025588936925e+01 0.000000000000000000e+00
-3.041892955807241616e-01 1.369795342377986103e+01 0.000000000000000000e+00
-1.211237588344580018e+01 -1.129234999904915604e+01 0.000000000000000000e+00
-5.436814545689023781e-01 -5.436919150822097535e+00 0.000000000000000000e+00
2.005574512461369974e+00 -1.253132082818057036e+01 0.000000000000000000e+00
4.536730858144445655e+00 1.511148982003723518e+01 0.000000000000000000e+00
-9.614859587504993144e+00 -1.561668015831392786e+01 0.000000000000000000e+00
4.548301744236702859e+00 2.435841179771217835e+00 0.000000000000000000e+00
1.089280858240693917e+01 7.046048263304278692e+00 0.000000000000000000e+00
1.053352861871912260e+01 8.660393325900304973e+00 0.000000000000000000e+00
-2.656965005838492822e+00 1.643078778946159346e+01 0.000000000000000000e+00
1.453121268921158027e+01 -2.258216915768301192e+00 0.000000000000000000e+00
6.559655806973278658e+00 -3.840288373256796284e+00 0.000000000000000000e+00
1.458736339026700435e+01 8.364671898332229460e+00 0.000000000000000000e+00
3.002866051107433876e+00 -1.119380629457331544e+01 0.000000000000000000e+00
5.519412870479105671e+00 -2.147195060917144183e+00 0.000000000000000000e+00
-1.236332801621561117e+01 1.175354453676064281e+01 0.000000000000000000e+00
4.494057731182318882e+00 5.641613020784038923e+00 0.000000000000000000e+00
-7.503203086427797430e+00 -2.483423000408481407e+00 0.000000000000000000e+00
6.478409923236545964e+00 6.578646819844978566e+00 0.000000000000000000e+00
-2.292254095380755530e+00 -3.611961849665993873e-01 0.000000000000000000e+00
-9.856275703188060788e+00 3.043034678798927750e+00 0.000000000000000000e+00
4.137905185261137930e+00 -8.522523424842107787e+00 0.000000000000000000e+00
-7.455973358789178107e+00 1.782746323680736822e+00 0.000000000000000000e+00
1.440530759870204491e+01 -4.366750791877779925e+00 0.000000000000000000e+00
-1.488817323372107282e+01 -9.934470864147456837e+00 0.000000000000000000e+00
-1.269785349968952914e+01 5.839684812212805554e+00 0.000000000000000000e+00
8.739292057404956182e+00 1.220699793833188274e+01 0.000000000000000000e+00
-2.104200240302400271e+00 7.246755203651103372e+00 0.000000000000000000e+00
7.916863102733006308e+00 -1.424098519846866928e+01 0.000000000000000000e+00
-1.399687135502963997e+01 -1.239714817846491535e+01 0.000000000000000000e+00
1.627911176322905717e+01 5.076386959465195581e+00 0.000000000000000000e+00
-1.104914419303548101e+01 7.387650556357360010e+00 0.000000000000000000e+00
-1.575927377096393744e+00 9.402704860763467565e+00 0.000000000000000000e+00
7.926694163032064200e-01 -4.574491350971222836e+00 0.000000000000000000e+00
9.147800782215801618e+00 7.670966264270854928e+00 0.000000000000000000e+00
-1.050806618934670134e+01 -3.930183732405497565e+00 0.000000000000000000e+00
1.765961772068471092e+01 5.953441926897283132e+00 0.000000000000000000e+00
-8.324390701892774302e+00 1.200272932664756276e+01 0.000000000000000000e+00
-8.919806126242324495e+00 -4.087575743539228590e+00 0.000000000000000000e+00
7.096436758011664736e+00 1.015372911527296473e+01 0.000000000000000000e+00
3.554794313745921919e+00 -1.825022551452391539e+01 0.000000000000000000e+00
1.039598029165997595e+01 -1.428328356252446163e+01 0.000000000000000000e+00
1.338026466374641998e+01 1.015028243890793469e+01 0.000000000000000000e+00
2.996070265543033795e-01 4.414050910829680596e+00 0.000000000000000000e+00
-7.086052322673581649e+00 -4.923360064710910144e+00 0.000000000000000000e+00
-6.027396962070912245e+00 1.068708558659001362e+01 0.000000000000000000e+00
-4.759951362592096835e+00 -1.193469380897064092e+01 0.000000000000000000e+00
-4.995725166762285063e+00 2.631004976734814260e+00 0.000000000000000000e+00
8.285724526943145207e+00 5.613620622096314072e+00 0.000000000000000000e+00
-1.052807947682963885e+01 -3.891894595352533154e-02 0.000000000000000000e+00
-4.800310391957234302e+00 -5.095985925761349344e-01 0.000000000000000000e+00
-8.284816237340434597e+00 -1.122049772732336770e+01 0.000000000000000000e+00
7.331408166369548951e+00 1.168162314396170842e+01 0.000000000000000000e+00
-1.518528951509193803e+01 8.216931148182482048e+00 0.000000000000000000e+00
5.497640572057561847e+00 9.883531769524994459e+00 0.000000000000000000e+00
-1.418133932377151396e+01 2.068312014373645091e+00 0.000000000000000000e+00
-1.509286859681298942e+01 3.447056569705080786e+00 0.000000000000000000e+00
-4.058411382754919389e-02 9.059957762137786474e+00 0.000000000000000000e+00
1.744033988525964318e+01 2.135505675390323876e+00 0.000000000000000000e+00
3.512197961312018446e+00 -2.269908698200813202e+00 0.000000000000000000e+00
-6.960514365267095549e+00 -8.899620004120905037e+00 0.000000000000000000e+00
-1.319030973530223427e+01 1.314719094011251599e+01 0.000000000000000000e+00
-8.600103762811889041e+00 5.209501213159498434e+00 0.000000000000000000e+00
1.439460412280641854e+01 -6.064741171524607566e+00 0.000000000000000000e+00
-1.259134821019716632e+01 1.290433382550264962e+00 0.000000000000000000e+00
-1.140915298247228016e+01 -7.545190807627229823e+00 0.000000000000000000e+00
-6.523657511211698790e+00 4.293428369292770164e+00 0.000000000000000000e+00
6.304726078649534493e+00 1.311753028887560468e+01 0.000000000000000000e+00
-1.146206038680493533e+00 -2.391989760923899588e+00 0.000000000000000000e+00
-5.976178173262243654e+00 -6.722213613547446620e+00 0.000000000000000000e+00
1.252654948335858620e+01 -4.163721186662253437e+00 0.000000000000000000e+00
8.629976731723866479e+00 1.628984657586867613e+01 0.000000000000000000e+00
1.199251465756294621e+01 1.270213183342013252e+01 0.000000000000000000e+00
-9.061685009862753049e+00 1.378579721946123016e+01 0.000000000000000000e+00
-1.409444401029242222e+01 -8.639331470362781928e+00 0.000000000000000000e+00
-6.693454233285685895e+00 -1.405708904724915520e+01 0.000000000000000000e+00
-1.457152273659938047e+01 5.411515218113776449e+00 0.000000000000000000e+00
-1.666843291162609431e+00 -1.819881055831135086e+01 0.000000000000000000e+00
-5.428570313213326060e+00 -1.563480884071047150e+01 0.000000000000000000e+00
3.354454709494814946e+00 7.807190423677249358e-01 0.000000000000000000e+00
1.148325504935756847e+01 -1.264642811159874825e+01 0.000000000000000000e+00
1.122477609641294372e+01 -2.262396693689456006e-01 0.000000000000000000e+00
-1.150119866209053709e+00 -8.219131264927378666e+00 0.000000000000000000e+00
-5.270910314259811269e-01 5.734520691134705750e-01 0.000000000000000000e+00
1.044154407930695783e+01 2.087849486473770000e+00 0.000000000000000000e+00
-1.046143905313340561e+01 -1.023626737872764281e+01 0.000000000000000000e+00
8.387670371189704932e-01 1.640140117363343464e+01 0.000000000000000000e+00
6.232158996808931928e-01 7.379449776600778499e+00 0.000000000000000000e+00
1.221865248547164207e+01 9.023570367406984261e+00 0.000000000000000000e+00
1.187238971099040441e+01 -6.622672993688427212e+00 0.000000000000000000e+00
1.308903270889632431e+01 -3.148163936138377861e-01 0.000000000000000000e+00
1.850143468776804667e+01 -2.424707056579241016e+00 0.000000000000000000e+00
3.696020768946394863e+00 -1.529684328653097225e+01 0.000000000000000000e+00
-4.002558033313249553e+00 1.780458299399278133e+01 0.000000000000000000e+00
4.907327213202659522e+00 8.082357941475240892e+00 0.000000000000000000e+00
4.076825283823313772e-01 -1.704395146901836355e+01 0.000000000000000000e+00
-1.808274351339970609e+00 1.507923444879238595e+01 0.000000000000000000e+00
1.429791293980876432e+01 2.502445822159986566e+00 0.000000000000000000e+00
-1.608617022072393965e+01 -2.754319791109038018e+00 0.000000000000000000e+00
-3.107248802166907797e+00 -6.703823620856801391e+00 0.000000000000000000e+00
3.455146383370509611e+00 1.027114961884721289e+01 0.000000000000000000e+00
-1.537986868196726320e+01 3.037350899101008972e-01 0.000000000000000000e+00
1.259476897101554549e+01 -8.754141618330995911e+00 0.000000000000000000e+00
2.575653829387342331e+00 1.841976116171349176e+01 0.000000000000000000e+00
-1.764177214179985143e+01 -4.849160876557068178e+00 0.000000000000000000e+00
3.636798524891581508e+00 -1.305734909828098900e+01 0.000000000000000000e+00
1.388402752079407598e+01 1.287136953860400013e+01 0.000000000000000000e+00
1.160828992871098464e+01 -1.098450640201266992e+01 0.000000000000000000e+00
-3.408187237698681926e+00 1.002079899730486501e+00 0.000000000000000000e+00
-1.341936164441344559e+01 7.876973567873642779e+00 0.000000000000000000e+00
-1.670130863831223067e+01 -6.519755290045645690e-01 0.000000000000000000e+00
-5.426109753259829915e+00 -1.762232316157573564e+01 0.000000000000000000e+00
-1.568709290496581588e+01 -7.460357467965863520e+00 0.000000000000000000e+00
1.564185161313072747e+01 -9.669106996306311430e+00 0.000000000000000000e+00
-7.748869269477793864e+00 1.685439565194319655e+01 0.000000000000000000e+00
9.058693188299168142e+00 -1.227852420365891462e+01 0.000000000000000000e+00
-1.786264001696732606e+01 1.244135656665163348e+00 0.000000000000000000e+00
-1.595521470931429597e+01 2.165331950331083721e+00 0.000000000000000000e+00
7.053014932176101759e+00 -1.748508422945335639e+01 0.000000000000000000e+00
-6.062120716245589236e+00 1.704743742563995923e+01 0.000000000000000000e+00
4.168153419006190852e-01 -1.054700391065816412e+01 0.000000000000000000e+00
6.662519992382271994e+00 2.369589601471169260e+00 0.000000000000000000e+00
-8.138365436545919707e+00 -9.848714559640008026e-02 0.000000000000000000e+00
-3.045738098536747707e+00 -1.711130432808441126e+00 0.000000000000000000e+00
1.616964215648559744e+01 9.868452419212511373e+00 0.000000000000000000e+00
8.557566059310840467e-01 -1.553175659628353245e+01 0.000000000000000000e+00
2.457197518100368683e+00 1.187791155629936313e+01 0.000000000000000000e+00
1.280690764766462664e+01 -2.245698949777323428e+00 0.000000000000000000e+00
-9.063582939738843436e+00 1.582320231239737574e+01 0.000000000000000000e+00
-6.478767078299974003e+00 5.072678192964777955e-01 0.000000000000000000e+00
5.715569109805998416e+00 -1.481367550443555459e+01 0.000000000000000000e+00
1.361506859217872289e+01 5.649223647443271545e+00 0.000000000000000000e+00
-4.143343435289360555e-01 6.244227580077270190e+00 0.000000000000000000e+00
-1.070021384791022179e+01 4.381681942679915842e+00 0.000000000000000000e+00
1.216074404384114871e+01 1.444640199078277654e+01 0.000000000000000000e+00
5.469087589880661932e-02 -8.864881524891480291e-01 0.000000000000000000e+00
8.098334657809774129e+00 -1.096199639546711957e+01 0.000000000000000000e+00
-1.089874014079999753e+01 1.456442983381500467e+00 0.000000000000000000e+00
-2.768555402551793776e+00 5.289303542995098972e+00 0.000000000000000000e+00
4.281426026386538020e+00 -5.863209649992935368e+00 0.000000000000000000e+00
-9.031160288435231109e+00 -6.343554768417910772e+00 0.000000000000000000e+00
-2.999057975400817977e+00 -1.464021658701889095e+01 0.000000000000000000e+00
1.562905402108105157e+01 9.901504848660993563e-01 0.000000000000000000e+00
-7.373007502511685018e+00 -1.248440067162236389e+01 0.000000000000000000e+00
-1.834920065936472255e+01 3.982570649641755001e+00 0.000000000000000000e+00
1.070863099607267976e+01 1.486959793817642783e+01 0.000000000000000000e+00
1.934707343439470595e+00 1.791176545120874986e+00 0.000000000000000000e+00
-9.635613574648875357e+00 -1.239674407823332025e+01 0.000000000000000000e+00
-1.038421434542065036e+01 1.110572536794055942e+01 0.000000000000000000e+00
-3.281523404087381746e+00 1.022240884178843601e+01 0.000000000000000000e+00
9.193106555218028220e+00 -9.355323017090341864e+00 0.000000000000000000e+00
9.414136551778704565e-01 1.281767511578089014e+01 0.000000000000000000e+00
8.171257739387927099e-01 -2.964405031449364181e+00 0.000000000000000000e+00
-1.563149808443118349e+00 3.326300387636113243e+00 0.000000000000000000e+00
2.158710413449477894e+00 -6.594006411363098064e-01 0.000000000000000000e+00
1.095591008309293812e+01 -8.843230110989997783e+00 0.000000000000000000e+00
1.805655494670916639e+01 -4.778088703625747335e+00 0.000000000000000000e+00
4.747037904592177782e+00 -1.130724846476278955e+01 0.000000000000000000e+00
1.235262765609820512e+00 1.022373550453442448e+01 0.000000000000000000e+00
2.675167646777360519e-01 -7.176788330473255151e+00 0.000000000000000000e+00
-7.314880070253200195e+00 -1.618279383110835568e+01 0.000000000000000000e+00
2.332469036142213792e+00 1.570327294446159527e+01 0.000000000000000000e+00
-1.175240259580356295e+01 -2.481688755924154055e+00 0.000000000000000000e+00
-4.866927497875224162e+00 9.448462866909968838e+00 0.000000000000000000e+00
2.381261627578640905e+00 8.240566714730125142e+00 0.000000000000000000e+00
-1.515871485367421023e+01 9.767196894082985636e+00 0.000000000000000000e+00
1.696414139996771908e+01 3.647634733624357750e+00 0.000000000000000000e+00
1.465262973033351912e+01 1.109286165010620451e+01 0.000000000000000000e+00
1.369308110266566203e+01 -1.250316917796697780e+01 0.000000000000000000e+00
-6.791613888421194289e+00 -1.040641595766536653e+01 0.000000000000000000e+00
8.286105067809613089e+00 -3.542318317741876221e+00 0.000000000000000000e+00
-6.582097502619073559e+00 8.761491088363040802e+00 0.000000000000000000e+00
9.962451991378047822e+00 -5.980612632446866250e+00 0.000000000000000000e+00
-1.134314058589290042e+01 -5.753875852627386323e+00 0.000000000000000000e+00
9.413710848589860181e-01 1.869110660671788793e+01 0.000000000000000000e+00
2.543901992417608060e+00 6.154711743172852856e+00 0.000000000000000000e+00
1.234420854542567447e+01 -1.400273522872546650e+01 0.000000000000000000e+00
-1.659753042057084294e+00 -1.616298160506459425e+01 0.000000000000000000e+00
-5.991695009688513984e+00 -3.063954098969805084e+00 0.000000000000000000e+00
-1.057207631262960312e+01 1.341301596172577959e+01 0.000000000000000000e+00
-3.485710482837663271e+00 1.260403252201486168e+01 0.000000000000000000e+00
-9.286481595018409863e+00 -1.095856817059154942e+00 0.000000000000000000e+00
-2.189724049578337439e+00 -4.449770462248584302e+00 0.000000000000000000e+00
2.483551537013239940e+00 -7.928756357660802223e+00 0.000000000000000000e+00
-1.054547865875756152e+01 9.090185453692514628e+00 0.000000000000000000e+00
-1.855324718925285055e+01 -3.164770512510413525e+00 0.000000000000000000e+00
1.447725623945277462e+01 4.279387673188611352e+00 0.000000000000000000e+00
-1.368635226823346684e+01 -3.481376444912920309e-01 0.000000000000000000e+00
-3.937201884209574398e+00 -1.702951325017214756e+01 0.000000000000000000e+00
8.683431248190451868e+00 2.758690913278831758e+00 0.000000000000000000e+00
5.801132993574771746e+00 -8.591930746081020587e+00 0.000000000000000000e+00
-5.674851131013188166e+00 5.603630312477456243e+00 0.000000000000000000e+00
-8.844536373173260912e+00 -1.370833057829324098e+01 0.000000000000000000e+00
-1.682638192279071276e+01 7.241554545844365087e+00 0.000000000000000000e+00
