-1.170664374674789876e+01 2.696828969584603275e+00 0.000000000000000000e+00
-5.303821396555209233e+00 -1.356980238967244112e+01 0.000000000000000000e+00
1.377402817321497430e+01 6.086748246798483031e+00 0.000000000000000000e+00
-1.017197896376719157e+01 2.340590030063479432e+00 0.000000000000000000e+00
6.673506379980868708e+00 -6.505680223879304336e+00 0.000000000000000000e+00
2.148609959750690024e+00 -1.629422494594129134e+01 0.000000000000000000e+00
9.259235533814560881e+00 -6.062442768762145384e+00 0.000000000000000000e+00
7.510167542596709822e+00 1.042431140207621532e+01 0.000000000000000000e+00
5.134354662434830630e+00 1.396882506388884870e+01 0.000000000000000000e+00
-8.750169453514422102e+00 7.151686179700275758e+00 0.000000000000000000e+00
1.377103252082490514e-01 -1.504162903891217695e+01 0.000000000000000000e+00
1.006922717732684269e+01 7.518027333195624884e+00 0.000000000000000000e+00
-1.850972515934276919e+00 -9.269034995485843087e-01 0.000000000000000000e+00
-4.444463264199107755e+00 4.239621734180319734e+00 0.000000000000000000e+00
-1.137250571621595263e+01 7.267053937716410950e+00 0.000000000000000000e+00
-1.694752822508627332e+01 -1.707950987767141493e+00 0.000000000000000000e+00
1.376798203814346699e+01 -5.186540493365429105e-01 0.000000000000000000e+00
8.398866427717591066e+00 5.992840456682783312e+00 0.000000000000000000e+00
7.537091974371321612e+00 -1.118912142434257717e+01 0.000000000000000000e+00
-8.261226582681192809e+00 -1.360182668682462825e+01 0.000000000000000000e+00
-2.222337952308507614e+00 8.938131976057427153e+00 0.000000000000000000e+00
7.720178650536327680e+00 -9.530649920477664239e+00 0.000000000000000000e+00
-8.193672377392507755e+00 -1.207752886716842111e+00 0.000000000000000000e+00
-7.024018536787873579e+00 1.266149869837803799e+01 0.000000000000000000e+00
1.739033618519669488e+01 9.582431164450015970e-01 0.000000000000000000e+00
-2.389477636609490308e+00 2.633971704862763996e+00 0.000000000000000000e+00
1.241133120547257995e+01 1.018274857894666852e+01 0.000000000000000000e+00
1.450557020571428524e+01 -9.779346168746586798e+00 0.000000000000000000e+00
-6.641806763799565916e-01 2.582917514932043801e+00 0.000000000000000000e+00
2.497909065183208988e+00 -6.213143962614736893e+00 0.000000000000000000e+00
-5.007519936618781919e+00 7.099700078638145229e+00 0.000000000000000000e+00
5.037969406714887022e+00 -1.386509870200596239e+01 0.000000000000000000e+00
1.473465112813191702e+00 -4.612645453247848693e+00 0.000000000000000000e+00
9.998207365726875295e+00 -2.202224733530350420e+00 0.000000000000000000e+00
4.308801392376451211e+00 -1.044178237685726529e+01 0.000000000000000000e+00
4.475234290147263594e-01 -9.279053870789162772e+00 0.000000000000000000e+00
-7.066179712943766233e+00 -2.477664127373222946e+00 0.000000000000000000e+00
1.038568895397653158e+01 1.225371404448537938e+01 0.000000000000000000e+00
-3.340080404323565677e+00 -2.034722389293154965e+00 0.000000000000000000e+00
-7.734266623833888632e-01 1.058353148564377477e+01 0.000000000000000000e+00
4.109353620797066675e+00 1.126193095631753849e+01 0.000000000000000000e+00
-1.030558145222021871e+01 -4.751283412066146461e+00 0.000000000000000000e+00
-8.173780705419863679e+00 -8.643240849521575342e+00 0.000000000000000000e+00
-4.819449301585981615e+00 -7.964587635505880669e+00 0.000000000000000000e+00
-1.662182312522194039e+01 1.321197186337683682e+00 0.000000000000000000e+00
-1.247513651470318008e+00 1.444192367072161787e+01 0.000000000000000000e+00
8.374412673225947401e+00 1.714749903027544597e+00 0.000000000000000000e+00
1.586386371137804296e+01 1.577201940330089647e+00 0.000000000000000000e+00
-1.085326734294090301e+01 -6.682490264704655125e+00 0.000000000000000000e+00
-3.932643701916129636e-02 4.930722480558157095e+00 0.000000000000000000e+00
1.230697702649035108e+01 6.587957367411850562e+00 0.000000000000000000e+00
-3.084573405480129704e+00 -4.439085398017554418e+00 0.000000000000000000e+00
5.945553964890218701e+00 5.934472426839936254e+00 0.000000000000000000e+00
-8.028343016656506848e+00 1.441243676140922148e+01 0.000000000000000000e+00
1.178631802593337952e+01 -9.286211557073711376e+00 0.000000000000000000e+00
5.367850744918929884e+00 2.105091966803090298e+00 0.000000000000000000e+00
1.696176801160291125e+00 1.446036872596617862e+01 0.000000000000000000e+00
-7.190564237498308309e+00 4.652305375672415089e+00 0.000000000000000000e+00
5.406343795875505620e+00 3.877812149652732021e+00 0.000000000000000000e+00
-6.786833046704443539e+00 -9.474517267389286346e+00 0.000000000000000000e+00
3.594585993339499019e+00 -1.563892756775015869e+01 0.000000000000000000e+00
1.695340501155363810e+01 -1.382026466730595038e+00 0.000000000000000000e+00
-8.546684163070631612e+00 9.498978878111111968e+00 0.000000000000000000e+00
7.692835859405398047e+00 1.264015261457535289e+01 0.000000000000000000e+00
-3.056576030333280958e+00 -9.924509636831546189e+00 0.000000000000000000e+00
-6.592746481265793435e+00 9.576287647093186806e+00 0.000000000000000000e+00
-2.926153879965899041e+00 1.109542468626882794e+01 0.000000000000000000e+00
-4.194308211438394274e+00 9.325094004625458233e-01 0.000000000000000000e+00
2.008257421353488059e+00 -1.283095441971346418e+01 0.000000000000000000e+00
6.203216298098546133e+00 7.555095563330910480e+00 0.000000000000000000e+00
1.789994597827002876e+00 6.298515973458121309e+00 0.000000000000000000e+00
-9.466958833147375074e+00 -1.195016429453495732e+01 0.000000000000000000e+00
3.414210393029017965e+00 -3.262387960483366101e+00 0.000000000000000000e+00
-3.838020941255507523e+00 8.815265758166601628e+00 0.000000000000000000e+00
-1.415541693782148158e+01 -9.529272438447870641e+00 0.000000000000000000e+00
1.357742115792290427e+01 -4.207496681891988999e+00 0.000000000000000000e+00
-2.109273167416704897e+00 -1.610546412861935650e+01 0.000000000000000000e+00
-1.387623880573651292e+01 5.020419893747106954e+00 0.000000000000000000e+00
5.530747353321086912e+00 -2.064351948695920314e+00 0.000000000000000000e+00
1.397749248959391188e+01 -8.224159930025736642e+00 0.000000000000000000e+00
-1.204242119880150064e+01 -1.259866289643525761e+01 0.000000000000000000e+00
1.371096910673400338e+01 3.952089110603977051e+00 0.000000000000000000e+00
1.207199726050387589e+01 4.693591777651852648e-01 0.000000000000000000e+00
-1.270231300564918797e+01 -1.021782104478278619e+01 0.000000000000000000e+00
1.022187747586780660e+01 5.797321430302031509e+00 0.000000000000000000e+00
-1.362295923739318226e+01 2.855217271598221029e-01 0.000000000000000000e+00
3.597138341724926303e+00 1.302777798954918254e+01 0.000000000000000000e+00
-8.861920563062041012e+00 -6.910534690990090212e+00 0.000000000000000000e+00
4.706175179376525186e+00 -6.413321963835033834e+00 0.000000000000000000e+00
-6.125560077940655823e+00 8.417002799320835171e-01 0.000000000000000000e+00
-1.320057387333692311e+01 2.864728469538137201e+00 0.000000000000000000e+00
1.547946128963931578e+01 -6.710475407032750361e+00 0.000000000000000000e+00
7.175539522360983025e-01 1.561687521113234745e+01 0.000000000000000000e+00
-1.011842131136231160e+01 -3.026109056633956129e+00 0.000000000000000000e+00
9.944129075274847906e+00 -1.323625311823200690e+01 0.000000000000000000e+00
-1.498569409021043697e+01 -7.132078445533465150e+00 0.000000000000000000e+00
1.637174112134822579e+01 3.748998463595298425e+00 0.000000000000000000e+00
-1.085990041607758094e+01 8.758015611443758175e+00 0.000000000000000000e+00
1.638940506045486600e+01 -5.051319317180611890e+00 0.000000000000000000e+00
1.224199259180203114e+01 -6.854811789734385208e+00 0.000000000000000000e+00
-5.807394510581408653e+00 -1.553542192818804013e+00 0.000000000000000000e+00
-5.391352730793117942e+00 1.571052225400961078e+01 0.000000000000000000e+00
-1.573499366454161397e+01 3.153390063404833743e+00 0.000000000000000000e+00
-6.749322068799592067e+00 -5.095197774873565066e+00 0.000000000000000000e+00
-4.036111700359051646e+00 -1.117037395378994269e+01 0.000000000000000000e+00
7.903509678399792904e+00 -1.356046343449508562e+01 0.000000000000000000e+00
-1.955822619836131260e+00 4.589814211880792527e+00 0.000000000000000000e+00
-9.848901428072249331e+00 -1.360731948507566003e+01 0.000000000000000000e+00
7.400982085955432055e+00 3.270564979631406910e+00 0.000000000000000000e+00
1.020544639743368442e+01 1.034878016213071739e+01 0.000000000000000000e+00
1.595864380172665520e+01 6.124107418845813555e+00 0.000000000000000000e+00
-1.340803250264074187e+01 1.061525841420372096e+01 0.000000000000000000e+00
9.063060339555324418e+00 3.521024609958598894e+00 0.000000000000000000e+00
-8.659863765178062778e+00 -4.768761227252129586e+00 0.000000000000000000e+00
-1.070060275806596906e+01 -1.081432985981767914e+01 0.000000000000000000e+00
-1.123433932284388703e+01 5.326000655054277999e+00 0.000000000000000000e+00
1.237418910455136789e+01 -1.147073593436437200e+01 0.000000000000000000e+00
7.827630548465728033e+00 -3.545995538224517851e+00 0.000000000000000000e+00
-1.614319234013888149e+01 5.007013492371563679e+00 0.000000000000000000e+00
8.873581830091628042e-01 -2.077622868418471658e+00 0.000000000000000000e+00
-8.890943581325556622e+00 1.338556556865088565e+00 0.000000000000000000e+00
-1.511771279264818801e+01 8.472166272137265253e+00 0.000000000000000000e+00
3.805950363064940056e+00 -1.809810485079921261e+00 0.000000000000000000e+00
-1.491714306702088422e+01 -1.447771334855040948e+00 0.000000000000000000e+00
5.524802670928459669e+00 8.902630201423516354e+00 0.000000000000000000e+00
-1.037974295184505680e+00 -9.930793437198149221e+00 0.000000000000000000e+00
2.388775296641007628e+00 2.924830284645511203e+00 0.000000000000000000e+00
-8.921566897648483874e+00 3.379189244076751919e+00 0.000000000000000000e+00
2.408844802217638303e+00 -9.729983675761204154e+00 0.000000000000000000e+00
3.089385534322647953e+00 5.280981799226606377e+00 0.000000000000000000e+00
-5.298065779190244129e+00 1.299102413789067256e+01 0.000000000000000000e+00
1.289824970913375779e+01 2.273567346092055352e+00 0.000000000000000000e+00
-1.279719777826258209e+01 -3.318651182484497753e+00 0.000000000000000000e+00
1.416919820100769023e+01 -5.706999631299425779e+00 0.000000000000000000e+00
1.963639735916622442e-01 -1.195876301227695215e+01 0.000000000000000000e+00
-1.075988055468401150e+01 1.260584612635315693e+01 0.000000000000000000e+00
-1.385398460642796037e+00 -1.172974925907010935e+01 0.000000000000000000e+00
3.819528849739812770e+00 7.212962872510754408e+00 0.000000000000000000e+00
-1.529042015988017411e+01 -3.806143788980653753e+00 0.000000000000000000e+00
-5.156521824989585667e+00 -3.358948109301995277e+00 0.000000000000000000e+00
-1.252359025844612894e+01 -8.864836018674783213e-01 0.000000000000000000e+00
1.405284632572153036e+01 8.689571500048275610e+00 0.000000000000000000e+00
3.306124522744653405e+00 -7.700855829577731626e+00 0.000000000000000000e+00
9.985993483861152598e+00 1.167507702538546521e+00 0.000000000000000000e+00
-1.110960978817306793e-01 8.149733861492702403e+00 0.000000000000000000e+00
8.052049650101057665e+00 -7.346032839180678842e+00 0.000000000000000000e+00
-5.057663082137054289e+00 -9.872756588572149994e+00 0.000000000000000000e+00
3.172403274530061434e+00 9.268515767740540312e+00 0.000000000000000000e+00
-9.946586319156310863e-01 -4.782602755191346589e+00 0.000000000000000000e+00
1.130168867849493708e+01 2.040448924684878929e+00 0.000000000000000000e+00
2.833950842187818786e+00 1.631274910445711868e+01 0.000000000000000000e+00
2.018834182115811338e+00 -1.433543831585634365e+01 0.000000000000000000e+00
-1.272368230371252906e+01 -7.713181607512143323e+00 0.000000000000000000e+00
1.291580293784512001e+01 -2.115621342291623019e+00 0.000000000000000000e+00
-3.433737844103603720e+00 -1.451603099774535011e+01 0.000000000000000000e+00
-1.136715598571661978e+01 1.041750744054258604e+01 0.000000000000000000e+00
1.425368201612938535e+00 1.031757278614580109e+01 0.000000000000000000e+00
-1.062708141165070508e+01 -1.555461104293658137e+00 0.000000000000000000e+00
-5.125783343190613017e-01 -1.721562106949704685e+01 0.000000000000000000e+00
-1.076641349884216936e+01 -2.787792909999275287e-02 0.000000000000000000e+00
-6.321295833577389445e+00 -1.146176419707050442e+01 0.000000000000000000e+00
1.205021861784319093e+01 1.183301470167852720e+01 0.000000000000000000e+00
-1.834153253584400456e-01 1.686632025506091637e+01 0.000000000000000000e+00
-3.117396168816062740e+00 1.694187535819338564e+01 0.000000000000000000e+00
-3.219205676446814213e+00 1.489298438530213353e+01 0.000000000000000000e+00
5.296969980255082255e+00 -4.214598225502851570e+00 0.000000000000000000e+00
-5.410027110902947634e+00 3.011840728220795516e+00 0.000000000000000000e+00
-1.616057505445565567e+01 -5.061626043004670450e+00 0.000000000000000000e+00
4.997434409276059419e+00 -7.897182902327807952e+00 0.000000000000000000e+00
6.503986639043657370e+00 3.638757800457313452e-01 0.000000000000000000e+00
1.644451993591647954e+00 -7.676896434370014788e+00 0.000000000000000000e+00
-1.400491554070036138e+01 6.914800472703139356e+00 0.000000000000000000e+00
6.373283593613177089e+00 1.166061497192792729e+01 0.000000000000000000e+00
7.235298158970374871e+00 -1.727831407999327995e+00 0.000000000000000000e+00
1.498127778863548798e+01 -3.417059248222098500e+00 0.000000000000000000e+00
7.363017525353976467e+00 8.736235993410780054e+00 0.000000000000000000e+00
-4.308393852123475476e+00 -1.598541608504524980e+01 0.000000000000000000e+00
-6.308803260779114908e+00 -7.599132440986862136e+00 0.000000000000000000e+00
-1.833076090661611035e+00 -1.411605896639869329e+01 0.000000000000000000e+00
4.732608601635398315e+00 1.660487746824530575e+01 0.000000000000000000e+00
6.017920039286882350e+00 -1.008440135606629084e+01 0.000000000000000000e+00
-1.905395632324994759e+00 -6.428629615574683598e+00 0.000000000000000000e+00
3.925033732074832304e+00 7.410583509779922196e-01 0.000000000000000000e+00
-9.385350746378669839e+00 -9.735805700273097330e+00 0.000000000000000000e+00
2.278863011660445803e-01 1.322746487668219650e+01 0.000000000000000000e+00
1.903329209003850941e+00 1.478810888068344820e-01 0.000000000000000000e+00
-1.219693018467478041e+01 -4.780549021260548592e+00 0.000000000000000000e+00
6.242752293046562428e+00 -1.567977900708493522e+01 0.000000000000000000e+00
3.711903269179200660e+00 -1.192858082065175296e+01 0.000000000000000000e+00
7.785435171444727409e+00 -1.514704940396370958e+01 0.000000000000000000e+00
1.175164044125043716e+01 -4.901436789862965604e+00 0.000000000000000000e+00
-7.066140651115231819e+00 7.222089373472864615e+00 0.000000000000000000e+00
1.179946946224430704e+01 -3.177346204138749908e+00 0.000000000000000000e+00
1.679322887230690142e+01 -3.082394392634716596e+00 0.000000000000000000e+00
7.066058563731239417e+00 1.408925090700154570e+01 0.000000000000000000e+00
5.907944493345234527e+00 1.565684926806133603e+01 0.000000000000000000e+00
8.804561034859172963e+00 1.407338649303974165e+01 0.000000000000000000e+00
1.140234813185000995e+01 8.631700908108401293e+00 0.000000000000000000e+00
-4.987513715002367398e+00 -5.845501816493323233e+00 0.000000000000000000e+00
-1.143707573056064852e+01 -8.572053078475168064e+00 0.000000000000000000e+00
-9.012560597142379448e-01 6.487245197809322628e-01 0.000000000000000000e+00
1.054058699058868243e+01 -7.631609631750733591e+00 0.000000000000000000e+00
9.362447857755952896e+00 8.971492487629479484e+00 0.000000000000000000e+00
3.023048731014662399e-02 6.458943137357415765e+00 0.000000000000000000e+00
-6.231517930759194357e+00 -1.531285999957650290e+01 0.000000000000000000e+00
-7.961427223367192774e+00 -1.187732701511264288e+01 0.000000000000000000e+00
-5.625454510668214780e+00 1.137415755123273087e+01 0.000000000000000000e+00
5.301818048866816291e+00 -1.215032520596868970e+01 0.000000000000000000e+00
-1.304118459716340794e+01 8.794222353759293398e+00 0.000000000000000000e+00
-1.702835326991047671e+00 -7.987996911342166939e+00 0.000000000000000000e+00
1.173063939788571730e+01 -1.292337926771588741e+01 0.000000000000000000e+00
9.792211559657348019e+00 -3.841120884172756433e+00 0.000000000000000000e+00
-5.863127650463455520e-01 -2.361272424793859681e+00 0.000000000000000000e+00
1.136590667149913969e+00 2.053970409355440729e+00 0.000000000000000000e+00
9.334703227860350339e+00 -1.052959225372218022e+01 0.000000000000000000e+00
-1.400268612825680492e+01 -5.655891661313637186e+00 0.000000000000000000e+00
-1.253721889712675619e+01 1.196126419716141953e+01 0.000000000000000000e+00
1.544439095168637088e+01 -1.141788028215450224e+00 0.000000000000000000e+00
-1.870337894677845725e+00 -3.178662362353045445e+00 0.000000000000000000e+00
1.503414464976520648e+01 4.851948629557705672e+00 0.000000000000000000e+00
-1.638890915168549123e+00 1.730618436584368425e+01 0.000000000000000000e+00
-8.944981410830694202e+00 1.278407546650930904e+01 0.000000000000000000e+00
-3.022743282814074117e+00 1.283561654396431884e+01 0.000000000000000000e+00
-3.480973069664988095e+00 6.740515918930178429e+00 0.000000000000000000e+00
-8.032687891929349178e+00 1.104470510321211130e+01 0.000000000000000000e+00
-7.540782344574481044e+00 2.398034648048450457e+00 0.000000000000000000e+00
1.037103302327965260e+01 -3.964369242094829549e-01 0.000000000000000000e+00
-2.769583949094394981e+00 -1.249772407689134823e+01 0.000000000000000000e+00
1.126206205611476285e+01 4.509336474881191492e+00 0.000000000000000000e+00
-1.260960320131627199e+01 5.980216859007916774e+00 0.000000000000000000e+00
-6.317700108859026109e+00 5.919285662157620642e+00 0.000000000000000000e+00
1.844465385107756150e+00 8.349298433642228900e+00 0.000000000000000000e+00
-9.679527639768593872e+00 1.126686298081220450e+01 0.000000000000000000e+00
3.769021204263528713e+00 3.513083907539034101e+00 0.000000000000000000e+00
-1.515468382423253324e+01 8.340853671133073854e-01 0.000000000000000000e+00
1.571557072034614677e+01 7.694882614511671548e+00 0.000000000000000000e+00
1.433490904064585081e+01 1.125454773891316984e+00 0.000000000000000000e+00
1.743160836828892890e+00 1.203563040949863350e+01 0.000000000000000000e+00
7.861224922058681841e+00 -5.442207879179260743e+00 0.000000000000000000e+00
-9.666980294665203033e+00 5.656149004796330537e+00 0.000000000000000000e+00
1.087362026554672134e+01 -1.114297142942298358e+01 0.000000000000000000e+00
-3.131380683484630278e-01 -6.150852408244436909e+00 0.000000000000000000e+00
1.525688115981502335e+00 4.695695904737323012e+00 0.000000000000000000e+00
8.714793066564507029e+00 1.182351119947276175e-03 0.000000000000000000e+00
-3.730045728133114746e+00 -6.827434158508832063e+00 0.000000000000000000e+00
6.947394995153924668e+00 4.763201915281296550e+00 0.000000000000000000e+00
2.586102954790683861e-01 -3.702223384421639896e+00 0.000000000000000000e+00
-1.374564112053679343e+00 1.235095393593993052e+01 0.000000000000000000e+00
1.068065903441167563e+01 1.384832376210553662e+01 0.000000000000000000e+00
1.195536052534783122e+00 -1.079457441090453962e+01 0.000000000000000000e+00
1.266092785187865610e+00 1.731458277318692751e+01 0.000000000000000000e+00
8.970233685463993467e+00 1.140583831587298747e+01 0.000000000000000000e+00
-1.573844187544484408e+00 6.233164661085952574e+00 0.000000000000000000e+00
-4.429142695347154657e+00 -5.998605833671694088e-01 0.000000000000000000e+00
-4.401468619854579517e-02 -6.095188296070135348e-01 0.000000000000000000e+00
-2.581811336154828940e+00 9.273118224627412420e-01 0.000000000000000000e+00
