-3.746099845999244948e+00 1.440178680385507981e+01 0.000000000000000000e+00
1.060423209899493635e+01 -3.396661508062119417e+00 0.000000000000000000e+00
8.018082455787146401e+00 -5.388999673984101513e+00 0.000000000000000000e+00
9.064931045931684750e+00 6.570000428408887316e+00 0.000000000000000000e+00
1.720889580914439776e+01 -2.240474980306548236e+00 0.000000000000000000e+00
-7.303949349509569755e-01 1.169540524561802108e+01 0.000000000000000000e+00
-9.579887603051547629e+00 -3.853315073173603222e-01 0.000000000000000000e+00
8.915620929652916971e+00 4.949718119183666332e+00 0.000000000000000000e+00
1.037363508900405229e+01 -5.082892819537194740e+00 0.000000000000000000e+00
1.909138062679418102e+00 1.317884190548074308e+01 0.000000000000000000e+00
1.540280835963158346e+01 4.697270431851597650e+00 0.000000000000000000e+00
-5.009360829242751834e+00 -1.773093072952549676e+01 0.000000000000000000e+00
-1.548990021751632717e+01 -8.975587390448517056e+00 0.000000000000000000e+00
-9.389830963076793324e+00 6.368068700868331433e+00 0.000000000000000000e+00
5.465578338558701788e+00 -8.998192107561566289e+00 0.000000000000000000e+00
1.196763319704744433e+01 1.453746716794232086e+01 0.000000000000000000e+00
-5.693118427961412209e+00 1.766460804969108622e+01 0.000000000000000000e+00
5.235413867624407303e+00 -1.161186556416146054e+01 0.000000000000000000e+00
-1.692691045113618742e+01 5.707320203079298437e+00 0.000000000000000000e+00
-1.219941803278721970e+01 -5.504245333354246483e+00 0.000000000000000000e+00
2.713646286074792968e+00 -1.847455014129752726e+01 0.000000000000000000e+00
-1.503610945172238544e+01 1.107542940031263967e+01 0.000000000000000000e+00
1.483479403488488302e+01 -9.393184738480810481e+00 0.000000000000000000e+00
5.804056791944057991e+00 1.775247645496086335e+01 0.000000000000000000e+00
1.649058193928918215e+01 9.361544784459306712e+00 0.000000000000000000e+00
5.206734890007266081e+00 3.181838738764699581e+00 0.000000000000000000e+00
-8.968730831109700929e+00 -1.362377978777240806e+01 0.000000000000000000e+00
-1.125211605931181857e+01 1.371775889831997119e+01 0.000000000000000000e+00
-6.701271846267850663e+00 -1.238179613183613981e+01 0.000000000000000000e+00
1.374627555378462596e+01 9.037187682911012487e+00 0.000000000000000000e+00
-9.996575847352941580e+00 9.640931219917348471e+00 0.000000000000000000e+00
-8.110134978396882133e+00 3.416116004944441009e+00 0.000000000000000000e+00
-1.410448026892968620e+01 -1.007555581089288843e+01 0.000000000000000000e+00
1.922104576413750321e+00 5.829728345670600831e+00 0.000000000000000000e+00
-1.849970831090805490e+01 -2.398544731185527912e+00 0.000000000000000000e+00
6.480155097092989536e+00 4.185907980445207066e+00 0.000000000000000000e+00
1.184034940446106177e+01 -1.302619631583085535e+01 0.000000000000000000e+00
-7.688883835709363623e+00 1.193693114130723920e+01 0.000000000000000000e+00
-1.394774226071160150e+01 1.093818251326315050e+00 0.000000000000000000e+00
2.546033383240607684e+00 2.518374220859574741e+00 0.000000000000000000e+00
-8.539006975216436146e+00 -1.188279594881005607e+01 0.000000000000000000e+00
6.481276087945635034e+00 -1.295027300376875878e+01 0.000000000000000000e+00
-2.175280191886031389e+00 -5.040316406699628438e+00 0.000000000000000000e+00
9.036453505246264228e+00 -1.481556096280589685e+01 0.000000000000000000e+00
6.843768290112728359e+00 -1.472350827108975579e+00 0.000000000000000000e+00
9.934658805252897906e+00 -1.081020122294873209e+00 0.000000000000000000e+00
5.135838797247591181e+00 1.608319829078760677e+01 0.000000000000000000e+00
6.584882461200141535e+00 -1.506090820788730333e+01 0.000000000000000000e+00
-7.952919628228737103e+00 -1.684669257233718653e+01 0.000000000000000000e+00
8.918053193285494729e+00 2.136470323050981612e+00 0.000000000000000000e+00
-1.043743658311734279e+01 2.245344506539471485e+00 0.000000000000000000e+00
1.476959659440708705e+01 1.047662665398842030e+01 0.000000000000000000e+00
5.740161547421977595e+00 8.639035857967186871e+00 0.000000000000000000e+00
2.947288063925832979e+00 1.851640783098327603e+01 0.000000000000000000e+00
-5.898116569294481693e+00 -6.353079715384329695e+00 0.000000000000000000e+00
-1.056960548432384250e+01 -2.085163770342814971e+00 0.000000000000000000e+00
-1.258581690480104065e+01 8.942851385407347919e+00 0.000000000000000000e+00
1.345660923179124957e+01 -6.743549481738297047e+00 0.000000000000000000e+00
1.295730091634086456e+01 3.222515937704602429e+00 0.000000000000000000e+00
2.117876462001361038e+00 -1.215756230157453111e+01 0.000000000000000000e+00
1.153732688277347584e+01 -1.463526574110050760e+01 0.000000000000000000e+00
-3.339714684138757939e+00 -9.618475034855324068e+00 0.000000000000000000e+00
-2.887611332495619632e+00 8.969445681605012766e+00 0.000000000000000000e+00
-2.533500010919786050e+00 -1.623083495697412060e+00 0.000000000000000000e+00
1.734586491894553717e+00 1.761119877599189820e+01 0.000000000000000000e+00
1.477918751000681263e+00 -3.279022338258900326e+00 0.000000000000000000e+00
-5.198751669645934825e+00 1.099519493734568520e+01 0.000000000000000000e+00
-1.665349049633998746e+01 -7.526409375916161437e+00 0.000000000000000000e+00
-1.462227372490055366e+01 2.477367038186126802e+00 0.000000000000000000e+00
1.241912299762356753e+01 -1.018787823437247120e+01 0.000000000000000000e+00
1.293790323787223029e+00 -1.028174550831793432e+01 0.000000000000000000e+00
-1.457942424666172876e+01 5.225016935144253694e+00 0.000000000000000000e+00
-8.166986855772140785e+00 1.023976222812963677e+01 0.000000000000000000e+00
-4.793783552726788244e+00 -8.596231209098913695e+00 0.000000000000000000e+00
1.262865323203831602e+00 -1.518848358004601629e+01 0.000000000000000000e+00
1.162527069179149208e+01 4.918057372915654035e+00 0.000000000000000000e+00
-8.518985985798350313e+00 -9.795488671707561323e+00 0.000000000000000000e+00
-3.257789064823787051e+00 -1.868717999852329470e+01 0.000000000000000000e+00
-1.124931202413834974e+01 -1.448391342928665892e+01 0.000000000000000000e+00
3.499733796054066204e+00 3.685860910194137308e+00 0.000000000000000000e+00
1.106248010405572657e+01 -9.193957770470378321e+00 0.000000000000000000e+00
1.830061426150549408e+01 4.047049786756528711e+00 0.000000000000000000e+00
8.460300169034802309e+00 1.395847346265396638e+01 0.000000000000000000e+00
-7.117483710086688342e-01 2.244547649040638859e+00 0.000000000000000000e+00
4.946877081562960576e+00 1.126229681211189382e+00 0.000000000000000000e+00
-1.769709474264896443e+01 3.509047898234074925e+00 0.000000000000000000e+00
-1.465017513186960940e+00 6.861147300428892315e+00 0.000000000000000000e+00
-6.588916427353163741e+00 6.613844953219824241e+00 0.000000000000000000e+00
-1.671535892105893240e+01 8.550365727854357445e+00 0.000000000000000000e+00
-5.527072454375997701e+00 1.387497268057673061e+01 0.000000000000000000e+00
7.836272823354869743e+00 9.548422538167432805e+00 0.000000000000000000e+00
-1.340242493941232516e+00 4.628992490881802091e+00 0.000000000000000000e+00
-8.269243796812713043e+00 -7.124568401126428974e+00 0.000000000000000000e+00
-4.496274439111324073e-01 -4.813308786684725504e+00 0.000000000000000000e+00
6.827608300732433300e+00 -4.039435651678211059e+00 0.000000000000000000e+00
-1.056725565617230700e+01 -1.287446655317173949e+01 0.000000000000000000e+00
-1.469332126384382775e+01 8.343772631166922693e+00 0.000000000000000000e+00
-1.232592090670368634e+01 -9.200039916321143707e+00 0.000000000000000000e+00
5.786132140048769301e+00 1.199321733056378747e+01 0.000000000000000000e+00
-7.247168112963759956e-01 -1.511640625730219512e+01 0.000000000000000000e+00
-4.421577677586521204e+00 8.553422107030835164e+00 0.000000000000000000e+00
8.239639192767501896e+00 -1.016881639505517931e+01 0.000000000000000000e+00
9.997991394650464159e+00 7.864507575514417814e-01 0.000000000000000000e+00
9.045125106903552092e-01 1.137971680192442392e+01 0.000000000000000000e+00
-9.402271936493244553e+00 -1.550396888556634600e+01 0.000000000000000000e+00
1.048328181685166705e+01 -1.058066050429264138e+01 0.000000000000000000e+00
-5.917485226836946000e-01 -1.814624318884160203e+01 0.000000000000000000e+00
7.288574031651321228e+00 5.773940541017133832e+00 0.000000000000000000e+00
1.053750849415703073e+01 7.166741859759143018e+00 0.000000000000000000e+00
1.551863716522145609e+01 7.712028129608074600e+00 0.000000000000000000e+00
-3.786104863670165799e-02 -6.838666972601918914e+00 0.000000000000000000e+00
7.431491851073624977e-01 3.048396109855864733e+00 0.000000000000000000e+00
-7.575119571502072269e+00 1.718041779329553487e+00 0.000000000000000000e+00
1.053694976540610106e+01 1.118126746962943763e+01 0.000000000000000000e+00
-1.255955163602643587e+01 1.271399081770663742e+01 0.000000000000000000e+00
4.381369908722969164e+00 -2.027060551904852126e+00 0.000000000000000000e+00
2.776837126803265665e+00 -6.655609926320006586e+00 0.000000000000000000e+00
-3.107674795619588259e+00 -1.128515317215961211e+01 0.000000000000000000e+00
3.928157234316682178e+00 1.365597497214973188e+01 0.000000000000000000e+00
-1.649170180707823974e+01 -3.192091258647673069e+00 0.000000000000000000e+00
-1.685771941268283003e+00 -9.311319852679643461e+00 0.000000000000000000e+00
5.931589464077963392e+00 -6.819514526837254564e+00 0.000000000000000000e+00
-1.354607103853516570e+01 6.636486596235844360e+00 0.000000000000000000e+00
-1.364419870776263544e+01 -1.216094613962452664e+00 0.000000000000000000e+00
5.405218009702092985e+00 1.052884887388417923e+01 0.000000000000000000e+00
1.783124727963460643e+01 8.933264950367125756e-02 0.000000000000000000e+00
4.626985041453951730e+00 -4.298080856706421926e+00 0.000000000000000000e+00
-1.508016514857084545e+01 -2.324386927904981803e+00 0.000000000000000000e+00
-9.681666358899825298e+00 1.393700800677571117e+01 0.000000000000000000e+00
-1.013372647243273050e+01 1.186782415669808621e+01 0.000000000000000000e+00
-1.052222833326617391e+01 -7.395092982266447734e+00 0.000000000000000000e+00
-1.415005265363038411e+01 -7.152487557777404525e+00 0.000000000000000000e+00
7.880408445429774034e+00 8.010070430237165695e+00 0.000000000000000000e+00
-5.494476626557792009e+00 -3.576773414918792415e+00 0.000000000000000000e+00
-6.311149991545433657e+00 -1.638668953888041813e+01 0.000000000000000000e+00
-1.066063246358392169e-01 -1.291920244588397004e+01 0.000000000000000000e+00
-5.350363091169231033e+00 -1.090501392521457902e+01 0.000000000000000000e+00
-7.799587295314608149e+00 4.907931787360051423e+00 0.000000000000000000e+00
9.911826955503771686e+00 3.522886978666084801e+00 0.000000000000000000e+00
1.216802060537550823e+01 -4.786988988310132420e+00 0.000000000000000000e+00
1.270541790892124157e+00 1.506262040349497511e+01 0.000000000000000000e+00
1.248929090767406080e+01 -1.924346598625525484e+00 0.000000000000000000e+00
-3.351445184496292473e+00 1.590395117634223077e+01 0.000000000000000000e+00
-1.731663915740535842e+01 4.017414810102021977e-02 0.000000000000000000e+00
-2.847670617851002284e+00 -3.241209265398245165e+00 0.000000000000000000e+00
3.072946721538504455e+00 1.165680126250400939e+01 0.000000000000000000e+00
-2.309521980933923579e+00 1.497921690067624434e+00 0.000000000000000000e+00
-1.217635677006920680e+01 1.673809877402595570e+00 0.000000000000000000e+00
1.430710145606052563e+01 -1.864512843428328903e+00 0.000000000000000000e+00
-4.157324458091877339e+00 1.833895620753308364e+01 0.000000000000000000e+00
-6.727068185941869061e-01 3.945199012455217202e-01 0.000000000000000000e+00
-6.276674183971652887e+00 2.344605404143031424e-01 0.000000000000000000e+00
-5.129049673451626212e+00 -1.403438587623969624e+01 0.000000000000000000e+00
-1.238656227730071713e+01 4.666666458096953463e+00 0.000000000000000000e+00
1.682213197286090889e+01 -5.350534850723412283e+00 0.000000000000000000e+00
-3.496404291889251503e+00 6.161026627067545114e+00 0.000000000000000000e+00
2.410507500376846579e+00 -4.821491533556706344e+00 0.000000000000000000e+00
1.715255084532817875e+01 -6.827510805700500285e+00 0.000000000000000000e+00
-2.902906827547025781e+00 -1.695552101820989677e+01 0.000000000000000000e+00
1.028885750321821213e+01 -7.353351977929375671e+00 0.000000000000000000e+00
8.939276474307090936e+00 1.130949712408570385e+01 0.000000000000000000e+00
-3.888013549224087040e+00 1.225275695685253652e+01 0.000000000000000000e+00
7.648684952115803348e+00 -7.236549444999710978e+00 0.000000000000000000e+00
-9.876660374806633058e+00 -4.621293517796737582e+00 0.000000000000000000e+00
5.309460145081708937e+00 -1.796332857163239893e+01 0.000000000000000000e+00
-1.509754273934473900e+01 -5.711003718108078608e+00 0.000000000000000000e+00
-5.195350486866423090e+00 4.531413947868523806e+00 0.000000000000000000e+00
9.145391902927729078e+00 -1.180646480283155064e+01 0.000000000000000000e+00
-1.237340752114634945e+01 -1.099739527983557286e-01 0.000000000000000000e+00
-1.960690303624099476e-02 1.793135149957510777e+01 0.000000000000000000e+00
3.547023572694692373e+00 1.633958143649006090e+01 0.000000000000000000e+00
-1.855642176837245927e+01 2.004195124021392882e+00 0.000000000000000000e+00
3.494148586226004216e+00 7.527298231413227292e+00 0.000000000000000000e+00
5.962895769706279658e+00 6.934276175069721937e+00 0.000000000000000000e+00
2.012280450681491306e+00 7.771888079784750936e+00 0.000000000000000000e+00
4.448028656222245303e+00 6.244957221289725524e+00 0.000000000000000000e+00
1.312696801232951138e+01 -8.772599889610116719e+00 0.000000000000000000e+00
1.757916818224764199e+01 6.294113036279115114e+00 0.000000000000000000e+00
-1.204280247611823995e+01 7.328756230938981098e+00 0.000000000000000000e+00
1.312089860798636654e+00 -7.613373363566787511e+00 0.000000000000000000e+00
-7.458668816957616521e+00 1.713397350580117973e+01 0.000000000000000000e+00
-1.009750665310692774e+01 -1.088644198514675310e+01 0.000000000000000000e+00
1.561862148489796986e+01 3.084748596630155326e+00 0.000000000000000000e+00
2.243800374178665624e+00 -1.679934151417484145e+01 0.000000000000000000e+00
-8.360566114067928822e+00 -1.673900585787873485e+00 0.000000000000000000e+00
-2.049509929545158649e+00 1.423466535767426500e+01 0.000000000000000000e+00
8.152655131365378338e+00 1.568625335903965556e+01 0.000000000000000000e+00
1.296652762365602385e+01 7.919088651974051651e-02 0.000000000000000000e+00
-1.398325615820750878e+00 -7.724120084396465913e+00 0.000000000000000000e+00
-1.651899436712622915e+01 -1.651891247530336004e+00 0.000000000000000000e+00
1.522523027638697179e+01 -4.650565919812273741e+00 0.000000000000000000e+00
-9.856842811530978909e-02 1.405542197956657802e+01 0.000000000000000000e+00
1.120113554767020503e+01 9.358221559098632625e+00 0.000000000000000000e+00
-5.138318289883892831e+00 2.064574199848850711e+00 0.000000000000000000e+00
-1.230503691070362038e+01 -2.009378794691479619e+00 0.000000000000000000e+00
-1.884663641359630759e+01 2.512532026295046916e-03 0.000000000000000000e+00
1.554872832524234205e+01 1.543597904012672828e+00 0.000000000000000000e+00
5.641040744271374585e+00 -1.630971354426607789e+01 0.000000000000000000e+00
7.438199817501142674e-02 9.206814000753359650e+00 0.000000000000000000e+00
-3.997269200846070181e+00 1.025418218287340144e+00 0.000000000000000000e+00
1.464417461553664168e+01 2.307856263985396950e-01 0.000000000000000000e+00
3.865371261937001091e+00 -1.238487217924767236e+01 0.000000000000000000e+00
-1.627562910354886228e+01 4.335709637537886962e+00 0.000000000000000000e+00
9.049234912945721021e+00 -1.636218624497948326e+01 0.000000000000000000e+00
3.225030573762463160e+00 -8.234880546700214410e+00 0.000000000000000000e+00
-1.801249715194229850e+01 -4.465086819067971113e+00 0.000000000000000000e+00
1.359822370446933881e+01 1.278479091465273321e+01 0.000000000000000000e+00
1.248964797266547144e+01 1.161042325876491077e+01 0.000000000000000000e+00
1.339252346700972574e+01 -3.581783838804754261e+00 0.000000000000000000e+00
-1.565015185404823228e+01 1.260708281212812976e+00 0.000000000000000000e+00
1.364377881960233374e+01 1.744607583106591253e+00 0.000000000000000000e+00
6.419393720114324964e+00 1.494120116155379652e+00 0.000000000000000000e+00
8.512893533728865592e+00 -1.885545322213040720e+00 0.000000000000000000e+00
6.785907803575573105e+00 -1.080349612083642263e+01 0.000000000000000000e+00
-1.051315464685680112e+01 4.872481945727153096e+00 0.000000000000000000e+00
1.359038631308802358e+01 -1.323735089821120781e+01 0.000000000000000000e+00
3.570351484230362971e+00 -6.490012978850383529e-01 0.000000000000000000e+00
8.101520080826018599e+00 9.586894965260725487e-02 0.000000000000000000e+00
1.439914479412442994e+01 6.261956838410374537e+00 0.000000000000000000e+00
3.052470882363121252e+00 -1.463107283792241553e+01 0.000000000000000000e+00
9.215315592010874246e-01 -1.878123286104290557e+01 0.000000000000000000e+00
1.000715013060612968e+01 1.505498776500365921e+01 0.000000000000000000e+00
-9.122568751166186374e+00 1.639549527337490176e+01 0.000000000000000000e+00
-8.304756917671081595e+00 7.535212194965222210e+00 0.000000000000000000e+00
-8.484201171895049853e+00 -3.928510668806955319e+00 0.000000000000000000e+00
3.365404241435371091e+00 1.001025273384041725e+01 0.000000000000000000e+00
1.845162610543509984e+01 1.844500208732429369e+00 0.000000000000000000e+00
-6.666702833449288157e+00 1.574159542998184236e+01 0.000000000000000000e+00
-1.994008317144380787e-02 5.990629195424023834e+00 0.000000000000000000e+00
-1.053378564566755138e+01 1.523679537096329639e+01 0.000000000000000000e+00
-2.046970537337187590e+00 1.732802237813582735e+01 0.000000000000000000e+00
-2.744441818143382061e+00 -1.308014594834830824e+01 0.000000000000000000e+00
3.029936111381598351e+00 -1.004412385098075688e+01 0.000000000000000000e+00
-1.210332417442166175e+01 1.036951159748926443e+01 0.000000000000000000e+00
-7.765195117555403481e-01 1.608237103495869036e+01 0.000000000000000000e+00
-1.342830906408141622e+01 -1.206057147734065893e+01 0.000000000000000000e+00
-3.486086364184700415e+00 -1.454463346423610304e+01 0.000000000000000000e+00
7.088633505032083448e+00 -9.159826853661813928e+00 0.000000000000000000e+00
2.036596968702347077e+00 2.466451189214254602e-01 0.000000000000000000e+00
7.928400543802014866e+00 1.247034114072535083e+01 0.000000000000000000e+00
6.463701499575805087e+00 1.497858488492167517e+01 0.000000000000000000e+00
-1.340343456414635348e+01 3.524443951783452711e+00 0.000000000000000000e+00
4.005936831748723392e+00 -1.713338092769885534e+01 0.000000000000000000e+00
-6.552978039726379045e+00 9.518348002585113932e+00 0.000000000000000000e+00
1.192582276563650012e+01 1.419979699555427688e+00 0.000000000000000000e+00
-1.332393563223237543e+00 -2.805883894063622375e+00 0.000000000000000000e+00
-4.282770226623186183e+00 -1.536020623187714040e+00 0.000000000000000000e+00
5.841041445828293321e-01 -1.658679914876245576e+01 0.000000000000000000e+00
1.048226081520790487e+01 1.335097857722087689e+01 0.000000000000000000e+00
1.263119797110499576e+01 6.335792618730255121e+00 0.000000000000000000e+00
1.180709159046889845e+01 -7.816164969668759177e+00 0.000000000000000000e+00
-8.647416177533086667e+00 -5.633111206602957388e+00 0.000000000000000000e+00
-3.797734080151811575e+00 -7.005727241242830416e+00 0.000000000000000000e+00
1.497553718324052774e+01 -7.297706557214713285e+00 0.000000000000000000e+00
1.430532031380750801e+01 -1.165250779814356541e+01 0.000000000000000000e+00
1.230721576215434432e+01 8.294118556288566424e+00 0.000000000000000000e+00
