-1.395978590459082014e+01 -1.211071294885959126e+01 0.000000000000000000e+00
-4.363081878016805248e+00 -1.445078689117458559e+01 0.000000000000000000e+00
2.021687238489282556e+00 4.080176318366581789e+00 0.000000000000000000e+00
-6.529925196080770711e+00 -1.075214557577436914e+01 0.000000000000000000e+00
1.722567214205285069e+01 3.972649948521774999e+00 0.000000000000000000e+00
1.216696917885148466e+01 -1.132496140189514833e+01 0.000000000000000000e+00
6.174818092425402583e+00 -1.382550810213586345e+01 0.000000000000000000e+00
-8.694031905704969532e+00 -8.834981810615001763e+00 0.000000000000000000e+00
-1.079043707599512203e+01 -5.578288105405731834e+00 0.000000000000000000e+00
1.420065115065672678e+01 1.025656000067024509e+00 0.000000000000000000e+00
-9.627009585385117418e+00 6.714377408203303643e-01 0.000000000000000000e+00
-1.272509422172576521e+01 1.111046043317120535e+01 0.000000000000000000e+00
1.058951987706312003e+01 -1.032563963862070011e+01 0.000000000000000000e+00
1.147969420231064852e+01 3.519769484625727696e+00 0.000000000000000000e+00
9.322966433422184007e-01 -6.400026000479125621e+00 0.000000000000000000e+00
-1.683951861434849917e+01 -5.502446154126236166e+00 0.000000000000000000e+00
3.993130678950989498e+00 -1.749252169444564231e+01 0.000000000000000000e+00
-1.226447139547397036e+01 -1.360011126051323949e+01 0.000000000000000000e+00
-7.636848464334969222e+00 7.881009959352412331e+00 0.000000000000000000e+00
1.531345741309733732e+01 5.138974194424615227e+00 0.000000000000000000e+00
7.977109208774972871e+00 -7.575086765283521650e+00 0.000000000000000000e+00
-2.689355377504566658e+00 -1.199135174023815154e+01 0.000000000000000000e+00
-8.076311451714017764e+00 -1.060240809554885466e+01 0.000000000000000000e+00
-6.846501428368823028e+00 9.468129258401853932e+00 0.000000000000000000e+00
-9.625469630010168309e-01 4.181577182764663725e+00 0.000000000000000000e+00
-1.563093738578130720e+00 1.775677475590673282e+01 0.000000000000000000e+00
3.263680345071577449e+00 9.678998270000324311e+00 0.000000000000000000e+00
1.635649220924720737e+01 -4.568848484312959535e+00 0.000000000000000000e+00
-1.126892558998332383e+01 4.843977754017908310e+00 0.000000000000000000e+00
1.198960323048336107e+01 2.055309098502912768e+00 0.000000000000000000e+00
1.675109515172252017e+01 -7.848116174224839980e+00 0.000000000000000000e+00
1.395850466365668563e+00 -1.645839516210255127e+01 0.000000000000000000e+00
9.970291956845656500e+00 -6.225166023292356243e+00 0.000000000000000000e+00
-1.046585159385707797e+01 -1.483499148903819886e+01 0.000000000000000000e+00
1.429283882990874277e+00 1.782341359199097397e+01 0.000000000000000000e+00
1.350103571065235109e+01 2.823999128683237991e+00 0.000000000000000000e+00
-6.483480165010052865e+00 1.561629626889853739e+01 0.000000000000000000e+00
3.210792002596456918e+00 -3.532953072338557376e+00 0.000000000000000000e+00
-1.595492652659738120e+01 -9.216648794032733960e+00 0.000000000000000000e+00
-6.630088443050920155e+00 1.268196989933105812e+01 0.000000000000000000e+00
-7.052343292405556241e+00 -9.735257837297889294e-01 0.000000000000000000e+00
3.899661371724496117e+00 -1.174033939247297553e+01 0.000000000000000000e+00
-1.121907365694443826e+01 1.470380193069472163e+01 0.000000000000000000e+00
-1.209316393438607806e-01 -1.843963195459565796e+01 0.000000000000000000e+00
-1.805668988388927687e+01 -4.212107445155381380e-01 0.000000000000000000e+00
-1.126825609167963549e+01 1.009017440110538111e+01 0.000000000000000000e+00
5.498148278173363046e+00 9.080197607707622964e-01 0.000000000000000000e+00
-3.302115260083720027e-01 6.484424313203030366e+00 0.000000000000000000e+00
6.936259463967443750e+00 1.685280325259900014e+00 0.000000000000000000e+00
-1.014416848785430147e+01 -7.581627853238323667e+00 0.000000000000000000e+00
-5.566987841184581676e+00 1.798643539894361965e+01 0.000000000000000000e+00
1.008954554373679890e+01 -1.520358743162497461e+01 0.000000000000000000e+00
1.296637728383756905e+00 9.086429182558237727e+00 0.000000000000000000e+00
9.549548317048017765e+00 3.959553027921641544e+00 0.000000000000000000e+00
5.982572630313748974e+00 5.931193557649587333e+00 0.000000000000000000e+00
-1.728995536287990120e+01 -1.947840801907584130e+00 0.000000000000000000e+00
-1.373977141871577423e+01 3.697561275897679245e+00 0.000000000000000000e+00
5.172057883741318030e+00 1.015443294974539512e+01 0.000000000000000000e+00
-5.411763011384839395e+00 1.079331479262446258e+01 0.000000000000000000e+00
-7.282342176024272362e+00 -1.568242937709960927e+01 0.000000000000000000e+00
-4.418514238719263076e+00 5.614387404875342824e+00 0.000000000000000000e+00
1.111037517346982817e+01 7.242555342548577801e-01 0.000000000000000000e+00
1.114716575739332960e+01 -1.385916876212057858e+01 0.000000000000000000e+00
1.417805639099423765e+01 -1.818955555175271632e+00 0.000000000000000000e+00
-1.094551519956959496e+01 8.560678894351113399e+00 0.000000000000000000e+00
6.008807432351449762e+00 -1.138839087045431953e+01 0.000000000000000000e+00
-2.792415799990387804e+00 -1.610801236011821302e+01 0.000000000000000000e+00
6.994633108175209557e+00 1.030160799530721150e+01 0.000000000000000000e+00
9.281247777836108881e+00 1.118546047613295791e+01 0.000000000000000000e+00
-2.638762140016445823e+00 -6.538080995623699820e+00 0.000000000000000000e+00
4.448620316549843245e+00 -1.923602027926186731e+00 0.000000000000000000e+00
6.726647542911459610e+00 -5.329411023941994507e+00 0.000000000000000000e+00
9.161292762991374516e+00 1.251764464103395813e+00 0.000000000000000000e+00
-1.006544372488612815e+01 6.529689524753353069e+00 0.000000000000000000e+00
-1.432585273623714706e+01 -3.952147642352584977e+00 0.000000000000000000e+00
1.428478522466268386e+00 -2.960694478284639164e+00 0.000000000000000000e+00
1.186037051632312611e+01 -2.741796161301554680e+00 0.000000000000000000e+00
2.897171064645672978e+00 -1.293827478730233871e+01 0.000000000000000000e+00
1.507190127724155637e+01 1.081094855734980165e+01 0.000000000000000000e+00
1.480172144661955791e+01 -8.107173517969584964e+00 0.000000000000000000e+00
-6.407344326108820987e+00 -1.387615017873603485e+01 0.000000000000000000e+00
9.905356219860763645e+00 1.527835919315288393e+01 0.000000000000000000e+00
1.595554882339804337e+01 6.942966668351976622e+00 0.000000000000000000e+00
-4.587984591278106095e+00 -6.055437028003507471e+00 0.000000000000000000e+00
-9.548450517145450789e+00 1.315076398442728589e+01 0.000000000000000000e+00
-2.417801989556614739e+00 1.398403898096966280e+01 0.000000000000000000e+00
1.626506793362141101e+00 -1.026447938236095858e+01 0.000000000000000000e+00
-1.341493127898581506e+01 -7.897675214509148667e+00 0.000000000000000000e+00
-7.878772823260635771e-01 1.346553704995513279e+01 0.000000000000000000e+00
-1.466267209721580045e+01 1.045529561009083075e+01 0.000000000000000000e+00
-1.049678993833188745e+00 8.646706167198020765e+00 0.000000000000000000e+00
1.831891044017767811e+01 -4.797585356064831608e+00 0.000000000000000000e+00
-1.542704065923170198e+01 2.593002627350430522e+00 0.000000000000000000e+00
-7.673616189753730943e+00 6.003366780313386997e+00 0.000000000000000000e+00
-1.447636287305515346e+01 1.817599928275902277e-01 0.000000000000000000e+00
8.800036933917228410e+00 6.035433903015481327e+00 0.000000000000000000e+00
-5.486494873431388974e+00 -7.179233075885700366e-01 0.000000000000000000e+00
1.432587466517898989e+01 -1.029247483362803450e+01 0.000000000000000000e+00
-8.019684013719389881e+00 -4.564650062331715219e+00 0.000000000000000000e+00
-4.203600714110435455e+00 3.489444637222505197e+00 0.000000000000000000e+00
1.291738573922638267e+01 1.152617220276225396e+01 0.000000000000000000e+00
-6.872833482189517618e+00 4.112254075536373676e+00 0.000000000000000000e+00
1.332186679230706083e+01 -1.322873007232414366e+01 0.000000000000000000e+00
-3.624058792747348434e+00 7.579994547399285132e+00 0.000000000000000000e+00
-1.245044417141709481e+01 -6.194969226127647666e+00 0.000000000000000000e+00
-1.546797102828067150e+00 3.881897910229584747e-01 0.000000000000000000e+00
2.792251734051035328e+00 -1.851818679927864508e+01 0.000000000000000000e+00
3.769682708054229447e+00 -9.179267027101539966e+00 0.000000000000000000e+00
5.088777697650775922e-01 -8.883750111703768937e+00 0.000000000000000000e+00
-1.005068170672429417e+01 -8.468005812859806802e-01 0.000000000000000000e+00
-5.898895431147924917e+00 -1.663583360532762967e+01 0.000000000000000000e+00
3.928340951644020862e+00 1.649283556147262075e+01 0.000000000000000000e+00
7.672976717134774916e+00 -1.693148821774154555e+01 0.000000000000000000e+00
-1.417380692909506301e+01 5.321822246529592348e+00 0.000000000000000000e+00
-6.230515461288114176e-01 1.189357755695663421e+01 0.000000000000000000e+00
6.448146521003848441e+00 -6.934201850124098954e+00 0.000000000000000000e+00
1.189467217779036412e+00 -4.872237863861209384e+00 0.000000000000000000e+00
-5.703945929276922122e+00 -2.339415780359784147e+00 0.000000000000000000e+00
-8.254784508083499617e+00 -1.266760956559223672e+01 0.000000000000000000e+00
5.595938012275634144e+00 3.686334220713838761e+00 0.000000000000000000e+00
7.778203417516690088e+00 1.469140512499029327e+01 0.000000000000000000e+00
-1.673063476757410939e+01 8.867781964070271528e+00 0.000000000000000000e+00
4.114581727182279103e+00 -6.956773719325229699e+00 0.000000000000000000e+00
-3.114013301153718771e+00 -4.663346417575026770e+00 0.000000000000000000e+00
1.566647018071737563e+01 2.441814758471008595e+00 0.000000000000000000e+00
2.698340923834491867e-01 1.233959034116234976e+00 0.000000000000000000e+00
1.268244730681230337e+00 -1.272039492939405658e+00 0.000000000000000000e+00
1.770546470685095386e+01 1.490233698159165288e+00 0.000000000000000000e+00
1.237880198459376224e+01 -9.045909271031508325e+00 0.000000000000000000e+00
1.528518286693769923e+01 -4.469605166560199350e-01 0.000000000000000000e+00
-6.798398457044737775e+00 1.319985917344800086e+00 0.000000000000000000e+00
-2.530697263225976990e+00 1.245536326150592465e+01 0.000000000000000000e+00
-1.098759554210232992e+01 -3.386918160944569767e+00 0.000000000000000000e+00
8.818392939082849935e+00 -1.141768850243458466e+01 0.000000000000000000e+00
-7.619745578018387810e+00 -2.599592920833508902e+00 0.000000000000000000e+00
3.303897468278631955e+00 2.431335625820058688e+00 0.000000000000000000e+00
-2.735861474196946475e+00 3.927816602771324384e+00 0.000000000000000000e+00
-8.602845618279193474e+00 -1.677978778362393797e+01 0.000000000000000000e+00
1.336716717847070335e+01 -6.188234746781603235e+00 0.000000000000000000e+00
5.567552484849718653e+00 -1.703749540910379068e+01 0.000000000000000000e+00
-1.726251267365394426e+01 4.822760881708763492e+00 0.000000000000000000e+00
1.501428961637377490e+00 1.067907550569977992e+01 0.000000000000000000e+00
-3.904250657021875792e+00 1.495500862831616118e+01 0.000000000000000000e+00
-1.672894380896620703e+01 -3.476608636875972103e+00 0.000000000000000000e+00
-5.660443889056031352e+00 -4.269550172617199379e+00 0.000000000000000000e+00
-3.227401721033464455e+00 1.632736473107885189e+01 0.000000000000000000e+00
-1.230704608419734036e+01 -1.014231530942638670e+01 0.000000000000000000e+00
-8.833508455633319656e+00 1.041174899724989089e+01 0.000000000000000000e+00
-1.409202989731102029e+01 7.611629384255969022e+00 0.000000000000000000e+00
-4.164573813507715272e+00 -1.696507558915291147e+00 0.000000000000000000e+00
3.102173521748916585e+00 1.774524189220843695e+01 0.000000000000000000e+00
1.492320664473714764e+01 -3.631894198395177131e+00 0.000000000000000000e+00
-6.369581096365182216e-01 -1.148520721348861073e+01 0.000000000000000000e+00
3.234703788220035570e+00 1.202070115978105491e+01 0.000000000000000000e+00
1.880144380264224679e+01 -2.027386876131024085e+00 0.000000000000000000e+00
7.314766753216434658e+00 -1.014582179977798093e+00 0.000000000000000000e+00
2.228961732130426476e+00 -1.514804481752648968e+01 0.000000000000000000e+00
3.095425713930169298e+00 6.025125865072344489e+00 0.000000000000000000e+00
-1.246468541830336640e+01 -4.641438520848209848e+00 0.000000000000000000e+00
5.424182585404720147e-02 1.687474967242485491e+01 0.000000000000000000e+00
-6.004529494624310182e+00 -7.750154429379486842e+00 0.000000000000000000e+00
1.386334989277531804e+01 9.608723546300732110e+00 0.000000000000000000e+00
7.155443019531564808e+00 -9.459222469702408986e+00 0.000000000000000000e+00
-8.000540554036611240e+00 1.403962338792515752e+01 0.000000000000000000e+00
1.129915970538491443e+01 6.577916560623600084e+00 0.000000000000000000e+00
-1.436959606185536309e+00 -4.438809248132726815e+00 0.000000000000000000e+00
3.808163909204895226e-01 -1.380887403933853363e+01 0.000000000000000000e+00
1.786534901450318458e+01 6.226480564703174458e+00 0.000000000000000000e+00
1.465298597221999799e+01 7.746387685137753110e+00 0.000000000000000000e+00
-9.079880346231483657e+00 8.340455277802359291e+00 0.000000000000000000e+00
1.148869220016567994e+01 9.313323615836432978e+00 0.000000000000000000e+00
-1.681142626623741521e+01 7.030942363909142401e+00 0.000000000000000000e+00
9.368191943940862743e+00 -1.131244230678205565e+00 0.000000000000000000e+00
-4.217590494385723865e+00 -1.187723577847393130e+01 0.000000000000000000e+00
7.220258292921179155e+00 3.355700017771983124e+00 0.000000000000000000e+00
1.217982080163283776e+01 -3.993018054176701304e-01 0.000000000000000000e+00
-8.878801267435834532e+00 -6.743798506057685493e+00 0.000000000000000000e+00
-4.748274992423116458e+00 1.127728020648660623e+00 0.000000000000000000e+00
1.052132479582045255e+00 -1.231364546407398208e+01 0.000000000000000000e+00
1.272216198095382289e+01 -4.692110676675625314e+00 0.000000000000000000e+00
-7.135259734291439671e+00 1.753592476460471872e+01 0.000000000000000000e+00
-2.589946068428926829e+00 -9.839235922446601279e+00 0.000000000000000000e+00
-1.443212826829863182e+01 -9.452848167361160847e+00 0.000000000000000000e+00
-1.231188782369003221e+01 7.543471271917112642e-01 0.000000000000000000e+00
6.417920913112949322e+00 -3.453304089923257436e+00 0.000000000000000000e+00
-9.337764428561262653e-01 -9.523562948788981686e+00 0.000000000000000000e+00
2.108268309231330129e+00 -8.790058749755925049e+00 0.000000000000000000e+00
1.511513171032768987e+01 -5.513846420926327596e+00 0.000000000000000000e+00
1.644505072196218620e+01 -6.211694350427633182e+00 0.000000000000000000e+00
1.194512693663001279e+01 5.171946680593117129e+00 0.000000000000000000e+00
3.301787797750687758e+00 1.504201598086900660e+01 0.000000000000000000e+00
1.692351616385072788e+01 -2.850954268999600916e-01 0.000000000000000000e+00
5.505146203257975657e+00 1.434541889714604856e+01 0.000000000000000000e+00
8.683221024921666142e+00 -4.567515594883698071e+00 0.000000000000000000e+00
-6.854532220526603492e-01 -1.645535447107319271e+01 0.000000000000000000e+00
-4.337850508994759657e+00 -1.025813807218746909e+01 0.000000000000000000e+00
-9.575743747304743536e+00 -1.136741691150448652e+01 0.000000000000000000e+00
-4.113089137434691622e+00 -3.330133798303169801e+00 0.000000000000000000e+00
-4.305321644554916283e+00 -1.744017980148694846e+01 0.000000000000000000e+00
1.617680060898549144e+01 9.698169015765817136e+00 0.000000000000000000e+00
-5.427623481193663224e+00 7.432476827977414047e+00 0.000000000000000000e+00
-1.526645017575037322e+01 -5.410901894797815359e+00 0.000000000000000000e+00
-1.396833129688463337e+01 1.229617131433353805e+01 0.000000000000000000e+00
9.971969318874062793e+00 -1.267846291021621319e+01 0.000000000000000000e+00
-2.493872222118614701e+00 6.335604765717152809e+00 0.000000000000000000e+00
8.155952748021729093e+00 -2.870298381702974133e+00 0.000000000000000000e+00
2.155487496516350188e+00 7.286391796085720518e-01 0.000000000000000000e+00
6.856389824989594928e+00 -1.558808492928414680e+01 0.000000000000000000e+00
-1.270932394763656426e+01 9.292531851318619474e+00 0.000000000000000000e+00
1.051258705978736785e+01 -7.923313322514585089e+00 0.000000000000000000e+00
-1.610944329982184797e+01 -8.234381369721814892e-01 0.000000000000000000e+00
-1.331490704314580142e+01 -1.807884223651318623e+00 0.000000000000000000e+00
3.901392225545339265e+00 -1.457263500645269438e+01 0.000000000000000000e+00
3.254578499373842693e+00 7.554377751736947921e+00 0.000000000000000000e+00
8.783150667774528131e+00 1.643818418950823101e+01 0.000000000000000000e+00
-1.983836569933100424e+00 -2.796209711717437596e+00 0.000000000000000000e+00
-1.841109539234063419e+01 2.576105297202019973e+00 0.000000000000000000e+00
-1.124064738856212564e+01 2.688753212647815083e+00 0.000000000000000000e+00
-1.136967243389765692e+01 -1.230464479697253388e+01 0.000000000000000000e+00
-4.066201438756778863e+00 1.847095828586826372e+01 0.000000000000000000e+00
-1.892163334692799515e+00 -1.377775342106503409e+01 0.000000000000000000e+00
1.671364915056071609e+01 -2.904600579253563630e+00 0.000000000000000000e+00
8.419074370534278984e+00 8.990640044461198244e+00 0.000000000000000000e+00
7.856529990058943369e+00 1.261172550403764703e+01 0.000000000000000000e+00
1.631688215689612198e+00 1.318867400460293027e+01 0.000000000000000000e+00
-1.536633252175617947e+01 6.281186410939616493e+00 0.000000000000000000e+00
-1.099661000552692869e+01 -9.392581899167051773e+00 0.000000000000000000e+00
1.010843114227327888e+01 8.680771136654673370e+00 0.000000000000000000e+00
5.748145272691386864e+00 -8.301054989436622122e+00 0.000000000000000000e+00
-4.537593798736181405e+00 9.060583000308831458e+00 0.000000000000000000e+00
-9.729621425366362431e+00 1.605967419466763602e+01 0.000000000000000000e+00
-9.244362423541272022e+00 3.565134081466061033e+00 0.000000000000000000e+00
-8.023910288593684825e+00 1.177744044830039272e+01 0.000000000000000000e+00
-1.520783151654144483e+01 -1.077021441990487638e+01 0.000000000000000000e+00
8.309757795675519532e+00 -1.288153856263658170e+01 0.000000000000000000e+00
6.183210274124522954e+00 1.616749214302462789e+01 0.000000000000000000e+00
-1.109889233599782266e+01 1.209570693610809222e+01 0.000000000000000000e+00
3.783725010012005896e+00 4.388871272821369018e+00 0.000000000000000000e+00
4.886488758242165886e+00 -4.168316975048618644e+00 0.000000000000000000e+00
1.594783973767221141e+00 1.625406676193191657e+01 0.000000000000000000e+00
-1.054224081851031114e+00 1.579226573063450267e+01 0.000000000000000000e+00
1.382934549649846367e+01 5.573815508968450239e+00 0.000000000000000000e+00
-1.826487373472944142e+01 -3.735084155201698231e+00 0.000000000000000000e+00
-6.723166311224339609e+00 -6.193422876303173119e+00 0.000000000000000000e+00
1.307653867571964490e+01 1.368109421394562730e+01 0.000000000000000000e+00
-1.733900839992169196e+01 -7.602841863686761847e+00 0.000000000000000000e+00
-3.262440412495239528e+00 1.073682465403388164e+01 0.000000000000000000e+00
4.663725849703817872e+00 8.614077618512435919e+00 0.000000000000000000e+00
-1.158394538877888280e+01 7.134852304834493175e+00 0.000000000000000000e+00
-2.544740666251310568e+00 9.275841047991951527e+00 0.000000000000000000e+00
-1.369766078553538868e+01 1.721207059242569226e+00 0.000000000000000000e+00
-1.286190568243944732e+01 1.356959106521519764e+01 0.000000000000000000e+00
5.663895102656746339e+00 1.202102177521286031e+01 0.000000000000000000e+00
-8.578603462510494548e-01 1.017819975599817539e+01 0.000000000000000000e+00
-4.657932328666345434e+00 1.221347526369541114e+01 0.000000000000000000e+00
9.250013850778195934e-01 2.590708709600273885e+00 0.000000000000000000e+00
