6.070159202448592861e-01 1.064938859328322440e+00 0.000000000000000000e+00
1.245845676326207574e+01 -5.935415571064592832e+00 0.000000000000000000e+00
-1.648556695043813747e+00 -5.079729781886556772e+00 0.000000000000000000e+00
1.298601565353916598e+01 -2.774639585513750895e+00 0.000000000000000000e+00
7.377710880986987352e-01 -1.142719215057169890e+01 0.000000000000000000e+00
8.110094645592102580e+00 2.847931170477420171e-01 0.000000000000000000e+00
-3.178660988815420918e+00 -3.571749921771122160e+00 0.000000000000000000e+00
-3.067270848646839188e+00 9.114032845478396538e+00 0.000000000000000000e+00
1.156205254575518460e+01 -9.739896947505018332e+00 0.000000000000000000e+00
7.987789670331139291e+00 -5.610338443651466278e+00 0.000000000000000000e+00
-9.687926044620684962e+00 5.699185474536068163e+00 0.000000000000000000e+00
7.134926324867960190e+00 6.283671165925217572e+00 0.000000000000000000e+00
5.087595526625822151e-01 3.156932714810696705e+00 0.000000000000000000e+00
9.378267581645632234e+00 2.229343977958657241e+00 0.000000000000000000e+00
1.702866071063094466e+01 -2.550129861972585399e+00 0.000000000000000000e+00
1.814191542011853953e+00 6.214627002362781205e+00 0.000000000000000000e+00
-1.034605557980989410e+01 1.292925559564454474e+01 0.000000000000000000e+00
-8.826929757040112179e+00 1.429307454642367858e+00 0.000000000000000000e+00
2.203373682180707505e+00 1.361123993558667777e+01 0.000000000000000000e+00
-1.105366229013290358e+01 8.236200972757911742e+00 0.000000000000000000e+00
-1.211046389808797086e+00 2.465970179370848836e+00 0.000000000000000000e+00
7.625581519634039296e-01 1.683093807670477915e+01 0.000000000000000000e+00
2.729999063400817771e+00 1.586706314227271619e+01 0.000000000000000000e+00
-4.597791138733919425e+00 -1.032126479141234832e+01 0.000000000000000000e+00
-1.613272610476441216e+01 -1.375398529084422616e+00 0.000000000000000000e+00
-8.006016902558982240e-02 -1.013630636362816162e+01 0.000000000000000000e+00
-1.116074035100188944e+01 3.237380766163656109e-01 0.000000000000000000e+00
-1.297318780362717838e+01 -1.469856077499857250e+00 0.000000000000000000e+00
3.093196982258988204e+00 -8.634956873129818078e+00 0.000000000000000000e+00
-8.001848510469753428e-01 4.192355686471845644e+00 0.000000000000000000e+00
2.802909035566965579e-01 -4.864461398096529443e+00 0.000000000000000000e+00
6.157653367757347951e+00 4.408398314986990307e+00 0.000000000000000000e+00
-8.395651472001734561e+00 8.182098382279916038e+00 0.000000000000000000e+00
-1.151602049928877491e+01 -4.874381942756671471e+00 0.000000000000000000e+00
7.283866768002115855e+00 -1.462275659878904754e+01 0.000000000000000000e+00
1.190797130982804930e+01 -1.419324032593163754e+00 0.000000000000000000e+00
7.772863176343572711e+00 8.250804302100171128e+00 0.000000000000000000e+00
5.297198295632385090e+00 -3.949097312609104904e+00 0.000000000000000000e+00
1.447231537135118451e+01 8.623251330614302157e-01 0.000000000000000000e+00
-1.280107116353378238e+01 2.752196813637420192e+00 0.000000000000000000e+00
1.552368003824100207e+01 4.486922351855696434e+00 0.000000000000000000e+00
-1.647465871900747914e+01 5.857271489297859901e+00 0.000000000000000000e+00
3.965153862813027619e+00 1.704031219562761379e+01 0.000000000000000000e+00
-8.979856959241661940e+00 3.182289174545358090e+00 0.000000000000000000e+00
1.247748804554371915e+01 6.404996292598793772e+00 0.000000000000000000e+00
4.972664043612160079e+00 1.390710861256741637e+01 0.000000000000000000e+00
-1.136102151088143053e+01 -9.273439464027918078e+00 0.000000000000000000e+00
9.948570652264644210e+00 -5.377535606653301770e+00 0.000000000000000000e+00
4.171809743766585754e-01 1.496105219340738479e+01 0.000000000000000000e+00
-5.082838961722721649e+00 -1.479685024865164067e+01 0.000000000000000000e+00
2.881346579374719497e+00 -1.135939957441907389e+01 0.000000000000000000e+00
-4.197497158130219397e+00 5.645868035738317303e+00 0.000000000000000000e+00
-3.932756862449946489e+00 -5.616133210878448967e-01 0.000000000000000000e+00
-7.301192938331714899e+00 -1.031941241589760594e+01 0.000000000000000000e+00
-1.331561123027275917e+00 -1.145254422131793781e+01 0.000000000000000000e+00
5.932276654023463713e+00 -1.197001501768130005e+01 0.000000000000000000e+00
4.498140582683258781e-01 1.015862973024288607e+01 0.000000000000000000e+00
4.043242162427669761e+00 -1.554094026526859018e+01 0.000000000000000000e+00
7.289594874463318774e+00 -2.798480036942517568e+00 0.000000000000000000e+00
-1.056594907718909404e+01 -1.254300441281750089e+01 0.000000000000000000e+00
-1.034235634789089353e+01 -8.006238244923263636e+00 0.000000000000000000e+00
1.733580204707503070e+00 4.434005383030154235e+00 0.000000000000000000e+00
-9.187973487629256253e-01 -2.018394741849005136e+00 0.000000000000000000e+00
8.294894949326890199e+00 -1.312380420000451231e+01 0.000000000000000000e+00
1.460377758282957394e+01 -9.097500872825747820e+00 0.000000000000000000e+00
-1.824784117814558071e+00 1.094933109953453254e+01 0.000000000000000000e+00
-4.700049241191408100e+00 -6.379601661889045872e+00 0.000000000000000000e+00
-1.454229704928805766e+01 7.191372346958649908e-01 0.000000000000000000e+00
-6.075745227870064546e+00 1.061698158302059625e+01 0.000000000000000000e+00
-5.494439260761183164e+00 -4.826083713355573401e+00 0.000000000000000000e+00
8.700444740685943756e+00 1.368891692243008329e+01 0.000000000000000000e+00
7.897077808302086055e+00 -1.042858581530414064e+01 0.000000000000000000e+00
8.206034496469522210e+00 1.042431428822843031e+01 0.000000000000000000e+00
-1.488028212627734348e+01 -5.163294753927927694e+00 0.000000000000000000e+00
-4.416862189879548595e+00 1.238909829299110577e+01 0.000000000000000000e+00
-7.639971743661652104e-01 -1.530484032443694353e+01 0.000000000000000000e+00
1.194182304818718521e+01 1.204018650251866829e-01 0.000000000000000000e+00
-7.834516126861574392e+00 1.013248083944845135e+01 0.000000000000000000e+00
5.928461302045341386e-01 -1.974722133288288495e+00 0.000000000000000000e+00
-1.657523776262474868e+01 2.752175510158120897e+00 0.000000000000000000e+00
-1.439571193184537190e+00 6.974680045118977212e+00 0.000000000000000000e+00
1.190049300322171888e+01 -8.244203931270527974e+00 0.000000000000000000e+00
-3.215995526648807168e+00 1.635995442018946022e+01 0.000000000000000000e+00
-6.671559166280729869e+00 1.308657012431883615e+01 0.000000000000000000e+00
1.546277326045818867e+01 6.437094190233821678e+00 0.000000000000000000e+00
1.666018798094609821e+01 1.607454451049377953e-01 0.000000000000000000e+00
7.514674894602308974e+00 3.521720036065086212e+00 0.000000000000000000e+00
9.915032638420827382e+00 -9.559424851417147595e-01 0.000000000000000000e+00
1.526573829695154849e+01 -5.351949108808479849e+00 0.000000000000000000e+00
-5.421974116667718668e+00 9.065766825201876600e+00 0.000000000000000000e+00
-2.124988889679824411e-01 8.418384140290827489e+00 0.000000000000000000e+00
1.437165570884324950e+01 -3.920445668518217186e+00 0.000000000000000000e+00
-2.328841978474088581e+00 -9.674383930081104310e+00 0.000000000000000000e+00
-1.389082549921523402e+01 1.021730107681106325e+01 0.000000000000000000e+00
3.259988634108580197e+00 -4.810023569990716119e+00 0.000000000000000000e+00
-6.920280616397090689e+00 -1.282345512543609445e+01 0.000000000000000000e+00
-8.983921822809467272e+00 -2.031784444297401127e+00 0.000000000000000000e+00
-7.287195160649388548e+00 -3.568817689563319462e+00 0.000000000000000000e+00
-2.974592314983650176e+00 1.384655870377195797e+01 0.000000000000000000e+00
1.504811329197742431e+01 -6.850190422457179018e+00 0.000000000000000000e+00
-3.927401056289002934e+00 -1.333354363518254715e+01 0.000000000000000000e+00
-1.974149313496887048e+00 -1.722335588639207060e+01 0.000000000000000000e+00
1.212101197939056973e+01 2.657385125804997195e+00 0.000000000000000000e+00
-5.501995597194717647e+00 2.101971420524871625e+00 0.000000000000000000e+00
-8.925107438419640715e+00 -6.938400549986146082e+00 0.000000000000000000e+00
-7.309137888794662530e+00 6.400181070743180989e+00 0.000000000000000000e+00
-5.339939287022754222e+00 -7.786593832170825458e+00 0.000000000000000000e+00
7.810024390451530962e+00 1.242863172150027218e+01 0.000000000000000000e+00
9.438253760157442329e+00 -1.076384779066136765e+01 0.000000000000000000e+00
-1.430355766858478184e+01 7.355070162112546939e+00 0.000000000000000000e+00
-5.922739142504723553e+00 -2.310573253638931845e+00 0.000000000000000000e+00
1.095444092621929855e+01 1.065423510532529150e+01 0.000000000000000000e+00
3.350749854873969813e+00 1.262416336724700727e+01 0.000000000000000000e+00
3.661657515052775924e+00 7.795160714387028733e+00 0.000000000000000000e+00
9.286916110905522714e+00 -8.587613684179357776e+00 0.000000000000000000e+00
1.181625118267296948e+01 9.148974980284739544e+00 0.000000000000000000e+00
-3.356034890698844642e+00 -1.958335679458562684e+00 0.000000000000000000e+00
5.472701584268229169e+00 1.625530235224441356e+01 0.000000000000000000e+00
-3.879173014731775559e+00 7.413589759490129438e+00 0.000000000000000000e+00
1.908094821300492239e+00 1.153255606338277417e+01 0.000000000000000000e+00
4.821963106178301928e+00 4.512545251063939666e-01 0.000000000000000000e+00
8.510429280676154562e+00 5.586484112208636610e+00 0.000000000000000000e+00
1.986297058974483054e+00 -1.256488686120837350e+01 0.000000000000000000e+00
3.956463036222939156e+00 1.052789647605726842e+01 0.000000000000000000e+00
1.137208780023558496e+01 1.320630056397895302e+01 0.000000000000000000e+00
-3.822641153899179134e+00 2.744235784357477392e+00 0.000000000000000000e+00
-1.232959681764495130e+01 -7.501156204883732137e+00 0.000000000000000000e+00
1.317979480097372580e+01 1.119964021779602703e+01 0.000000000000000000e+00
4.179031483536252978e+00 -7.472125194907108359e+00 0.000000000000000000e+00
-5.734819656605677274e+00 7.054339804295338467e+00 0.000000000000000000e+00
1.030907939832642839e+01 -2.535831304682810039e+00 0.000000000000000000e+00
2.188560804085678324e+00 1.183803920547233268e+00 0.000000000000000000e+00
-6.650806409051999601e+00 4.140058581829091366e+00 0.000000000000000000e+00
-2.368574500005024230e+00 -1.512547470327861099e+01 0.000000000000000000e+00
1.504768815490959000e+01 8.834859001590983141e+00 0.000000000000000000e+00
9.825685417357945539e+00 7.490952174054313240e+00 0.000000000000000000e+00
-7.902552878092265587e+00 1.429901766221438919e+01 0.000000000000000000e+00
-5.253351878878047998e+00 1.513684533483307781e+01 0.000000000000000000e+00
7.246128110282238133e+00 -8.534830667881925237e+00 0.000000000000000000e+00
-2.378584859381037031e+00 -7.269670971167878637e-01 0.000000000000000000e+00
3.158278749747606695e-01 -8.015853004271113136e+00 0.000000000000000000e+00
-7.873323147002708744e-01 1.213218822825707655e+01 0.000000000000000000e+00
-1.354110002741671703e+00 1.683924060594711491e+01 0.000000000000000000e+00
-3.625545029677946562e+00 1.066345419015541474e+01 0.000000000000000000e+00
-9.335697698293069280e+00 1.056619242903153477e+01 0.000000000000000000e+00
-1.181573780674669472e+01 9.665573639718088472e+00 0.000000000000000000e+00
-9.140197395220146959e+00 -1.325352084576516987e+01 0.000000000000000000e+00
-3.540340203317790646e+00 1.145489214226343089e+00 0.000000000000000000e+00
1.609709491253375901e+01 2.116458939447371179e+00 0.000000000000000000e+00
1.986415875119590391e+00 -7.381369443903395222e+00 0.000000000000000000e+00
1.525333503222660925e+00 -5.893916023586469599e+00 0.000000000000000000e+00
-1.324616419431651870e+01 -3.669963314521140330e+00 0.000000000000000000e+00
-2.946681045318609637e+00 4.608941533376089694e+00 0.000000000000000000e+00
8.251269659610803719e-01 -1.667802352459792914e+01 0.000000000000000000e+00
-1.206698039876879136e+01 5.842461482468698897e+00 0.000000000000000000e+00
5.858743690961371264e+00 -1.806730495549339732e+00 0.000000000000000000e+00
1.398574036333033632e+01 4.398713697698355851e+00 0.000000000000000000e+00
4.019100775800737324e+00 -1.277331646568421597e+01 0.000000000000000000e+00
-1.322343833085344045e+01 4.551964383212267151e+00 0.000000000000000000e+00
4.738311826850986286e+00 -5.441093392859906785e+00 0.000000000000000000e+00
-7.463977460425248900e+00 -5.826055278533734949e+00 0.000000000000000000e+00
-1.074296478792418341e+01 -6.364776964319135644e+00 0.000000000000000000e+00
-1.389044313523495511e+01 -1.062104219913539360e+01 0.000000000000000000e+00
1.021321067837846108e+01 -1.266148947320886364e+01 0.000000000000000000e+00
3.398167745667640904e+00 3.526395769917606504e+00 0.000000000000000000e+00
1.109407001569952556e+01 4.889998863569542387e+00 0.000000000000000000e+00
-7.180738521325828572e+00 1.748575607134036369e+00 0.000000000000000000e+00
-9.956678320182751341e-01 -1.304442187581467394e+01 0.000000000000000000e+00
9.815400167314846769e+00 1.230643452985687247e+01 0.000000000000000000e+00
5.668264492434543556e+00 -7.665326050711665395e+00 0.000000000000000000e+00
1.332437205565146776e+01 9.475029493907355160e+00 0.000000000000000000e+00
3.310185193146368832e+00 -1.710021108012499269e+01 0.000000000000000000e+00
-1.215935174763497351e+01 -1.216830331554040612e+01 0.000000000000000000e+00
-2.667067064138179955e+00 -6.781206721290226724e+00 0.000000000000000000e+00
9.520707004537506180e+00 3.794999777525328799e+00 0.000000000000000000e+00
6.728222222561965005e+00 -1.609612669447226097e+01 0.000000000000000000e+00
-1.706998206810277097e+01 9.077372122788704423e-02 0.000000000000000000e+00
8.459411683591810061e+00 -7.193896312321703235e+00 0.000000000000000000e+00
-6.170042797007035951e+00 5.295642825081255944e-01 0.000000000000000000e+00
-6.656188366974260084e+00 -1.489293658711568114e+01 0.000000000000000000e+00
4.945424166530170695e-01 -1.382510003800938314e+01 0.000000000000000000e+00
-3.183912009630291529e+00 -5.192836523804674087e+00 0.000000000000000000e+00
3.512868854663552476e+00 -2.660835415930739245e+00 0.000000000000000000e+00
1.518814824681936493e+01 -9.435408207863228425e-01 0.000000000000000000e+00
6.673429884367513942e+00 1.441256560670453268e+01 0.000000000000000000e+00
-8.613985333696779989e+00 -1.157543121249215545e+01 0.000000000000000000e+00
1.351920917156515412e+00 -3.367931491750217443e+00 0.000000000000000000e+00
-1.106593564597194579e+01 -1.505590255629921659e+00 0.000000000000000000e+00
-1.095740725711988262e+01 1.119097682481964284e+01 0.000000000000000000e+00
-8.016872905212387934e+00 -2.004414163817528904e-01 0.000000000000000000e+00
-1.661503648335533612e+01 -3.770405633495020670e+00 0.000000000000000000e+00
5.199539133350280729e+00 -1.018872627429279554e+01 0.000000000000000000e+00
-1.592603931820161733e+01 -7.017536138759286501e+00 0.000000000000000000e+00
-7.473454233854114115e+00 -7.604891760346593976e+00 0.000000000000000000e+00
6.131494410492020819e+00 -6.183567104652500923e+00 0.000000000000000000e+00
1.364160932842094809e+01 -9.334285506085984174e-01 0.000000000000000000e+00
1.550499036520334606e+00 8.940468166792935989e+00 0.000000000000000000e+00
-1.398771220596966458e+01 -8.205041351840364428e+00 0.000000000000000000e+00
7.833102629318242194e+00 1.990132092906314876e+00 0.000000000000000000e+00
1.278551198000282518e+01 -1.130957646373739678e+01 0.000000000000000000e+00
-1.476341263669435300e+01 5.619895413364303316e+00 0.000000000000000000e+00
-9.473794872523598087e+00 -4.848938342067589780e+00 0.000000000000000000e+00
-1.393421761229382216e+00 9.400342836878532893e+00 0.000000000000000000e+00
5.810671414687251790e+00 1.673176964778248177e+00 0.000000000000000000e+00
-5.754733608057350125e+00 -1.173203935242390372e+01 0.000000000000000000e+00
5.756217045606398131e+00 1.009390807681729818e+01 0.000000000000000000e+00
-1.350401686493927667e+00 1.441546585148282134e+01 0.000000000000000000e+00
-1.114950787534710130e+01 2.999486158461228236e+00 0.000000000000000000e+00
2.658271986427064526e+00 -1.467533601250795883e+01 0.000000000000000000e+00
4.128199264222219611e+00 6.130595600721954419e+00 0.000000000000000000e+00
1.173771291100578296e+01 -4.331188334006172980e+00 0.000000000000000000e+00
1.435527570960252142e+01 2.521795201413934873e+00 0.000000000000000000e+00
5.582682786200600766e+00 7.426796686927475299e+00 0.000000000000000000e+00
3.257958877910121398e+00 -1.159127928005854402e+00 0.000000000000000000e+00
1.643862028417527910e+01 -3.970096894728823322e+00 0.000000000000000000e+00
-1.612027817299444266e+01 4.235464923293607242e+00 0.000000000000000000e+00
-8.532394790366192083e+00 -9.428974224945790183e+00 0.000000000000000000e+00
1.109714865097820535e+01 -1.123673168109820431e+01 0.000000000000000000e+00
-2.638114929291460964e+00 -1.239494910530070015e+01 0.000000000000000000e+00
-8.935105257001183077e+00 1.212441319987632049e+01 0.000000000000000000e+00
-9.899803252062199022e+00 -1.040449017417360444e+01 0.000000000000000000e+00
-1.467727498575635536e+01 -1.885407804828808098e+00 0.000000000000000000e+00
-1.300783840842600370e+01 1.170037288422937083e+00 0.000000000000000000e+00
-1.282098549844316970e+01 8.061269586790675845e+00 0.000000000000000000e+00
1.396275146454268867e+00 -3.245177335251406281e-01 0.000000000000000000e+00
1.497497404504415819e+01 -2.537523983669843552e+00 0.000000000000000000e+00
5.072684607605757456e+00 -1.434001176844852488e+01 0.000000000000000000e+00
-6.967283785605111746e+00 1.555025228667347470e+01 0.000000000000000000e+00
-9.159589571649878748e-01 3.824437091579248049e-01 0.000000000000000000e+00
-1.732915781717062487e+01 -2.346493952397308735e+00 0.000000000000000000e+00
8.831578838270857545e+00 -3.646662060578396147e+00 0.000000000000000000e+00
-9.863409169111580610e+00 1.442140813885008654e+01 0.000000000000000000e+00
1.514518367295885071e+00 -9.161526672439491037e+00 0.000000000000000000e+00
8.995469672477927503e+00 -1.489279630271290600e+01 0.000000000000000000e+00
9.715938873354392769e+00 9.259741142248840262e+00 0.000000000000000000e+00
7.894405511778519902e+00 1.530892142100262454e+01 0.000000000000000000e+00
-1.286666076702497108e+01 -5.658622511651594245e+00 0.000000000000000000e+00
-1.017042990746242204e+01 -3.078241835061584553e+00 0.000000000000000000e+00
-2.581454695099731911e-01 -3.389713605976378830e+00 0.000000000000000000e+00
-1.247574217599140667e+01 1.193195411815169749e+01 0.000000000000000000e+00
-8.264580845696761102e+00 5.058250861550818378e+00 0.000000000000000000e+00
-5.390039466010573932e+00 -1.630078579831824825e+01 0.000000000000000000e+00
5.444516379822291974e+00 1.245135855835698990e+01 0.000000000000000000e+00
1.053755762803718277e+01 -7.332700869017658718e+00 0.000000000000000000e+00
-1.492038641954174949e+01 2.484762732342111313e+00 0.000000000000000000e+00
-9.480684621304878990e-01 -6.731905427512154816e+00 0.000000000000000000e+00
7.046959526033749199e+00 -4.322477091211191613e+00 0.000000000000000000e+00
4.612836405823874664e-01 1.346130197235599191e+01 0.000000000000000000e+00
-9.725445243637725667e+00 -1.249078057465703023e-01 0.000000000000000000e+00
8.392756983154779249e+00 -1.434412560900387712e+00 0.000000000000000000e+00
4.655495159773077596e+00 4.652801516976742491e+00 0.000000000000000000e+00
-3.861302692400367498e+00 -1.591871592371723843e+01 0.000000000000000000e+00
-9.081467213193253230e+00 -1.486085178833451614e+01 0.000000000000000000e+00
-3.800320086709363832e+00 -8.787780489684251961e+00 0.000000000000000000e+00
-1.439739645894286468e+01 -6.687571272160761637e+00 0.000000000000000000e+00
-6.870823501450392001e+00 8.651902447158457576e+00 0.000000000000000000e+00
