-5.686469404672137351e+00 -2.927377319216067253e+00 0.000000000000000000e+00
-1.585689889161762522e+01 -7.563731149442790347e+00 0.000000000000000000e+00
1.552703992845943937e+01 -6.545413141724421457e+00 0.000000000000000000e+00
-2.799079660222261623e+00 -1.431501691639516238e+01 0.000000000000000000e+00
-1.167698538486120796e+01 8.907859285606383182e+00 0.000000000000000000e+00
-2.352207309911132249e+00 -2.924980479351169560e+00 0.000000000000000000e+00
2.319100778008720720e+00 -1.451861183937966793e+01 0.000000000000000000e+00
1.642816612668734777e+01 -9.253004567747595388e+00 0.000000000000000000e+00
-2.899006490034951256e+00 -1.171945466259791679e+01 0.000000000000000000e+00
-9.014459297605307952e+00 1.634378259826781488e+01 0.000000000000000000e+00
-7.382605555047897283e+00 3.139027722407837562e+00 0.000000000000000000e+00
5.401600362282850121e+00 -7.954579635679790428e-01 0.000000000000000000e+00
-1.575110337497520874e+01 -2.923331766407431420e+00 0.000000000000000000e+00
1.686593656800463492e+01 2.378307540998152003e+00 0.000000000000000000e+00
-8.855469271115911312e+00 7.979277411735583136e+00 0.000000000000000000e+00
-7.950597625698527238e-02 -1.833438168681083269e+01 0.000000000000000000e+00
-6.028865304032478001e+00 1.336875908492640797e+01 0.000000000000000000e+00
-4.310128791809096249e+00 -1.445716109731196575e+01 0.000000000000000000e+00
4.884044032699698112e-01 1.166661486779847401e+01 0.000000000000000000e+00
-4.518595779525322875e+00 7.412521041423548951e+00 0.000000000000000000e+00
8.484686886004062956e+00 8.100478558569244925e+00 0.000000000000000000e+00
-8.268374792811080454e+00 1.157997003168096661e+01 0.000000000000000000e+00
-1.426809463265672484e+01 -7.314106626882953321e+00 0.000000000000000000e+00
-4.030931369305859491e+00 -1.699054030278339766e+01 0.000000000000000000e+00
1.295811359931112428e+01 5.904892971221917364e+00 0.000000000000000000e+00
-1.947657119997630693e+00 -8.630613234831113090e+00 0.000000000000000000e+00
-2.545326957618423425e+00 1.257230303603051169e+01 0.000000000000000000e+00
2.318965946445163961e+00 -1.034458673436598630e+01 0.000000000000000000e+00
-1.192924772526328780e+00 1.836565640840188252e+01 0.000000000000000000e+00
-1.011842871936410049e+01 -3.256959345188232824e+00 0.000000000000000000e+00
1.277596031276057609e+01 -7.179729479050283025e+00 0.000000000000000000e+00
-5.749023666489266660e+00 -1.554076258747503303e+01 0.000000000000000000e+00
-4.673310687262834939e+00 3.819609790725712273e+00 0.000000000000000000e+00
4.950158133489293455e+00 1.614441753898310949e+01 0.000000000000000000e+00
-1.090978110248612509e+01 -7.286921733539825752e+00 0.000000000000000000e+00
-1.816164670079720622e+01 2.184136212875453342e+00 0.000000000000000000e+00
-1.090319583493174527e+01 -5.352495639595124644e+00 0.000000000000000000e+00
9.321729828706022403e+00 -9.217186837875482652e+00 0.000000000000000000e+00
2.197539162212612585e+00 1.023224349316913440e+01 0.000000000000000000e+00
1.475106193827613943e+01 1.027880309766973177e+01 0.000000000000000000e+00
6.113243112893993469e+00 -1.687299294358408019e+01 0.000000000000000000e+00
3.926175376847553800e+00 6.905527460093100700e+00 0.000000000000000000e+00
9.252919759056586813e+00 -1.639576256967578161e+01 0.000000000000000000e+00
5.595583737279483216e+00 8.607004556821619801e+00 0.000000000000000000e+00
1.173433012584223079e+01 -1.050698408934574424e+01 0.000000000000000000e+00
1.382141907375132028e+01 -3.698331741378659832e-01 0.000000000000000000e+00
6.996848924696433825e-01 -1.020613103724536508e+01 0.000000000000000000e+00
7.293058445517732302e+00 -9.667740006050433266e+00 0.000000000000000000e+00
-4.835156892070225254e+00 -7.030666126113335856e+00 0.000000000000000000e+00
-1.808016899240672437e+00 -6.555527013834860917e+00 0.000000000000000000e+00
6.435654000780918871e+00 1.027863342342893915e+01 0.000000000000000000e+00
8.521372234348891794e+00 -3.093490618030092509e+00 0.000000000000000000e+00
1.077066680592064785e+01 8.808191568998147147e+00 0.000000000000000000e+00
1.773950512231115439e+01 -5.913530106595935365e+00 0.000000000000000000e+00
1.054158680381971003e+01 4.106390102177298829e+00 0.000000000000000000e+00
-1.308518766277169654e+01 -1.083943470397588804e+01 0.000000000000000000e+00
7.971821779916267836e+00 -6.373813099560411644e+00 0.000000000000000000e+00
-9.178218743429860993e+00 4.116456773373423417e+00 0.000000000000000000e+00
-1.472566024479910318e+01 4.040049549458902156e+00 0.000000000000000000e+00
-8.971178781294627314e+00 -7.453828776091455666e+00 0.000000000000000000e+00
-4.055214395636528302e+00 1.271054269344483245e+01 0.000000000000000000e+00
-1.427391162548142578e+00 -2.731910256091720779e-01 0.000000000000000000e+00
6.791290187415778945e+00 5.413321547514934551e+00 0.000000000000000000e+00
1.101545266704101911e+00 3.350979330464785466e+00 0.000000000000000000e+00
-1.627263767204286538e+01 -9.469608711743305207e+00 0.000000000000000000e+00
1.008718747616024913e+01 1.029550919108823770e+01 0.000000000000000000e+00
5.071548241427873194e+00 1.427318016651836352e+01 0.000000000000000000e+00
5.183767594901877551e+00 -1.209560312716705610e+01 0.000000000000000000e+00
9.429550138991803721e+00 1.185021855782175315e+01 0.000000000000000000e+00
-1.091448255889476249e+00 4.668464378330457798e+00 0.000000000000000000e+00
-1.589176827390411617e+01 6.388348366300523828e+00 0.000000000000000000e+00
-6.779420858764466651e+00 1.205373341976102530e+01 0.000000000000000000e+00
4.426381988249852739e+00 -8.889790648365941905e+00 0.000000000000000000e+00
-1.678737137974271576e+01 7.664664333681820096e+00 0.000000000000000000e+00
5.877374783501901900e-01 -1.868364212853976802e+00 0.000000000000000000e+00
1.055869627214705808e+01 -4.267544013393011149e+00 0.000000000000000000e+00
-7.858720410457365801e+00 -1.456483154035625738e+01 0.000000000000000000e+00
-6.882757668691742436e-01 9.445103948437862940e+00 0.000000000000000000e+00
-3.147279604495967220e+00 1.658476585895787991e+01 0.000000000000000000e+00
-1.246761430474806254e+01 7.022954024593157207e+00 0.000000000000000000e+00
4.747693157644655493e+00 5.639656754752933487e+00 0.000000000000000000e+00
3.159593705140466557e+00 1.189430745657630162e+01 0.000000000000000000e+00
-5.670994331406873812e+00 1.652887023560456825e+01 0.000000000000000000e+00
1.213843599741004908e+01 4.277987320097150992e+00 0.000000000000000000e+00
1.701593718877302308e+01 5.747333166036143304e+00 0.000000000000000000e+00
-1.046870017421488797e+01 5.413905061568073052e+00 0.000000000000000000e+00
-5.487094144589243605e+00 1.632644243605138046e+00 0.000000000000000000e+00
1.187992653899685891e+01 7.034536538408890038e+00 0.000000000000000000e+00
-6.926008570972991052e+00 -1.226299350334803684e+01 0.000000000000000000e+00
-7.761529427324410924e-02 -8.557252051498180023e+00 0.000000000000000000e+00
8.352575666342533012e+00 5.068617568069551105e+00 0.000000000000000000e+00
-5.310046208225320363e+00 -1.105312999076176617e+01 0.000000000000000000e+00
-1.243891647673923018e+01 7.668358503208484722e-02 0.000000000000000000e+00
1.709218273409877398e+01 3.866447821408786734e+00 0.000000000000000000e+00
-9.879146278273761794e+00 2.063705061231554172e+00 0.000000000000000000e+00
-1.315902238414666492e+01 1.112560288108047502e+01 0.000000000000000000e+00
6.086206076586957003e+00 -1.457755736750755382e+01 0.000000000000000000e+00
-2.120445953912064585e+00 1.928209014897430240e+00 0.000000000000000000e+00
3.131171318270156601e+00 5.563189297432349356e-01 0.000000000000000000e+00
3.191777002143445507e+00 5.336364162940330225e+00 0.000000000000000000e+00
4.611988622607635868e+00 -1.701112889990141497e+01 0.000000000000000000e+00
1.267962196671632569e+01 -8.788162372808093536e+00 0.000000000000000000e+00
1.443725698079225417e+01 5.048026718199640328e+00 0.000000000000000000e+00
-1.074435651343453202e+01 -6.159830406507391665e-01 0.000000000000000000e+00
1.739163508833628802e+00 1.889064883597696110e+01 0.000000000000000000e+00
6.375404409476764789e-01 6.446793532062743637e+00 0.000000000000000000e+00
-6.338758667257375023e+00 7.821141420230333985e+00 0.000000000000000000e+00
-1.380749866036853390e+01 -8.902041397450515703e+00 0.000000000000000000e+00
-2.599019765726631626e+00 1.505003743257183757e+01 0.000000000000000000e+00
3.289643258392145775e+00 -1.320150071687725379e+01 0.000000000000000000e+00
-1.060866271231130931e+01 -1.385247105603275308e+01 0.000000000000000000e+00
-1.755576094545593691e+01 4.861849987940775719e+00 0.000000000000000000e+00
1.127863981222592038e+01 -1.516273964187083045e+00 0.000000000000000000e+00
-1.369708151007620600e+01 -1.294588851166526311e+01 0.000000000000000000e+00
1.675713078298826764e+00 -1.706923320128954558e+01 0.000000000000000000e+00
-4.824915511990456984e+00 -3.735743949439416789e-01 0.000000000000000000e+00
-1.606205561824036954e+00 -1.534353940291465079e+01 0.000000000000000000e+00
1.755518715056953782e+00 -6.943202890060141463e+00 0.000000000000000000e+00
-1.553820447878939071e+01 2.612136595675097483e-01 0.000000000000000000e+00
4.172585421900910085e-01 1.611531716473666265e+01 0.000000000000000000e+00
9.427724917068822208e+00 -5.981018419749922543e+00 0.000000000000000000e+00
-1.467476500649439330e+01 -4.556459331504781218e+00 0.000000000000000000e+00
1.237376833607482318e+01 1.126204241201560485e+01 0.000000000000000000e+00
5.455279043841886555e+00 -7.086623499989052277e+00 0.000000000000000000e+00
1.808298048086085785e+01 3.822236838009450133e-01 0.000000000000000000e+00
1.192714384915415238e+01 1.047152760522066739e+00 0.000000000000000000e+00
-4.064951075285243576e-01 1.462910241186693305e+01 0.000000000000000000e+00
1.042537489336070955e+01 6.220747555589531075e+00 0.000000000000000000e+00
-1.274925150850801181e+01 1.645953496808642447e+00 0.000000000000000000e+00
-1.293823054412127860e+01 -1.759204372490159152e+00 0.000000000000000000e+00
5.505769981050971040e+00 1.364646073701103246e+00 0.000000000000000000e+00
6.043900653235714238e+00 1.737119077252827992e+01 0.000000000000000000e+00
-1.341873117442320051e+01 1.282939558195075058e+01 0.000000000000000000e+00
-1.540870197715829981e+01 1.067512913647760442e+01 0.000000000000000000e+00
2.689794657564847036e+00 -1.180015215932207440e+01 0.000000000000000000e+00
3.037697782994581708e+00 1.563626657244610918e+01 0.000000000000000000e+00
9.326617767505631207e+00 -7.509571387813316790e+00 0.000000000000000000e+00
1.113210126794391641e+01 -7.197564032573352755e+00 0.000000000000000000e+00
-8.640439723739859801e+00 -8.625676825735697495e-01 0.000000000000000000e+00
1.222539227573671639e+01 -5.475215889961941862e+00 0.000000000000000000e+00
-7.930878760392915616e+00 1.498265698471190888e+01 0.000000000000000000e+00
-7.627845463909713963e+00 -8.531417962249093989e+00 0.000000000000000000e+00
-7.435259847477185824e-01 1.258966479265694538e+01 0.000000000000000000e+00
1.235032730692624980e+00 1.553884702919061001e+00 0.000000000000000000e+00
6.071072907179146938e+00 3.051847602035753226e+00 0.000000000000000000e+00
-1.336803054131494228e+01 -3.728657770496211388e+00 0.000000000000000000e+00
-8.397508694360505288e+00 -5.106637266982392731e+00 0.000000000000000000e+00
5.570617833282355269e-01 -5.064376820319144379e+00 0.000000000000000000e+00
8.881359353546734781e+00 1.664539106690864356e+00 0.000000000000000000e+00
-1.825986283415634048e+01 -2.292117422092614376e+00 0.000000000000000000e+00
1.587637665227455130e+01 -4.305522713916094979e+00 0.000000000000000000e+00
-1.889459523013039899e+01 3.241571387739226595e-01 0.000000000000000000e+00
-1.179530150908745867e+01 -3.743682159534035492e+00 0.000000000000000000e+00
-1.763881573253712176e+01 -8.102153181213288535e-01 0.000000000000000000e+00
-1.288720546728372618e+01 3.743095586484658455e+00 0.000000000000000000e+00
1.606591328604904945e+01 6.504181272962632487e-01 0.000000000000000000e+00
1.021900168203355008e+01 -9.092905243279263139e-02 0.000000000000000000e+00
1.050234742067986815e+01 1.396844749163246036e+01 0.000000000000000000e+00
4.429535219277440095e-01 4.698924138336013634e+00 0.000000000000000000e+00
1.241366742129090817e+01 -3.790455387845545143e+00 0.000000000000000000e+00
7.285334379717586906e+00 -1.173472745452912847e+01 0.000000000000000000e+00
4.909947008271898228e-01 -1.210212753873000580e+01 0.000000000000000000e+00
1.452281964283901416e+01 -1.066098847936394378e+01 0.000000000000000000e+00
-6.703107431375474157e+00 -5.682300948121315365e+00 0.000000000000000000e+00
-1.053199855991283052e+01 -1.535335734206056735e+01 0.000000000000000000e+00
4.354575512780931135e+00 -1.044612760319863654e+01 0.000000000000000000e+00
-3.270329662375193180e+00 5.335745465810227683e-01 0.000000000000000000e+00
-1.457506370855947431e+01 8.742761004808730974e+00 0.000000000000000000e+00
7.946596405689987819e+00 1.656857348130754204e+01 0.000000000000000000e+00
-4.202401022639735473e+00 -2.212860899242710122e+00 0.000000000000000000e+00
3.561492582215646241e+00 -2.848619308992531352e+00 0.000000000000000000e+00
1.680124595747050620e+01 -7.752448915954864184e+00 0.000000000000000000e+00
-9.743410963800734237e+00 -1.202391910815825504e+01 0.000000000000000000e+00
-7.366247857561900148e+00 -2.995790094696573647e+00 0.000000000000000000e+00
-8.340227523688473754e-01 -9.915590941117995882e+00 0.000000000000000000e+00
1.200449783241863244e+01 1.434773155543000378e+01 0.000000000000000000e+00
-1.152068556808568900e+01 -9.234342960946788637e+00 0.000000000000000000e+00
3.572772542941546892e+00 1.852935443614035194e+01 0.000000000000000000e+00
5.775711026352968958e+00 -4.559936731348466665e+00 0.000000000000000000e+00
1.578855984783932520e+01 8.281464859683488555e+00 0.000000000000000000e+00
1.354234477965453998e+01 8.045855859666485088e+00 0.000000000000000000e+00
6.564492003888293681e+00 7.098528688394516450e+00 0.000000000000000000e+00
-4.542252865835328279e+00 1.078840239946445934e+01 0.000000000000000000e+00
2.132145497409982493e+00 8.632990513802644372e+00 0.000000000000000000e+00
6.784935847977521028e+00 -2.118347985690605562e+00 0.000000000000000000e+00
-1.067306937021810898e+00 -1.284311263439616191e+01 0.000000000000000000e+00
2.718559830059837701e+00 2.800827594691202016e+00 0.000000000000000000e+00
1.275450848163473161e+01 -1.197712637219824217e+01 0.000000000000000000e+00
-9.641197078198619153e+00 1.082166976499878075e+01 0.000000000000000000e+00
-1.101246422992613816e+01 1.296360652025324001e+01 0.000000000000000000e+00
-8.244091873388848413e+00 -1.033160565213054127e+01 0.000000000000000000e+00
-6.791798334655903879e+00 -1.474589632504943237e+00 0.000000000000000000e+00
8.967847341032681996e+00 1.329968650565002086e+01 0.000000000000000000e+00
-2.025341680084626617e-01 -1.460029576501865556e+01 0.000000000000000000e+00
1.603810533037168540e+01 -1.736884161103358970e+00 0.000000000000000000e+00
-1.545556946410642851e+01 2.482774527563421874e+00 0.000000000000000000e+00
8.953341936301203674e+00 -1.079325179377674182e+01 0.000000000000000000e+00
-1.316597096651959475e+01 -5.639547626200121400e+00 0.000000000000000000e+00
4.746338812185783240e+00 1.238363322954693757e+01 0.000000000000000000e+00
-2.481851992500057058e+00 -1.360892525874350945e+00 0.000000000000000000e+00
-2.826109954764580046e+00 4.904184878064739017e+00 0.000000000000000000e+00
-1.660479852389279642e+01 -5.221226768456347145e+00 0.000000000000000000e+00
-1.801048397712711946e+01 -4.498916044402918146e+00 0.000000000000000000e+00
-5.286817520260734149e+00 5.700816464476195833e+00 0.000000000000000000e+00
1.042106816669217650e+01 -1.162993760717510483e+01 0.000000000000000000e+00
-2.535598619623396388e+00 -1.866819394017226941e+01 0.000000000000000000e+00
-7.882891418623183988e+00 6.809303375804074854e+00 0.000000000000000000e+00
8.950388303378962185e-01 -9.895005263940349904e-02 0.000000000000000000e+00
1.531757808574415058e+01 2.630404953931710477e+00 0.000000000000000000e+00
-5.321311462563604877e+00 1.473730595415452882e+01 0.000000000000000000e+00
-3.154802344035044559e+00 1.863051841024139321e+01 0.000000000000000000e+00
4.461529351191744652e+00 -5.585030512710856598e+00 0.000000000000000000e+00
2.788953658727085561e+00 -5.205017464545368178e+00 0.000000000000000000e+00
-7.757589741696222951e+00 9.368656669308448315e+00 0.000000000000000000e+00
9.711292261511674795e+00 -1.321897511663517477e+01 0.000000000000000000e+00
1.454345172815090770e+01 -8.514526131728088032e+00 0.000000000000000000e+00
3.706554799440352710e+00 -7.140815228813706561e+00 0.000000000000000000e+00
4.705369875601834728e+00 3.744414621035813795e+00 0.000000000000000000e+00
-1.970361354262572418e+00 6.143427007268170037e+00 0.000000000000000000e+00
7.379369472089854831e+00 1.373439497806360698e+01 0.000000000000000000e+00
1.453023365253078580e+01 1.346668403536270819e+00 0.000000000000000000e+00
-1.163821056592324865e+01 -1.232505340777112401e+01 0.000000000000000000e+00
-2.886767586718562928e+00 8.585808940537663858e+00 0.000000000000000000e+00
5.109610781629862153e+00 -2.494678846733660915e+00 0.000000000000000000e+00
1.781421731253522722e+01 -3.833293280354106880e+00 0.000000000000000000e+00
-1.567919526266834396e+01 -1.350712220830856847e+00 0.000000000000000000e+00
-1.462089154534961821e+01 -1.116001536187122412e+01 0.000000000000000000e+00
-1.624818469786988118e+01 9.235830638714771723e+00 0.000000000000000000e+00
-2.473590215942354398e+00 3.443745184042384277e+00 0.000000000000000000e+00
-3.334614880725001118e+00 -7.217909515019905520e+00 0.000000000000000000e+00
4.313192461205327177e+00 1.079715781366841121e+01 0.000000000000000000e+00
7.623060594535604473e+00 -6.294874616211287854e-02 0.000000000000000000e+00
1.260187016176725727e+01 9.647972860868952338e+00 0.000000000000000000e+00
-4.514727963916664422e+00 -8.986235003101095131e+00 0.000000000000000000e+00
2.218123308830306062e+00 -1.822973062955699719e+00 0.000000000000000000e+00
1.895161789763530225e+00 1.328789195570812787e+01 0.000000000000000000e+00
1.401468783016063391e+01 -5.360046098462988517e+00 0.000000000000000000e+00
-1.153226404992282106e+01 1.089033433430546438e+01 0.000000000000000000e+00
8.219748864129751809e+00 3.391557408988973066e+00 0.000000000000000000e+00
4.127586246215098065e+00 -1.467608521128923371e+01 0.000000000000000000e+00
1.356188914554431157e+01 1.226434619238544244e+01 0.000000000000000000e+00
-5.810584908604310428e+00 -1.327180258489152820e+01 0.000000000000000000e+00
-2.429152870118916674e+00 1.008065145296079912e+01 0.000000000000000000e+00
-1.098497636125967425e+01 1.510272679695254539e+01 0.000000000000000000e+00
1.244012236465160903e+01 -1.378450652088095119e+01 0.000000000000000000e+00
8.490579207137551876e+00 1.012882923481297048e+01 0.000000000000000000e+00
-1.316665871248954822e+01 5.528740905427913077e+00 0.000000000000000000e+00
-8.365660163476576372e+00 -1.670655916528759022e+01 0.000000000000000000e+00
3.856926500508626177e+00 9.109601366604886508e+00 0.000000000000000000e+00
-6.806079183656154719e+00 -1.738713723362652175e+01 0.000000000000000000e+00
2.853326493934319474e-01 -1.639151340335105544e+01 0.000000000000000000e+00
1.532341787938905142e+01 6.671234801549058346e+00 0.000000000000000000e+00
-1.517513054779829007e+00 -4.793272819502563564e+00 0.000000000000000000e+00
-3.725773879840347469e+00 -5.328524316955037143e+00 0.000000000000000000e+00
-4.624298439335917443e+00 1.782535080574178110e+01 0.000000000000000000e+00
-1.203767140873227248e+01 -1.468728836367135493e+01 0.000000000000000000e+00
