-1.120882150473676298e+01 -1.089306860667496757e+01 0.000000000000000000e+00
-4.542562885151977703e+00 1.042683781399519738e+01 0.000000000000000000e+00
3.285527193806088597e+00 3.727870224734365134e+00 0.000000000000000000e+00
-2.678333836985300920e+00 8.581057324085190174e+00 0.000000000000000000e+00
-7.834347841581744021e+00 -7.829213586537078662e+00 0.000000000000000000e+00
6.135954220526985026e+00 6.600665640658652578e+00 0.000000000000000000e+00
-1.323085871399076652e+01 -4.231950317659770811e+00 0.000000000000000000e+00
9.241280132327599262e+00 -1.300705434514103054e+01 0.000000000000000000e+00
-6.700585622258114604e+00 1.599744662291332453e+01 0.000000000000000000e+00
-9.711491372749373241e+00 8.265468855838781437e+00 0.000000000000000000e+00
6.606382760268689758e+00 1.518915953509486982e+01 0.000000000000000000e+00
-8.269670717552013883e+00 5.248244785932847378e+00 0.000000000000000000e+00
1.929273752539510722e+00 1.189318944679627599e+01 0.000000000000000000e+00
-1.645772192230726905e+00 -9.316283261571214780e+00 0.000000000000000000e+00
-6.399985681293002271e-01 -6.718914410106408219e+00 0.000000000000000000e+00
-8.754313608561547611e+00 1.121306116992193047e+01 0.000000000000000000e+00
-4.881401875439373761e+00 1.635937129377369814e+01 0.000000000000000000e+00
4.120999875193606776e+00 2.119378470116413116e+00 0.000000000000000000e+00
-1.446118435282256698e+01 7.388620100028695070e+00 0.000000000000000000e+00
6.428451101550219704e+00 -8.695878843319219342e+00 0.000000000000000000e+00
7.465959781896509107e+00 3.467246232142842999e+00 0.000000000000000000e+00
1.107334196684895211e+01 -1.099789198939553891e+01 0.000000000000000000e+00
5.273354027308332803e+00 -1.201971637798355630e+01 0.000000000000000000e+00
2.965771020635154187e+00 -7.147888502584320847e+00 0.000000000000000000e+00
-2.107941112351975621e-01 8.446787640110665407e+00 0.000000000000000000e+00
1.609618285703143670e+01 -9.742857206921861080e-01 0.000000000000000000e+00
-1.318028859163827349e+01 -9.241537227141195521e-01 0.000000000000000000e+00
-6.056514182570603921e+00 8.904002701507133466e+00 0.000000000000000000e+00
-6.374430006282707062e+00 -4.637085768501135519e+00 0.000000000000000000e+00
-1.110585331303790113e+01 1.298840700779961832e+00 0.000000000000000000e+00
-4.581245412746186574e+00 -2.430576379407909826e+00 0.000000000000000000e+00
1.077603839580409328e+01 7.348511197615684942e+00 0.000000000000000000e+00
3.040468278063847229e+00 -2.461074238902597189e-01 0.000000000000000000e+00
1.051110358146248203e+01 -3.489712476539445163e+00 0.000000000000000000e+00
-6.997909472147483712e+00 6.846255074765519311e+00 0.000000000000000000e+00
1.278571450096606021e+01 4.995372219589309992e+00 0.000000000000000000e+00
-2.150420846484852433e+00 -6.890306900589826533e+00 0.000000000000000000e+00
1.612955346554714708e+01 5.208077120499606139e+00 0.000000000000000000e+00
3.985643224602191115e+00 -8.412829644200753521e+00 0.000000000000000000e+00
-2.760723082638984138e+00 -3.183979283990859166e+00 0.000000000000000000e+00
-1.346543806279019329e+01 4.949218192850607601e+00 0.000000000000000000e+00
9.374886900921447719e+00 -7.974822295204096356e+00 0.000000000000000000e+00
1.322820640755863053e+01 -4.720692300244979656e+00 0.000000000000000000e+00
1.237637718167012402e+00 1.027804843154292946e+01 0.000000000000000000e+00
-6.693318821987484846e+00 -9.174992478182359079e+00 0.000000000000000000e+00
8.609473104785511088e-01 -1.724559409419456202e+01 0.000000000000000000e+00
-9.143243147809553051e+00 -1.395780527365857004e+01 0.000000000000000000e+00
-1.214693933424467964e+01 -2.308880545917666449e+00 0.000000000000000000e+00
-9.067615049137123240e-01 -1.231691308926490791e+01 0.000000000000000000e+00
-4.769809837745397907e+00 -5.184652707124387305e+00 0.000000000000000000e+00
-2.708495446720082800e+00 -1.303435586552404146e+01 0.000000000000000000e+00
-1.516808229312608702e+01 5.758196062864835874e+00 0.000000000000000000e+00
6.671809856675637862e-01 1.545370974453623703e+01 0.000000000000000000e+00
-5.169659214566727279e+00 -1.287737722485644021e+01 0.000000000000000000e+00
-1.019784632240274824e+01 3.258709028807216690e+00 0.000000000000000000e+00
-1.476610342736959858e+01 -3.018474214849397708e+00 0.000000000000000000e+00
-1.530866510443946638e+01 -5.996597621804764522e+00 0.000000000000000000e+00
-3.992020329498317532e-01 4.557577801353722147e-01 0.000000000000000000e+00
-2.683938027946097815e+00 -1.455857982508147863e+01 0.000000000000000000e+00
-2.537197093767539435e+00 2.283080852198552613e+00 0.000000000000000000e+00
3.999883780419862145e+00 -1.742846973330736571e+00 0.000000000000000000e+00
7.013330840686178291e+00 -2.726165038755743897e+00 0.000000000000000000e+00
5.064468603445750894e+00 -6.081481732498381199e+00 0.000000000000000000e+00
-1.089972730844142257e+00 9.991622405185974998e+00 0.000000000000000000e+00
6.618257275970250930e+00 1.227150009638005557e+01 0.000000000000000000e+00
-1.622509331280984346e-01 -9.610090046619422566e+00 0.000000000000000000e+00
6.001999085743883633e+00 1.371504265275731527e+01 0.000000000000000000e+00
-1.006720926828897333e+01 -2.513319815761912768e+00 0.000000000000000000e+00
9.248423992869113874e+00 1.041415154087860095e+01 0.000000000000000000e+00
-1.288814592675188919e+01 1.055306508880272354e+01 0.000000000000000000e+00
1.171130490525864509e+01 1.287574933147303113e+01 0.000000000000000000e+00
8.785974434845702064e+00 1.378734630517563708e+01 0.000000000000000000e+00
-1.050035395947568695e+01 -8.469946955187841908e+00 0.000000000000000000e+00
1.122586399662533729e+01 3.876344594917739972e+00 0.000000000000000000e+00
1.015074565576212251e+01 -5.377301940532031921e+00 0.000000000000000000e+00
-6.001824935011820017e+00 -6.097984547043327375e+00 0.000000000000000000e+00
-6.523960849708720033e+00 1.179576241226910582e+01 0.000000000000000000e+00
-1.183672959307868311e+00 6.315877875526066276e+00 0.000000000000000000e+00
8.749742436661369638e+00 5.366677876945487036e+00 0.000000000000000000e+00
2.115238021782561262e+00 -1.149062797829568439e+01 0.000000000000000000e+00
1.194936482201472039e+01 -5.908092874935559458e+00 0.000000000000000000e+00
5.020010986699545263e+00 4.397963879781816132e+00 0.000000000000000000e+00
3.602382430973174454e+00 -4.045299303823379766e+00 0.000000000000000000e+00
2.845824448411172103e+00 -1.304574605226929940e+01 0.000000000000000000e+00
1.441915134269205012e+01 6.467667463114665338e+00 0.000000000000000000e+00
3.325798073568199786e+00 9.987396153552319689e+00 0.000000000000000000e+00
7.126708908935382780e+00 -1.027920746070594404e+01 0.000000000000000000e+00
9.951813700850001609e+00 9.025526458948238684e+00 0.000000000000000000e+00
5.185323167013078383e+00 1.621595404926290840e+01 0.000000000000000000e+00
-1.506500333965637139e+01 -2.801684904250286157e-01 0.000000000000000000e+00
7.692640905714364763e+00 -7.871988150924574157e+00 0.000000000000000000e+00
-1.140464388295883857e+01 -4.323700517785143305e+00 0.000000000000000000e+00
-1.236569554414190542e+01 3.787939265214896434e+00 0.000000000000000000e+00
-1.256765214006519216e+01 -6.390375744826309656e+00 0.000000000000000000e+00
-3.174612439354803417e+00 1.219457479725480020e+01 0.000000000000000000e+00
4.373050621531744397e+00 -1.385522857034675503e+01 0.000000000000000000e+00
5.936018666726342374e+00 9.485104022090345310e+00 0.000000000000000000e+00
4.513404329987167785e+00 7.298006828050342065e+00 0.000000000000000000e+00
-7.341792771522285932e+00 -1.305298058768886271e+01 0.000000000000000000e+00
-4.120866983117058346e+00 -6.887629234489064167e+00 0.000000000000000000e+00
8.681620118519383311e+00 2.008061514014034099e+00 0.000000000000000000e+00
-8.638962362539414741e+00 1.711309217864987797e+00 0.000000000000000000e+00
-2.977673887755147408e+00 5.849421352323018297e+00 0.000000000000000000e+00
-9.494897834711808926e+00 -5.833165203321662773e+00 0.000000000000000000e+00
-4.007111234199443928e+00 4.341461611688662181e+00 0.000000000000000000e+00
-3.097367351149864501e+00 1.393779312857831298e-01 0.000000000000000000e+00
1.051556035070861705e+00 1.189176448930042262e+00 0.000000000000000000e+00
1.292599550885046966e+01 9.041809750217835173e+00 0.000000000000000000e+00
-4.989737553346343724e+00 -1.057410457147786431e+01 0.000000000000000000e+00
1.565350152233730263e+01 8.041707156836256365e-01 0.000000000000000000e+00
-9.426585958371783036e+00 6.270254479878078158e+00 0.000000000000000000e+00
-4.628250575735431305e+00 7.597007836205931675e+00 0.000000000000000000e+00
8.821102193990213891e+00 -2.783761366304426943e+00 0.000000000000000000e+00
-4.651397962106182504e+00 -1.520220365460703782e+01 0.000000000000000000e+00
-1.740658465384769116e+01 -1.781485176135905624e+00 0.000000000000000000e+00
4.714346997243128001e+00 -1.654318366993013001e+01 0.000000000000000000e+00
6.735269855821066631e-01 2.759980607820188503e+00 0.000000000000000000e+00
-6.398239016715598915e+00 -4.565575160864772664e-01 0.000000000000000000e+00
-1.022548851628950484e+00 3.319748525962715746e+00 0.000000000000000000e+00
1.589021209497777498e+01 -5.204771003586126099e+00 0.000000000000000000e+00
-6.247492137063162865e+00 -1.488180291935847599e+01 0.000000000000000000e+00
-5.008186513845205745e+00 3.999462326482365881e-01 0.000000000000000000e+00
-7.313835655464123953e+00 1.029316587985261044e+01 0.000000000000000000e+00
1.407171980921808263e+01 -1.423576855463873914e-01 0.000000000000000000e+00
7.170586554933516155e+00 8.625088667337283965e+00 0.000000000000000000e+00
2.238979038256473153e+00 -1.608447293752658780e+01 0.000000000000000000e+00
-1.017871370134773912e+00 1.595972518531910822e+01 0.000000000000000000e+00
1.324954648649769062e+01 -1.135839119668914776e+01 0.000000000000000000e+00
-7.003976583709277115e+00 -1.142690718889442891e+01 0.000000000000000000e+00
1.426507295000921438e+00 -1.004502794231157736e+01 0.000000000000000000e+00
3.791943005515331144e+00 1.243183575532990837e+01 0.000000000000000000e+00
1.960900823111165980e+00 -5.632944823501382814e+00 0.000000000000000000e+00
-1.630742546443718055e+01 -3.580516354237745169e+00 0.000000000000000000e+00
-1.282442129280251919e+01 -9.743972639685285486e+00 0.000000000000000000e+00
1.474478055095757023e+00 6.172320685270520357e+00 0.000000000000000000e+00
8.229104728050513629e+00 -1.156849377785890454e+01 0.000000000000000000e+00
6.030791750725310596e-01 -3.350104738504000146e+00 0.000000000000000000e+00
-1.266966391208003628e+01 8.190431254185436272e-01 0.000000000000000000e+00
-5.618966975804682740e+00 1.401805539120178778e+01 0.000000000000000000e+00
7.104975112532041948e+00 2.449580419460904990e-01 0.000000000000000000e+00
-9.750928512783019642e+00 -1.214747308634742673e+01 0.000000000000000000e+00
-2.583729304904881285e+00 1.357979925465577153e+01 0.000000000000000000e+00
-1.523551369350493623e+01 -8.284433417015087286e+00 0.000000000000000000e+00
1.214990334045880260e+01 2.282431371534603404e+00 0.000000000000000000e+00
4.932454644831781643e+00 1.069455095608108586e+01 0.000000000000000000e+00
1.244222088854908925e+01 -3.392997990903737993e+00 0.000000000000000000e+00
6.705958908307999344e+00 -1.397691472461543505e+01 0.000000000000000000e+00
3.409210920141721335e+00 1.620809952531928033e+01 0.000000000000000000e+00
6.724154054875485897e+00 2.078009487217828966e+00 0.000000000000000000e+00
5.137981646901128130e+00 -1.037801579878577130e+01 0.000000000000000000e+00
1.586747758828269239e+00 -8.095574928888119359e+00 0.000000000000000000e+00
1.475155410284867408e+01 3.242240054744412792e+00 0.000000000000000000e+00
-1.111694284305917968e+01 1.210275837732305249e+01 0.000000000000000000e+00
8.725491909507930188e+00 -4.628543757896183664e+00 0.000000000000000000e+00
-9.943556481976925099e+00 9.967850312784372946e+00 0.000000000000000000e+00
-1.660679835406895455e+00 -5.098621844214418886e+00 0.000000000000000000e+00
-1.472485290647219713e+01 4.127583407571844276e+00 0.000000000000000000e+00
-1.360817012672495663e+00 -7.297263420752894136e-01 0.000000000000000000e+00
-3.455435889271233130e+00 -1.678262914608722767e+01 0.000000000000000000e+00
1.099524816495720536e+01 5.598975917949378101e-01 0.000000000000000000e+00
-1.007200128836810649e+01 1.413009055787754065e+01 0.000000000000000000e+00
-1.140501832378954639e+01 6.721961820202723814e+00 0.000000000000000000e+00
-5.528609664431486159e+00 2.817362759154923069e+00 0.000000000000000000e+00
5.702768451094804014e+00 -3.869858095299965939e+00 0.000000000000000000e+00
9.392466735249698218e+00 4.464854948876437191e-01 0.000000000000000000e+00
-3.299591608433823708e+00 -1.031016187590870992e+01 0.000000000000000000e+00
-1.305719607227917045e+01 -7.960708435516163028e+00 0.000000000000000000e+00
-6.821540977269288319e+00 -2.780428119966127820e+00 0.000000000000000000e+00
1.087533240095065956e+01 -9.361427591021358907e+00 0.000000000000000000e+00
-7.782895220844716633e+00 1.454359603838022430e+01 0.000000000000000000e+00
-1.574246467617351364e+01 1.935907840136707359e+00 0.000000000000000000e+00
1.607257589708992285e+01 -3.171514575037349903e+00 0.000000000000000000e+00
7.381563006516404180e+00 1.050537473317563197e+01 0.000000000000000000e+00
-8.521456951681836145e+00 -9.197107351678004861e+00 0.000000000000000000e+00
3.194513304273773002e+00 6.360103814900867292e+00 0.000000000000000000e+00
-3.145825567581691296e+00 1.627442553354510579e+01 0.000000000000000000e+00
-1.427236322287951431e+01 1.144694840936853808e+00 0.000000000000000000e+00
-4.163712550030551456e-03 1.162142940813177461e+01 0.000000000000000000e+00
-7.780873410736897533e+00 -1.522930884291056497e+00 0.000000000000000000e+00
-5.856013980249156425e+00 -1.636436860996440501e+01 0.000000000000000000e+00
-8.557377480740422371e+00 1.323027582299137883e+01 0.000000000000000000e+00
5.562042927704322626e-01 -1.456460364373864103e+01 0.000000000000000000e+00
1.274513235309404280e+01 -8.714278044779842247e+00 0.000000000000000000e+00
7.589955465924852263e+00 -6.241219176840161253e+00 0.000000000000000000e+00
5.754773997297936150e-01 4.719253934966853414e+00 0.000000000000000000e+00
1.118348024016794451e+00 1.698530071443244438e+01 0.000000000000000000e+00
-1.112187586446991183e+01 -1.281499120763131039e+01 0.000000000000000000e+00
-1.216477016801632560e+00 1.280473301905603556e+01 0.000000000000000000e+00
-1.964989166083798144e+00 4.559973137966296441e+00 0.000000000000000000e+00
-1.161886832015355253e+01 8.247183258745229395e+00 0.000000000000000000e+00
-3.505684370853225484e+00 1.480356294734585987e+01 0.000000000000000000e+00
-6.911728113054169675e-01 -1.564093650193125384e+01 0.000000000000000000e+00
-6.251702791761323930e+00 4.159788401128872160e+00 0.000000000000000000e+00
8.356256854260150080e-01 -8.340761736431463458e-01 0.000000000000000000e+00
1.268049300344166141e+01 7.518792586869575523e+00 0.000000000000000000e+00
9.490123068033851084e+00 -1.456769937031779527e+01 0.000000000000000000e+00
3.393628380651637411e+00 -1.061330980762742726e+01 0.000000000000000000e+00
7.293478148377389170e-01 -1.306120507048065882e+01 0.000000000000000000e+00
1.468467958246153771e+01 -1.618069480679193317e+00 0.000000000000000000e+00
1.178815470835862200e+01 -1.789631299490983096e+00 0.000000000000000000e+00
1.033618805691729747e+01 1.357258465312744811e+01 0.000000000000000000e+00
-8.261360958164154056e+00 -1.526066904857935036e+01 0.000000000000000000e+00
-7.043112037061352027e+00 1.586442757066889087e+00 0.000000000000000000e+00
8.154656199946053619e+00 -1.369118910978327053e+00 0.000000000000000000e+00
1.031601446435382741e+01 2.367066276968678551e+00 0.000000000000000000e+00
-1.745397197882647333e+01 3.727916245137117834e-01 0.000000000000000000e+00
-1.355093787915875225e+01 2.865588236935177058e+00 0.000000000000000000e+00
8.381455149390323101e+00 7.727747445555727346e+00 0.000000000000000000e+00
1.420617791974557598e+01 -6.913256317295646269e+00 0.000000000000000000e+00
1.420417378972378941e+01 -3.494810326591521132e+00 0.000000000000000000e+00
2.088933054712191151e+00 -1.725958738234517620e+00 0.000000000000000000e+00
-1.068791674701463634e+01 5.018644814167712020e+00 0.000000000000000000e+00
-1.702795478963486886e+01 3.757387942821611038e+00 0.000000000000000000e+00
1.304998345757176281e+01 1.141615703804660420e+01 0.000000000000000000e+00
-2.676640398810682164e+00 -1.499327890741764646e+00 0.000000000000000000e+00
-1.781561333665159674e+00 1.731734900344080330e+01 0.000000000000000000e+00
1.521393284301026760e+01 -8.621845703312340348e+00 0.000000000000000000e+00
1.962769906694403321e+00 7.629244150747510389e+00 0.000000000000000000e+00
-2.940218600718210062e+00 1.059542974334021537e+01 0.000000000000000000e+00
6.983785699615898679e+00 -1.584403970040684229e+01 0.000000000000000000e+00
2.078219223949119510e+00 1.477258444197293485e+01 0.000000000000000000e+00
5.197035227165215154e+00 9.573442494043548079e-01 0.000000000000000000e+00
-8.638752777502496372e+00 -3.594469220657126041e+00 0.000000000000000000e+00
1.489873754074449685e+01 8.410016623690015791e+00 0.000000000000000000e+00
-1.277253184877127801e+01 -1.152950222847712425e+01 0.000000000000000000e+00
-4.958668139987778112e+00 5.601809479319077134e+00 0.000000000000000000e+00
-1.105597957183749180e+01 -5.918665341157660187e+00 0.000000000000000000e+00
-8.150537467000281922e+00 9.017865455830202492e+00 0.000000000000000000e+00
6.931006471176963224e+00 -1.234536348818109275e+01 0.000000000000000000e+00
-4.292767548314555981e+00 -8.770681398763601422e+00 0.000000000000000000e+00
1.039031555997466505e+01 1.183299912993823000e+01 0.000000000000000000e+00
1.582250870351110628e+01 -7.038193557117241816e+00 0.000000000000000000e+00
1.744463523246025360e+01 1.310831843501441440e+00 0.000000000000000000e+00
1.078117933585541977e+01 -1.329611969287593887e+01 0.000000000000000000e+00
5.438058467115009620e+00 -1.518454498498412342e+01 0.000000000000000000e+00
9.328236216061947417e+00 3.849111800329047206e+00 0.000000000000000000e+00
-9.935405626103293031e+00 4.873329834210918254e-02 0.000000000000000000e+00
6.443673724297225951e-03 1.402066570040492266e+01 0.000000000000000000e+00
6.035012228976728288e+00 -1.025103731714634536e+00 0.000000000000000000e+00
-1.131495759844398385e+01 -7.951297173642558613e-01 0.000000000000000000e+00
-9.238010127323480702e+00 -1.066556870156418668e+01 0.000000000000000000e+00
8.619182314177384896e+00 1.217141655575341197e+01 0.000000000000000000e+00
-8.251888923855473124e+00 3.247137861435940742e+00 0.000000000000000000e+00
1.020975447704604910e+01 -1.715345889602754692e+00 0.000000000000000000e+00
-1.166037711258968851e-01 -4.910714471086231825e+00 0.000000000000000000e+00
9.150903252704958746e+00 -1.018556716511813676e+01 0.000000000000000000e+00
-1.258846454895020006e+00 -1.082252564333302836e+01 0.000000000000000000e+00
-1.443014376634116935e+01 9.702674840954188085e+00 0.000000000000000000e+00
1.663012685650526379e+01 3.226311106501004389e+00 0.000000000000000000e+00
-5.850655555302252786e+00 -7.910186031470179735e+00 0.000000000000000000e+00
1.434848548743430818e+01 1.616365140994668437e+00 0.000000000000000000e+00
-7.570726654617041973e+00 -6.096009280441786693e+00 0.000000000000000000e+00
-3.194954375041519246e+00 -4.677777051197097968e+00 0.000000000000000000e+00
1.109133780119499058e+01 5.694309514466604938e+00 0.000000000000000000e+00
1.717246155660220097e+01 -2.147442698462810995e+00 0.000000000000000000e+00
3.886350000983353481e-01 -1.117857814536556837e+01 0.000000000000000000e+00
