3.299840268319924608e+00 1.459069441594609984e+01 0.000000000000000000e+00
-9.019661039019764459e+00 -4.979079162922445789e+00 0.000000000000000000e+00
-3.931839799659911705e+00 1.161087655868768564e+01 0.000000000000000000e+00
7.017646171524375198e+00 -9.377913182928978131e+00 0.000000000000000000e+00
7.978152829555056336e+00 -1.347810388158575101e+01 0.000000000000000000e+00
-1.222046417950299713e+01 1.439357295963245775e+01 0.000000000000000000e+00
4.551426501808294667e+00 -5.640475904328646095e+00 0.000000000000000000e+00
-4.144958592250614693e+00 -5.204847290777617985e+00 0.000000000000000000e+00
-8.700837267399904817e+00 -2.510529016302571303e+00 0.000000000000000000e+00
1.057672172323151294e+01 1.105189010176257369e+01 0.000000000000000000e+00
-9.754242210135791069e+00 -7.869163058436646097e+00 0.000000000000000000e+00
-8.680487450022033258e+00 9.133297796780642130e+00 0.000000000000000000e+00
-1.098781126176101353e+01 7.391623050745847578e+00 0.000000000000000000e+00
-1.803361907136545383e+01 2.703635069568514293e+00 0.000000000000000000e+00
-2.550185408983419943e+00 7.217709932224839697e+00 0.000000000000000000e+00
7.519103694993527043e+00 -7.761014330614754542e+00 0.000000000000000000e+00
1.615474057713805589e+00 8.848731861694714151e-01 0.000000000000000000e+00
7.611693179476395343e-01 -7.737401980240709243e+00 0.000000000000000000e+00
-2.662251164617355670e+00 -2.298897187487576321e+00 0.000000000000000000e+00
-1.090968090046904493e+01 8.785983363218703435e-01 0.000000000000000000e+00
-1.552250915119041785e+01 -3.259442464089886471e+00 0.000000000000000000e+00
1.256172245981837321e+01 1.264369110074512470e+01 0.000000000000000000e+00
7.723266619211522688e+00 7.318698749371946866e-01 0.000000000000000000e+00
1.668404020012238220e+01 2.335023048912152621e+00 0.000000000000000000e+00
-1.690670049006332576e+01 -7.188168401551647158e+00 0.000000000000000000e+00
1.105980446255245830e+01 -2.430669884975324102e+00 0.000000000000000000e+00
-8.887176048463862443e+00 1.366948528319984035e+00 0.000000000000000000e+00
-1.389360586566459155e+01 -1.231637650918035121e+01 0.000000000000000000e+00
5.044395032211891561e+00 1.674184639205043723e+01 0.000000000000000000e+00
8.241940933634314348e+00 -6.268407313482352805e+00 0.000000000000000000e+00
-1.430827735398697165e+01 3.861551556015458075e+00 0.000000000000000000e+00
5.946703977321779355e+00 -1.214251295481926363e+01 0.000000000000000000e+00
-1.155982322763848558e+01 9.612368886056209760e+00 0.000000000000000000e+00
-3.956127984668199038e-01 1.265732043940716700e+01 0.000000000000000000e+00
1.734262292415287066e+00 -2.211033314605771238e+00 0.000000000000000000e+00
3.892762763075149346e-01 -9.559931809423499516e+00 0.000000000000000000e+00
1.215018918332708431e+01 2.988593757032257603e+00 0.000000000000000000e+00
-3.079834863955607016e+00 -1.776995549739570279e+01 0.000000000000000000e+00
-4.964082345788453643e-01 1.078395099794699874e+01 0.000000000000000000e+00
-1.212654978868961031e+01 1.145843712901205791e+01 0.000000000000000000e+00
1.793990016376217156e+01 9.600265879082776621e-01 0.000000000000000000e+00
1.320122105334970186e+01 -3.237110903588068744e+00 0.000000000000000000e+00
-3.038418670884134976e+00 -1.413633209929594337e+01 0.000000000000000000e+00
-7.660675801302915033e+00 -1.275787364404895108e+01 0.000000000000000000e+00
8.623414612301797177e+00 -1.521976969567448279e+01 0.000000000000000000e+00
1.180759367496343337e+01 6.746616782488524144e+00 0.000000000000000000e+00
1.499984334071569281e+00 3.739000970118290912e+00 0.000000000000000000e+00
1.618361610998871325e-01 5.119073335955625303e+00 0.000000000000000000e+00
-8.732927509383715758e+00 -1.154772900415493275e+01 0.000000000000000000e+00
-6.091700168680722172e+00 -1.404941186573288903e+01 0.000000000000000000e+00
2.000499635908618234e+00 -1.605135894589686529e+01 0.000000000000000000e+00
4.385380327564983638e+00 6.524020409920528785e+00 0.000000000000000000e+00
-6.945164481927878164e+00 -3.558876617718559898e-01 0.000000000000000000e+00
3.618530926390087554e+00 1.047330833539501249e+01 0.000000000000000000e+00
-2.281426674782872366e-01 -1.634240919175563533e+01 0.000000000000000000e+00
-4.549716674851246978e+00 -7.540278241367975198e+00 0.000000000000000000e+00
1.702103726327364086e+01 5.433612776028144076e+00 0.000000000000000000e+00
1.575910834676234629e+01 -1.039107115347957411e+01 0.000000000000000000e+00
1.409739051638648277e+01 -4.361303549102912291e-01 0.000000000000000000e+00
-1.197515702321735809e+01 -2.143260094275157179e+00 0.000000000000000000e+00
1.727171484172140481e+01 -1.193893949247832875e+00 0.000000000000000000e+00
-1.037781173367163667e+01 -1.084348773541795552e+01 0.000000000000000000e+00
-7.755386674635278421e-01 2.831001971864055999e+00 0.000000000000000000e+00
4.184858681777344103e+00 3.413483922117881431e+00 0.000000000000000000e+00
-2.600975198844788228e+00 9.095689948848658446e+00 0.000000000000000000e+00
-1.680570641214548910e+00 -1.009334154167711617e+01 0.000000000000000000e+00
-1.448753406493225881e+01 -6.414975210833921082e+00 0.000000000000000000e+00
7.083358168775322206e+00 3.995001114961883815e+00 0.000000000000000000e+00
2.939150453564529641e+00 2.528553311172984319e+00 0.000000000000000000e+00
-1.057181235378188333e+01 5.060654525624790345e+00 0.000000000000000000e+00
-3.686831079152981250e+00 -1.184944271842745955e+01 0.000000000000000000e+00
-4.133248114379338034e+00 9.312821377024316227e-01 0.000000000000000000e+00
-1.244013563352147500e+01 5.620283230604042224e+00 0.000000000000000000e+00
1.360061003606563723e+01 4.770906954580480530e+00 0.000000000000000000e+00
3.131739633337305317e+00 -7.691466511695532304e+00 0.000000000000000000e+00
1.403912664710406233e+01 -1.116803700930383059e+01 0.000000000000000000e+00
8.938308874293891648e+00 1.533257806031717685e+01 0.000000000000000000e+00
1.092229490199932229e+01 -9.829913295918828453e+00 0.000000000000000000e+00
-2.633883607012149408e+00 1.694744018371883598e+01 0.000000000000000000e+00
1.187405793869574744e+01 -4.637587276680338988e+00 0.000000000000000000e+00
-4.658574091154100927e+00 9.105410135373624314e+00 0.000000000000000000e+00
-1.046215731544576677e+01 -1.166964184541032346e+00 0.000000000000000000e+00
2.594326506991447179e+00 9.096948569967903353e+00 0.000000000000000000e+00
1.322766236663302664e+01 1.749775228936685245e+00 0.000000000000000000e+00
9.368537462017281214e+00 6.594974646879076197e+00 0.000000000000000000e+00
-5.096769007495995929e+00 -1.057848070677413688e+01 0.000000000000000000e+00
7.086727638087491066e+00 1.140314504724348055e+01 0.000000000000000000e+00
-1.587421572043794704e+01 2.862672978416288316e+00 0.000000000000000000e+00
-5.468805257200552106e+00 1.917868826493232648e+00 0.000000000000000000e+00
-1.339628590109430917e+01 1.482244694416318342e+00 0.000000000000000000e+00
-1.270705112820876792e+01 -1.386169211457894335e+01 0.000000000000000000e+00
-3.494600138008953749e+00 -9.344180254533709373e+00 0.000000000000000000e+00
3.746961119902532111e+00 -9.970077920828881446e+00 0.000000000000000000e+00
-7.523910980274458815e+00 -3.670270110979807932e+00 0.000000000000000000e+00
1.419387123762999892e+01 6.736310880309970273e+00 0.000000000000000000e+00
-7.163904928705252750e+00 1.411819687820953817e+01 0.000000000000000000e+00
-1.290971717772128491e+00 1.098560585169965576e+00 0.000000000000000000e+00
-8.545189770960838871e+00 3.157743178252923943e+00 0.000000000000000000e+00
-6.121882116264740326e+00 -1.228823182504608091e+01 0.000000000000000000e+00
-1.090958108417934014e+01 3.499847948808082698e+00 0.000000000000000000e+00
1.331622862135661611e+00 1.417742139001893165e+01 0.000000000000000000e+00
-1.397778492587960386e+01 -4.729296326795087713e-01 0.000000000000000000e+00
1.830877765867647256e+01 -4.341904366511655233e+00 0.000000000000000000e+00
-2.323837353918436932e+00 1.151097653074508997e+01 0.000000000000000000e+00
-9.162180608208187138e+00 1.256608274571108375e+01 0.000000000000000000e+00
-1.537747339455688422e+00 -1.889802738370408264e+01 0.000000000000000000e+00
1.091750455976963607e+01 -1.546310886997645895e+01 0.000000000000000000e+00
-2.046465876081952906e-01 1.742917141967170735e+01 0.000000000000000000e+00
6.868275768381258750e+00 6.030584675785432225e+00 0.000000000000000000e+00
2.316099130625057345e+00 6.294860182011273508e+00 0.000000000000000000e+00
6.170131377708618636e+00 -1.568551344762404121e+01 0.000000000000000000e+00
-4.984625245640025959e+00 6.177136385480078928e+00 0.000000000000000000e+00
-6.168620893435708297e+00 -8.694611034031428431e+00 0.000000000000000000e+00
1.052166556971918965e+01 -5.572559362453701759e-01 0.000000000000000000e+00
7.187439310642690593e+00 1.338181705846475822e+01 0.000000000000000000e+00
-1.842400918449854785e+01 -4.003097581518420434e+00 0.000000000000000000e+00
6.838035552146221718e+00 -1.249449746508994652e+00 0.000000000000000000e+00
7.555389998987382949e-01 9.272408044946216066e+00 0.000000000000000000e+00
-6.732096778392131498e+00 5.701197090143260482e+00 0.000000000000000000e+00
-3.821428137087145571e-01 -1.163112618860652780e+01 0.000000000000000000e+00
-1.608403598120174038e+01 6.644858432981220808e+00 0.000000000000000000e+00
1.223031745493376654e+01 1.074487948031956996e+01 0.000000000000000000e+00
1.426068761808085483e+01 -7.909177106618767716e+00 0.000000000000000000e+00
-9.822198240570159555e+00 1.599576041709676666e+01 0.000000000000000000e+00
-7.046619867243617108e+00 8.296177690096046220e+00 0.000000000000000000e+00
-9.031700423787274445e+00 6.249166842077980455e+00 0.000000000000000000e+00
4.002870516806273926e+00 -1.616664204642143332e+01 0.000000000000000000e+00
1.228917926617407197e+01 -7.147025529039317426e+00 0.000000000000000000e+00
-1.840300559701972150e+00 -5.881448429623451268e+00 0.000000000000000000e+00
7.616635821109562166e+00 -3.908939146946591059e+00 0.000000000000000000e+00
-3.606699920116702263e+00 1.576338867216662898e+01 0.000000000000000000e+00
9.039453902842355504e+00 -7.813848664429388080e+00 0.000000000000000000e+00
-1.671609368470497459e-01 8.031770660234979431e+00 0.000000000000000000e+00
-1.677502323473193968e+01 -1.011147162470499294e+00 0.000000000000000000e+00
4.740140886713582802e+00 -8.115749708851460298e+00 0.000000000000000000e+00
5.891499658654975491e+00 1.892064588968128458e+00 0.000000000000000000e+00
-1.701955703324638802e-01 -1.376754283566726356e+00 0.000000000000000000e+00
-5.132076069572327093e+00 -1.700140917710692179e+01 0.000000000000000000e+00
1.608888178321209850e+01 -4.552985173463684809e+00 0.000000000000000000e+00
-1.642357007961724946e+01 -5.524429586892952493e+00 0.000000000000000000e+00
-7.684408386297171489e+00 -5.945793034111489739e+00 0.000000000000000000e+00
-2.518149734097387071e+00 -1.619915957010446661e+01 0.000000000000000000e+00
1.603796723192119700e+01 -2.523768366542609165e+00 0.000000000000000000e+00
1.296975488094202511e+01 -1.488258120976210241e+00 0.000000000000000000e+00
2.690838292052641911e+00 -1.872041850218704440e+01 0.000000000000000000e+00
1.469551223553829011e+01 9.976989559431180155e+00 0.000000000000000000e+00
-1.136277871456730182e+01 -4.679837677169441434e+00 0.000000000000000000e+00
-1.877267885634120503e+01 -8.773109557341500775e-01 0.000000000000000000e+00
1.966791925545349873e+00 -1.198652508161704588e+01 0.000000000000000000e+00
-1.247430361202090587e+01 -6.004639168529190663e+00 0.000000000000000000e+00
9.934346834054516018e-01 1.638275043298492051e+01 0.000000000000000000e+00
-1.410408226962393918e+01 7.013000817070104809e+00 0.000000000000000000e+00
1.702545493972294821e+01 -6.890835862684632218e+00 0.000000000000000000e+00
-1.332591089898561520e+01 -4.122780226405857285e+00 0.000000000000000000e+00
-9.419366822328305133e+00 -1.309009978084833037e+01 0.000000000000000000e+00
7.678118694111093490e+00 9.896959396066515424e+00 0.000000000000000000e+00
-6.443266056237705541e+00 1.053526937327862889e+01 0.000000000000000000e+00
-1.473868279877641463e+00 1.552774701769788024e+01 0.000000000000000000e+00
-1.202953111856662760e+00 6.517686178382652962e+00 0.000000000000000000e+00
-2.760331956008458487e+00 -7.686379754355007199e-01 0.000000000000000000e+00
5.471665795475649574e+00 1.019617701012453992e+01 0.000000000000000000e+00
1.524185221530909295e+01 3.883616684272852115e+00 0.000000000000000000e+00
-8.254194678188060408e+00 -1.651412588934288905e+01 0.000000000000000000e+00
6.538984508452498901e+00 -6.127568213621938042e+00 0.000000000000000000e+00
2.568362836592281706e+00 1.739281125662893501e+01 0.000000000000000000e+00
3.344012761026276870e+00 -4.259466640350790811e+00 0.000000000000000000e+00
5.174039785429241256e+00 -1.725358215066240675e+01 0.000000000000000000e+00
1.453572989588265418e-01 -1.335621898739449520e+01 0.000000000000000000e+00
5.561593083406368265e+00 4.769406399952855757e+00 0.000000000000000000e+00
1.501292512652528277e+00 -4.044374444177488925e+00 0.000000000000000000e+00
1.022680872351144910e+00 -1.848404472606505067e+01 0.000000000000000000e+00
1.673871225683889108e+01 7.637411734183760181e+00 0.000000000000000000e+00
9.216423811321215354e+00 -2.604139022138601156e+00 0.000000000000000000e+00
-5.151126170174458174e+00 1.788914606106898475e+01 0.000000000000000000e+00
-1.253068408305533588e+01 -1.084906872858501359e+01 0.000000000000000000e+00
3.449152471679526766e+00 -1.444426862251225074e+01 0.000000000000000000e+00
1.187230554514598246e+01 -1.402920730628409274e+01 0.000000000000000000e+00
1.533791241088024560e+00 1.244413047609831935e+01 0.000000000000000000e+00
3.356266421526421961e+00 4.827951105192356707e+00 0.000000000000000000e+00
-1.018810019727157545e+01 1.435909074035353683e+01 0.000000000000000000e+00
-1.089330948686730949e+01 -1.541914403818509527e+01 0.000000000000000000e+00
-1.240353523539399871e+00 -8.606057395643967212e+00 0.000000000000000000e+00
1.316965809937576282e+01 -9.129655370609084386e+00 0.000000000000000000e+00
1.754152605006454735e+01 4.015458480856748835e+00 0.000000000000000000e+00
1.047858138350510515e+01 -7.093516045042360219e+00 0.000000000000000000e+00
1.568882757180351861e+00 7.863770780927094251e+00 0.000000000000000000e+00
9.483638924927406677e+00 3.082805889377191910e+00 0.000000000000000000e+00
-1.415745169133487469e+00 -3.189683083166703792e+00 0.000000000000000000e+00
-1.535127170739644242e+01 -1.113615625250903030e+01 0.000000000000000000e+00
-7.128761851022303198e+00 1.992922048836394122e+00 0.000000000000000000e+00
9.640215390913933646e+00 -1.149155244977912105e+01 0.000000000000000000e+00
3.546919240884612634e+00 1.524479674811465152e-02 0.000000000000000000e+00
-6.317282389814338650e+00 1.204559636195713956e+01 0.000000000000000000e+00
-8.324634276583500636e+00 -9.244477934534460317e+00 0.000000000000000000e+00
3.522691830790340539e+00 1.291916908518406615e+01 0.000000000000000000e+00
5.739914625942597937e+00 3.231451717698125559e-01 0.000000000000000000e+00
6.679839182614955462e+00 7.725049528781615216e+00 0.000000000000000000e+00
1.507886319564058120e+01 8.396541338746038363e+00 0.000000000000000000e+00
6.961661046151714771e+00 -1.103438491503684915e+01 0.000000000000000000e+00
9.483419087774906941e+00 1.390610714255744718e+01 0.000000000000000000e+00
-1.428114719481288653e+01 9.042073513788723815e+00 0.000000000000000000e+00
7.641525932340139882e+00 1.689357064657157537e+01 0.000000000000000000e+00
-2.329529347362389480e+00 -1.266712932368993449e+01 0.000000000000000000e+00
-1.351279179713872303e+01 -2.268838240287162300e+00 0.000000000000000000e+00
-6.525250050875953001e+00 -1.626014831618691048e+01 0.000000000000000000e+00
1.296429619394503341e+01 -1.243118881836515932e+01 0.000000000000000000e+00
6.588366663795051092e-01 -1.477391345904703357e+01 0.000000000000000000e+00
-1.323531345238354007e+01 -7.685289863136558708e+00 0.000000000000000000e+00
-6.187683380816911161e+00 1.645790584596553074e+01 0.000000000000000000e+00
3.683347899826440841e+00 -2.027348252008233764e+00 0.000000000000000000e+00
-4.478743551334988915e+00 -1.612401955726317837e+00 0.000000000000000000e+00
-2.403763768914297660e+00 -7.621668012646255264e+00 0.000000000000000000e+00
-5.822389321365577519e-01 1.899047177231166117e+01 0.000000000000000000e+00
-1.538840225047277066e+01 2.855722618499163534e-01 0.000000000000000000e+00
-5.644289526043499983e+00 -4.543951554155205130e+00 0.000000000000000000e+00
9.630918089863239828e+00 -4.780522168511813774e+00 0.000000000000000000e+00
1.929058898045510562e+00 -1.009901770773100260e+01 0.000000000000000000e+00
1.034563634822607980e+01 -1.310462992803356741e+01 0.000000000000000000e+00
8.938298099859315116e+00 1.106846614520851269e+01 0.000000000000000000e+00
-7.060913239763309868e+00 4.043978594124055803e+00 0.000000000000000000e+00
-1.716907107756381734e+01 -2.983122232546128849e+00 0.000000000000000000e+00
1.414252912459121880e+01 -5.076412263546995263e+00 0.000000000000000000e+00
-5.562922579227015163e+00 3.562372189546433532e+00 0.000000000000000000e+00
-1.522630709576776908e+01 -1.696583018384614450e+00 0.000000000000000000e+00
5.799506724388978185e+00 1.463830788280187001e+01 0.000000000000000000e+00
-1.481215013893891630e+01 -8.507300478391844223e+00 0.000000000000000000e+00
5.312999737743451689e+00 -4.336698830524237991e+00 0.000000000000000000e+00
-1.600397074603570857e+01 -9.429936308023464164e+00 0.000000000000000000e+00
-1.357339214891823076e+01 -9.722232624409109292e+00 0.000000000000000000e+00
5.244229497202994139e+00 -1.454074434919512049e+00 0.000000000000000000e+00
-1.148989809752093727e+01 -8.809235828540977309e+00 0.000000000000000000e+00
4.339440953558843184e+00 8.073192233655982264e+00 0.000000000000000000e+00
1.568531331940671336e+01 4.735855778184285270e-01 0.000000000000000000e+00
-6.246406034406091656e+00 -2.094583059880434028e+00 0.000000000000000000e+00
-8.472680216479986370e+00 -8.177545912796538308e-02 0.000000000000000000e+00
2.656575012290750326e+00 -6.206058320638609516e+00 0.000000000000000000e+00
-4.481821220366533631e-01 -4.497033050278394839e+00 0.000000000000000000e+00
-5.182896978434425428e+00 -2.648573266448021046e-01 0.000000000000000000e+00
-8.357240938621730564e+00 1.660285457662204323e+01 0.000000000000000000e+00
-4.912448705733862830e+00 1.391594766630435309e+01 0.000000000000000000e+00
1.252997922296919597e+01 -1.063187165766624531e+01 0.000000000000000000e+00
4.546424627661055595e+00 1.165956238521998678e+01 0.000000000000000000e+00
-1.576237745940201407e+01 1.034817647468158341e+01 0.000000000000000000e+00
1.182864425301880473e+01 7.942939082794148176e-01 0.000000000000000000e+00
-8.510480275646035153e+00 1.081268111050968095e+01 0.000000000000000000e+00
9.032863136369302381e+00 -9.929542639856805408e+00 0.000000000000000000e+00
-6.927634584912397031e+00 -1.006891246722230093e+01 0.000000000000000000e+00
-3.537090816280457961e+00 3.496817557761528139e+00 0.000000000000000000e+00
-7.946762270000604644e+00 -1.451789562981783988e+01 0.000000000000000000e+00
-1.119265559551474176e+01 1.317045017993319256e+01 0.000000000000000000e+00
1.344499888725265890e+01 8.789621645229129143e+00 0.000000000000000000e+00
1.155616926185166626e+01 1.496134722927515703e+01 0.000000000000000000e+00
-6.176752715242759706e+00 -7.130185812665456702e+00 0.000000000000000000e+00
-1.510881767021752431e+01 5.477287604804089938e+00 0.000000000000000000e+00
9.587590372315998977e+00 4.602456682652883657e+00 0.000000000000000000e+00
-1.757675306312495422e+01 6.862552383824878532e+00 0.000000000000000000e+00
