1.903547946703757487e+00 -1.664585483841577229e+01 0.000000000000000000e+00
5.619901469300737418e+00 -4.005665541856646250e+00 0.000000000000000000e+00
-7.995091065522044183e+00 -1.655438028370829429e+01 0.000000000000000000e+00
-5.093956864915269556e+00 -1.340184907294085193e+01 0.000000000000000000e+00
-1.831305083623412600e+01 2.447229084501256313e+00 0.000000000000000000e+00
6.222364223812991701e-01 1.898415753005530560e+00 0.000000000000000000e+00
-6.103883873732982579e+00 -1.541266032157924393e+01 0.000000000000000000e+00
-1.573155778524535364e+01 8.105476334248383097e+00 0.000000000000000000e+00
8.105004208570337099e+00 1.362809605621145259e+01 0.000000000000000000e+00
-1.372071558575444428e+01 -4.291268620766346409e+00 0.000000000000000000e+00
2.498896219344741709e+00 1.844927830460839147e+01 0.000000000000000000e+00
1.637648559456991038e+01 -3.446090658598274237e-01 0.000000000000000000e+00
-1.691117629952940149e+01 -7.884123066472356278e+00 0.000000000000000000e+00
1.225197593620514525e+01 1.662263181668125256e+00 0.000000000000000000e+00
-8.675246006679365962e+00 -7.700372000621586110e+00 0.000000000000000000e+00
-6.974221031220634082e+00 -1.215902645738054666e+01 0.000000000000000000e+00
-1.432645421450525447e+01 -1.802144547302128919e+00 0.000000000000000000e+00
-1.425121364189176276e+01 -1.232809369006928968e+01 0.000000000000000000e+00
-8.969852714595041854e-02 3.802093485806856688e+00 0.000000000000000000e+00
7.224010475466927872e+00 -2.632380717700375072e+00 0.000000000000000000e+00
-8.370103198788255483e+00 1.229482739740157093e+01 0.000000000000000000e+00
1.655650777610826907e+01 8.419137574040389538e+00 0.000000000000000000e+00
-4.674673243900355324e+00 1.252953253988718707e+01 0.000000000000000000e+00
7.100543776944864938e+00 2.387355567087940056e+00 0.000000000000000000e+00
1.464381571980657171e+01 2.908941015225857907e+00 0.000000000000000000e+00
-5.018886600150761268e+00 -7.137389590429529918e+00 0.000000000000000000e+00
1.673675405275725936e+01 -5.008815127578968074e+00 0.000000000000000000e+00
-1.608750019952904964e+01 6.008412229513015568e+00 0.000000000000000000e+00
8.713945404440703868e+00 -1.475408305161114875e+01 0.000000000000000000e+00
1.209217625251243255e+01 4.005770012483410802e+00 0.000000000000000000e+00
-2.805488970336532439e+00 -4.094436857736992508e+00 0.000000000000000000e+00
-5.059240294744154376e+00 8.963780907167002709e+00 0.000000000000000000e+00
-3.606547021512875872e-01 1.541263873400608908e+01 0.000000000000000000e+00
5.799466402648877583e+00 -1.032793770923186116e+01 0.000000000000000000e+00
-6.383705907948873381e+00 3.693034383263799736e+00 0.000000000000000000e+00
-6.487146643542396340e+00 6.027080917630563972e-01 0.000000000000000000e+00
-7.803237738526962453e+00 -1.209658258854555246e+00 0.000000000000000000e+00
-5.337316060334589274e+00 -1.738417338895658748e+00 0.000000000000000000e+00
1.354484910117565555e+01 -1.050968408400956022e+01 0.000000000000000000e+00
-6.748473338086468765e+00 9.186095161562475298e+00 0.000000000000000000e+00
1.758919919144227606e+01 -6.906465980536102833e+00 0.000000000000000000e+00
1.186350827248967299e+01 -8.701394631353499776e+00 0.000000000000000000e+00
-5.087138433941188254e+00 1.763381989165051067e+01 0.000000000000000000e+00
-3.595042889590527757e+00 -1.211879821324661854e+01 0.000000000000000000e+00
8.139549532653637343e+00 -9.868695202178027870e+00 0.000000000000000000e+00
7.680076288234555904e+00 9.520022549919268329e+00 0.000000000000000000e+00
5.129439430736252525e+00 7.539086770478125032e-01 0.000000000000000000e+00
1.712358753854009485e+00 -1.279692984679548751e+01 0.000000000000000000e+00
-8.907130458576251186e+00 -4.828426043119584676e+00 0.000000000000000000e+00
2.539786829480293662e+00 -2.876896185661648175e+00 0.000000000000000000e+00
1.306225581020272752e-01 -1.285422704876464195e+01 0.000000000000000000e+00
-8.561650002443350616e+00 -1.354951140660415554e+01 0.000000000000000000e+00
4.904355926847769886e+00 3.800720045573374506e+00 0.000000000000000000e+00
-2.745930972231755529e+00 -1.490077303711973222e+01 0.000000000000000000e+00
-1.636106299734089387e+00 -1.111119480701125539e+01 0.000000000000000000e+00
-1.677887998424837690e+01 2.150461930966208524e+00 0.000000000000000000e+00
1.082331061039321796e+01 4.977616185119384085e+00 0.000000000000000000e+00
1.289257236574864507e+01 1.230063750751433638e+01 0.000000000000000000e+00
-1.608557908064858921e+01 -6.416858637162746959e+00 0.000000000000000000e+00
1.388868661355855139e+01 -6.300683288612211719e+00 0.000000000000000000e+00
1.299228382224174361e+01 7.829636472384351897e+00 0.000000000000000000e+00
-7.038515909435338891e+00 -7.023858789516593149e+00 0.000000000000000000e+00
2.115590529467471281e+00 1.037119141199307570e+01 0.000000000000000000e+00
-1.029071943753179141e+01 -1.123667348253432152e+01 0.000000000000000000e+00
3.295639178833028815e+00 1.612264422693822308e+00 0.000000000000000000e+00
-6.578513978338133006e-01 -6.765130834851216690e+00 0.000000000000000000e+00
-1.309362969097452201e+01 -7.478664743393270697e-01 0.000000000000000000e+00
-2.701938960901422160e+00 1.666751976671542224e+01 0.000000000000000000e+00
-1.090017980804921116e+01 1.224093507331868835e+01 0.000000000000000000e+00
5.775208264372357903e+00 1.078622103127001886e+01 0.000000000000000000e+00
2.237250411716824150e+00 -1.176362813778592642e+00 0.000000000000000000e+00
4.258378862212015115e+00 -6.004948802113482920e+00 0.000000000000000000e+00
-7.532630109922950012e+00 5.906591475552749770e+00 0.000000000000000000e+00
4.054396671779197270e+00 -1.789284412462380303e+01 0.000000000000000000e+00
-3.280835197655547653e+00 1.357789675466160340e+01 0.000000000000000000e+00
-1.052940279653632238e+01 -1.510942149493284781e+01 0.000000000000000000e+00
4.653276733539810195e+00 9.685946742628603445e+00 0.000000000000000000e+00
5.906467989016090492e+00 -1.274743154854981064e+01 0.000000000000000000e+00
1.535687730725262590e+01 -1.100122068339583059e+01 0.000000000000000000e+00
6.656419902158225987e+00 4.126851724724287962e+00 0.000000000000000000e+00
6.114087077560056649e+00 1.328513811317219506e+01 0.000000000000000000e+00
8.328752802926663534e+00 -5.835855014809104624e+00 0.000000000000000000e+00
1.508983875388842932e+01 -7.435838705185459752e+00 0.000000000000000000e+00
1.013877584698792411e+00 -3.305610945615257368e+00 0.000000000000000000e+00
-5.348813642314018679e+00 -1.735056051844566127e+01 0.000000000000000000e+00
-9.177093267010700828e+00 -3.051189040899010774e+00 0.000000000000000000e+00
-2.579429137418849383e+00 5.873117641757154006e-01 0.000000000000000000e+00
-6.644159543630681064e+00 -3.564693691355119931e+00 0.000000000000000000e+00
7.172301210875255961e+00 -1.525407612766917786e+01 0.000000000000000000e+00
-7.910210440098818019e+00 3.418933205192170366e+00 0.000000000000000000e+00
-8.654676451516339242e+00 1.592393794878851487e+01 0.000000000000000000e+00
6.498540420047449473e-01 1.079985053657167526e+01 0.000000000000000000e+00
-1.754307581055447329e+01 -1.824093819009357409e+00 0.000000000000000000e+00
-1.879117801646479080e+01 5.761014414021827790e-01 0.000000000000000000e+00
-1.357712284481270792e+01 2.115481387683100678e+00 0.000000000000000000e+00
6.205539525635182407e+00 8.819914828949944052e+00 0.000000000000000000e+00
1.268548269614028179e+01 -3.894009595690281156e+00 0.000000000000000000e+00
8.506031281397611110e+00 4.491880887144014345e+00 0.000000000000000000e+00
1.726726485059282723e+01 4.080622519484065513e+00 0.000000000000000000e+00
-1.161621175635044523e+01 -1.373905687268177367e+01 0.000000000000000000e+00
-2.871079512867976025e+00 -1.803098041447639588e+01 0.000000000000000000e+00
9.303834555518523119e-01 -6.957788090497345479e+00 0.000000000000000000e+00
2.519892574779225569e+00 4.275270587172408376e+00 0.000000000000000000e+00
1.701670461796036538e+00 1.391156436411873010e+01 0.000000000000000000e+00
1.418744823753017847e+01 6.717506270171377025e+00 0.000000000000000000e+00
9.753952207918691997e+00 7.369871602428095692e+00 0.000000000000000000e+00
5.763343000248763559e+00 1.557510096340660866e+01 0.000000000000000000e+00
-1.506982665328483240e+00 4.977075269985018480e+00 0.000000000000000000e+00
-1.438779731464558953e+00 -1.272578384883887281e+01 0.000000000000000000e+00
3.482515242945458667e+00 1.704840947578023602e+01 0.000000000000000000e+00
-1.319163299381897403e+01 -8.549910320317177792e+00 0.000000000000000000e+00
1.087324261044019735e+01 -1.880698753760075892e+00 0.000000000000000000e+00
-5.196388396730935888e+00 -8.852704544201044357e+00 0.000000000000000000e+00
-1.628827600198642855e+01 -1.022305637812718354e-01 0.000000000000000000e+00
-1.209317012526477697e+01 1.418327875003500438e+01 0.000000000000000000e+00
8.233861126067482772e+00 -4.089059094659186933e+00 0.000000000000000000e+00
-1.402930845411491312e+01 8.661158825450716137e+00 0.000000000000000000e+00
-4.476710210237459187e+00 1.548667452600690986e+01 0.000000000000000000e+00
-1.047444177799753540e+01 -6.476933311558087603e+00 0.000000000000000000e+00
-9.610032057957347718e+00 4.188195180209408619e+00 0.000000000000000000e+00
-3.863051483624051929e+00 7.246627473964795563e+00 0.000000000000000000e+00
1.034206770551151067e+00 7.992386844780195787e+00 0.000000000000000000e+00
-8.771453674862758065e-01 8.680038297168632511e+00 0.000000000000000000e+00
-1.520794483290018917e+01 2.787967244560551450e+00 0.000000000000000000e+00
-1.089575419870789119e+01 -1.641444528874542286e+00 0.000000000000000000e+00
1.001834405757107405e+01 1.213171549968702401e+01 0.000000000000000000e+00
-1.425327212211706396e+01 1.210007249571472876e+01 0.000000000000000000e+00
-4.583419594517548212e+00 -3.317420718415354131e+00 0.000000000000000000e+00
1.554183759575220591e+01 -9.169448663123461074e+00 0.000000000000000000e+00
-1.586223900691089206e+01 9.740893293252346652e+00 0.000000000000000000e+00
4.604250710537754365e+00 -1.488749455628652640e+01 0.000000000000000000e+00
1.086025054871576323e+01 4.134855722384199184e-01 0.000000000000000000e+00
2.554415878991896371e-01 1.226180663036730678e+01 0.000000000000000000e+00
-1.298277225518026690e+01 1.026679009014194932e+01 0.000000000000000000e+00
9.862500999204673491e+00 1.458776104932835160e+01 0.000000000000000000e+00
1.095388502710734357e+01 1.027661119576791826e+01 0.000000000000000000e+00
-3.967900262617806373e+00 -1.591320634067865036e+01 0.000000000000000000e+00
-1.140066050150791810e+01 -7.955317497936073678e+00 0.000000000000000000e+00
-6.169987124927182265e+00 1.108029607469972433e+01 0.000000000000000000e+00
7.182689602592532196e+00 4.256997265561016097e-02 0.000000000000000000e+00
7.526064033089510552e+00 -1.732445594479366946e+01 0.000000000000000000e+00
-4.222863579370795151e+00 -4.178337690835839391e-01 0.000000000000000000e+00
-1.747531174411415833e+01 4.749988559946431543e+00 0.000000000000000000e+00
2.060565150842622373e+00 -9.381148473827394696e+00 0.000000000000000000e+00
5.016323514742167866e+00 -8.076337426757463689e+00 0.000000000000000000e+00
6.605022232688357420e+00 5.686995601291150670e+00 0.000000000000000000e+00
6.102749175585423735e+00 1.782446733206619172e+01 0.000000000000000000e+00
-8.454316954824449226e+00 9.836515733244992177e+00 0.000000000000000000e+00
-1.284463553156013838e+01 -1.086686779340788789e+01 0.000000000000000000e+00
-3.539160192445394149e+00 -5.902649560927908823e+00 0.000000000000000000e+00
-1.302600386294333212e+01 6.298364770282025127e+00 0.000000000000000000e+00
-1.752073840694682971e+00 2.304503961068137929e+00 0.000000000000000000e+00
-6.801043547080947160e-01 1.364343856631363927e+01 0.000000000000000000e+00
-2.042532419733575466e+00 -1.986478200632517677e+00 0.000000000000000000e+00
-1.017749623842941986e+01 1.515770918505966591e+01 0.000000000000000000e+00
1.829124987038767713e+01 -8.167321385010999357e-01 0.000000000000000000e+00
1.633138667133798405e+00 -4.949283096733314125e+00 0.000000000000000000e+00
-7.862515727335491533e+00 1.755012621972441123e+00 0.000000000000000000e+00
1.151239771173286819e+01 -1.323712908209254024e+01 0.000000000000000000e+00
-1.710965468009989365e+01 -5.180915123204334449e+00 0.000000000000000000e+00
-7.538186125453623987e+00 -8.931621422760413154e+00 0.000000000000000000e+00
1.373511947376455211e+01 1.042362163417564247e+01 0.000000000000000000e+00
3.406183196167537730e+00 -1.238940314826359490e+01 0.000000000000000000e+00
-8.911289032037721380e-01 -9.121311318940332313e+00 0.000000000000000000e+00
-4.323814613040076971e+00 3.912620342497814541e+00 0.000000000000000000e+00
5.088497673532964782e+00 1.213055089968482569e+01 0.000000000000000000e+00
2.873061363421238301e+00 1.549731203479747599e+01 0.000000000000000000e+00
-1.232537301079455005e+01 1.243823762095009888e+00 0.000000000000000000e+00
9.696027200524564904e+00 -1.139295170000416313e+01 0.000000000000000000e+00
-1.019094251023714115e+01 7.917253798433263157e+00 0.000000000000000000e+00
6.383787394712022945e+00 -6.763818017276876482e+00 0.000000000000000000e+00
9.148531671942818022e+00 -8.364987380099245584e+00 0.000000000000000000e+00
1.886830303352163440e+01 2.101779072515169933e+00 0.000000000000000000e+00
1.029446660452953566e+01 -4.310180648689744487e+00 0.000000000000000000e+00
1.134980475449485482e+01 8.299410798712616000e+00 0.000000000000000000e+00
-7.958178105017056359e-01 -1.460546945698488130e+01 0.000000000000000000e+00
8.903304703968021983e+00 2.514716608745872328e+00 0.000000000000000000e+00
-1.122337791599287371e+01 5.460893062200363524e+00 0.000000000000000000e+00
5.948928941251552249e-01 1.878921018693006673e+01 0.000000000000000000e+00
1.123639720600625447e+00 5.931525967113358888e+00 0.000000000000000000e+00
-6.884318126423897510e+00 1.361730863302107863e+01 0.000000000000000000e+00
1.834691769974277165e+01 -4.236497148029680915e+00 0.000000000000000000e+00
1.339511855991507439e+01 -1.263825541701254218e-01 0.000000000000000000e+00
-3.201979838343816720e+00 9.963687034560781086e+00 0.000000000000000000e+00
1.326702914307840686e+01 -1.301749423749620149e+01 0.000000000000000000e+00
1.638005056022142725e+01 2.305873833114285176e+00 0.000000000000000000e+00
1.464882114099722354e+00 -1.082699422200663975e+01 0.000000000000000000e+00
4.710805192819699450e+00 -1.194990532969253838e+00 0.000000000000000000e+00
1.663925279112276889e-01 -1.893297616129408212e+01 0.000000000000000000e+00
-2.164373217203936051e+00 1.119221778397296241e+01 0.000000000000000000e+00
5.181231049258733456e+00 7.309796561891280575e+00 0.000000000000000000e+00
7.637411783629131534e+00 1.729170633790286971e+01 0.000000000000000000e+00
7.702452859091489579e+00 -1.279204156513157287e+01 0.000000000000000000e+00
1.527780041780570697e+00 1.617838675766713052e+01 0.000000000000000000e+00
-1.227985358878040856e+01 -3.496974432159828616e+00 0.000000000000000000e+00
1.487875555006075956e+01 9.072377367409703908e+00 0.000000000000000000e+00
1.865830533903545918e+00 -1.437257567442467909e+01 0.000000000000000000e+00
-1.077707997816585817e+01 -9.488440735361546530e+00 0.000000000000000000e+00
-3.698797988749673582e+00 2.376036354636358094e+00 0.000000000000000000e+00
6.864344602378269045e+00 -4.869589956505864237e+00 0.000000000000000000e+00
-7.748871883203055644e-01 1.089582566664937024e+00 0.000000000000000000e+00
-2.186145780187065402e+00 1.463994918335739115e+01 0.000000000000000000e+00
1.518748406103257764e+01 -1.834019282473766665e+00 0.000000000000000000e+00
2.811564934623632439e+00 8.246144716897509497e+00 0.000000000000000000e+00
-4.747461632974801837e+00 -4.952463161774506517e+00 0.000000000000000000e+00
8.115843109279898826e+00 7.291529533358353632e+00 0.000000000000000000e+00
-3.928958177573636412e+00 -1.023065310695095675e+01 0.000000000000000000e+00
-7.157367791151499681e+00 -1.423034448615972636e+01 0.000000000000000000e+00
-3.102475168519552184e+00 -8.714113521847782096e+00 0.000000000000000000e+00
-1.205077488296060295e+01 -5.276979304472265930e+00 0.000000000000000000e+00
3.762470371247167655e+00 -4.308964383970855572e+00 0.000000000000000000e+00
-1.249009326702666733e+01 8.642390992481050915e+00 0.000000000000000000e+00
1.371196711315583627e+01 4.489594369039105359e+00 0.000000000000000000e+00
1.071391042933595017e+01 -1.012445050379142764e+01 0.000000000000000000e+00
-6.500445518018866053e+00 -1.061220219065162595e+01 0.000000000000000000e+00
1.880588201079919486e+01 -2.242939361075212634e+00 0.000000000000000000e+00
-1.455404113120652632e+01 1.049997871401135541e+01 0.000000000000000000e+00
1.657294085779842940e-01 -9.988169121425189978e-01 0.000000000000000000e+00
-1.703328634088704163e+01 -3.422498540219824026e+00 0.000000000000000000e+00
-5.951739283672596414e+00 6.299679780150251318e+00 0.000000000000000000e+00
4.302994290446531700e+00 -9.665874014682694693e+00 0.000000000000000000e+00
-1.010833576853245397e+01 5.691551523625697495e-01 0.000000000000000000e+00
-2.494817296389429284e+00 8.005482344650928894e+00 0.000000000000000000e+00
-1.164930081139530227e+00 1.859915688481195417e+01 0.000000000000000000e+00
1.462916143357518628e+01 1.186407741607566990e+01 0.000000000000000000e+00
1.206996531742134593e+01 1.390621703587465774e+01 0.000000000000000000e+00
2.680744495597768395e+00 6.038053719122977725e+00 0.000000000000000000e+00
-1.027787311987959029e+01 1.015069112350882641e+01 0.000000000000000000e+00
1.227484281996052218e+01 -6.171638026882093619e+00 0.000000000000000000e+00
1.994959171077079763e+00 1.232542453293864426e+01 0.000000000000000000e+00
7.895854080359998584e+00 1.155550783446362750e+01 0.000000000000000000e+00
1.694064880925430217e+01 -8.424811947573134674e+00 0.000000000000000000e+00
1.631427868312070828e+01 5.317829267274253091e+00 0.000000000000000000e+00
-8.361488298267691022e+00 -1.062693859870744006e+01 0.000000000000000000e+00
3.091864364606338178e+00 -7.653632661465360698e+00 0.000000000000000000e+00
5.049475073509325895e+00 5.476971493753594267e+00 0.000000000000000000e+00
1.709337211468982787e+01 -2.440404638763614020e+00 0.000000000000000000e+00
-8.943640097354650820e+00 1.405792138143457670e+01 0.000000000000000000e+00
9.195017015215791290e+00 9.263763981845240636e+00 0.000000000000000000e+00
-2.396685641009966561e-01 -1.626142062348851525e+01 0.000000000000000000e+00
-1.262167723984128642e+01 4.167276569164373612e+00 0.000000000000000000e+00
-1.021852602880426897e+00 -1.796085471648527232e+01 0.000000000000000000e+00
5.179092209424508653e+00 -1.660284833521057379e+01 0.000000000000000000e+00
8.126259468525809382e+00 1.555856353745383380e+01 0.000000000000000000e+00
-1.221579764049405048e+00 -4.460241934779322293e+00 0.000000000000000000e+00
9.154667659851485340e+00 -2.357990939984860590e-01 0.000000000000000000e+00
-1.384879722800160273e+01 -5.814552083675160965e+00 0.000000000000000000e+00
1.382572665300085113e+01 -8.651594637101871044e+00 0.000000000000000000e+00
1.482704553324885666e+01 4.590869096859421794e-01 0.000000000000000000e+00
-1.447523998583249494e+01 1.499607798331655806e-01 0.000000000000000000e+00
9.874306855179433740e+00 -6.286947844884816838e+00 0.000000000000000000e+00
6.900591054175551520e+00 -1.144821120569333317e+01 0.000000000000000000e+00
-1.535459606989316406e+01 -5.036386499367618619e+00 0.000000000000000000e+00
-2.909130058514779904e+00 1.831710655766022100e+01 0.000000000000000000e+00
-5.450584994032942276e+00 1.727798494402901675e+00 0.000000000000000000e+00
1.043959889991633005e+01 3.219346279543513045e+00 0.000000000000000000e+00
