-7.586270280470582605e+00 -9.761089147011599465e+00 0.000000000000000000e+00
-4.861855681463262968e+00 -1.062577078563146671e+01 0.000000000000000000e+00
8.100451260470356019e+00 1.603077980528614788e+01 0.000000000000000000e+00
-5.759261844728850832e+00 -1.371090347827765576e+01 0.000000000000000000e+00
-6.456281683077779832e+00 4.037709931225076154e+00 0.000000000000000000e+00
9.991941396139251808e+00 -1.344191420984432384e+01 0.000000000000000000e+00
2.576154454487698420e+00 1.158771223083361868e+01 0.000000000000000000e+00
-4.384314347426185421e+00 -6.482857053713447115e+00 0.000000000000000000e+00
1.402932282072968917e+01 -1.185796611554030022e+01 0.000000000000000000e+00
-7.338019151263115880e+00 1.537069958614186049e+01 0.000000000000000000e+00
-1.224371829051158755e+01 8.010322843976636520e+00 0.000000000000000000e+00
-1.178440062068665384e+01 3.759546473229115338e-02 0.000000000000000000e+00
8.714436124933646610e+00 -1.026838445612593453e+01 0.000000000000000000e+00
1.577688707328102424e+01 4.262814539036225092e+00 0.000000000000000000e+00
7.709688101189182241e+00 9.013307635639900894e+00 0.000000000000000000e+00
6.456520578466395932e+00 8.103412485991528413e+00 0.000000000000000000e+00
-1.024732613570438389e+01 1.155491224523373894e+01 0.000000000000000000e+00
-9.167044841437869351e+00 7.072634584369989597e+00 0.000000000000000000e+00
-4.472093533930066478e+00 -2.931136708539284541e+00 0.000000000000000000e+00
4.542990220398120726e+00 -1.254978009543173956e+00 0.000000000000000000e+00
-1.560155230482349964e+01 -5.256636038568323066e+00 0.000000000000000000e+00
6.751391664105871548e+00 5.914152151222446641e+00 0.000000000000000000e+00
9.220623588153939565e+00 -1.181723031281820990e+00 0.000000000000000000e+00
1.334566697975986216e+01 -4.596996579656191351e+00 0.000000000000000000e+00
-5.356277744413358910e+00 1.723819911406956606e+01 0.000000000000000000e+00
-5.972826521549660761e+00 -2.724963844533672574e+00 0.000000000000000000e+00
1.733778541035730214e+01 1.220556296068592061e+00 0.000000000000000000e+00
1.007189116066851930e+01 1.347460970459697593e+00 0.000000000000000000e+00
2.696095337403905834e+00 1.403240988841000680e+00 0.000000000000000000e+00
7.764383520788689097e+00 3.901452006108226733e+00 0.000000000000000000e+00
-9.860750378518268633e+00 -9.119548582852537777e+00 0.000000000000000000e+00
9.231386350645081507e+00 7.150720861223319069e+00 0.000000000000000000e+00
-1.002782422007726204e+01 -1.099998338119583075e+01 0.000000000000000000e+00
1.297567127702042811e+01 -8.342436254544344010e+00 0.000000000000000000e+00
-8.439172569239493882e+00 -1.674707396769041878e+01 0.000000000000000000e+00
7.232426486502576690e-01 -1.075926821319480453e+01 0.000000000000000000e+00
-2.962151032462982059e+00 -8.861954837649957284e+00 0.000000000000000000e+00
7.480359791701016725e-01 1.375937015533778762e+01 0.000000000000000000e+00
8.333024890638395243e-01 -2.594866994775900881e+00 0.000000000000000000e+00
8.334110443013107883e+00 -4.229294624042126749e+00 0.000000000000000000e+00
-1.814039135294357896e+00 -4.957558292384243614e+00 0.000000000000000000e+00
-1.146514759579109288e+01 -2.511844946126039702e+00 0.000000000000000000e+00
2.755403424162934822e+00 -1.284356063369073553e+01 0.000000000000000000e+00
-1.763990780069029896e+01 4.013870850353171704e+00 0.000000000000000000e+00
-5.775617369947439350e+00 -1.582714614557779420e+01 0.000000000000000000e+00
-6.660552280601129915e+00 9.946876219039326728e+00 0.000000000000000000e+00
1.533735035806500235e+01 -2.633585584848059380e+00 0.000000000000000000e+00
-2.800031455787934220e+00 4.395844534244145230e+00 0.000000000000000000e+00
1.144136041612446064e+01 -5.636329077983084801e+00 0.000000000000000000e+00
-1.390493876545196628e+01 2.057210205558932969e+00 0.000000000000000000e+00
-7.198509206706797947e+00 1.289376373051451274e+01 0.000000000000000000e+00
-1.639367029608753867e+01 7.218961460638231742e+00 0.000000000000000000e+00
8.376877554556456662e-01 1.610773945424418940e+01 0.000000000000000000e+00
1.445307773129417583e+01 2.010896622424317215e+00 0.000000000000000000e+00
4.753661372848536182e+00 -6.964996967845407561e+00 0.000000000000000000e+00
1.407210842531385175e+00 -1.717845024745501092e+01 0.000000000000000000e+00
-4.739714160866087767e+00 8.557742292364611814e+00 0.000000000000000000e+00
-3.668284994956493961e+00 -1.637282091512718196e+01 0.000000000000000000e+00
-1.190555337056974139e+01 1.227616509734671268e+01 0.000000000000000000e+00
-1.536011656238414957e+01 4.831613205698743307e+00 0.000000000000000000e+00
-1.191642058244956059e-01 4.621569624485325711e+00 0.000000000000000000e+00
-1.105030338993564243e+01 -5.120225022097940837e+00 0.000000000000000000e+00
7.999304890984353378e+00 -1.425943959625421620e+01 0.000000000000000000e+00
1.255138774236099941e+01 -6.763721844235866421e+00 0.000000000000000000e+00
6.115205569041048950e-01 1.246372695732546054e+00 0.000000000000000000e+00
-1.491955541593644874e+01 -3.548426653645548878e+00 0.000000000000000000e+00
-1.414982033043595822e+00 -1.879007635322130199e+01 0.000000000000000000e+00
1.593818783784938731e+01 -6.924390523207661019e+00 0.000000000000000000e+00
-1.329641673922344758e+01 -1.258567840268024796e+01 0.000000000000000000e+00
-4.008964481796942536e+00 5.720900971022388148e+00 0.000000000000000000e+00
4.196021979196607354e+00 -1.493335819157038635e+01 0.000000000000000000e+00
-8.319627276689553597e+00 1.445936765471390162e+00 0.000000000000000000e+00
3.882196900768087211e+00 1.610588205098483883e+01 0.000000000000000000e+00
3.210331199130821433e-01 -7.532557738394979552e+00 0.000000000000000000e+00
4.278954892535370647e+00 1.785391396602767466e+00 0.000000000000000000e+00
1.057004201284518707e+01 -2.908953295651881099e+00 0.000000000000000000e+00
1.374402486209520902e+01 3.780888708906870566e+00 0.000000000000000000e+00
-1.251759889450525343e+01 5.831146212990898192e+00 0.000000000000000000e+00
-1.645708845833226519e+01 -1.461226530564573745e+00 0.000000000000000000e+00
2.681952794379118821e+00 1.005208248261035919e+01 0.000000000000000000e+00
6.691365935523005959e+00 -1.557300195778100615e+01 0.000000000000000000e+00
1.457887413661082654e+01 6.067989647801705466e+00 0.000000000000000000e+00
-1.392901030075610258e+01 -9.593144029933100114e+00 0.000000000000000000e+00
1.481977701690659899e+01 1.136738110334104590e+01 0.000000000000000000e+00
-1.235634182223438415e+01 4.097068544275972890e+00 0.000000000000000000e+00
-1.195202317223243105e+00 1.924902596478858641e+00 0.000000000000000000e+00
-5.873878979501284014e+00 2.489112475518276302e+00 0.000000000000000000e+00
-9.008072409315303730e+00 -6.880321083920582836e+00 0.000000000000000000e+00
1.618069297882656343e+01 6.053650020589095071e+00 0.000000000000000000e+00
-3.732985215526716249e+00 4.586826696269358794e-01 0.000000000000000000e+00
-5.357505670396650821e+00 1.197177470414770006e+01 0.000000000000000000e+00
1.303885555906557592e+01 1.363236848959756387e+01 0.000000000000000000e+00
-1.451859232232729724e+01 -1.151135330532590473e+01 0.000000000000000000e+00
4.779151940027455581e+00 1.418136728700995519e+01 0.000000000000000000e+00
4.591769815742918759e+00 7.520282610849904792e+00 0.000000000000000000e+00
1.705726749285251742e+01 7.999309457445370697e+00 0.000000000000000000e+00
9.453553216266831427e+00 1.285831815345560081e+01 0.000000000000000000e+00
1.686031875252581003e+01 -4.711878053007358069e+00 0.000000000000000000e+00
-5.135519382526112508e+00 1.556327577097119352e+01 0.000000000000000000e+00
-7.494774678384807487e+00 -7.093385769168566668e+00 0.000000000000000000e+00
-8.257842924469436241e+00 8.616370861462515407e+00 0.000000000000000000e+00
1.337558894431608714e+01 9.058555974522922938e+00 0.000000000000000000e+00
2.365228545530230431e+00 -8.405914185036190700e-01 0.000000000000000000e+00
2.055598575853622823e+00 3.088398188889587725e+00 0.000000000000000000e+00
-6.902496249049096200e+00 -1.511844644302144935e+00 0.000000000000000000e+00
1.222903552868661237e+01 1.195477192858135496e+01 0.000000000000000000e+00
1.095183912293130035e+01 -1.219318298121682176e+01 0.000000000000000000e+00
3.474018797096733446e-01 -5.549201624341492334e+00 0.000000000000000000e+00
1.239236232496706513e+01 -1.098701626324706737e+01 0.000000000000000000e+00
-8.846918347385091863e+00 1.453033173831913594e+01 0.000000000000000000e+00
-1.217482310029136450e+01 -9.311696788693925697e+00 0.000000000000000000e+00
1.200223236588086273e+01 6.559860792032353949e+00 0.000000000000000000e+00
-5.324222828576855804e+00 7.137344291736523516e+00 0.000000000000000000e+00
1.807612184008118561e+01 3.233154757899256992e+00 0.000000000000000000e+00
-3.051524115693975858e+00 1.838738656407082672e+01 0.000000000000000000e+00
-2.667931659008623502e+00 1.358556788482263400e+01 0.000000000000000000e+00
5.436085597525014412e-01 1.854327073377468338e+01 0.000000000000000000e+00
5.322835900966062184e+00 1.783152204391841877e+01 0.000000000000000000e+00
-5.462083761194434395e+00 8.551288808776462691e-01 0.000000000000000000e+00
1.385617784155766508e+01 -1.448943376369610458e+00 0.000000000000000000e+00
-1.489028609082710952e+00 8.535587087615061463e+00 0.000000000000000000e+00
-2.148880827255086778e+00 1.566767631850639653e+01 0.000000000000000000e+00
-1.151690984857197897e+01 1.052988844525589229e+01 0.000000000000000000e+00
-2.285571599425437750e+00 -3.194312850952035543e+00 0.000000000000000000e+00
1.442600635075849524e+01 7.976100127515676874e+00 0.000000000000000000e+00
-6.048918228200441671e-01 1.120371785900214157e+01 0.000000000000000000e+00
1.013747815872239144e+01 1.442731453176492096e+01 0.000000000000000000e+00
1.040518113537500788e+01 8.822453949009519292e+00 0.000000000000000000e+00
6.461569036714843506e+00 -3.989987029142132879e+00 0.000000000000000000e+00
-1.364145619691780631e+01 -7.951950484075204884e+00 0.000000000000000000e+00
-1.720201205286092971e+01 4.219601025394013050e-01 0.000000000000000000e+00
4.328116698947157559e+00 1.231717501109442914e+01 0.000000000000000000e+00
-1.463849675753802337e+01 7.742507506017662244e+00 0.000000000000000000e+00
-1.749673610056369233e+00 6.981488538083066686e+00 0.000000000000000000e+00
4.448554770044759188e+00 -1.700146212197303797e+01 0.000000000000000000e+00
4.065972364335968869e+00 -5.185125795941239346e+00 0.000000000000000000e+00
-1.103662414610954201e+01 -7.283133771315922544e+00 0.000000000000000000e+00
1.442896112880287518e+01 2.879465662448852381e-01 0.000000000000000000e+00
-9.479751403642538321e+00 -1.184631634389470722e+00 0.000000000000000000e+00
7.059757420826620056e+00 -1.136097443319851763e+01 0.000000000000000000e+00
-1.221507582712950146e+01 -1.105204955725165128e+01 0.000000000000000000e+00
-1.410819765309264540e+01 1.253760244121285616e+01 0.000000000000000000e+00
9.167530189878547731e+00 -8.356532875487358680e+00 0.000000000000000000e+00
-4.460543525780990670e+00 -1.765623591545746152e+01 0.000000000000000000e+00
-1.214845223026958365e+01 2.065534954242607135e+00 0.000000000000000000e+00
1.485674356369120375e+01 -8.982119784323257861e+00 0.000000000000000000e+00
9.687267414476179894e+00 -6.237088779224651880e+00 0.000000000000000000e+00
4.366022501744152073e+00 -9.649245483529801604e+00 0.000000000000000000e+00
-7.792212173467098602e+00 -1.141320363689111161e+01 0.000000000000000000e+00
5.326955339385782473e+00 1.110555792204736036e+01 0.000000000000000000e+00
-1.543388809557515629e+01 -1.023423139615956678e+01 0.000000000000000000e+00
-1.686619324526625263e+01 -3.128814666048599591e+00 0.000000000000000000e+00
-8.667444849025095266e+00 3.817196054149905926e+00 0.000000000000000000e+00
1.180156219303064447e+01 -1.383363427867207562e+01 0.000000000000000000e+00
5.784701646529316621e-01 7.933007356570346502e+00 0.000000000000000000e+00
-8.538988604741771127e+00 -2.862255506651860237e+00 0.000000000000000000e+00
7.553428054583720019e+00 -8.696520328912166420e+00 0.000000000000000000e+00
-5.472536917630057562e-01 -1.397990007825456438e+01 0.000000000000000000e+00
-1.105610390724559089e+01 6.328245610473173244e+00 0.000000000000000000e+00
2.223156744553077768e+00 8.000319093962032113e+00 0.000000000000000000e+00
-9.219016465756471490e+00 -4.622314797244378326e+00 0.000000000000000000e+00
1.022457983108593815e+01 1.095461303855952728e+01 0.000000000000000000e+00
-3.580701875844921389e+00 1.997164970419546437e+00 0.000000000000000000e+00
-5.524701841301645544e+00 1.370532019000230406e+01 0.000000000000000000e+00
-9.475687892148057401e+00 1.291173478071361025e+01 0.000000000000000000e+00
7.141956851594798650e+00 -6.955753519214986191e+00 0.000000000000000000e+00
2.683958269097327598e+00 -1.035798211912556610e+01 0.000000000000000000e+00
2.817610566952653883e+00 -1.566897662686099402e+01 0.000000000000000000e+00
6.431542185939199463e+00 1.280659974865657080e+00 0.000000000000000000e+00
-6.808956823379942236e+00 5.745444291749707943e+00 0.000000000000000000e+00
1.793819314639967999e+01 -2.572176220951420511e+00 0.000000000000000000e+00
-1.756540247431960466e+01 -5.954353499838736852e+00 0.000000000000000000e+00
-1.489652573355417609e+01 4.814044904662642121e-01 0.000000000000000000e+00
-1.246934308256111379e+01 -4.484529704423775520e+00 0.000000000000000000e+00
1.440534905647007768e+01 -7.064748212882463463e+00 0.000000000000000000e+00
9.405250266616341781e-01 9.820658841274697792e+00 0.000000000000000000e+00
6.328378918524193431e+00 1.542297149610442375e+01 0.000000000000000000e+00
1.602291661916538246e+01 -1.251240455571941190e+00 0.000000000000000000e+00
1.193353353347665191e+01 4.250315221953151479e-01 0.000000000000000000e+00
8.073848163136984724e+00 1.085339227133189510e+01 0.000000000000000000e+00
3.013094460068360458e+00 -2.248323921167163064e+00 0.000000000000000000e+00
-9.365931582028382607e+00 -1.367344256680168613e+01 0.000000000000000000e+00
-3.157822832262366486e+00 -1.299287619680216643e+01 0.000000000000000000e+00
-2.050711525796553580e+00 -1.427948838403882270e+01 0.000000000000000000e+00
3.848473007948825519e-01 6.321010022760928493e+00 0.000000000000000000e+00
4.285022718180826473e+00 3.643685303291939626e+00 0.000000000000000000e+00
-1.340566390896335669e+01 -2.625961194888781325e+00 0.000000000000000000e+00
-4.702997846248180736e+00 -8.985842857750233392e+00 0.000000000000000000e+00
1.403104560983545523e+00 -1.470372631800558949e+01 0.000000000000000000e+00
-2.909528376571711927e+00 -1.130517067990104074e+01 0.000000000000000000e+00
2.273284356781031246e+00 -8.882724961205370917e+00 0.000000000000000000e+00
-1.430923086861042748e+00 -1.242930897585049799e+01 0.000000000000000000e+00
2.980121598484766210e+00 1.467111407306550142e+01 0.000000000000000000e+00
-1.342813084330309215e+00 -7.547302195560734894e+00 0.000000000000000000e+00
-1.287068607354276217e+01 -9.999745978421065162e-01 0.000000000000000000e+00
1.192198445899087211e+01 1.037815123500138981e+01 0.000000000000000000e+00
2.528496155866079675e+00 -7.267424053662967509e+00 0.000000000000000000e+00
-1.539361970924922574e+01 -7.950521156718532545e+00 0.000000000000000000e+00
1.745460303524702539e+01 -4.730025959415772863e-01 0.000000000000000000e+00
-1.598665165318686299e+01 1.015392253368249342e+01 0.000000000000000000e+00
5.811243720792826473e+00 -1.351288234551504353e+01 0.000000000000000000e+00
-8.301646621093183853e+00 1.157743210376506759e+01 0.000000000000000000e+00
7.204491412400700234e+00 -2.311499083020923440e+00 0.000000000000000000e+00
7.983982582907225733e+00 8.557673274054289347e-01 0.000000000000000000e+00
4.506293385528520545e+00 -1.197906064369559331e+01 0.000000000000000000e+00
-9.377784639866253436e-01 -8.412780664748336079e-01 0.000000000000000000e+00
1.530959903699189439e+01 -4.724865495325129672e+00 0.000000000000000000e+00
-3.642685197781241779e+00 1.660224128058237270e+01 0.000000000000000000e+00
-2.032003492220868957e+00 4.073571900877144270e-01 0.000000000000000000e+00
-1.188202912839424208e+01 1.428289326920359592e+01 0.000000000000000000e+00
8.861519482512932200e+00 2.411107263552745739e+00 0.000000000000000000e+00
-1.388771653978783682e+01 -5.394687231548092932e+00 0.000000000000000000e+00
-7.309749391861990908e+00 -1.329340995605754649e+01 0.000000000000000000e+00
-1.886792749059895158e+01 4.267533751230430661e-01 0.000000000000000000e+00
3.481817346714969119e+00 5.725463819037107882e+00 0.000000000000000000e+00
1.148112058042081074e+01 -7.818034802368108771e+00 0.000000000000000000e+00
1.886663272164730998e+01 1.028946506909112157e+00 0.000000000000000000e+00
-1.036745998986616790e+01 9.432330792027538990e+00 0.000000000000000000e+00
-3.211993520802308155e-01 -1.629944985312138428e+01 0.000000000000000000e+00
4.575702699176585675e+00 -3.638068933832366625e+00 0.000000000000000000e+00
-1.149224010141095986e+00 1.330150599026118208e+01 0.000000000000000000e+00
5.806909196108954063e+00 -8.817083679867463886e+00 0.000000000000000000e+00
2.222361340431854515e+00 -4.923796676010636197e+00 0.000000000000000000e+00
1.720313447575795252e+01 4.763751481594653114e+00 0.000000000000000000e+00
-1.756749463967766545e+01 5.882621014546526084e+00 0.000000000000000000e+00
-1.315098997818910398e+01 9.545134902630300289e+00 0.000000000000000000e+00
-1.190876034964857055e+01 -1.323507377542938812e+01 0.000000000000000000e+00
1.927548835457477017e+00 5.952675661865797885e+00 0.000000000000000000e+00
7.283972812904266014e+00 -1.718245077341511973e+01 0.000000000000000000e+00
-1.254216513442987768e+01 -6.902643426954731432e+00 0.000000000000000000e+00
-1.839348799057475503e+01 2.185182343072612721e+00 0.000000000000000000e+00
1.077412658545177315e+01 -8.262524674595957963e-01 0.000000000000000000e+00
-6.269437320234147570e+00 -1.116391883023369402e+01 0.000000000000000000e+00
7.230052772627880486e+00 1.282143690910044320e+01 0.000000000000000000e+00
1.037925013184337431e+01 3.370772553311206288e+00 0.000000000000000000e+00
5.584572283608399523e+00 9.527318900512330657e+00 0.000000000000000000e+00
-1.618374705141311765e+01 2.866596040403684764e+00 0.000000000000000000e+00
1.313549823381872095e-01 -1.807636529735805553e+01 0.000000000000000000e+00
-1.142841314719438950e+00 1.788611846521563820e+01 0.000000000000000000e+00
-8.086926247104821996e+00 1.694293940659649422e+01 0.000000000000000000e+00
1.051297163452920902e+00 -1.289452726987395792e+01 0.000000000000000000e+00
4.910350526155443873e+00 5.195083278197847321e+00 0.000000000000000000e+00
8.981979001753950698e+00 -1.659281750439807013e+01 0.000000000000000000e+00
3.785918903403379776e+00 1.843898885124684861e-01 0.000000000000000000e+00
-7.124183339236437540e+00 -5.295358388324210352e+00 0.000000000000000000e+00
2.026086680056898182e+00 1.708830976173282323e+01 0.000000000000000000e+00
-1.841158846532843452e+00 -1.003479296301371804e+01 0.000000000000000000e+00
1.625569352849018401e+01 9.583770989885117331e+00 0.000000000000000000e+00
-6.561357748625022523e+00 -1.721630025241515227e+01 0.000000000000000000e+00
-1.057901210017577398e+01 2.489214137872200805e+00 0.000000000000000000e+00
-3.222162967688379620e+00 -1.379064987745839410e+00 0.000000000000000000e+00
5.996795922524766453e+00 3.918459596905357500e+00 0.000000000000000000e+00
1.640501480231819542e+01 -8.681081555029152241e+00 0.000000000000000000e+00
-1.853852434627225421e+01 -4.032922204917410269e+00 0.000000000000000000e+00
2.935589261167676156e+00 1.314567689296027098e+01 0.000000000000000000e+00
-3.765322314974787421e+00 1.104052071884762753e+01 0.000000000000000000e+00
