4.158782551550498141e+00 -2.979359174872462379e+00 0.000000000000000000e+00
-1.608232610672595086e+01 2.916659448233485996e+00 0.000000000000000000e+00
3.822154405151898526e+00 -1.290140921120385720e+01 0.000000000000000000e+00
1.371744722305781750e+01 -4.375251737565498900e+00 0.000000000000000000e+00
-5.309312644696023042e+00 -1.473985404163453161e+01 0.000000000000000000e+00
5.017004119201521561e+00 1.950566911812931181e+00 0.000000000000000000e+00
-1.576147109611070463e-01 8.842065573219828778e+00 0.000000000000000000e+00
-6.821690141106395266e+00 -8.935552312596005464e+00 0.000000000000000000e+00
-2.101903264421428386e+00 -5.663499037692615090e+00 0.000000000000000000e+00
-9.230349014992810908e+00 -2.949041923659156073e+00 0.000000000000000000e+00
-1.882626018741936802e+00 5.780937987828201230e+00 0.000000000000000000e+00
2.011076184546410628e-01 4.217706920860089248e+00 0.000000000000000000e+00
-1.285548493943364967e+01 4.600010929285930139e+00 0.000000000000000000e+00
1.042886133586091013e+01 -1.290599732616608764e+00 0.000000000000000000e+00
-3.610902438273234427e+00 -2.770352118892815962e+00 0.000000000000000000e+00
-2.390422358266428127e+00 -1.059762392927299679e+01 0.000000000000000000e+00
3.293651944424298428e+00 1.214011678671522709e+01 0.000000000000000000e+00
2.845774751749222453e+00 4.115654368217815495e+00 0.000000000000000000e+00
6.327967756388624743e+00 1.408799849204977939e+01 0.000000000000000000e+00
-7.517882710026609239e+00 2.008379837782649169e+00 0.000000000000000000e+00
-1.060975315542215824e+01 -7.593459441622770534e+00 0.000000000000000000e+00
-1.642461997761989423e+01 -5.187728581610242529e+00 0.000000000000000000e+00
-4.512644665672503663e+00 -7.819196268633361591e+00 0.000000000000000000e+00
-1.745552087355012816e+01 -1.189225808028028908e+00 0.000000000000000000e+00
1.296899855682393365e+01 -3.064379451166761470e+00 0.000000000000000000e+00
1.059121739003111351e+01 -1.159146217632897624e+01 0.000000000000000000e+00
4.701018207511524771e+00 4.776086048994679700e+00 0.000000000000000000e+00
1.070603645604943566e+01 -5.074088991723408881e+00 0.000000000000000000e+00
-1.152945464188081814e+01 5.672946144634955168e+00 0.000000000000000000e+00
1.522882071563916995e+01 5.293554808033642090e+00 0.000000000000000000e+00
1.303849686993065937e+01 1.061953707701211513e+01 0.000000000000000000e+00
4.074311340628296918e+00 7.321261250259188280e+00 0.000000000000000000e+00
-9.525749616745526893e+00 1.330349625338667785e+01 0.000000000000000000e+00
-1.367348638828422480e+01 -1.968930903570401458e+00 0.000000000000000000e+00
1.300543049221253078e+01 5.223483555908959630e+00 0.000000000000000000e+00
-1.645288212574988126e-02 -8.937440582013012502e+00 0.000000000000000000e+00
1.082008132389483990e+01 -9.356390429802761588e+00 0.000000000000000000e+00
-7.890361248590797238e+00 1.482869506645169544e+01 0.000000000000000000e+00
-1.237935550481721592e+01 -3.705479243300480618e+00 0.000000000000000000e+00
9.080783282719364635e+00 1.054962976015991849e+01 0.000000000000000000e+00
-6.503743490197080312e+00 1.329910492560486368e+01 0.000000000000000000e+00
-9.316901337912316450e+00 7.713870848954232251e+00 0.000000000000000000e+00
6.394244797386564372e+00 1.701563403680003694e-01 0.000000000000000000e+00
-2.500428941862887999e+00 -5.954050477466868996e-01 0.000000000000000000e+00
-2.897352880921713503e+00 1.182702367789134712e+01 0.000000000000000000e+00
-4.029687269739089750e+00 -4.848468630549199965e+00 0.000000000000000000e+00
-1.296669940042516878e+01 1.917516101512776849e+00 0.000000000000000000e+00
-8.282209930044672319e+00 -1.412353039943315292e+00 0.000000000000000000e+00
3.083773233248789936e+00 -7.005929975046139901e+00 0.000000000000000000e+00
-9.852063166390729876e-01 -1.394295673015655623e+01 0.000000000000000000e+00
9.104442219369316192e+00 1.379248888466848344e+00 0.000000000000000000e+00
3.974564340935318629e+00 -1.606847993865759605e+01 0.000000000000000000e+00
-3.731412177395378116e+00 2.032288028310644368e+00 0.000000000000000000e+00
-1.489916069943005006e+01 8.458590060843842906e+00 0.000000000000000000e+00
8.435656135096445851e+00 -6.188693207749645708e+00 0.000000000000000000e+00
1.111777572674568670e+00 1.011825582626742914e+01 0.000000000000000000e+00
-1.218947186031640406e+01 -6.110420581744389068e+00 0.000000000000000000e+00
1.349279104811635044e+01 7.571915656374499370e+00 0.000000000000000000e+00
-9.927175027037012711e+00 1.784489833777391343e+00 0.000000000000000000e+00
-5.581923521308516989e+00 -4.366128967579952835e+00 0.000000000000000000e+00
2.189728152362908631e+00 1.558481547544948143e+01 0.000000000000000000e+00
-9.104761959297533735e+00 -1.172827280139490824e+01 0.000000000000000000e+00
-4.007946951671458535e+00 -1.264749748185880707e+00 0.000000000000000000e+00
1.318149121108074473e+00 -1.577707996932424095e+01 0.000000000000000000e+00
-1.172844268135957790e+01 8.694756326082602182e-01 0.000000000000000000e+00
7.503204019441807482e+00 -1.284832798254743302e+01 0.000000000000000000e+00
-6.085337809446381918e+00 4.637281789457635028e+00 0.000000000000000000e+00
-3.670335044852953921e+00 1.426161399131250818e+01 0.000000000000000000e+00
6.316350218061736577e+00 -1.032633890807179888e+01 0.000000000000000000e+00
1.080155472052081178e+00 6.281117174732074204e+00 0.000000000000000000e+00
6.091935929760428081e+00 1.600842009068646377e+01 0.000000000000000000e+00
4.494603938521791520e+00 -6.458184122692664175e+00 0.000000000000000000e+00
-8.345758434817820870e+00 8.940314953449627566e+00 0.000000000000000000e+00
3.540787410634524068e+00 -1.281765639134033075e+00 0.000000000000000000e+00
1.236994544874222868e+01 -8.410764165827286476e+00 0.000000000000000000e+00
-7.264101143742429656e+00 -1.097079649803095691e+01 0.000000000000000000e+00
-1.175405765990028328e+01 -1.191501100199724128e+01 0.000000000000000000e+00
4.589992457015384275e+00 -8.900832669545593490e+00 0.000000000000000000e+00
9.380463576432815032e+00 4.534914378990660744e+00 0.000000000000000000e+00
6.813312821470589142e+00 9.818171262992779091e+00 0.000000000000000000e+00
8.145514296179056757e+00 6.789733848468540778e+00 0.000000000000000000e+00
6.590014928631131141e+00 -3.870273065716628658e+00 0.000000000000000000e+00
7.288209323159612341e-01 -1.430861139018449357e+01 0.000000000000000000e+00
4.240757547004393224e+00 1.089610293311477918e+01 0.000000000000000000e+00
3.315931335421353765e+00 -1.141237204027379626e+01 0.000000000000000000e+00
-1.612645757793127288e+01 -2.827414666241152563e+00 0.000000000000000000e+00
-1.378688158097399707e+01 6.497936005640315038e+00 0.000000000000000000e+00
-5.797586989049947626e-01 1.159277366913870289e+01 0.000000000000000000e+00
-5.687152917010434905e+00 -1.883252157919013570e+00 0.000000000000000000e+00
1.154624678223295220e+01 8.798590392856644016e+00 0.000000000000000000e+00
-1.034868206283205616e+01 -5.300084865320548566e+00 0.000000000000000000e+00
-1.381610259284860831e+01 3.176575014938131769e+00 0.000000000000000000e+00
7.958887202146959439e+00 1.215281062535964018e+01 0.000000000000000000e+00
8.769103793683520109e+00 -1.328754755380223029e+00 0.000000000000000000e+00
-3.789582122301045075e+00 -1.140361021342702585e+01 0.000000000000000000e+00
-3.418011271127049611e+00 1.582111273522576234e+01 0.000000000000000000e+00
-2.622487971409209973e+00 -8.476784902959831669e+00 0.000000000000000000e+00
1.148179972521661441e+01 7.018880757939803594e+00 0.000000000000000000e+00
1.456013366402764753e+01 4.873594701604850865e-01 0.000000000000000000e+00
1.491112394061993740e+01 -5.817449381266204256e+00 0.000000000000000000e+00
1.250502013911136956e+01 -1.192817544293710164e+01 0.000000000000000000e+00
-3.641635201895891405e-01 -7.382293546145367813e+00 0.000000000000000000e+00
-6.340175444493397094e+00 -1.253555277476824870e+01 0.000000000000000000e+00
1.370705463371633037e+01 2.026228453658864836e+00 0.000000000000000000e+00
1.644842021311338698e+01 3.781666563010564808e+00 0.000000000000000000e+00
7.823517173012088044e+00 5.084498884122014672e+00 0.000000000000000000e+00
-6.823912690487225596e+00 6.872175750577749653e+00 0.000000000000000000e+00
1.556189536058474765e+01 2.012590804946532419e+00 0.000000000000000000e+00
4.855345575247038137e-01 -1.159524549468503452e+01 0.000000000000000000e+00
1.423293127067385733e+01 -9.106780862498570883e+00 0.000000000000000000e+00
1.379488055641580679e+01 3.878114148506095482e+00 0.000000000000000000e+00
-4.796038477195708971e+00 1.054800929468347093e+01 0.000000000000000000e+00
-6.588205838586410623e-01 2.791120041926433260e+00 0.000000000000000000e+00
2.121416526574852135e+00 -1.726517062726800233e+01 0.000000000000000000e+00
-7.700191148162054411e+00 -1.444900069012378019e+01 0.000000000000000000e+00
1.710200938913812863e+01 1.843270178117433655e+00 0.000000000000000000e+00
1.012338593872355119e+01 -1.351012699826070751e+01 0.000000000000000000e+00
-1.394012083269505808e+01 -4.599512061454886336e+00 0.000000000000000000e+00
-7.713566905492920789e+00 -6.850452944650932352e+00 0.000000000000000000e+00
6.251865258719496943e+00 2.830942087228490944e+00 0.000000000000000000e+00
2.006210105175304292e+00 1.331433728531848537e+01 0.000000000000000000e+00
3.229606542935115621e-01 -2.823938085070246906e+00 0.000000000000000000e+00
-1.069411078630689182e+01 -1.003044902377239422e+00 0.000000000000000000e+00
-8.352886367705014692e+00 6.020590257148635160e+00 0.000000000000000000e+00
-1.107816098751406209e+01 9.981821592869438931e+00 0.000000000000000000e+00
1.689439511250120773e+01 -4.990338271843708928e-01 0.000000000000000000e+00
2.643046986221756267e+00 -5.134925537720358868e+00 0.000000000000000000e+00
9.569279834737768553e+00 -7.192401046044778035e+00 0.000000000000000000e+00
-6.027078884737090192e+00 1.216778830086439722e+00 0.000000000000000000e+00
-1.529038904639038243e+01 1.506390392152253122e-01 0.000000000000000000e+00
-1.483000803357114883e+01 5.409340764068934604e+00 0.000000000000000000e+00
7.137225768339237053e-01 -8.979387526312279100e-01 0.000000000000000000e+00
-8.279606511558723625e-02 -1.664583925435422529e+01 0.000000000000000000e+00
4.610732299916415755e+00 -1.044863397034209740e+01 0.000000000000000000e+00
8.055614066414376495e+00 2.589386918383140279e-01 0.000000000000000000e+00
1.020020944457104761e+01 1.346750969589745850e+01 0.000000000000000000e+00
5.785247369054799194e+00 -1.256986023026676236e+01 0.000000000000000000e+00
-1.647450042089003830e+01 4.580214832187635032e+00 0.000000000000000000e+00
3.117144982079173676e+00 5.841038489566613201e+00 0.000000000000000000e+00
5.719260078531420710e+00 1.145952556184655968e+01 0.000000000000000000e+00
9.623654676302733080e+00 7.987512296462723427e+00 0.000000000000000000e+00
2.214487014421227418e+00 7.627742837494921879e+00 0.000000000000000000e+00
1.136197210907119803e+01 3.819155144417777925e-01 0.000000000000000000e+00
1.019314781429410210e+01 2.637897741367848159e+00 0.000000000000000000e+00
6.948935875501477177e+00 -6.811920944506423936e+00 0.000000000000000000e+00
1.501659364472640945e+01 -1.581679494587564516e+00 0.000000000000000000e+00
1.114278531403124717e+01 4.472902871358159338e+00 0.000000000000000000e+00
-1.253667825087723742e+01 -9.536046339484167689e+00 0.000000000000000000e+00
-6.362058712439131902e+00 -5.988597087369483596e+00 0.000000000000000000e+00
-3.078620608746267084e+00 -1.439487463493163588e+01 0.000000000000000000e+00
-3.162558478623453073e+00 4.913122301973916528e+00 0.000000000000000000e+00
-6.008034439716043451e+00 2.906375572611908709e+00 0.000000000000000000e+00
-2.165361729161987991e+00 2.267806197663014167e+00 0.000000000000000000e+00
-1.495030846666129598e+01 -8.455012241761169278e+00 0.000000000000000000e+00
1.448361422164221812e+00 -6.448995053146977519e+00 0.000000000000000000e+00
-1.338987024406020243e+00 6.595267615140626427e-01 0.000000000000000000e+00
-9.632314553976003779e+00 1.112284315310284732e+01 0.000000000000000000e+00
-6.109674739284215228e+00 1.495020389088627155e+01 0.000000000000000000e+00
-9.385583275302250561e-01 -1.816583019998716741e+00 0.000000000000000000e+00
1.650784332979552360e+01 -4.138237846395600883e+00 0.000000000000000000e+00
-4.654858692954023880e+00 -6.259752774809434150e+00 0.000000000000000000e+00
8.770893517622047497e+00 1.412239639536009506e+01 0.000000000000000000e+00
-8.599848243344720089e+00 -9.029854112969838198e+00 0.000000000000000000e+00
-8.535042102420573595e-01 1.551654654899298968e+01 0.000000000000000000e+00
7.512240237394131270e+00 -1.529319985215273014e+01 0.000000000000000000e+00
-3.674440986859771607e-01 7.098450198756639296e+00 0.000000000000000000e+00
6.826547843151565820e-01 1.240364402930230625e+01 0.000000000000000000e+00
3.841142020219620701e+00 1.443810846165646744e+01 0.000000000000000000e+00
-1.669312207574945806e+00 4.130441581479878721e+00 0.000000000000000000e+00
-8.705784863496304760e-02 -4.331921860337196506e+00 0.000000000000000000e+00
-8.840230620884828028e+00 -5.718102281857849079e+00 0.000000000000000000e+00
-1.498020856222647357e+00 1.280659811068863618e+01 0.000000000000000000e+00
1.608958556651261418e+00 -9.948784287587994157e+00 0.000000000000000000e+00
-2.110809494345497139e+00 1.043551642205439300e+01 0.000000000000000000e+00
5.790669047947375248e+00 8.032283600342907448e+00 0.000000000000000000e+00
1.292238458900379428e+01 -4.795214113765992048e-01 0.000000000000000000e+00
-7.968578797371930200e+00 4.436555790460082527e+00 0.000000000000000000e+00
-1.114532073881799512e+01 7.338550549887201235e+00 0.000000000000000000e+00
-2.439100478388338100e+00 -1.701929078076348389e+01 0.000000000000000000e+00
-2.190944486171356509e+00 -3.892978867725606751e+00 0.000000000000000000e+00
-1.229532501470607642e+01 -5.742911866473641158e-01 0.000000000000000000e+00
-6.142834817729252883e+00 -1.629280741657693099e+01 0.000000000000000000e+00
1.928320520910357549e+00 -1.266076648864697241e+01 0.000000000000000000e+00
3.944724236569588260e+00 7.508673662082515632e-01 0.000000000000000000e+00
1.170358030119690529e+00 2.543522493410816487e+00 0.000000000000000000e+00
-5.996966359502337696e+00 8.613149502425557102e+00 0.000000000000000000e+00
1.118120102553493034e+01 1.108670784085829730e+01 0.000000000000000000e+00
1.996806543556481017e+00 7.197783391995931090e-01 0.000000000000000000e+00
-5.642400613158647715e+00 -1.068628541301607271e+01 0.000000000000000000e+00
-1.260957543214561305e+01 7.857275322067803103e+00 0.000000000000000000e+00
1.364087260337648289e+01 -7.034579337982496128e+00 0.000000000000000000e+00
-6.433098630220607239e-01 1.740343527177043725e+01 0.000000000000000000e+00
3.590413048606099444e+00 1.688919425362286830e+01 0.000000000000000000e+00
-5.261248616964145697e+00 6.501384121415132000e+00 0.000000000000000000e+00
4.874660923530012013e+00 1.292093572268829149e+01 0.000000000000000000e+00
8.401341465799831099e+00 -1.405112856045368375e+01 0.000000000000000000e+00
2.574282001232599537e+00 -1.475069510565275621e+01 0.000000000000000000e+00
-7.171813031194210097e+00 -3.487004408824086799e+00 0.000000000000000000e+00
4.228499639208283867e+00 -4.941374318100240970e+00 0.000000000000000000e+00
5.856570609391968496e+00 -8.061592032065123092e+00 0.000000000000000000e+00
-1.622498262050613960e+01 6.527549231126338114e+00 0.000000000000000000e+00
-1.255568836003600275e+01 1.085876288290229574e+01 0.000000000000000000e+00
-1.399722323347834063e+01 1.021946011269616506e+01 0.000000000000000000e+00
-3.589568633251046137e+00 4.655386716675897762e-01 0.000000000000000000e+00
-4.129640667590606107e+00 8.265908012445395414e+00 0.000000000000000000e+00
6.162492261793864223e+00 -2.104789290514558431e+00 0.000000000000000000e+00
8.659842424556977392e+00 -4.343349154978559667e+00 0.000000000000000000e+00
1.024189009436285325e+01 -3.646139477321519440e+00 0.000000000000000000e+00
-1.835798113685957578e+00 -1.216933177940383359e+01 0.000000000000000000e+00
7.558160062649209587e-01 1.665071712322634312e+01 0.000000000000000000e+00
-7.065286564830199900e+00 9.835536877747630413e+00 0.000000000000000000e+00
1.829518308981251673e+00 -2.804847750795655070e+00 0.000000000000000000e+00
-1.591237187680594012e+01 -6.708906690358293901e+00 0.000000000000000000e+00
-1.017839853048792875e+01 3.634127199193669888e+00 0.000000000000000000e+00
7.371296361375462958e+00 -8.473405690465980911e+00 0.000000000000000000e+00
4.776841077884572684e+00 -1.430265127966446848e+01 0.000000000000000000e+00
6.015910088893559049e+00 6.040882428386523451e+00 0.000000000000000000e+00
-4.450089865324167171e+00 3.825434593913148884e+00 0.000000000000000000e+00
1.267189821488484647e+01 -9.947605123242491132e+00 0.000000000000000000e+00
3.253915534079661498e+00 2.347498358603368196e+00 0.000000000000000000e+00
-4.852879932274717589e+00 1.272742146895657456e+01 0.000000000000000000e+00
-5.115729732972831734e+00 1.623383642921455916e+01 0.000000000000000000e+00
-1.033247762036256034e+01 -1.379687113334254889e+01 0.000000000000000000e+00
1.220441939959750499e+01 -5.220919357149474749e+00 0.000000000000000000e+00
-2.113826538054677240e+00 7.690125328255316361e+00 0.000000000000000000e+00
8.753134389190993403e+00 3.099486548585113521e+00 0.000000000000000000e+00
1.105565849427076941e+01 -7.616447163476395943e+00 0.000000000000000000e+00
-1.314974633631721956e-01 1.391132953772721059e+01 0.000000000000000000e+00
-1.100735421002986847e+01 -9.767362043228596136e+00 0.000000000000000000e+00
-3.484907281216121699e+00 -1.293319761275759383e+01 0.000000000000000000e+00
-4.628691004571972023e+00 -1.659258177271585311e+01 0.000000000000000000e+00
2.455367808955166709e+00 9.336690063557117725e+00 0.000000000000000000e+00
-6.714813295832152917e+00 -3.060398444087349956e-01 0.000000000000000000e+00
-1.114506320645353021e+01 1.150809323836107723e+01 0.000000000000000000e+00
-1.411892578607074178e+01 -6.816373806980505101e+00 0.000000000000000000e+00
-2.061530599207022529e+00 1.677041182458876634e+01 0.000000000000000000e+00
4.961228612502560864e+00 9.505512227819462368e+00 0.000000000000000000e+00
2.605912082243833972e+00 -8.663978552412265444e+00 0.000000000000000000e+00
1.543186039248887553e+01 7.688172013932382143e+00 0.000000000000000000e+00
-7.825413067235357012e+00 -1.289247982631352940e+01 0.000000000000000000e+00
-7.226612950111809042e+00 1.179871977316695286e+01 0.000000000000000000e+00
1.556903012378637818e+01 -7.474245636835991746e+00 0.000000000000000000e+00
1.222590776460565287e+01 2.938827884552819292e+00 0.000000000000000000e+00
8.815613432396371962e+00 -8.911429868026322865e+00 0.000000000000000000e+00
-1.498684279013578546e+01 1.623531665694662340e+00 0.000000000000000000e+00
5.863189075665637517e+00 -5.450235122705111124e+00 0.000000000000000000e+00
-1.542829299380746422e+00 -1.567081771952113556e+01 0.000000000000000000e+00
8.653699102000304677e+00 -1.082878497919406513e+01 0.000000000000000000e+00
8.416612777831575798e+00 9.176368633543425801e+00 0.000000000000000000e+00
1.652294923831060203e+01 -5.699657926781798167e+00 0.000000000000000000e+00
-1.372479935441557153e+01 6.008377729348095553e-01 0.000000000000000000e+00
1.443952970092381705e+01 8.898159258721671350e+00 0.000000000000000000e+00
-9.243290623158131325e+00 2.322230194000836634e-01 0.000000000000000000e+00
1.704532398579737418e+01 -2.277695771817279446e+00 0.000000000000000000e+00
6.398066623096081429e+00 4.451911633756257203e+00 0.000000000000000000e+00
-1.435149334157806500e+01 -9.967489399196800548e+00 0.000000000000000000e+00
