3.704141288595220072e+00 -8.928374138504020507e+00 0.000000000000000000e+00
6.611473557161554604e-01 1.217019951556092394e+01 0.000000000000000000e+00
6.168620845573728140e+00 -5.413819079605415308e-01 0.000000000000000000e+00
1.516876258726421289e+00 9.683165152816139098e+00 0.000000000000000000e+00
1.348986123123867031e+01 -2.723587417211963846e+00 0.000000000000000000e+00
-5.898692550471488438e+00 -6.647820197366232975e+00 0.000000000000000000e+00
1.483193128869488397e+01 -1.506183937712115561e+00 0.000000000000000000e+00
1.689717415920298649e+01 4.917630449800905801e+00 0.000000000000000000e+00
-6.666649974379915911e+00 1.792022116280517441e+00 0.000000000000000000e+00
7.657879223669999291e+00 -1.576705419167321054e+01 0.000000000000000000e+00
-1.230984210473937424e+01 1.033313177345443457e+01 0.000000000000000000e+00
-9.150626043510948548e+00 1.334975664985226729e+01 0.000000000000000000e+00
1.143992680978514898e+01 -2.048962688231650731e+00 0.000000000000000000e+00
9.115884657390214585e+00 -3.035821931956397268e+00 0.000000000000000000e+00
-1.258086158176531022e+01 -1.664042373832642197e+00 0.000000000000000000e+00
9.804959825458235301e+00 -1.424387144337866395e+01 0.000000000000000000e+00
-1.431231244465685837e+00 -8.083095921460493605e-01 0.000000000000000000e+00
-1.058352721576685518e+01 -3.045177724697159416e+00 0.000000000000000000e+00
-2.277021666692398583e+00 -1.350494061579270344e+01 0.000000000000000000e+00
1.476860242272123314e+00 -1.397930682383544188e+01 0.000000000000000000e+00
-1.699299493446604359e+01 1.165869531792286695e+00 0.000000000000000000e+00
1.274295735231438265e+01 2.250109199865919507e-01 0.000000000000000000e+00
4.257759050723079142e+00 4.686546641381207579e+00 0.000000000000000000e+00
-4.773416489918099970e+00 1.043415142606394674e+01 0.000000000000000000e+00
8.191005924939521066e+00 -1.406918569590960466e+01 0.000000000000000000e+00
-2.508632130096233759e+00 -1.578433219924655795e+01 0.000000000000000000e+00
1.088701027507513430e+01 -1.228976026171192615e+01 0.000000000000000000e+00
1.673108034236166475e+01 -8.930711724341939828e+00 0.000000000000000000e+00
-3.468646318529079231e+00 1.202196272672895816e+01 0.000000000000000000e+00
-1.381031005767938424e+01 4.919760584543038662e-01 0.000000000000000000e+00
-1.014788477237054209e+01 4.684406993211278625e+00 0.000000000000000000e+00
9.308610605626579826e+00 1.100914047011187513e+01 0.000000000000000000e+00
6.651994159204648316e-01 -6.733747393209275067e+00 0.000000000000000000e+00
5.902486527545478090e+00 9.407715236061932274e+00 0.000000000000000000e+00
1.399350247030732675e+01 8.606233926917854049e+00 0.000000000000000000e+00
-8.366563728008504341e+00 8.899361923684605102e+00 0.000000000000000000e+00
9.694306596252106445e+00 1.365448258740633847e+01 0.000000000000000000e+00
-7.294804015493561167e+00 -1.001147860575925996e+01 0.000000000000000000e+00
-4.556970518035384110e+00 3.511112850647808870e+00 0.000000000000000000e+00
-4.332048350767584211e+00 -2.703270626851671299e+00 0.000000000000000000e+00
1.046278009178280222e+01 4.787676292143371093e+00 0.000000000000000000e+00
6.418722180222804496e+00 6.401636603303762385e+00 0.000000000000000000e+00
-1.509141853601835948e+01 -1.006063137853337075e+01 0.000000000000000000e+00
2.935457485359588503e+00 1.062049706227715618e+01 0.000000000000000000e+00
-9.018768570530491857e+00 -5.512065424913578759e+00 0.000000000000000000e+00
3.047611313886664064e+00 1.450493621585247084e+01 0.000000000000000000e+00
5.983591641802518346e+00 -6.018707257372528652e+00 0.000000000000000000e+00
-8.452353354341799019e+00 -1.423244553679301383e+01 0.000000000000000000e+00
-6.811925982880739916e+00 1.063743062456652133e+01 0.000000000000000000e+00
4.146745092156280399e-01 1.773001780744948874e+01 0.000000000000000000e+00
-8.713911258606781729e+00 1.105364036348314727e+01 0.000000000000000000e+00
-9.818626669732086754e+00 -1.358035534867240557e+01 0.000000000000000000e+00
-1.030919203446111432e+01 2.638405631008928776e+00 0.000000000000000000e+00
1.043102020092195659e+01 1.358578039002882099e+00 0.000000000000000000e+00
3.198844772591580732e+00 2.900030287415109598e+00 0.000000000000000000e+00
-2.689112095095803401e+00 1.781568551763510300e+01 0.000000000000000000e+00
5.876131766424886216e+00 -2.778778423130613184e+00 0.000000000000000000e+00
-1.697192803711277120e+00 8.536906620097575171e+00 0.000000000000000000e+00
-1.040282663742296698e+01 -1.216257286054425713e+01 0.000000000000000000e+00
-7.162442971256945512e+00 -5.217023913832915305e+00 0.000000000000000000e+00
-1.434801109767524707e+01 1.063000858506557122e+01 0.000000000000000000e+00
1.673676842422320732e+01 -6.836981587544444849e+00 0.000000000000000000e+00
-5.613010580644025360e+00 -9.817039917087685197e+00 0.000000000000000000e+00
2.567058880976800239e+00 -1.180146197907204098e+01 0.000000000000000000e+00
-1.721834726247713476e+01 5.668863754382919673e+00 0.000000000000000000e+00
4.354162234537429121e+00 -1.740451652342934707e+01 0.000000000000000000e+00
6.633994612174504368e+00 -1.257758017935993422e+01 0.000000000000000000e+00
-1.606373014909502928e+01 -2.558067400386570434e+00 0.000000000000000000e+00
-1.861384963647952162e+01 -3.278201294644230934e+00 0.000000000000000000e+00
1.328024469291163534e+01 4.022135815941537906e+00 0.000000000000000000e+00
-1.797805918796781199e+01 -5.252086244702391049e+00 0.000000000000000000e+00
-4.071932117771586590e+00 7.375267245349571565e-01 0.000000000000000000e+00
1.568110514608038519e+00 -1.742374254254974275e+01 0.000000000000000000e+00
5.141740345629061792e+00 -1.368421214683975506e+01 0.000000000000000000e+00
8.588267040856203849e+00 1.256650137504680664e+01 0.000000000000000000e+00
-2.880273328408746725e+00 -9.327727011134191670e+00 0.000000000000000000e+00
-3.729722680984566718e+00 -5.019108289315043159e+00 0.000000000000000000e+00
1.109290364485504732e+01 1.475918806023130436e+01 0.000000000000000000e+00
9.347206647275880798e+00 -4.261269362880029110e-01 0.000000000000000000e+00
-1.329075533323930003e+01 -1.079935122919638602e+01 0.000000000000000000e+00
3.768574988460982600e-01 4.028332808175343338e+00 0.000000000000000000e+00
6.892485680143765947e+00 1.337920293180137676e+01 0.000000000000000000e+00
9.128686900672457583e+00 -5.248279980763722818e+00 0.000000000000000000e+00
1.960704970186684992e+00 -8.407270467615724385e+00 0.000000000000000000e+00
1.052472212178529709e+01 -4.580425342880375617e+00 0.000000000000000000e+00
-1.546784002364388222e+01 6.177481268580152118e+00 0.000000000000000000e+00
-6.960077929487148651e+00 -1.351138805345052774e+01 0.000000000000000000e+00
4.220786286971334178e+00 -7.132478816413754252e+00 0.000000000000000000e+00
1.077160763139658783e+01 -9.284154517347435132e+00 0.000000000000000000e+00
1.358207887208889275e+01 -9.770903460768675330e+00 0.000000000000000000e+00
1.265419446695132955e+01 7.728882354013881795e+00 0.000000000000000000e+00
-1.528772196290095309e+01 1.802012193214395985e+00 0.000000000000000000e+00
7.424168520315473252e+00 2.153419638922868806e+00 0.000000000000000000e+00
1.225232285611038208e+01 -5.409056293692568573e+00 0.000000000000000000e+00
-1.183784252769592271e+01 1.387626549088134453e+01 0.000000000000000000e+00
-4.758858560885624200e+00 -7.026698097251836694e-01 0.000000000000000000e+00
5.297059473379094996e+00 7.840094700276364570e+00 0.000000000000000000e+00
1.768747255506602656e+01 4.796055806159384982e-01 0.000000000000000000e+00
-1.410712859736838798e+00 -3.281469069725123866e+00 0.000000000000000000e+00
9.595421956307372824e+00 3.429934359006744149e+00 0.000000000000000000e+00
-7.385629103036837506e+00 -1.191598325637129108e+01 0.000000000000000000e+00
-1.400737090007781127e+01 -8.002222706861010337e+00 0.000000000000000000e+00
-8.238342685436649049e+00 -8.080074270701052441e+00 0.000000000000000000e+00
-1.316640192389342090e+01 3.244319367943477861e+00 0.000000000000000000e+00
-1.129148093500818817e+01 7.354917243095886903e+00 0.000000000000000000e+00
-2.542471227027918612e+00 5.521941921613543691e+00 0.000000000000000000e+00
-1.728945489464932095e+01 2.754587768644692236e+00 0.000000000000000000e+00
6.306147686659790530e+00 1.642660289329784717e+01 0.000000000000000000e+00
-8.282707816664615308e+00 -2.012636714019918394e+00 0.000000000000000000e+00
1.790877280481807787e+01 -2.254432670654539894e+00 0.000000000000000000e+00
-1.307359508039185769e+01 -5.878098688250327442e+00 0.000000000000000000e+00
2.918279128724906801e+00 1.756008041766667915e+01 0.000000000000000000e+00
-6.560359958141253500e+00 -3.070792719463539378e+00 0.000000000000000000e+00
1.493124232001864371e+01 -5.100985316179550644e+00 0.000000000000000000e+00
4.356670975503644350e+00 1.206880389586559055e+01 0.000000000000000000e+00
-1.064041987443908077e+01 -8.455097636588515542e-01 0.000000000000000000e+00
1.606575816291095649e+01 2.162425554833238284e+00 0.000000000000000000e+00
-1.821234771088616355e+01 -1.533323295330024205e+00 0.000000000000000000e+00
-1.624028104900259351e+01 -7.692896787109569923e-01 0.000000000000000000e+00
1.187215453260518494e+01 -7.269777664102100800e+00 0.000000000000000000e+00
1.718541859022505847e+01 7.177205523393936915e+00 0.000000000000000000e+00
-9.673423933833724675e+00 6.286016263037740082e+00 0.000000000000000000e+00
-1.300482416949092190e+01 5.715435046816641496e+00 0.000000000000000000e+00
7.738786920773843114e+00 -7.360047646880633065e-01 0.000000000000000000e+00
1.071281007629140980e+01 7.483295570395391394e+00 0.000000000000000000e+00
1.126339777795319641e+01 9.054143845159895676e+00 0.000000000000000000e+00
-6.289641107085531146e+00 4.642236180427158132e+00 0.000000000000000000e+00
6.907528462304794559e+00 4.833090365244166797e+00 0.000000000000000000e+00
7.027819227105581490e+00 1.103037411553457758e+01 0.000000000000000000e+00
-2.516278806488125852e+00 -6.759186517585274778e+00 0.000000000000000000e+00
1.731281236650464095e+01 3.130259671825214696e+00 0.000000000000000000e+00
-1.557070904208423556e+01 -6.097786555158573485e+00 0.000000000000000000e+00
-1.372956259802971424e+01 9.224301329171680663e+00 0.000000000000000000e+00
1.573978899531449649e+00 2.426585845810327324e+00 0.000000000000000000e+00
8.967037194446554338e+00 8.846001922364415293e+00 0.000000000000000000e+00
1.253478834178121915e+01 1.344744242237465137e+01 0.000000000000000000e+00
1.635705416057778194e+01 -1.493014721252571064e+00 0.000000000000000000e+00
-8.974524842566838245e+00 -1.034998214178698639e+01 0.000000000000000000e+00
1.785966434324893726e+01 -5.242530810453969181e+00 0.000000000000000000e+00
1.245505692774493944e+01 1.163982347758043900e+01 0.000000000000000000e+00
-4.424365777907458330e+00 1.779574382553834155e+01 0.000000000000000000e+00
-2.460155340697351534e+00 1.000936271605925398e+01 0.000000000000000000e+00
2.176457758356812044e-01 1.468180085194587114e+01 0.000000000000000000e+00
-5.716444597434247044e-01 -1.107691706750890681e+01 0.000000000000000000e+00
5.753580393863716447e-01 -9.834898982345162466e+00 0.000000000000000000e+00
-5.106901952955803736e+00 -1.678108709668475029e+01 0.000000000000000000e+00
6.793143658702935461e+00 -9.326436233526667507e+00 0.000000000000000000e+00
9.368727260424577707e+00 1.559617456102818345e+01 0.000000000000000000e+00
-1.231347388774357121e+01 -9.902137013048040171e-02 0.000000000000000000e+00
7.568802288027366210e+00 -5.441520992937859624e+00 0.000000000000000000e+00
-1.082926924542241132e+01 9.563925657116385537e+00 0.000000000000000000e+00
2.749469866958676345e+00 8.641385976362577992e+00 0.000000000000000000e+00
1.186894978655386801e+01 6.377533128560726183e+00 0.000000000000000000e+00
1.033616566171799533e+00 -1.165152043994422826e+01 0.000000000000000000e+00
-7.092713207945353204e+00 1.713774737704336104e+01 0.000000000000000000e+00
6.015954716359010135e+00 -1.602399349504879922e+01 0.000000000000000000e+00
-2.538355972489567680e+00 -1.121407508179836476e+01 0.000000000000000000e+00
9.486840405056060632e+00 -6.985609155495412281e+00 0.000000000000000000e+00
1.755645470767065452e+00 1.659245205040361881e+01 0.000000000000000000e+00
-1.318852935847106833e+00 -1.886352205055865028e+01 0.000000000000000000e+00
-1.119099125728575572e+01 -9.283382180784766291e+00 0.000000000000000000e+00
-3.503050133370675390e+00 8.515367465401840974e+00 0.000000000000000000e+00
-7.778241117039227603e+00 7.193021218923070670e+00 0.000000000000000000e+00
-1.610220070676490201e+00 1.323130662875658992e+01 0.000000000000000000e+00
-4.284736376011242243e+00 -1.329713546777395194e+01 0.000000000000000000e+00
-7.433234344258906390e+00 1.430600970826307616e+01 0.000000000000000000e+00
-3.859120632092130521e+00 1.473891735213844711e+01 0.000000000000000000e+00
1.296676584683119771e+01 -1.263589521850953723e+01 0.000000000000000000e+00
3.650638719761484463e+00 -4.040059868002645604e-01 0.000000000000000000e+00
7.559359039750127351e+00 -3.408954338313670895e+00 0.000000000000000000e+00
1.515488542798858518e+01 -1.061522490116335504e+01 0.000000000000000000e+00
-1.342059212905301990e+01 -3.395294673806640962e+00 0.000000000000000000e+00
1.044273972975616793e+01 1.227513446439403744e+01 0.000000000000000000e+00
-1.867889368979666642e+01 8.312058264914742312e-01 0.000000000000000000e+00
-5.564154586582957585e+00 1.247104270531640147e+01 0.000000000000000000e+00
-5.013716330328286119e+00 -1.158405198132614444e+01 0.000000000000000000e+00
-5.300158710673724904e+00 -1.528429490490003850e+01 0.000000000000000000e+00
8.105722689586741581e+00 6.147322387060859761e+00 0.000000000000000000e+00
3.146357568624220225e+00 -1.490019090138999225e+01 0.000000000000000000e+00
5.042906416503488920e+00 -1.131093101165618897e+01 0.000000000000000000e+00
1.822039671593763011e+00 1.333638655354580926e+01 0.000000000000000000e+00
3.838270273669009747e+00 -5.614711508751201841e+00 0.000000000000000000e+00
-2.340474124223932417e+00 1.507433163061137504e+00 0.000000000000000000e+00
-1.150758104814405769e+01 -6.197837580754264053e+00 0.000000000000000000e+00
-1.053830333159855037e+01 1.139518374848504401e+01 0.000000000000000000e+00
2.425044279253642188e+00 -3.779528806490660475e+00 0.000000000000000000e+00
7.894296789184516605e+00 1.666450037341492063e+01 0.000000000000000000e+00
1.881032294784232306e+01 2.039997129888365457e+00 0.000000000000000000e+00
-8.246790564920775779e+00 1.424435944848644553e+00 0.000000000000000000e+00
1.410672201343435184e+01 5.433456090768605584e+00 0.000000000000000000e+00
-1.235509478760018709e+01 -1.385924605527016595e+01 0.000000000000000000e+00
-1.530492218968331208e+00 2.803688847306399889e+00 0.000000000000000000e+00
6.944838624541879168e-01 -3.477533012331956108e+00 0.000000000000000000e+00
1.584939480079859209e+01 -7.146516979338070341e-02 0.000000000000000000e+00
2.509336585557929933e+00 5.204090625049249574e+00 0.000000000000000000e+00
-1.606178861395006763e+01 8.671270509196983056e+00 0.000000000000000000e+00
3.924220431739895432e+00 -2.613649006758796745e+00 0.000000000000000000e+00
1.406508457513591992e+01 1.202878108194926199e+01 0.000000000000000000e+00
1.538334844237389554e+01 1.014892414864840831e+01 0.000000000000000000e+00
4.727544033474725182e+00 1.803660148749887426e+01 0.000000000000000000e+00
-7.434252486530856352e+00 -1.672214484929815725e+01 0.000000000000000000e+00
-1.173791397596814967e+01 2.165719513219750425e+00 0.000000000000000000e+00
-1.675324717161803179e+01 -7.931188981352901735e+00 0.000000000000000000e+00
-8.639771749535107404e+00 5.146123723647720638e+00 0.000000000000000000e+00
9.250177923468495322e+00 -1.085879337891792673e+01 0.000000000000000000e+00
-1.666051564207146640e+01 -4.389406865261285873e+00 0.000000000000000000e+00
7.112819398937230808e+00 -7.751654255003974647e+00 0.000000000000000000e+00
-1.258311178803839780e+01 -8.715186454060892984e+00 0.000000000000000000e+00
9.493260561766447836e+00 -1.585509941076372620e+01 0.000000000000000000e+00
1.437267093342456548e+01 2.342251789744613233e-01 0.000000000000000000e+00
7.585246975474007947e+00 1.513027735662080353e+01 0.000000000000000000e+00
-9.859192978655576312e+00 7.943962113228423050e+00 0.000000000000000000e+00
6.469659594309173922e-01 -2.875774252781081453e-01 0.000000000000000000e+00
-1.260286747545561070e+01 1.201450391160271636e+01 0.000000000000000000e+00
-3.682018923935131749e+00 -8.033803874184897609e+00 0.000000000000000000e+00
1.186972882753321734e+01 2.963887317419686696e+00 0.000000000000000000e+00
-5.957605290517083318e+00 7.472278015543058594e+00 0.000000000000000000e+00
-5.651185455018990389e+00 1.464246071014557415e+01 0.000000000000000000e+00
-4.245173367772720474e-01 -1.713178652928597145e+01 0.000000000000000000e+00
5.525976022831556866e-01 6.618096143218719085e+00 0.000000000000000000e+00
1.534848510588247450e+01 7.879151577243606042e+00 0.000000000000000000e+00
-1.343498944711995868e+01 7.405978566828466114e+00 0.000000000000000000e+00
-7.789497956706418869e+00 3.380457467363827906e+00 0.000000000000000000e+00
1.360655083438654955e+01 2.370228961306138249e+00 0.000000000000000000e+00
-4.818795622941262069e-01 5.352309026493661470e+00 0.000000000000000000e+00
8.328000969888107008e+00 8.336341338382915467e-01 0.000000000000000000e+00
4.614899912754546030e+00 2.114445428005464755e+00 0.000000000000000000e+00
-5.106645421132715690e+00 6.149405205803352814e+00 0.000000000000000000e+00
-9.220566456521915200e+00 -1.567812707816181295e+01 0.000000000000000000e+00
7.403018964998532958e+00 9.429429609679610635e+00 0.000000000000000000e+00
5.178367597584294657e+00 -9.579751156487384733e+00 0.000000000000000000e+00
-4.113043344609421226e+00 -1.792123548123093713e+01 0.000000000000000000e+00
1.564573024325604322e+01 4.056812611179209327e+00 0.000000000000000000e+00
-1.110796783976404534e+01 -1.477078057098814767e+01 0.000000000000000000e+00
-7.283138355566015631e-01 1.132404960719501830e+01 0.000000000000000000e+00
8.565498882750421927e+00 -1.247654763533624411e+01 0.000000000000000000e+00
-3.166482097059055256e+00 -8.956610508156420680e-01 0.000000000000000000e+00
-1.069934850960198247e+00 -7.964614504062909717e+00 0.000000000000000000e+00
-7.042816966760149233e-01 -1.383099933054080921e+01 0.000000000000000000e+00
1.366269531841761875e+01 -1.130271252160858708e+01 0.000000000000000000e+00
1.652271787907389111e+01 9.147606244554106425e+00 0.000000000000000000e+00
-6.303299856810228086e+00 -4.621632797817525340e-01 0.000000000000000000e+00
1.000863278357583708e+00 -1.575826396393822648e+01 0.000000000000000000e+00
2.499309636733525686e+00 -1.014759359108828995e+01 0.000000000000000000e+00
-9.113433137096063064e+00 1.504237725726970076e+01 0.000000000000000000e+00
-9.440031910544737226e-01 7.013795672129094605e+00 0.000000000000000000e+00
-1.499756839879312231e+01 -4.200904005831648469e+00 0.000000000000000000e+00
1.841432333871199978e+00 -1.433019336040540770e+00 0.000000000000000000e+00
6.749072318346059640e-02 8.472253881726048874e+00 0.000000000000000000e+00
2.569940887710684546e-02 2.457508740376411094e+00 0.000000000000000000e+00
-1.368785992792281192e+01 -1.301452752786674161e+01 0.000000000000000000e+00
1.166676427071150179e+01 -1.061082916119167407e+01 0.000000000000000000e+00
7.040831839276050275e+00 -1.106331069039959303e+01 0.000000000000000000e+00
1.170386639032853449e+00 -1.890660162506864950e+01 0.000000000000000000e+00
4.151858055573757866e+00 1.636733117755734312e+01 0.000000000000000000e+00
-1.283937605228197887e+00 -9.706556198835501803e+00 0.000000000000000000e+00
