-7.434174316631333213e+00 1.712626703115778426e+01 0.000000000000000000e+00
1.165799474799833257e+00 -6.024282862616198386e+00 0.000000000000000000e+00
1.049648103971940749e+01 -9.323492398221164379e+00 0.000000000000000000e+00
-6.072169229128048684e+00 8.554833023945477066e+00 0.000000000000000000e+00
-6.604568408578627370e+00 -1.037112157553062453e+01 0.000000000000000000e+00
-5.800628152263666237e+00 -8.454984337358427027e+00 0.000000000000000000e+00
1.249253113425381656e+01 8.907455005484401056e+00 0.000000000000000000e+00
-1.960308470513377754e+00 -1.627999388572301243e+01 0.000000000000000000e+00
1.694973017563846795e+01 -1.404311939913924778e+00 0.000000000000000000e+00
1.820068315464766329e+01 -2.330823166902031396e+00 0.000000000000000000e+00
1.100181941390016682e+01 -2.985479175877091773e+00 0.000000000000000000e+00
1.391571563314348481e+01 -3.034001809662149274e+00 0.000000000000000000e+00
-1.822213728615802664e+00 1.286519306388046502e+01 0.000000000000000000e+00
-1.927935245011351162e+00 1.581858585014328744e+00 0.000000000000000000e+00
7.553428224966360460e+00 1.345942983871921506e+01 0.000000000000000000e+00
-5.610626524019832750e+00 7.042355283869558669e+00 0.000000000000000000e+00
-4.779343032018111614e+00 -1.741344138864957003e+01 0.000000000000000000e+00
3.830876174520263966e+00 9.660931863225529881e+00 0.000000000000000000e+00
-7.137570509957907205e+00 -5.861888040593086657e+00 0.000000000000000000e+00
-9.090941879592573827e+00 5.358823394541993856e+00 0.000000000000000000e+00
-9.092699085647041102e+00 -9.084983799786805037e+00 0.000000000000000000e+00
-1.268770775023510211e+01 3.275833529260159693e+00 0.000000000000000000e+00
1.478791934547950504e+01 -9.603808343164120132e+00 0.000000000000000000e+00
-1.820004183900427819e+01 1.855979395294467538e-01 0.000000000000000000e+00
6.684325886874930234e+00 -2.327847651461726564e+00 0.000000000000000000e+00
-4.376018807742590333e+00 8.632853000104233843e+00 0.000000000000000000e+00
-1.230733351846721391e+01 8.492609273023107974e+00 0.000000000000000000e+00
-1.171302821050287335e+01 -2.479562473696261815e+00 0.000000000000000000e+00
-6.476043130576738527e+00 1.059126994160823365e+01 0.000000000000000000e+00
5.402350298630313574e+00 6.037288021092198642e-01 0.000000000000000000e+00
-2.354216797602843858e+00 -9.119289562569747432e+00 0.000000000000000000e+00
-7.595155693066223179e+00 -1.157624316381160767e+01 0.000000000000000000e+00
7.771273221188469194e+00 7.544210135793109728e+00 0.000000000000000000e+00
1.345252773081631714e+00 2.870659544573575861e+00 0.000000000000000000e+00
-3.093783518512009056e+00 -3.398169456637660235e-01 0.000000000000000000e+00
7.799091437514262815e+00 1.634501136555119416e+01 0.000000000000000000e+00
-8.792893357395241694e+00 2.062066804724635549e+00 0.000000000000000000e+00
1.047504150818697788e+01 7.528301443708052432e+00 0.000000000000000000e+00
-1.020726059477207137e+01 -3.521260870686044431e+00 0.000000000000000000e+00
9.252920741201725363e+00 9.591204182383181731e+00 0.000000000000000000e+00
-3.210960565738128825e+00 -6.976374617285753033e+00 0.000000000000000000e+00
1.396609916064956813e+01 2.785052701415086318e+00 0.000000000000000000e+00
3.149798733930099459e+00 -1.302734451463341969e+01 0.000000000000000000e+00
-1.496562290952553376e+01 -6.316139088561017800e+00 0.000000000000000000e+00
-7.532989794727847688e+00 -2.895529880403820755e+00 0.000000000000000000e+00
-8.840204419426360261e+00 -1.282845403916678961e+01 0.000000000000000000e+00
8.680803124844121754e+00 -1.460177272134905913e+01 0.000000000000000000e+00
-1.136730008651872303e+01 -1.375451683126186531e+01 0.000000000000000000e+00
-1.204656514450162774e+01 -1.162045886914011561e+01 0.000000000000000000e+00
-1.305619889995319127e+01 1.231532817472311336e+01 0.000000000000000000e+00
1.344347359027410782e+01 -4.523273111301056026e+00 0.000000000000000000e+00
-9.587460955447751232e+00 3.746270214514876518e+00 0.000000000000000000e+00
4.817648082795067843e+00 -1.790511904282588418e+01 0.000000000000000000e+00
-4.768423721750459504e-02 -3.041608047812241367e+00 0.000000000000000000e+00
2.722285430217008528e+00 -9.500826895081001311e+00 0.000000000000000000e+00
-7.058006302930561304e+00 -1.336183817254854855e-01 0.000000000000000000e+00
2.912554181716928259e+00 -1.654223419441077070e+01 0.000000000000000000e+00
1.859227368056437513e+01 2.965722616841283354e+00 0.000000000000000000e+00
-1.580225857213573626e+01 9.272051546263220700e+00 0.000000000000000000e+00
1.670346645334510782e+01 -3.310090295544460215e+00 0.000000000000000000e+00
5.645564014181708501e+00 1.772016942915325899e+01 0.000000000000000000e+00
4.220966047528917464e+00 -4.380521629540958251e-01 0.000000000000000000e+00
1.437097525641589213e+00 1.847883953233568022e+01 0.000000000000000000e+00
-1.599164868708334630e+01 5.736915161365170768e+00 0.000000000000000000e+00
6.041839162308670907e-01 -9.532493085583194414e+00 0.000000000000000000e+00
1.705494122981609406e+00 1.224025121117960424e+01 0.000000000000000000e+00
-9.177621792085389529e+00 1.095108797185617533e+01 0.000000000000000000e+00
4.222788846304826649e+00 1.665541080882821490e+01 0.000000000000000000e+00
1.537663940272849139e+01 9.830913582253474559e+00 0.000000000000000000e+00
-1.481007910494233748e+00 -6.695622059040637897e-01 0.000000000000000000e+00
-4.913525318330985492e+00 -1.052956634388156765e+01 0.000000000000000000e+00
2.620117337209314279e+00 1.427586138233376900e+01 0.000000000000000000e+00
5.106221709687814858e+00 3.700680094601114245e+00 0.000000000000000000e+00
-1.589029010385182294e+00 -5.866857983858160708e+00 0.000000000000000000e+00
-7.241280639773350458e+00 5.216674512884862835e+00 0.000000000000000000e+00
1.081637263493266765e+01 9.089197493545725592e+00 0.000000000000000000e+00
-1.569812490175997688e+01 3.939031493230713998e+00 0.000000000000000000e+00
-1.282688499755678357e+01 -1.386064132148534744e+00 0.000000000000000000e+00
1.611233516779412867e+01 1.962274675931159784e+00 0.000000000000000000e+00
-1.365015955022465377e+01 -5.413847697367465628e+00 0.000000000000000000e+00
-3.381047418031407070e-01 -1.331477731014351029e+01 0.000000000000000000e+00
1.441246869338224279e+01 -1.482731980715135123e+00 0.000000000000000000e+00
-1.405159620470356963e+01 5.677617357394045605e+00 0.000000000000000000e+00
-4.674392003216707003e+00 1.660569192775026792e+01 0.000000000000000000e+00
-1.180578599236344317e+01 -6.996075675183456966e+00 0.000000000000000000e+00
9.331692909959636850e+00 -8.071643315116720174e+00 0.000000000000000000e+00
1.893476427814148599e-01 1.602670380165889341e+01 0.000000000000000000e+00
3.959328611214214089e+00 -2.110807260336547309e+00 0.000000000000000000e+00
7.259401319411029618e+00 3.931299295015275863e+00 0.000000000000000000e+00
7.545540282233243801e+00 -1.614995043288209686e+01 0.000000000000000000e+00
3.138085240064463655e+00 -7.605991146811438952e+00 0.000000000000000000e+00
9.065952775515045303e+00 4.034873160094626598e+00 0.000000000000000000e+00
-1.737051646651904946e+01 -2.782481932958303705e+00 0.000000000000000000e+00
1.476415377963256503e+01 7.105073340694347372e+00 0.000000000000000000e+00
-8.523221106963928762e+00 -1.556944319840921231e+01 0.000000000000000000e+00
4.688534863875315040e+00 1.323437854663798774e+01 0.000000000000000000e+00
2.522548862132770076e+00 1.444766536687876801e+00 0.000000000000000000e+00
-5.450060671496011366e+00 2.400791656601968693e+00 0.000000000000000000e+00
-7.219766145824832115e+00 1.445672552642978914e+01 0.000000000000000000e+00
8.154341984022533962e-02 6.146864951175287750e+00 0.000000000000000000e+00
-8.307927088054903875e-01 -1.820667275212259284e+01 0.000000000000000000e+00
9.394877546410473457e+00 1.164786172211778670e+01 0.000000000000000000e+00
2.897479666426467926e-01 1.066961590810331195e+01 0.000000000000000000e+00
1.131382932620988324e+00 7.700689934855780905e+00 0.000000000000000000e+00
7.713986241787424092e+00 -1.326637610069027673e+01 0.000000000000000000e+00
1.162395526347900443e+01 -1.163992022011301941e+01 0.000000000000000000e+00
-6.944647588480082234e+00 -7.397767413059386676e+00 0.000000000000000000e+00
-4.677740924308756654e+00 1.139661472748714743e+01 0.000000000000000000e+00
-1.670554263393488270e+01 -7.578417140175139899e+00 0.000000000000000000e+00
-5.744676138526655151e+00 -1.492007298704181828e+01 0.000000000000000000e+00
1.509074962775742712e+01 -4.993738443271374727e+00 0.000000000000000000e+00
-7.765085045283146581e-01 -1.524380664272486641e+01 0.000000000000000000e+00
-9.285962142071616299e+00 -5.866073228089668135e+00 0.000000000000000000e+00
8.971895227354096392e+00 -2.848525639486212402e+00 0.000000000000000000e+00
1.098652461350118514e+00 -2.020956478599689188e+00 0.000000000000000000e+00
8.793203555747661326e+00 1.515258860568380328e+01 0.000000000000000000e+00
6.106327770323647819e+00 -9.480147209385240359e+00 0.000000000000000000e+00
1.288137606820604297e+01 -1.266756521528821233e+00 0.000000000000000000e+00
1.094539302627221389e+01 -1.409790824188053548e+01 0.000000000000000000e+00
-1.046220940202157168e+00 8.912549240015485097e+00 0.000000000000000000e+00
8.258388431808397101e+00 8.491055894052382813e-01 0.000000000000000000e+00
-1.494599469431517669e+01 7.569088136759353880e+00 0.000000000000000000e+00
-1.522721202983582600e+01 -3.052102895990187470e+00 0.000000000000000000e+00
1.384566796195644756e+01 1.003124619666859374e+01 0.000000000000000000e+00
1.339546991889905891e+00 -7.971161492843648944e+00 0.000000000000000000e+00
1.730398279419151919e+01 4.650597123179497139e+00 0.000000000000000000e+00
-1.087969867788172174e+01 1.532484264176157573e+00 0.000000000000000000e+00
6.577859421080804125e+00 -3.897918162949649989e+00 0.000000000000000000e+00
-1.366805552932716239e+01 -1.121091354706398313e+01 0.000000000000000000e+00
-1.648555909282569587e+01 1.619459977875893575e+00 0.000000000000000000e+00
5.754008494904532256e+00 7.464841423913445517e+00 0.000000000000000000e+00
-5.354650911249858147e+00 -3.508195080253218023e+00 0.000000000000000000e+00
6.994588326267790812e+00 -6.910517624655846625e+00 0.000000000000000000e+00
6.715000442020421012e+00 -1.169046064614153124e+01 0.000000000000000000e+00
-9.783674345804183048e+00 1.567375355572198181e+01 0.000000000000000000e+00
9.322285221488765927e+00 -1.086253819774577245e+01 0.000000000000000000e+00
5.998473592097638196e+00 1.097086817622906629e+01 0.000000000000000000e+00
6.764305917010569047e+00 8.721362376213960488e+00 0.000000000000000000e+00
-1.806487183057017942e+00 1.590860591020383019e+01 0.000000000000000000e+00
3.670866561478372425e+00 2.680258653968317084e+00 0.000000000000000000e+00
-1.416388348986151957e+00 -1.087716097280195449e+01 0.000000000000000000e+00
-1.365054557390369716e+01 9.874653874575070489e+00 0.000000000000000000e+00
5.458444174887408629e+00 1.500588193297519091e+01 0.000000000000000000e+00
1.229165720700289199e+01 1.166710147164301548e+00 0.000000000000000000e+00
1.070527057434542506e+01 1.554312045830765676e+01 0.000000000000000000e+00
-1.825115291109018045e+01 5.078408693182585587e+00 0.000000000000000000e+00
1.007392502659474864e+01 1.359787647189655679e+01 0.000000000000000000e+00
-3.328416910980956267e+00 -1.462552983846143206e+01 0.000000000000000000e+00
-1.318511806752653115e+01 -8.813924610042221275e+00 0.000000000000000000e+00
1.645236885633063650e+01 8.501682255754744233e+00 0.000000000000000000e+00
-1.616415480706618624e+01 1.738175822437028339e-02 0.000000000000000000e+00
1.668814456154304438e+01 -6.886543663825696271e+00 0.000000000000000000e+00
-1.135708657562466506e+01 5.028599531101336062e+00 0.000000000000000000e+00
1.379605719366434258e+01 -7.905273124214194702e+00 0.000000000000000000e+00
1.113178221581666349e+01 1.076292807638116145e+01 0.000000000000000000e+00
-6.080446219090109850e+00 1.551287198151558755e+01 0.000000000000000000e+00
1.204377493042964531e+01 6.264200907423250086e+00 0.000000000000000000e+00
7.944906431912683864e+00 -9.739158592359068223e+00 0.000000000000000000e+00
2.695115125904632425e+00 8.504571715476503257e+00 0.000000000000000000e+00
-1.009459920290265700e+01 7.331018544735202980e+00 0.000000000000000000e+00
3.112054466882161030e+00 -5.649364329097849691e+00 0.000000000000000000e+00
-1.106643999379109644e+01 1.425010666924106850e+01 0.000000000000000000e+00
5.484338509292030928e+00 5.310663766146815234e+00 0.000000000000000000e+00
5.122170361673047623e+00 -5.337674026554260820e+00 0.000000000000000000e+00
1.060611162548228492e+01 2.433805767788711716e+00 0.000000000000000000e+00
5.164263088770986165e+00 -8.026721562017639755e+00 0.000000000000000000e+00
-1.906283824795362625e+00 4.846213381728869507e+00 0.000000000000000000e+00
5.750354133516156985e+00 -1.580645023043563313e+01 0.000000000000000000e+00
1.738336248233686732e+01 1.062931821968118307e+00 0.000000000000000000e+00
-4.167316471066598638e+00 1.408301986049150933e+01 0.000000000000000000e+00
9.052809062058186029e+00 -6.274148619054822795e+00 0.000000000000000000e+00
-1.020990405701347292e+01 9.521087509472847543e+00 0.000000000000000000e+00
-2.778289009464213866e+00 -4.831302083301066475e+00 0.000000000000000000e+00
2.486265778195142051e+00 -1.449629045982952391e+01 0.000000000000000000e+00
-6.141258854956530566e-01 1.188789933803577448e+01 0.000000000000000000e+00
1.422899443013920440e+01 1.255147930229608200e+01 0.000000000000000000e+00
-5.848794618036269100e+00 -2.088840240575573493e+00 0.000000000000000000e+00
-9.605306340480911587e+00 -3.186190343882238651e-01 0.000000000000000000e+00
1.165648568434073340e+01 -7.163752896332431064e+00 0.000000000000000000e+00
-3.836497158233269200e+00 -3.688886333845498022e+00 0.000000000000000000e+00
7.027098410435741904e+00 2.117229764127813496e+00 0.000000000000000000e+00
-7.197495557551573775e+00 -1.697154222491841935e+01 0.000000000000000000e+00
4.291350729278518017e+00 7.886057681836932787e+00 0.000000000000000000e+00
-1.792278758374180159e+00 1.815481872182164125e+01 0.000000000000000000e+00
1.269402005459333438e+01 -1.406740932123689269e+01 0.000000000000000000e+00
7.735140672090248692e+00 1.186691731121127447e+01 0.000000000000000000e+00
-3.456190752408454969e+00 1.156914016405385714e+00 0.000000000000000000e+00
-5.365582038127059583e+00 4.818690447713647629e+00 0.000000000000000000e+00
-1.438947927403321714e+01 1.153365060387201169e+01 0.000000000000000000e+00
2.855555552898251026e+00 -3.206103343924913140e+00 0.000000000000000000e+00
1.020799471129208058e+01 2.171531641508040733e-01 0.000000000000000000e+00
2.825387830912410969e+00 4.109027629015542971e+00 0.000000000000000000e+00
-1.079654620929288455e+01 1.211474294249515360e+01 0.000000000000000000e+00
-4.967621985196026380e+00 -7.190202743147772857e+00 0.000000000000000000e+00
-1.528895665487835842e+01 -9.294233788389771433e+00 0.000000000000000000e+00
-1.997144011103261008e+00 -2.961278726284763962e+00 0.000000000000000000e+00
1.383806383501334203e+01 1.073123133327942069e+00 0.000000000000000000e+00
-2.392834556891318076e+00 1.031527108814649019e+01 0.000000000000000000e+00
-5.763269000814590370e+00 -1.339309532514784351e+01 0.000000000000000000e+00
7.111926443610137483e+00 -8.465190036461122114e-01 0.000000000000000000e+00
-1.202867681706516656e+01 -4.361635955645653873e+00 0.000000000000000000e+00
-7.694738645829871437e+00 8.563499920707858593e+00 0.000000000000000000e+00
-1.524456599409266744e+01 -1.132748441950687202e+01 0.000000000000000000e+00
-1.253635867544575788e-01 3.918392548225718031e+00 0.000000000000000000e+00
-1.191144984154970526e-01 1.358109230043153737e+01 0.000000000000000000e+00
6.669151994992084553e+00 -1.773033780107124358e+01 0.000000000000000000e+00
1.671472816856407029e+00 6.069893793946415705e+00 0.000000000000000000e+00
-1.801732078342070764e+01 -5.802078841497388950e+00 0.000000000000000000e+00
-8.715777651577646168e+00 -1.905963378652707041e+00 0.000000000000000000e+00
-9.116017701524128825e+00 1.315965015855410236e+01 0.000000000000000000e+00
1.423297915227502841e+01 -1.101525911673076763e+01 0.000000000000000000e+00
-1.094317926095746252e+01 -5.464774472726041665e+00 0.000000000000000000e+00
-3.066102142432420852e+00 6.475650820087555104e+00 0.000000000000000000e+00
7.042707416326317027e-01 -1.190287052591366823e+01 0.000000000000000000e+00
-1.020256880260606636e+01 -1.582416119869959914e+01 0.000000000000000000e+00
-8.115040756279668699e+00 6.854108909516133608e+00 0.000000000000000000e+00
-7.867980111937644683e-01 -8.097451131521433254e+00 0.000000000000000000e+00
3.806424146753664584e+00 5.543159558727830394e+00 0.000000000000000000e+00
-1.656212077230486557e+01 7.824754041294998075e+00 0.000000000000000000e+00
-1.064953228683101827e+01 -1.060016102688459405e+01 0.000000000000000000e+00
-1.332841878169050709e+01 5.342615009952982330e-01 0.000000000000000000e+00
7.062287301524059480e-01 -1.757543668108420931e+01 0.000000000000000000e+00
1.882402801803739223e+01 -6.036028369277482986e-01 0.000000000000000000e+00
3.290869117333757643e+00 1.783174186638467873e+01 0.000000000000000000e+00
1.619040661768318046e+01 6.077107833445409391e+00 0.000000000000000000e+00
-8.674857194126866844e+00 -4.202087533954781406e+00 0.000000000000000000e+00
-3.235301311414358061e+00 -1.137364082026917877e+01 0.000000000000000000e+00
4.850563137578464690e-01 2.271466083446542772e-01 0.000000000000000000e+00
-4.891110836430163644e+00 -5.272606327047360431e+00 0.000000000000000000e+00
9.006122745034813803e+00 -1.245410428884973086e+01 0.000000000000000000e+00
4.583925659679924713e+00 -1.388021827359982652e+01 0.000000000000000000e+00
1.387570301537254558e+01 4.355891313467187054e+00 0.000000000000000000e+00
-7.046507065175488194e+00 1.201086479922541450e+01 0.000000000000000000e+00
-3.028448719626906094e+00 -1.848138162794301920e+01 0.000000000000000000e+00
-3.588228866337910272e+00 2.794104725045970294e+00 0.000000000000000000e+00
-7.889053067737108904e+00 3.292817668481939908e+00 0.000000000000000000e+00
9.193344385206794200e+00 6.408035593797205109e+00 0.000000000000000000e+00
-1.033736745495814979e+01 -1.228032912288707657e+01 0.000000000000000000e+00
4.537769990012483490e+00 -3.737117504311676885e+00 0.000000000000000000e+00
-4.794285623105501770e+00 -3.290207380174837160e-01 0.000000000000000000e+00
8.190389833194146263e+00 -4.324394354024688525e+00 0.000000000000000000e+00
-1.484836467655253855e+01 1.931171133710255061e+00 0.000000000000000000e+00
7.025992381042081014e+00 -1.466953311027928208e+01 0.000000000000000000e+00
1.303771674518696599e+01 -6.024283337953756146e+00 0.000000000000000000e+00
1.290075817756321541e+01 1.390022827930290816e+01 0.000000000000000000e+00
-1.023986420298328426e+01 -7.590006949629313659e+00 0.000000000000000000e+00
-2.817638495638518092e-01 -5.038692006256848543e+00 0.000000000000000000e+00
4.255663878131237254e+00 -1.125787578442780124e+01 0.000000000000000000e+00
-1.321129051685240441e+01 -1.299802850500838858e+01 0.000000000000000000e+00
-4.299814459837308256e+00 -1.999929708634079040e+00 0.000000000000000000e+00
-3.573763255346198431e+00 1.269117106136062212e+01 0.000000000000000000e+00
1.319112329452213395e+01 -1.259414431452496963e+01 0.000000000000000000e+00
2.200786545212310319e+00 -4.236241414523322368e-01 0.000000000000000000e+00
-5.603111529722564654e+00 1.809154119085688706e+01 0.000000000000000000e+00
1.205604082005918620e+01 -8.617762142490771993e+00 0.000000000000000000e+00
1.256338120151132642e+01 1.230771413212578125e+01 0.000000000000000000e+00
