-9.793484329645105291e+00 -1.309507432223928269e+01 0.000000000000000000e+00
8.798784734881323288e+00 1.188590396906064939e+01 0.000000000000000000e+00
8.778596260922673977e+00 3.337643909500452200e+00 0.000000000000000000e+00
-1.134572909714415445e+01 -9.551268285100917410e+00 0.000000000000000000e+00
5.336303354059647397e+00 -1.580725509768812209e+01 0.000000000000000000e+00
5.730765413711480072e+00 1.543845914413112119e+01 0.000000000000000000e+00
-6.088398960954339856e+00 -1.484368821770653213e+01 0.000000000000000000e+00
-6.893993418243327120e+00 -6.974595861001345654e+00 0.000000000000000000e+00
1.043223038424887683e+01 1.001014750794742625e+01 0.000000000000000000e+00
1.541651696823275763e+01 -8.121727764728808197e+00 0.000000000000000000e+00
9.278573600060594728e+00 -7.612195389149479796e-01 0.000000000000000000e+00
-3.540735497847732116e+00 8.367059656325567474e+00 0.000000000000000000e+00
-4.343298240709739133e+00 1.043095783444143798e+01 0.000000000000000000e+00
-3.692179309384236774e+00 -6.177300184488021095e+00 0.000000000000000000e+00
1.038505671291212806e+01 -6.911726697031798317e+00 0.000000000000000000e+00
1.233884677695162324e+01 -7.282607361863610684e+00 0.000000000000000000e+00
1.006824991942365743e+00 1.342324745167126387e+01 0.000000000000000000e+00
-2.372156871491480690e+00 -1.048571357917983171e+00 0.000000000000000000e+00
-1.659791042102344960e+00 -1.263901710020335933e+01 0.000000000000000000e+00
1.362856037610613136e+01 1.722355757841016244e+00 0.000000000000000000e+00
5.756008898979967370e+00 8.327459357055351674e+00 0.000000000000000000e+00
-1.161936429249575475e+01 -2.998120806025371010e+00 0.000000000000000000e+00
-1.223743387341947297e+01 -5.693854410130571253e+00 0.000000000000000000e+00
-1.079275641800314922e+01 4.041506714727220562e+00 0.000000000000000000e+00
-8.046699199932914937e+00 -2.362410181688785915e+00 0.000000000000000000e+00
1.865541914729788031e+00 -3.597286219149847808e-01 0.000000000000000000e+00
3.239301390692056248e+00 1.572612559929299714e+01 0.000000000000000000e+00
-1.132746148110812312e+00 -1.029480087047805803e+01 0.000000000000000000e+00
2.160742855650497063e-01 -3.672608286900219898e+00 0.000000000000000000e+00
1.268895191586866567e+01 6.855008147158828891e+00 0.000000000000000000e+00
-1.746938995580818998e-01 -7.335554968586215807e+00 0.000000000000000000e+00
8.002026721896893235e+00 -1.296069321677555664e+01 0.000000000000000000e+00
-1.544703658910775523e+01 8.099028823106108277e+00 0.000000000000000000e+00
-1.470851949483020427e+01 -7.074151151394497461e+00 0.000000000000000000e+00
2.674773712922463353e+00 -1.285909318266071288e+01 0.000000000000000000e+00
2.435053470352975591e+00 1.087145208688851206e+01 0.000000000000000000e+00
5.839385192219642917e+00 -7.915752322961172815e+00 0.000000000000000000e+00
9.508350983681705060e+00 -1.349725517334568003e+01 0.000000000000000000e+00
-8.594745213748492318e+00 2.011028921620358734e+00 0.000000000000000000e+00
-1.382804759785699922e+01 1.047451929434728690e+01 0.000000000000000000e+00
-5.735463255246375347e+00 -1.020230586464728439e+01 0.000000000000000000e+00
8.891045927261334025e-01 2.762704869083635995e+00 0.000000000000000000e+00
1.277849938128163210e+01 3.308882120627739010e+00 0.000000000000000000e+00
-1.490491577899477171e+01 1.385442084090469539e+00 0.000000000000000000e+00
7.579113955899454247e+00 1.092047199220134601e+01 0.000000000000000000e+00
1.035376101158282047e+00 -1.262405709144621291e+01 0.000000000000000000e+00
-1.322617343036744231e+01 -8.609646683543333845e-01 0.000000000000000000e+00
1.435212889453724650e+01 5.446630731518312452e+00 0.000000000000000000e+00
-1.220525343393323148e+01 6.024523048873652087e+00 0.000000000000000000e+00
-1.013673866901429133e+00 -3.501042394824135928e-01 0.000000000000000000e+00
-5.284235505289938573e+00 1.613298533477465568e+01 0.000000000000000000e+00
7.491726225062635969e+00 1.380192797864187426e+01 0.000000000000000000e+00
5.844436945237168501e+00 -3.763344286286304907e+00 0.000000000000000000e+00
-1.091406715092971602e+01 1.702983520301952491e-01 0.000000000000000000e+00
-4.138101013442548215e+00 -1.240487384482320543e+01 0.000000000000000000e+00
-1.849776349391481833e+00 -5.504010132193895899e+00 0.000000000000000000e+00
-7.785178162962936632e+00 9.873773176318289657e+00 0.000000000000000000e+00
2.160922169542796922e+00 5.136092420316605178e+00 0.000000000000000000e+00
-6.677997069583632594e+00 1.361111020823482676e+01 0.000000000000000000e+00
4.314081568161205915e+00 -1.102380402463261788e+01 0.000000000000000000e+00
1.155952611600132229e+01 -4.068196017664690523e+00 0.000000000000000000e+00
-1.171859516569073989e+01 -1.295444343920155639e+01 0.000000000000000000e+00
4.531092019637689816e+00 -7.019140084581152461e-01 0.000000000000000000e+00
-2.220720103529755518e-01 5.511449456854703222e+00 0.000000000000000000e+00
-4.390888361435993370e-01 1.212897648708404041e+01 0.000000000000000000e+00
-1.130545447118005775e+01 9.558631370493779755e+00 0.000000000000000000e+00
1.394058694453320335e+01 9.568130059729185177e+00 0.000000000000000000e+00
1.686047130762284851e+01 4.235771429395263965e+00 0.000000000000000000e+00
1.400042828334574452e+01 -3.249506804623997880e+00 0.000000000000000000e+00
4.453802091197105462e+00 -2.515665102726192703e+00 0.000000000000000000e+00
1.421642740616656297e+01 -6.861478869763744104e-01 0.000000000000000000e+00
1.740141248788851680e+00 1.543656900890830563e+01 0.000000000000000000e+00
-1.056614570127380048e+01 -5.227016606368718676e+00 0.000000000000000000e+00
-7.493302810162288274e+00 6.224528978471053797e+00 0.000000000000000000e+00
7.517388311789433786e+00 -1.098843798584555032e+01 0.000000000000000000e+00
-8.900339893918490120e+00 -6.893809800386748066e+00 0.000000000000000000e+00
5.460914353550458067e+00 5.215261148318700357e+00 0.000000000000000000e+00
1.134697795338213844e+01 4.646871100016730871e+00 0.000000000000000000e+00
-2.260637827354972096e+00 1.545725379243044273e+01 0.000000000000000000e+00
2.137863067552069563e+00 -1.510940130033460171e+01 0.000000000000000000e+00
-4.604197417758251198e+00 6.437775791652824431e-01 0.000000000000000000e+00
-9.252369954627710058e+00 1.470117320238198688e-01 0.000000000000000000e+00
-6.548581667088319236e+00 3.892089827529004342e+00 0.000000000000000000e+00
-4.031353073718130453e+00 1.306706051257424228e+01 0.000000000000000000e+00
-7.870016408586146817e-01 -1.549968917750904218e+01 0.000000000000000000e+00
-2.293038334428450398e+00 5.687800607129166686e+00 0.000000000000000000e+00
-5.262638337897076468e+00 7.385721337723299307e+00 0.000000000000000000e+00
-1.711432936432970564e+01 -3.471828543964518232e+00 0.000000000000000000e+00
1.598187577170162399e+01 1.732796627349904695e+00 0.000000000000000000e+00
6.518442265765945542e+00 2.510864182693563151e+00 0.000000000000000000e+00
4.554557377904802529e+00 2.832072909646825565e+00 0.000000000000000000e+00
-1.698078503942511119e+01 -1.446325203551099392e+00 0.000000000000000000e+00
1.270701636583778793e+01 -4.622796102020734765e-01 0.000000000000000000e+00
-7.725375250424480811e+00 -1.199784084665671458e+01 0.000000000000000000e+00
1.062508310570891545e+01 1.325422550748044870e+01 0.000000000000000000e+00
1.449993536596448784e+01 -6.298794096786469510e+00 0.000000000000000000e+00
-3.287365590417421934e+00 -1.408053241522549115e+01 0.000000000000000000e+00
-1.633795917775433315e+00 1.003803222013346286e+01 0.000000000000000000e+00
-9.594301950612136309e+00 6.008260402104825815e+00 0.000000000000000000e+00
-1.570868404221063841e+01 6.539342075318583802e+00 0.000000000000000000e+00
-9.881482589928600291e+00 1.086474834851446403e+01 0.000000000000000000e+00
6.318598265016001747e+00 2.689159011297229118e-01 0.000000000000000000e+00
4.063601376989613101e+00 -1.469547710070971824e+01 0.000000000000000000e+00
-3.877595763582553978e+00 -3.826649797155506683e+00 0.000000000000000000e+00
-6.842403196769973661e+00 -8.069589546307255334e-01 0.000000000000000000e+00
-4.926640363064476169e+00 1.455996814568031184e+01 0.000000000000000000e+00
-2.336596184708180424e+00 1.249381480390096222e+01 0.000000000000000000e+00
-4.610600376854647742e+00 2.461828268114258034e+00 0.000000000000000000e+00
1.050754828251841566e+01 2.522087134173717438e+00 0.000000000000000000e+00
-2.809871564248421993e+00 -9.468070586085060469e+00 0.000000000000000000e+00
6.039276288362168899e+00 1.272060105028904253e+01 0.000000000000000000e+00
6.042109718000147289e+00 -6.075266817104587602e+00 0.000000000000000000e+00
9.533987081678166220e+00 -1.022171577385818964e+01 0.000000000000000000e+00
-6.751457632860244917e-01 3.728778726879350192e+00 0.000000000000000000e+00
6.642067528676542487e+00 -1.490658788415696279e+01 0.000000000000000000e+00
1.130259960218263338e+01 -9.106262625258777277e+00 0.000000000000000000e+00
1.200183209108662474e+01 1.140862073978524727e+01 0.000000000000000000e+00
3.950593826599968050e+00 1.370107733000945771e+01 0.000000000000000000e+00
1.520862634733444629e+01 4.035125313121842971e+00 0.000000000000000000e+00
2.901001631461188612e+00 3.589983057283625101e+00 0.000000000000000000e+00
-5.644667896087768533e+00 -3.597046748189840049e+00 0.000000000000000000e+00
8.870139875451608091e+00 6.553806484842191082e+00 0.000000000000000000e+00
-1.606576420219470336e+01 -6.041045004257452611e+00 0.000000000000000000e+00
-1.457253132584427213e+01 -9.075488435869111470e+00 0.000000000000000000e+00
-1.572769757535424162e+01 -2.440677307192329337e+00 0.000000000000000000e+00
-1.299206734418249631e+01 -1.029283557009211592e+01 0.000000000000000000e+00
-1.037561387631466125e+01 1.984170135894204323e+00 0.000000000000000000e+00
-8.970642272398269057e+00 1.495079635297086362e+01 0.000000000000000000e+00
2.271383929264010781e+00 -5.684401872128455935e+00 0.000000000000000000e+00
-7.069627039811549274e+00 2.166875234370396530e+00 0.000000000000000000e+00
-5.889469146077004780e+00 -1.170428372097651071e+01 0.000000000000000000e+00
4.623434125421636232e+00 1.667446040744749780e+01 0.000000000000000000e+00
-1.224014310809869305e-01 -1.155500062237314118e+01 0.000000000000000000e+00
5.838557075075575753e+00 -1.189992369509341685e+01 0.000000000000000000e+00
-1.784499841065291470e+00 -8.200669460449971027e+00 0.000000000000000000e+00
7.784360162072677447e+00 -3.713569662422019579e+00 0.000000000000000000e+00
-1.115974072628299574e+01 -6.939983737648600659e+00 0.000000000000000000e+00
-1.806952211743074743e+00 8.444934011725527156e+00 0.000000000000000000e+00
-7.127382739807529788e+00 1.525419376098810176e+01 0.000000000000000000e+00
-1.396533200903613725e+01 -5.295606413278782121e+00 0.000000000000000000e+00
-1.175578758015892511e+01 -1.142652764047032221e+01 0.000000000000000000e+00
-1.576207226476276313e+00 1.389955488422544505e+01 0.000000000000000000e+00
5.709869366176312244e-01 -9.417165887723621509e+00 0.000000000000000000e+00
9.238266090390808927e+00 -1.173074587374084032e+01 0.000000000000000000e+00
-1.379511282264859062e+01 6.607233300675609655e+00 0.000000000000000000e+00
-9.640426214368043034e+00 -1.576524311086782593e+00 0.000000000000000000e+00
3.178680367057639344e+00 8.918673379667136913e+00 0.000000000000000000e+00
2.678611006621006929e+00 2.079410634682004932e+00 0.000000000000000000e+00
6.818641940236317645e+00 -1.638311551660513343e+00 0.000000000000000000e+00
-5.369987657257817126e+00 1.215658142044265233e+01 0.000000000000000000e+00
-4.407402787520728893e+00 -1.443432273115222486e+00 0.000000000000000000e+00
-7.213836194614548170e+00 1.193305425269600661e+01 0.000000000000000000e+00
-1.214143148500883562e+01 1.174802003820372676e+01 0.000000000000000000e+00
-1.220821401841647003e+01 8.278827923256512733e+00 0.000000000000000000e+00
-4.451110169161710317e+00 5.599726346043211400e+00 0.000000000000000000e+00
4.627339161484870012e+00 1.107973755097701840e+01 0.000000000000000000e+00
8.835166424907118454e+00 9.189853060372279003e+00 0.000000000000000000e+00
6.861650425686306454e-01 -1.589787946609152058e+01 0.000000000000000000e+00
-7.856835959111731604e+00 -5.748193517095634419e+00 0.000000000000000000e+00
-1.537660401723938586e+00 -3.625586264629543365e+00 0.000000000000000000e+00
-7.639324492035952652e+00 -1.547143147910871441e+01 0.000000000000000000e+00
-4.608355005925466763e+00 -1.620296299708938292e+01 0.000000000000000000e+00
-1.522271115486818438e+01 2.955136810280166504e+00 0.000000000000000000e+00
-8.494034588635940963e+00 -1.052389005846421632e+01 0.000000000000000000e+00
1.371956424270171304e+01 -9.159929106358678297e+00 0.000000000000000000e+00
-1.547265161481979234e+01 4.450248613038298551e+00 0.000000000000000000e+00
-1.676019955472003176e+01 2.990808222703289943e+00 0.000000000000000000e+00
1.112068220311288158e+00 -1.866328029949904099e+00 0.000000000000000000e+00
-3.564854240331379209e+00 1.655097521619397227e+01 0.000000000000000000e+00
1.117962923071470094e+01 7.395658041130491966e+00 0.000000000000000000e+00
-8.785571393688803354e+00 -4.009820811110087924e+00 0.000000000000000000e+00
1.280492919543302577e+01 -1.147338863960527178e+01 0.000000000000000000e+00
-5.888248556696235703e+00 1.014063151042084066e+01 0.000000000000000000e+00
2.342826181495874849e+00 -1.032478648251468023e+01 0.000000000000000000e+00
2.026052475668097763e+00 7.560679726613472873e+00 0.000000000000000000e+00
1.007540447876024814e+01 -3.686370144630697343e+00 0.000000000000000000e+00
4.035479578041372584e+00 -8.290720851154981474e+00 0.000000000000000000e+00
-1.528714480429570699e+01 -4.233715862482780423e+00 0.000000000000000000e+00
2.525433204396365650e+00 -3.595029188923214214e+00 0.000000000000000000e+00
1.157842753045049378e+01 -2.343286643859656682e+00 0.000000000000000000e+00
-2.480262192827140666e+00 4.156811374426609085e+00 0.000000000000000000e+00
2.403012286401301142e-02 9.777208557135167455e-01 0.000000000000000000e+00
9.252543162838571256e-01 8.644351064140751717e+00 0.000000000000000000e+00
3.168298052938124609e+00 -1.705389264504542979e+01 0.000000000000000000e+00
-1.588466522392828928e+00 -1.730972418574507188e+01 0.000000000000000000e+00
1.693619488463570022e+00 -7.076838417981078599e+00 0.000000000000000000e+00
3.367445473243620313e+00 6.591366586623564672e+00 0.000000000000000000e+00
8.421702028598582856e+00 -5.669391899803569501e+00 0.000000000000000000e+00
-1.379361136828172363e+01 4.808676200882340268e+00 0.000000000000000000e+00
1.455972119941110066e+01 7.049181242698467464e+00 0.000000000000000000e+00
-6.499582472404388689e+00 8.699000068649754169e+00 0.000000000000000000e+00
8.196323695847496538e+00 1.010362483241912912e+00 0.000000000000000000e+00
6.114237009652837784e+00 1.026437813910061436e+01 0.000000000000000000e+00
-1.492337265554499481e+01 -6.487103146792231323e-01 0.000000000000000000e+00
-5.206185372105995413e+00 -5.371150720306057558e+00 0.000000000000000000e+00
1.242344409715884623e+01 -5.493381927577812185e+00 0.000000000000000000e+00
-7.331349086562437556e-01 1.689681005884944653e+01 0.000000000000000000e+00
-1.006320295067330939e+01 -1.075781467136496872e+01 0.000000000000000000e+00
2.042513263164252024e-01 1.521517074932641655e+01 0.000000000000000000e+00
-4.597899082527285408e+00 -8.679681094363509430e+00 0.000000000000000000e+00
1.592572735357359370e+01 5.502805824756273445e+00 0.000000000000000000e+00
-4.766780902177941037e+00 -1.382536448939968032e+01 0.000000000000000000e+00
-8.098264126865732493e+00 -8.415296644177326257e+00 0.000000000000000000e+00
1.688150724377346634e+01 -3.311040914583937678e+00 0.000000000000000000e+00
-1.181753217461443661e+01 2.517401953793199088e+00 0.000000000000000000e+00
7.493916902746634356e+00 5.733402721454693207e+00 0.000000000000000000e+00
-2.637274947270800141e+00 4.692176151634918080e-01 0.000000000000000000e+00
-3.113036306294699962e+00 -1.675394137766967617e+01 0.000000000000000000e+00
2.821009720933740805e+00 -1.927878977271772820e+00 0.000000000000000000e+00
-1.714660828871496534e+01 9.872584748981951819e-01 0.000000000000000000e+00
1.600273334859419094e+01 -7.574602348032719590e-01 0.000000000000000000e+00
4.393329699733738103e+00 -6.229654366232799667e+00 0.000000000000000000e+00
1.099580585677206379e+01 1.986195595758584731e-01 0.000000000000000000e+00
-1.020484246944934092e+01 1.376444806914202523e+01 0.000000000000000000e+00
5.450309871664966721e+00 -9.937549180091588497e+00 0.000000000000000000e+00
-9.950603679599362650e+00 8.195974624466325409e+00 0.000000000000000000e+00
9.282589772022189933e+00 4.902227760210338126e+00 0.000000000000000000e+00
-1.283295020575182122e+01 -8.258097261652324050e+00 0.000000000000000000e+00
7.123332587340139854e-01 -1.433949781266419699e+01 0.000000000000000000e+00
-7.973761580252866743e+00 7.672803437997269604e+00 0.000000000000000000e+00
1.576272063938744772e+01 -2.266365409927131758e+00 0.000000000000000000e+00
-1.397773470141649277e+01 -3.260480963996283954e+00 0.000000000000000000e+00
1.009998086767472714e+01 -5.298731336204263620e+00 0.000000000000000000e+00
7.270549569730735406e+00 3.949578014950399396e+00 0.000000000000000000e+00
9.598848371807289226e+00 1.435759334215153338e+01 0.000000000000000000e+00
7.348495888779534191e+00 -9.256553410011525429e+00 0.000000000000000000e+00
-8.196534905728174891e+00 4.215839902109371096e+00 0.000000000000000000e+00
-4.355333630861832894e+00 -1.086834286283726314e+01 0.000000000000000000e+00
1.731805477864979537e+01 9.855913538262099927e-01 0.000000000000000000e+00
3.913859276327102510e+00 8.245133254742201823e-01 0.000000000000000000e+00
-1.798657089318311142e+00 1.768086419886785166e+00 0.000000000000000000e+00
7.895232170899018520e+00 1.534653671749485326e+01 0.000000000000000000e+00
7.513061902603066500e+00 7.724448062501205747e+00 0.000000000000000000e+00
-8.540919104491827563e-01 -1.951115556015694752e+00 0.000000000000000000e+00
5.072760541198440443e+00 6.932231066662757790e+00 0.000000000000000000e+00
1.570184426258619759e+01 -5.310474816736197923e+00 0.000000000000000000e+00
-7.113465548932096816e+00 -1.358886559663613092e+01 0.000000000000000000e+00
-2.431372499901796602e-01 -5.584420748970308601e+00 0.000000000000000000e+00
-7.082330592910560441e+00 -4.109988509446437455e+00 0.000000000000000000e+00
-1.281265563978397282e+01 1.100892734532989303e+00 0.000000000000000000e+00
1.385640556321441785e+01 -4.897904567002842491e+00 0.000000000000000000e+00
-9.625949396585291140e+00 -9.205066895434923069e+00 0.000000000000000000e+00
1.258609546805025570e+00 1.690866507949744957e+01 0.000000000000000000e+00
1.194840797845383840e+01 8.959465559944662871e+00 0.000000000000000000e+00
4.415222565017985268e+00 -1.305921333227767711e+01 0.000000000000000000e+00
8.957012897086924497e+00 -7.871524274823094913e+00 0.000000000000000000e+00
4.025101706955594771e+00 4.620063942496860143e+00 0.000000000000000000e+00
-6.634126393736339722e+00 -8.743041694159250810e+00 0.000000000000000000e+00
1.190430134544901719e+01 -1.274182735689123369e+01 0.000000000000000000e+00
1.122471892472606747e+01 -1.080457818529661651e+01 0.000000000000000000e+00
-1.346490327294176126e+01 2.893441260230237511e+00 0.000000000000000000e+00
-1.299687951964449306e+00 6.951274194944723206e+00 0.000000000000000000e+00
1.206954452672963107e+01 1.607227941823787143e+00 0.000000000000000000e+00
9.226296744214845802e+00 -2.323507717131061412e+00 0.000000000000000000e+00
3.280539269373884625e+00 1.218972194484146065e+01 0.000000000000000000e+00
2.554172937469265658e-01 6.955476382938069690e+00 0.000000000000000000e+00
