-1.904146810543817958e+00 -2.376916285270854967e+00 0.000000000000000000e+00
-1.652880991777473341e+01 4.443012670099347972e+00 0.000000000000000000e+00
1.438981031730147286e+01 -4.559991746141571767e+00 0.000000000000000000e+00
3.303199876537895374e+00 1.985179577052490929e+00 0.000000000000000000e+00
-1.190095873380963809e+01 5.093335798810416648e+00 0.000000000000000000e+00
-1.629468293544533486e+00 1.066281161573124514e+01 0.000000000000000000e+00
2.931977110056082303e+00 -1.325533299840289558e+01 0.000000000000000000e+00
-7.197754737884520360e+00 7.187500720950431798e+00 0.000000000000000000e+00
-7.827719194778272715e+00 1.058142650904300197e+01 0.000000000000000000e+00
1.773448687382075617e+00 1.686987265930008562e+01 0.000000000000000000e+00
-3.733935832422672352e+00 -7.397279801025891111e-01 0.000000000000000000e+00
5.409661224088717191e+00 -7.053686928047458338e+00 0.000000000000000000e+00
-5.886122326347184242e+00 5.383313261789952620e+00 0.000000000000000000e+00
1.411968436767993573e+01 1.612708006617646905e+00 0.000000000000000000e+00
-1.295345238777923136e+01 -4.461259499154420105e+00 0.000000000000000000e+00
-6.589202328203389136e+00 -1.098864927410697234e+01 0.000000000000000000e+00
-1.465085156976739178e+01 -8.053940781196093468e+00 0.000000000000000000e+00
-2.048557246934180842e+00 1.371850339964570686e+01 0.000000000000000000e+00
2.533140679791973771e+00 8.646484279312446120e+00 0.000000000000000000e+00
-9.690904598692402061e+00 -7.257496929084327419e+00 0.000000000000000000e+00
-1.034478188793361220e+01 3.723931146339093612e+00 0.000000000000000000e+00
1.514441509842360700e+00 2.430318235595845255e+00 0.000000000000000000e+00
-3.830617893242477923e+00 7.503951243402880777e+00 0.000000000000000000e+00
1.278434773608555730e+01 1.180182016774870313e+01 0.000000000000000000e+00
4.368298766938774058e+00 1.031452316819441251e+01 0.000000000000000000e+00
-1.011724374647186409e+01 -1.310498814618343566e+01 0.000000000000000000e+00
1.729080666297669211e+01 -2.291307478904053063e+00 0.000000000000000000e+00
9.630309491558996626e+00 -9.738570403121347141e-01 0.000000000000000000e+00
1.646192066020450895e+01 5.616028242369784707e+00 0.000000000000000000e+00
3.754741368650190925e+00 1.577814343771940386e+01 0.000000000000000000e+00
1.545297518303019757e+01 -1.459239542318527816e+00 0.000000000000000000e+00
4.398989457177791884e+00 8.275993177509974874e-01 0.000000000000000000e+00
-6.012467650813666964e+00 -1.102856884317269248e+00 0.000000000000000000e+00
-1.113545774095442376e+01 8.859778860264682976e+00 0.000000000000000000e+00
-3.177479948724776904e+00 1.648083168181716118e+01 0.000000000000000000e+00
-1.116546009767442449e+01 5.602606643429280942e-01 0.000000000000000000e+00
-1.255101615797672743e+01 -8.996003917258647675e+00 0.000000000000000000e+00
4.538630687447130718e+00 1.344152893374092272e+01 0.000000000000000000e+00
6.178062115413147204e+00 7.275355996682677961e+00 0.000000000000000000e+00
3.205511981372263897e+00 4.969300235032613422e+00 0.000000000000000000e+00
4.658189515737218289e-01 -7.057916295177211197e+00 0.000000000000000000e+00
5.098010353872314049e+00 -5.055321116313348240e-01 0.000000000000000000e+00
-6.071529844637303164e+00 -3.985739819940953055e+00 0.000000000000000000e+00
1.152347556534979223e+00 1.521451124292344659e+01 0.000000000000000000e+00
-1.114907832842743751e+01 -6.647332334080458871e+00 0.000000000000000000e+00
5.977122265476726426e+00 5.550739795969826140e+00 0.000000000000000000e+00
-1.312302000268128843e+01 1.073373646843184481e+00 0.000000000000000000e+00
1.258601085282359300e+01 1.648973690304593509e+00 0.000000000000000000e+00
6.368413227674689203e+00 -1.447064822495798708e+01 0.000000000000000000e+00
-1.221823863834700674e+01 3.397078912749634139e+00 0.000000000000000000e+00
1.424702496218857917e+01 4.193619631303191042e+00 0.000000000000000000e+00
5.223164144738353665e-01 -1.103987143192423304e+00 0.000000000000000000e+00
9.758856461141958150e+00 1.109865934219730121e+01 0.000000000000000000e+00
-8.150337965887686664e+00 1.440101128593485669e+01 0.000000000000000000e+00
-2.567654499580630301e+00 4.240708209297527453e+00 0.000000000000000000e+00
7.097968080825991954e+00 -6.882644641750373715e+00 0.000000000000000000e+00
-1.511820015536858897e+01 -1.017493050460515747e+00 0.000000000000000000e+00
-6.515262545165382946e+00 2.415143819755834365e+00 0.000000000000000000e+00
-6.527293311359257943e-01 7.980403170163004489e+00 0.000000000000000000e+00
-1.511827389563047186e+00 -1.603746822506809622e+01 0.000000000000000000e+00
-1.210822460378585319e+00 -9.914654307438668823e+00 0.000000000000000000e+00
-1.468811904818577752e+01 -3.394264201850937912e+00 0.000000000000000000e+00
1.002051239379887448e+01 9.272774505133169143e+00 0.000000000000000000e+00
-7.284000882406028055e+00 -1.588021454557307166e+01 0.000000000000000000e+00
-1.426339084945348823e+01 7.577981861397940833e+00 0.000000000000000000e+00
-8.133987062467536333e+00 -6.932250029509829936e+00 0.000000000000000000e+00
-4.058261044518823191e+00 -6.460778267009233744e+00 0.000000000000000000e+00
-3.071712659610857377e-01 9.492520296821874481e+00 0.000000000000000000e+00
9.147771130680341756e+00 -5.856535638588995063e+00 0.000000000000000000e+00
-1.774769398861244962e+00 1.485720980317492890e+00 0.000000000000000000e+00
1.776241230402449078e+00 -1.626411699963144741e+01 0.000000000000000000e+00
-9.080930981973772020e+00 -9.274728774958472144e+00 0.000000000000000000e+00
9.279099363909073972e+00 9.574715541595316681e-01 0.000000000000000000e+00
4.857752695985730895e+00 -1.088296106802689422e+01 0.000000000000000000e+00
-4.696477574878192840e+00 1.640104255841201564e+01 0.000000000000000000e+00
1.376028451263734986e+01 -2.861285755887329696e+00 0.000000000000000000e+00
1.130173526640508896e+01 1.283013753829230730e+01 0.000000000000000000e+00
-3.618858632707000478e+00 2.841181152057739023e+00 0.000000000000000000e+00
5.954686717282196895e+00 -1.210512686555861173e+01 0.000000000000000000e+00
1.645227902580090884e+01 -5.858009036049777407e+00 0.000000000000000000e+00
1.294153623620229787e+01 9.338454686490633982e-02 0.000000000000000000e+00
-1.107216080713920370e+01 -1.193781528465030561e+01 0.000000000000000000e+00
6.447971332700556779e+00 1.386659447729058137e+01 0.000000000000000000e+00
-1.107184078585191322e+01 -2.467965196864711164e+00 0.000000000000000000e+00
-5.218217578213986130e-01 -5.258882559274004720e+00 0.000000000000000000e+00
-1.378754695957393039e+01 4.924085999950579051e+00 0.000000000000000000e+00
-1.129830075381920196e+01 1.198849952301773847e+01 0.000000000000000000e+00
1.112175227254624943e+01 -7.206349858055206781e+00 0.000000000000000000e+00
1.869856888335470479e-01 1.303138171728477701e+01 0.000000000000000000e+00
1.436252397215992849e+00 -1.404191708452286846e+01 0.000000000000000000e+00
-1.341161816967929887e+01 9.545701837089509922e+00 0.000000000000000000e+00
4.231359907974773904e+00 1.196097281774193100e+01 0.000000000000000000e+00
4.871203188841937148e+00 3.931938103267067053e+00 0.000000000000000000e+00
-1.277907621700325969e+01 -2.743016627756915682e+00 0.000000000000000000e+00
1.539145173004276002e+00 -1.156092387894762474e+01 0.000000000000000000e+00
-1.306189495104640308e+01 -1.091790419810387647e+01 0.000000000000000000e+00
7.578791615538246207e-01 -4.199683681639146293e+00 0.000000000000000000e+00
1.345631308948350302e+01 -1.096051148792978402e+01 0.000000000000000000e+00
-1.604371934873450867e+00 5.681713819372617102e+00 0.000000000000000000e+00
1.063537688276362836e+01 -1.031713219487432553e+01 0.000000000000000000e+00
2.067196790956223218e+00 1.038640501491615886e+01 0.000000000000000000e+00
-5.455293045454490120e+00 3.746447458007005515e+00 0.000000000000000000e+00
6.468207541996648935e+00 -9.261687398384587766e+00 0.000000000000000000e+00
-3.149427711991726664e+00 -8.977876299568437801e+00 0.000000000000000000e+00
1.601117010861585754e+00 1.369494410353399871e+01 0.000000000000000000e+00
-7.047558236776402474e+00 -9.193693161953488513e+00 0.000000000000000000e+00
-5.367766135923241144e+00 -9.641923809904913156e+00 0.000000000000000000e+00
-4.624329951000501815e+00 -1.628911054140023396e+01 0.000000000000000000e+00
-3.924775591949031028e+00 5.705122378543495465e+00 0.000000000000000000e+00
4.234776592146127783e+00 7.389268677341478408e+00 0.000000000000000000e+00
-8.036722512958792919e+00 -2.263453218576402026e+00 0.000000000000000000e+00
6.177946604094297633e+00 2.127261881860807335e+00 0.000000000000000000e+00
4.148646962457603671e+00 -1.650813731599902212e+01 0.000000000000000000e+00
9.435498147714506345e+00 -1.289407904258196425e+01 0.000000000000000000e+00
-9.433847592830995055e+00 5.998382523440615621e+00 0.000000000000000000e+00
-1.152150276390944209e-02 -1.292013604831723228e+01 0.000000000000000000e+00
6.019041291735308441e+00 -2.574460630426166130e+00 0.000000000000000000e+00
2.724798859253084071e+00 1.239602266794339513e+01 0.000000000000000000e+00
-1.061858668017071627e+00 3.882748193941591097e+00 0.000000000000000000e+00
-3.134382191886146529e+00 -1.063977082624386483e+01 0.000000000000000000e+00
-5.404899988039134406e+00 1.363802382598403007e+01 0.000000000000000000e+00
-1.560593569211738441e+01 -6.351814775332325524e+00 0.000000000000000000e+00
-1.668608951470467971e+01 -3.589295671688729872e+00 0.000000000000000000e+00
4.831585824202148771e+00 -8.651379431156200894e+00 0.000000000000000000e+00
-8.046797514822756625e+00 -1.240279069878907947e+01 0.000000000000000000e+00
-7.566026320523551618e+00 3.504374160446896536e+00 0.000000000000000000e+00
5.289346886643155443e+00 -4.690656957143668038e+00 0.000000000000000000e+00
-7.669676907718977511e-03 -1.603489010742176646e+01 0.000000000000000000e+00
1.378822244200421387e+01 6.624566314208143680e+00 0.000000000000000000e+00
-3.630981027247147441e+00 1.379593047025656816e+01 0.000000000000000000e+00
1.717423187958382513e+01 3.035394113389924708e+00 0.000000000000000000e+00
1.476971968574087946e+01 1.182818909805813390e-01 0.000000000000000000e+00
8.447076970970895715e+00 2.507846526707313117e+00 0.000000000000000000e+00
1.176931489770124628e+01 7.641647896750970226e+00 0.000000000000000000e+00
5.940960456936098311e+00 1.589538392468101158e+01 0.000000000000000000e+00
1.368474421163737631e+01 -7.149783034616796762e+00 0.000000000000000000e+00
-6.462927700238723538e+00 -1.420701285260374824e+01 0.000000000000000000e+00
8.080915130755711218e+00 -4.656138400363103891e+00 0.000000000000000000e+00
9.342069322567708056e+00 -9.312905685388715327e+00 0.000000000000000000e+00
-1.007848421321944521e+01 1.786134711627948235e+00 0.000000000000000000e+00
-7.792524700264537252e+00 1.277011320817838858e+01 0.000000000000000000e+00
-9.079514016004509358e+00 -4.475939031565626891e+00 0.000000000000000000e+00
-6.047020232767043313e-02 5.261915235325269613e+00 0.000000000000000000e+00
1.174010099442408794e+01 -1.280223497112144226e+00 0.000000000000000000e+00
-2.226262227161637686e+00 -6.035840945164649973e+00 0.000000000000000000e+00
6.625198051365329022e+00 1.112584178128109613e+01 0.000000000000000000e+00
2.107204101259123608e+00 6.004501910418546196e+00 0.000000000000000000e+00
1.391326011377579697e+01 1.010952719566468261e+01 0.000000000000000000e+00
-1.585878647235842109e+01 3.412753448748412910e-01 0.000000000000000000e+00
-9.377213226732729723e+00 1.185267611423373602e+01 0.000000000000000000e+00
1.024383444335423121e+01 5.585353590138470103e+00 0.000000000000000000e+00
-1.561711346854119320e+01 6.231708744999199467e+00 0.000000000000000000e+00
-3.082201870551776413e+00 -3.462070651333081006e+00 0.000000000000000000e+00
2.794473892453691946e-02 1.718048761604094565e+01 0.000000000000000000e+00
-1.031683838532958530e+00 -7.514367677677984414e-01 0.000000000000000000e+00
-3.984545446708438021e+00 -4.871669428099045795e+00 0.000000000000000000e+00
-1.283451478893619324e+01 -6.664340992998183388e+00 0.000000000000000000e+00
-2.155825537072149078e+00 -1.295700682017022665e+01 0.000000000000000000e+00
-1.058022987173989193e+01 1.055560674138262733e+01 0.000000000000000000e+00
-1.707193527543498845e+00 1.732187200200930377e+01 0.000000000000000000e+00
-7.929790630474339963e+00 5.618506770653101334e+00 0.000000000000000000e+00
2.590258792166396873e+00 -4.532200632245563909e+00 0.000000000000000000e+00
1.041502434842575431e+00 -8.665000561557409497e+00 0.000000000000000000e+00
-2.142754801228265116e+00 8.684612421646356495e+00 0.000000000000000000e+00
8.130113341932883486e+00 9.729965207400717020e+00 0.000000000000000000e+00
1.054579332803516856e+01 -5.210297379856914546e+00 0.000000000000000000e+00
8.650126731843037931e+00 7.020858869647046419e+00 0.000000000000000000e+00
3.405684793178776815e+00 -1.021761798229789697e+01 0.000000000000000000e+00
-1.348176471031624146e+01 2.575408854858078467e+00 0.000000000000000000e+00
1.013638629592867346e+01 7.588067772526324362e+00 0.000000000000000000e+00
1.475676662541535222e+01 -9.406621337377812253e+00 0.000000000000000000e+00
-6.561988243733432924e+00 -6.778380260536510882e+00 0.000000000000000000e+00
-5.205876261794883497e+00 7.789816581634861903e-01 0.000000000000000000e+00
-4.912978844853801874e+00 -1.310848887144160102e+01 0.000000000000000000e+00
4.048830692465891445e+00 -3.824709973385101769e+00 0.000000000000000000e+00
-1.666134121309168847e+01 1.625239581730223426e+00 0.000000000000000000e+00
4.348877517976145413e+00 -1.977212762648252298e+00 0.000000000000000000e+00
1.664932316496375009e+01 3.833910782403712747e-01 0.000000000000000000e+00
4.924298923568531383e-01 1.147707014783649981e+01 0.000000000000000000e+00
-9.130242831697852779e+00 5.521760794925294480e-01 0.000000000000000000e+00
-1.253615441617375836e+01 8.233784899232400534e+00 0.000000000000000000e+00
7.585306949589440073e+00 5.559188052757480847e+00 0.000000000000000000e+00
-8.468571445065457226e+00 -1.076242069134269919e+01 0.000000000000000000e+00
1.141502887153961865e+01 6.730719401148993475e-01 0.000000000000000000e+00
1.265092571340733407e+01 -5.420484445262490070e+00 0.000000000000000000e+00
-4.482844614499426505e+00 -1.454584184224642840e+01 0.000000000000000000e+00
7.258043714395038926e+00 -4.662392183387830125e-01 0.000000000000000000e+00
-4.404794061060846033e+00 -2.214092526975127928e+00 0.000000000000000000e+00
2.112986270929473331e+00 4.231930392575536382e-01 0.000000000000000000e+00
1.623614450760109351e+00 -2.174353608589341125e+00 0.000000000000000000e+00
1.134133434838892285e+01 1.127872167699224093e+01 0.000000000000000000e+00
8.813117115042668814e+00 1.254956686173256664e+01 0.000000000000000000e+00
-1.124289394165048961e+01 -3.987162461622908438e+00 0.000000000000000000e+00
-5.195404641478998720e+00 1.170532459392885904e+01 0.000000000000000000e+00
1.036611592505093604e+01 2.069544029086380466e+00 0.000000000000000000e+00
-7.045327290568531353e+00 8.847634159424979217e+00 0.000000000000000000e+00
3.196504127660426686e+00 -8.292089680875211144e+00 0.000000000000000000e+00
8.440098765473747378e+00 -1.425079440253926855e+01 0.000000000000000000e+00
-7.360152747462242462e-02 6.745549672968840227e-01 0.000000000000000000e+00
8.358847371068435450e+00 1.445166866380923665e+01 0.000000000000000000e+00
1.165576843395658280e+01 -1.229562150384102814e+01 0.000000000000000000e+00
7.223625889641104969e+00 3.978774453445525605e+00 0.000000000000000000e+00
-1.089274614756784665e+01 -1.026967128412429453e+01 0.000000000000000000e+00
8.618415205938386947e+00 -3.203577311580691145e+00 0.000000000000000000e+00
1.154071147622476090e+01 -3.721801900999029300e+00 0.000000000000000000e+00
-1.525467168719189415e+00 1.542835726951928521e+01 0.000000000000000000e+00
1.160348062341069841e+01 -9.158862172326831086e+00 0.000000000000000000e+00
-5.259679827034738686e+00 -8.111465435003516689e+00 0.000000000000000000e+00
-9.422766769922352736e+00 7.694381844295846484e+00 0.000000000000000000e+00
1.055448947395620607e+01 -2.374950472421595737e+00 0.000000000000000000e+00
-7.294824790662834069e+00 -5.136649370794535763e+00 0.000000000000000000e+00
-1.013489489187725390e+01 -7.217375496349591746e-01 0.000000000000000000e+00
1.358738365236647638e+01 8.643944349025899143e+00 0.000000000000000000e+00
4.872177935617104438e+00 -1.399543696716733088e+01 0.000000000000000000e+00
-8.838921629094759425e+00 2.660494611474754745e+00 0.000000000000000000e+00
-3.580121776164133962e+00 1.112799464137149208e+01 0.000000000000000000e+00
1.161004936199413251e+01 4.369859394194595126e+00 0.000000000000000000e+00
5.553774829060093232e+00 -1.591365923243823488e+01 0.000000000000000000e+00
6.700366620900692460e+00 9.050409974226790055e+00 0.000000000000000000e+00
7.918519858622262930e+00 -1.172227382986050515e+01 0.000000000000000000e+00
-1.483241914695505770e+01 3.387984270863149572e+00 0.000000000000000000e+00
-5.038651065367051096e+00 8.550099090422316195e+00 0.000000000000000000e+00
-1.143224949201919038e+01 6.766335674907375086e+00 0.000000000000000000e+00
1.177319098276475984e+01 9.178161858239716864e+00 0.000000000000000000e+00
-9.293420409744047817e+00 9.736916096630730877e+00 0.000000000000000000e+00
-1.508628658499058517e+01 -4.861784524130798424e+00 0.000000000000000000e+00
1.566073576138596124e+01 -7.412126747563018370e+00 0.000000000000000000e+00
2.797688564996605898e+00 -1.485226809735917541e+01 0.000000000000000000e+00
-1.051481879171337397e+01 1.397027494531733005e+01 0.000000000000000000e+00
-1.397364744235662215e+01 -9.683147527762189455e+00 0.000000000000000000e+00
-2.887542105466157860e+00 -1.513947466426061261e+01 0.000000000000000000e+00
9.205061381969716905e+00 -7.580425654103209787e+00 0.000000000000000000e+00
-5.702056329411764324e+00 6.930917380165926289e+00 0.000000000000000000e+00
-1.702388578629758698e+01 -1.521054279212775251e+00 0.000000000000000000e+00
-7.695250941176349002e+00 1.448222797999908940e+00 0.000000000000000000e+00
1.576108023629513255e+01 3.650897895710517371e+00 0.000000000000000000e+00
-1.108298084794305183e+01 -8.264664117274767463e+00 0.000000000000000000e+00
-2.373399166382018921e-02 2.725397850878062744e+00 0.000000000000000000e+00
2.176797919917389912e+00 -6.429306292197727757e+00 0.000000000000000000e+00
-3.672528700214482189e+00 9.598875497775489762e+00 0.000000000000000000e+00
8.606341559727382906e-01 6.915254911199632204e+00 0.000000000000000000e+00
-8.915404675034499959e+00 -1.443224021879877483e+01 0.000000000000000000e+00
9.223342349085053016e+00 3.816370234131401862e+00 0.000000000000000000e+00
1.322787840870189946e+01 -9.165756734063903011e+00 0.000000000000000000e+00
3.586837555664573518e+00 -5.810984618713544769e+00 0.000000000000000000e+00
1.092194491240491416e+01 -1.364495480970747465e+01 0.000000000000000000e+00
7.281766385667728159e+00 -1.579832483218408079e+01 0.000000000000000000e+00
1.579419944826290489e+01 1.640449344165576750e+00 0.000000000000000000e+00
-1.293413221182666639e+01 1.109828162701830756e+01 0.000000000000000000e+00
1.018842876519738816e+01 1.385929717692034835e+01 0.000000000000000000e+00
-1.184887259255188674e+00 -1.446358492390608852e+01 0.000000000000000000e+00
-6.499357831273604169e-02 -1.111543855227784050e+01 0.000000000000000000e+00
-1.227552670541273727e+01 -8.793645756801624636e-01 0.000000000000000000e+00
-6.651136881994514916e-01 -3.632347573863951240e+00 0.000000000000000000e+00
-1.464207185853734927e+01 1.592938936810752271e+00 0.000000000000000000e+00
1.523634457290057576e+01 7.194991042966561778e+00 0.000000000000000000e+00
