-1.441898654694609583e+01 5.357197383416743008e+00 0.000000000000000000e+00
9.726939021148465869e+00 -8.798331016353660772e+00 0.000000000000000000e+00
1.613071190399753974e+01 -1.081645458926026038e+00 0.000000000000000000e+00
7.770591041126952092e+00 -1.227782131926187859e+01 0.000000000000000000e+00
-1.462065852608371186e+00 1.292491097861214655e+01 0.000000000000000000e+00
-1.387258225305162362e+01 -7.448575279579401354e+00 0.000000000000000000e+00
8.911996272779072470e-01 -1.273837155038906488e+01 0.000000000000000000e+00
-9.408129780583541546e+00 -1.249196794809806654e+01 0.000000000000000000e+00
1.263389790209240715e+01 -3.347219971941826078e+00 0.000000000000000000e+00
-8.962778933842784568e+00 -3.597757858172492273e+00 0.000000000000000000e+00
1.516713360193591598e+00 1.099750240098514631e+01 0.000000000000000000e+00
5.211566853072309158e-01 7.244012256023293350e-01 0.000000000000000000e+00
1.114974254153481859e+01 6.710323926902039826e-01 0.000000000000000000e+00
4.963596473273949705e+00 5.622544951107864897e+00 0.000000000000000000e+00
-1.148172815992902329e+01 7.024884476272025502e+00 0.000000000000000000e+00
-1.394861671603921316e+01 -3.008155723114464664e+00 0.000000000000000000e+00
-6.711970802162618988e+00 4.017132626969215359e+00 0.000000000000000000e+00
5.167122822561120543e+00 1.657305192768032853e+01 0.000000000000000000e+00
3.963349294883886209e+00 -1.682695246854938986e+01 0.000000000000000000e+00
-1.617371673901841334e+01 -4.456200528504393077e+00 0.000000000000000000e+00
3.266650737072426036e+00 -1.309681351842536934e+01 0.000000000000000000e+00
1.714749447001827187e+00 -2.455411747539285372e+00 0.000000000000000000e+00
-4.233935695354014150e+00 -7.679574189243878912e+00 0.000000000000000000e+00
7.644881074381691732e+00 1.054236987049034546e+01 0.000000000000000000e+00
1.151537666979586483e+01 -4.992871222748533455e+00 0.000000000000000000e+00
-1.518277329092174943e+00 8.032056396286739730e-01 0.000000000000000000e+00
6.564708714559490677e-01 -5.535315058635196905e+00 0.000000000000000000e+00
-2.572411584960912379e+00 -8.503588093832515682e+00 0.000000000000000000e+00
6.256686217729027000e+00 -2.509558409935515044e+00 0.000000000000000000e+00
-1.440843802797199658e+01 7.034049375584677577e+00 0.000000000000000000e+00
-3.145845574908398667e+00 1.173852199148285003e+01 0.000000000000000000e+00
1.614399076412917822e+01 -3.600784564646746677e+00 0.000000000000000000e+00
1.098009422193432272e+01 -1.189896305236367446e+01 0.000000000000000000e+00
-7.891209608506899897e+00 6.973064490835493956e+00 0.000000000000000000e+00
-5.725742469162943493e+00 1.281037884251115422e+01 0.000000000000000000e+00
6.876588133924617985e+00 -1.362820651494840263e+01 0.000000000000000000e+00
-3.936313277723088699e+00 -1.513249332173894146e+01 0.000000000000000000e+00
7.575847683171815561e+00 -1.541368890864030661e+01 0.000000000000000000e+00
2.449022767854043714e+00 -1.100381652920547815e+01 0.000000000000000000e+00
6.639238921929991655e+00 3.077012239682580308e+00 0.000000000000000000e+00
3.037113028987115992e+00 6.227333088569450226e+00 0.000000000000000000e+00
1.139871302421137678e+01 9.235479653052360405e+00 0.000000000000000000e+00
1.482413393300006810e+01 2.153854453874851416e+00 0.000000000000000000e+00
8.716551717762172302e+00 -1.346126128332146976e+01 0.000000000000000000e+00
3.906140600339834901e+00 -6.693046088928944037e+00 0.000000000000000000e+00
1.449896098149472401e+01 -7.142478844595271603e+00 0.000000000000000000e+00
6.359026054325765953e-01 -1.717782329819268838e+01 0.000000000000000000e+00
4.151208312877173179e-01 4.063465679939695541e+00 0.000000000000000000e+00
1.278496254342008775e+01 9.471843804088236896e-01 0.000000000000000000e+00
5.401494308283331769e+00 -1.183763515601547311e+01 0.000000000000000000e+00
6.870402676980071455e+00 -9.010081276192268618e+00 0.000000000000000000e+00
-6.101277340078548939e+00 -1.232663944922777510e+01 0.000000000000000000e+00
4.754744327641363455e+00 -9.673915577777528085e+00 0.000000000000000000e+00
7.450169478947604951e+00 -5.286020786358482937e+00 0.000000000000000000e+00
-1.165332826657793142e+01 -9.626010852687691965e+00 0.000000000000000000e+00
1.463851129849971855e+01 9.402450883109482405e+00 0.000000000000000000e+00
-5.646324936721661913e+00 1.651867680789956339e+01 0.000000000000000000e+00
1.635317871971376036e+01 5.855141139965175157e+00 0.000000000000000000e+00
1.014706114936790755e-02 -1.398341650101321720e+00 0.000000000000000000e+00
1.263125346156662410e+01 -6.686000823912890967e-01 0.000000000000000000e+00
-4.764677408834614880e+00 1.336334999189779493e+00 0.000000000000000000e+00
-3.915720067178412478e+00 -3.075717262700977894e+00 0.000000000000000000e+00
3.715294295799410840e+00 -3.195221072457301137e+00 0.000000000000000000e+00
-4.902206840076533290e+00 9.885384353652979073e+00 0.000000000000000000e+00
1.532870582606074095e+01 4.138909999068105527e+00 0.000000000000000000e+00
-2.651138767742481583e+00 7.470519431398574994e+00 0.000000000000000000e+00
7.955439296251822778e-01 -9.890699845512708421e+00 0.000000000000000000e+00
1.076434770262124019e+01 7.395600603211707202e+00 0.000000000000000000e+00
1.306225883648909658e+01 -1.065972795104461213e+01 0.000000000000000000e+00
-1.100738562395534004e+01 3.967591712741863841e+00 0.000000000000000000e+00
1.328363653566649594e-01 -7.389009911815855425e+00 0.000000000000000000e+00
4.525122841566239229e-01 1.504368969398474754e+01 0.000000000000000000e+00
-6.935214392002349015e+00 -7.996177285350730024e+00 0.000000000000000000e+00
-8.605279010109681437e+00 1.236606016370920180e+01 0.000000000000000000e+00
9.042772615677661108e+00 1.422345408651524679e+01 0.000000000000000000e+00
-8.277117378062811559e-01 -5.296395499580940580e+00 0.000000000000000000e+00
1.386675166821773331e-01 -3.683364659315192302e+00 0.000000000000000000e+00
-1.366828081791013005e+01 8.616229973693764421e+00 0.000000000000000000e+00
8.726031500394643814e+00 2.635114382410382206e+00 0.000000000000000000e+00
8.662716835227088907e+00 -6.437410798519744404e+00 0.000000000000000000e+00
-9.077137501324491708e+00 -1.491245661150044555e+01 0.000000000000000000e+00
1.180542474204157344e+01 6.102977966525180875e+00 0.000000000000000000e+00
-4.511371785747813057e+00 5.194942697818506261e+00 0.000000000000000000e+00
-1.283912328190573149e+01 1.946524358099138263e+00 0.000000000000000000e+00
2.246793286778782317e+00 -1.664419366458044891e+01 0.000000000000000000e+00
4.422178491747196460e+00 -4.734350080215680379e+00 0.000000000000000000e+00
3.419076054528321862e+00 8.512405791596220794e+00 0.000000000000000000e+00
-1.169952649849760284e+01 2.022605526852885305e-01 0.000000000000000000e+00
-1.396818906320382148e+01 -9.049941195875147448e-01 0.000000000000000000e+00
-6.025310070757705638e+00 -4.752632154294155420e+00 0.000000000000000000e+00
1.336318932363073486e+01 5.920602190735825943e+00 0.000000000000000000e+00
-7.517874917370700238e+00 -1.420777247037363900e+01 0.000000000000000000e+00
-1.176803047006910319e+01 -3.782492158773697710e+00 0.000000000000000000e+00
9.142424170206751910e+00 -2.397288337518042489e+00 0.000000000000000000e+00
-2.311040983406317917e+00 -2.791797983293212049e+00 0.000000000000000000e+00
-6.471435745242958504e+00 1.105747238060693327e+01 0.000000000000000000e+00
-6.915247302263996865e+00 -6.216786468256271903e+00 0.000000000000000000e+00
-9.708245798568965412e+00 -7.294604228730573681e+00 0.000000000000000000e+00
-9.809546847728752184e+00 1.073576116901898736e+01 0.000000000000000000e+00
8.815919961352948420e+00 1.234405184674310263e+01 0.000000000000000000e+00
1.641013737341722134e+01 1.278460124366249229e+00 0.000000000000000000e+00
-7.363255568607095292e+00 -3.876944536891872850e-02 0.000000000000000000e+00
-1.308562477153329695e+01 1.099906231105895138e+01 0.000000000000000000e+00
-4.474507388757522186e+00 -1.656893083350838225e+01 0.000000000000000000e+00
-6.786728096682817402e+00 -1.054129355281197711e+01 0.000000000000000000e+00
-1.265007311195530448e+01 4.199240749866523181e+00 0.000000000000000000e+00
-9.326240845944420599e+00 -1.034653360806642119e+01 0.000000000000000000e+00
-1.133605487893155850e+00 -1.641347552288988965e+01 0.000000000000000000e+00
-2.999601737617849206e+00 4.502151339295763499e+00 0.000000000000000000e+00
-1.180197252868319602e+01 -1.258981718860697718e+01 0.000000000000000000e+00
-1.221885944810908953e+01 9.636861801784283088e+00 0.000000000000000000e+00
-1.448538411534947556e+00 1.682171741718672919e+01 0.000000000000000000e+00
-5.365197215536878339e+00 -1.064203178770694924e+00 0.000000000000000000e+00
8.559738902058565913e+00 6.074063489638700908e+00 0.000000000000000000e+00
-3.172342382508365866e+00 -1.378782941772816351e+01 0.000000000000000000e+00
2.210290500356835608e+00 7.506707776752703509e+00 0.000000000000000000e+00
-8.073649203240004013e+00 2.415119532520320078e+00 0.000000000000000000e+00
1.020433436005359162e+01 -1.388379129663244171e+01 0.000000000000000000e+00
-1.110831842497308486e+01 2.173500256014150089e+00 0.000000000000000000e+00
-8.294430866313428297e+00 1.507407908856868772e+01 0.000000000000000000e+00
-2.581700355542600356e+00 -1.220484247084454354e+00 0.000000000000000000e+00
6.328322475151793469e+00 8.874095659510791156e-01 0.000000000000000000e+00
2.907740200815632559e+00 -4.852045160137312685e+00 0.000000000000000000e+00
6.713571129934798876e+00 5.449726975283395447e+00 0.000000000000000000e+00
-9.558122985059339882e+00 4.885427196294592100e+00 0.000000000000000000e+00
-5.528629763794240759e+00 -1.395508153800800244e+01 0.000000000000000000e+00
4.485868798067929042e+00 1.235478260146067164e+01 0.000000000000000000e+00
4.883818012244524276e+00 1.799446686446978028e+00 0.000000000000000000e+00
2.840497664918610887e+00 2.273079584258745012e+00 0.000000000000000000e+00
-7.118387182237695399e+00 9.669810683618148772e+00 0.000000000000000000e+00
5.904341532541963922e+00 -6.702288444449213678e-01 0.000000000000000000e+00
-9.807965949497008395e+00 -2.310010600410064008e+00 0.000000000000000000e+00
1.177837635306513242e+01 -2.037379282008898951e+00 0.000000000000000000e+00
1.007440227391167653e+01 1.142390434807312083e+01 0.000000000000000000e+00
-2.981212626807132171e+00 9.021509438029163164e+00 0.000000000000000000e+00
5.891352572344444205e+00 1.039878947869252279e+01 0.000000000000000000e+00
5.275396217476502336e+00 -1.588571555762180942e+01 0.000000000000000000e+00
-1.311640515534931239e+01 -1.111051502927781165e+01 0.000000000000000000e+00
1.178949588986058616e+00 5.865769863200724465e+00 0.000000000000000000e+00
-1.232132718388700532e+01 -5.636735945112045343e+00 0.000000000000000000e+00
2.757712101959465922e+00 -8.768407194858637510e+00 0.000000000000000000e+00
1.210258510533211762e+01 1.263510352907003842e+01 0.000000000000000000e+00
-7.348890822678098900e+00 -3.178094135299191159e+00 0.000000000000000000e+00
9.960737061355171562e+00 -8.640982100094081186e-01 0.000000000000000000e+00
7.983212213039136529e+00 -3.351306567256181257e+00 0.000000000000000000e+00
1.248509355510828023e+01 3.477960430973484840e+00 0.000000000000000000e+00
8.425641055154462933e+00 8.095090744180724940e+00 0.000000000000000000e+00
7.276969120314983996e+00 1.512319150231850706e+01 0.000000000000000000e+00
1.299142272750294680e+01 -5.722353768718502209e+00 0.000000000000000000e+00
1.091846413320227427e+01 -3.461041530962067903e+00 0.000000000000000000e+00
-4.109644433076590886e+00 1.591601068004057140e+01 0.000000000000000000e+00
-7.738910255254944914e+00 -1.215751705371816094e+01 0.000000000000000000e+00
3.791410328830317589e+00 1.547115049152405319e+01 0.000000000000000000e+00
3.643734877607861300e+00 -9.469991247490672226e-01 0.000000000000000000e+00
-1.568142022598470042e+01 2.418365988394850508e+00 0.000000000000000000e+00
-1.708096782186313689e+01 1.496623826565007587e+00 0.000000000000000000e+00
5.903738879063964440e+00 1.407773472402610082e+01 0.000000000000000000e+00
1.640573501489977204e+01 -5.954054715634264028e+00 0.000000000000000000e+00
-9.406763659555826607e+00 -5.530444931152732835e+00 0.000000000000000000e+00
1.482069021042304513e+01 -5.162328738253653349e+00 0.000000000000000000e+00
-7.507703063652203419e-03 -1.481889575620448163e+01 0.000000000000000000e+00
1.371210394369951402e+01 4.404878595294604793e+00 0.000000000000000000e+00
1.662409499217966413e+01 2.980120533411950934e+00 0.000000000000000000e+00
-1.968754004436901406e+00 -1.050800004550673705e+01 0.000000000000000000e+00
-4.957992682902977677e+00 -1.023917936545591267e+01 0.000000000000000000e+00
-2.750462704740189501e+00 1.717129329271455340e+00 0.000000000000000000e+00
1.028316719907823185e+01 4.978432991576172029e+00 0.000000000000000000e+00
5.261789152733513220e+00 -8.195420455257419690e+00 0.000000000000000000e+00
-7.946379133343814960e-01 9.246386410389449750e+00 0.000000000000000000e+00
9.381829410679310755e+00 -4.379269063697659448e+00 0.000000000000000000e+00
-8.820969925032304815e+00 8.351516644319330496e+00 0.000000000000000000e+00
-6.352816841337721065e+00 7.301041572906920685e+00 0.000000000000000000e+00
-4.797485616180103385e+00 6.797916904694049300e+00 0.000000000000000000e+00
2.165051569547202348e+00 -6.524204875171477624e+00 0.000000000000000000e+00
6.984184795689778014e+00 -6.797039775806502426e+00 0.000000000000000000e+00
1.438456558180465983e+01 8.409699672328599385e-02 0.000000000000000000e+00
1.050524500434653064e+01 -6.295402082914088204e+00 0.000000000000000000e+00
-1.146042906981382226e+00 3.363844111066252918e+00 0.000000000000000000e+00
-3.812283165383529404e+00 1.363229780409214875e+01 0.000000000000000000e+00
2.193816348071773170e+00 1.463180709255322220e+01 0.000000000000000000e+00
-2.495049667125316673e-01 1.106821300448745582e+01 0.000000000000000000e+00
3.430285471879628290e+00 1.037308125983230056e+01 0.000000000000000000e+00
9.113080903441041158e+00 6.930619603306165111e-01 0.000000000000000000e+00
5.376673499834822678e+00 8.582161342465887799e+00 0.000000000000000000e+00
-1.641988404065799756e+01 -2.711800438526931423e+00 0.000000000000000000e+00
-3.627678340800526868e+00 -4.994152970073946207e+00 0.000000000000000000e+00
-8.872983379071442300e+00 4.409652222230006635e-01 0.000000000000000000e+00
-6.921344958068451625e+00 1.431154582377461715e+01 0.000000000000000000e+00
-1.457763355751468737e+01 1.146910181184719990e+00 0.000000000000000000e+00
1.105587142424069391e+01 2.541204276147879693e+00 0.000000000000000000e+00
-6.900154603858517532e+00 -1.578690312039301702e+01 0.000000000000000000e+00
-9.708435125268427557e-01 5.676138361242571762e+00 0.000000000000000000e+00
-5.132653974086432314e+00 3.335483220119612291e+00 0.000000000000000000e+00
-1.596017579619909199e+01 -6.406846045356084041e+00 0.000000000000000000e+00
-1.728835210618263218e+01 -1.366594040871358606e+00 0.000000000000000000e+00
-2.198403421429541815e+00 -1.494079249153788069e+01 0.000000000000000000e+00
-1.817963476125221467e+00 -1.268779803478649448e+01 0.000000000000000000e+00
1.295632706455475081e+01 8.287205833396221522e+00 0.000000000000000000e+00
-1.215133984539304279e+01 1.256775285151690902e+01 0.000000000000000000e+00
-3.979908222351362213e+00 -4.159896311265198765e-02 0.000000000000000000e+00
5.788167438749915128e+00 6.975770635955643506e+00 0.000000000000000000e+00
4.973468312034303729e+00 3.484600618055478272e+00 0.000000000000000000e+00
1.439222494130505048e+01 -9.951928557990891377e+00 0.000000000000000000e+00
3.424185702896533900e+00 -1.511775583316841676e+01 0.000000000000000000e+00
3.462038231637250885e+00 1.703085278574709349e+01 0.000000000000000000e+00
-1.485343894662496034e+01 -5.376278505180729361e+00 0.000000000000000000e+00
2.593610666864427206e+00 1.308921659367748269e+01 0.000000000000000000e+00
1.165025239817522618e+01 -9.303431596237532020e+00 0.000000000000000000e+00
2.247377264929288021e+00 3.763199100947429709e+00 0.000000000000000000e+00
-2.148852790811939251e+00 -6.338751378004442216e+00 0.000000000000000000e+00
-7.880224078766165263e+00 -1.583776996515823932e+00 0.000000000000000000e+00
6.605624492805353576e+00 -1.081574412685868225e+01 0.000000000000000000e+00
-1.601325926644522113e+01 3.175238983276979510e-01 0.000000000000000000e+00
-1.126758118567394718e+01 -7.275513970764330374e+00 0.000000000000000000e+00
-1.058827968375277173e+01 1.296780300517147744e+01 0.000000000000000000e+00
7.496724750182381491e+00 -2.887686325421674471e-01 0.000000000000000000e+00
9.167084089815785930e+00 -1.088744192565427582e+01 0.000000000000000000e+00
9.955816928393026899e+00 8.695238935567539684e+00 0.000000000000000000e+00
-8.099086527097753674e+00 -9.368915154187993366e+00 0.000000000000000000e+00
1.041385624083243089e+00 1.252018119606318081e+01 0.000000000000000000e+00
-9.960627639295095648e+00 -8.802263787253551186e+00 0.000000000000000000e+00
-1.300673211802713425e+01 5.929253585854095121e+00 0.000000000000000000e+00
-6.258648492914112849e-01 -9.243151730199814509e+00 0.000000000000000000e+00
5.165177180727791306e-01 7.916559659394567738e+00 0.000000000000000000e+00
-6.415152918210756283e+00 2.144738491668731317e+00 0.000000000000000000e+00
-3.481437653366675988e+00 -1.091688997004227879e+01 0.000000000000000000e+00
-1.544982783772474022e+01 -7.967805420837531294e+00 0.000000000000000000e+00
-7.728362711994195555e-01 -1.156903539977789741e+01 0.000000000000000000e+00
1.350438589265877809e+01 1.081267905414837927e+01 0.000000000000000000e+00
3.813793834013066597e+00 -1.169732646219291361e+01 0.000000000000000000e+00
2.123378550649228202e+00 3.103358982974729896e-01 0.000000000000000000e+00
-1.899941353462103244e+00 1.041167457165558474e+01 0.000000000000000000e+00
-2.347336306693421637e+00 1.466967989030113806e+01 0.000000000000000000e+00
-4.170774430840267222e+00 -1.231999392084391332e+01 0.000000000000000000e+00
-1.554965750041709782e+01 -1.112169328323049156e+00 0.000000000000000000e+00
8.701240746021872141e-01 1.656566415272376602e+01 0.000000000000000000e+00
-1.032622850196273134e+01 8.390971672445992624e+00 0.000000000000000000e+00
-2.529691463333091583e+00 -1.729560009724072600e+01 0.000000000000000000e+00
-9.544720906879822664e+00 3.023318135596561262e+00 0.000000000000000000e+00
1.215628588835611090e+01 -7.841764993697805330e+00 0.000000000000000000e+00
-1.237025068578896736e+01 -1.817943729917775419e+00 0.000000000000000000e+00
1.414915382663986643e+00 9.442102081060992802e+00 0.000000000000000000e+00
-1.460492200329396262e+01 3.747130570218264456e+00 0.000000000000000000e+00
-6.020290528044093925e+00 5.459503288634936169e+00 0.000000000000000000e+00
-9.965756758279933791e+00 6.868413874269607255e+00 0.000000000000000000e+00
-7.856548677794944702e+00 -4.729115279495667679e+00 0.000000000000000000e+00
-1.037613845527465983e+01 -6.844096263788257417e-01 0.000000000000000000e+00
-3.458207498790409673e+00 3.054546500902257655e+00 0.000000000000000000e+00
7.159187506115723743e+00 9.094366592857427989e+00 0.000000000000000000e+00
7.995820763707164325e+00 -7.932021870454442514e+00 0.000000000000000000e+00
5.113115286369327883e+00 -1.356299720031879197e+01 0.000000000000000000e+00
6.396189086712371186e+00 1.204662606320387042e+01 0.000000000000000000e+00
1.491584191591464403e+01 7.363986897964664102e+00 0.000000000000000000e+00
1.066204750045332084e+01 1.365323051641149732e+01 0.000000000000000000e+00
1.457475605219994286e+01 -2.477723781120805047e+00 0.000000000000000000e+00
1.864746809131027749e+00 -1.465737051525156076e+01 0.000000000000000000e+00
