-1.746600329918731020e+01 -3.246246605490557435e+00 0.000000000000000000e+00
-1.803222550261471113e+01 4.050752275814800463e+00 0.000000000000000000e+00
-1.000868715890630867e+01 6.023314540913729864e+00 0.000000000000000000e+00
-1.673241091504849365e+01 -6.391541047406959386e+00 0.000000000000000000e+00
-1.812979742797938343e+01 4.692830495679040093e-01 0.000000000000000000e+00
-2.773372281097963743e+00 4.741653902897526307e-01 0.000000000000000000e+00
-9.564620365727561691e+00 -9.496793827088863438e+00 0.000000000000000000e+00
-1.021068524006132527e+01 -5.729651588407458362e+00 0.000000000000000000e+00
8.451109848857520035e+00 2.482072728205579448e+00 0.000000000000000000e+00
5.490239626734575218e+00 7.080826695957163963e+00 0.000000000000000000e+00
-1.282541465791785207e+01 5.751789925120104563e+00 0.000000000000000000e+00
-7.583298610075505097e-01 1.193826774574740845e+01 0.000000000000000000e+00
-7.476147112710285647e+00 -1.272587813129898882e+00 0.000000000000000000e+00
-1.098060447251588556e+01 -1.850535995305509385e+00 0.000000000000000000e+00
1.489470886485528389e+01 2.648334239106849619e+00 0.000000000000000000e+00
-8.493723482402005587e+00 8.303693675289981480e-01 0.000000000000000000e+00
1.463757973485385833e+01 -4.985497416838195583e+00 0.000000000000000000e+00
-3.852962147892163181e+00 -1.354785489878989502e+01 0.000000000000000000e+00
9.771432342043745223e+00 -4.328897662376821387e+00 0.000000000000000000e+00
-1.227161443371607419e+01 -5.470724475472221293e+00 0.000000000000000000e+00
3.860848785055176258e+00 1.002003318211455252e+01 0.000000000000000000e+00
-1.548616064242076540e+01 -1.028770923553575756e+01 0.000000000000000000e+00
1.174727544202460727e+01 -1.093007243670051487e+01 0.000000000000000000e+00
-3.448672524952236085e+00 8.204075030856099460e+00 0.000000000000000000e+00
8.190309498423365753e+00 -1.586081751788678496e+01 0.000000000000000000e+00
1.773608009472046376e+01 7.346500783781657606e-01 0.000000000000000000e+00
1.101414460928018713e+01 6.634517927077889787e+00 0.000000000000000000e+00
-1.139995327033960848e+01 -1.201553711705319039e+01 0.000000000000000000e+00
-1.298419107278052742e+01 9.873863150795058274e+00 0.000000000000000000e+00
1.121659225910853763e+01 -1.330237402450043760e+01 0.000000000000000000e+00
1.052123352929323907e+01 -8.647478350566665029e+00 0.000000000000000000e+00
-5.287755337088650087e+00 1.174139868737557357e+01 0.000000000000000000e+00
-3.260463170475369044e+00 -1.735909072624935234e+01 0.000000000000000000e+00
8.116462282155341157e+00 -7.124294733684430447e+00 0.000000000000000000e+00
-1.080404943633962667e+01 1.223995450731841039e+01 0.000000000000000000e+00
1.104349265125261681e+01 -2.421503757599593687e+00 0.000000000000000000e+00
4.051898838679512060e+00 1.620879695243919727e+01 0.000000000000000000e+00
-9.002205851221868116e+00 1.422942709016322738e+01 0.000000000000000000e+00
9.862083063101628966e+00 4.889965466413571882e+00 0.000000000000000000e+00
4.449695507730991650e+00 1.245979231563622847e+01 0.000000000000000000e+00
3.825995338037023519e+00 -9.509094974753304896e+00 0.000000000000000000e+00
1.661665762297377213e+01 2.711238940121948549e+00 0.000000000000000000e+00
8.134485687932423659e+00 1.698351193277854065e+01 0.000000000000000000e+00
-3.453471209129300501e+00 1.158031560338594446e+01 0.000000000000000000e+00
7.371151879877391622e+00 1.167072349278801369e+01 0.000000000000000000e+00
5.091910925860229753e+00 -8.413992592737271625e-01 0.000000000000000000e+00
1.495432476847113534e+01 7.323353712215056710e+00 0.000000000000000000e+00
1.544037141911747568e+01 1.958454486260353955e-02 0.000000000000000000e+00
-1.573094677498178129e+01 -4.769174814937916729e+00 0.000000000000000000e+00
-7.646626103135998775e+00 -6.466384146417154533e+00 0.000000000000000000e+00
-1.217763791328749612e+01 1.048829840916664979e+00 0.000000000000000000e+00
9.947954554596069698e+00 1.239113622482749655e+01 0.000000000000000000e+00
3.795375697808698767e+00 2.628290053493502754e+00 0.000000000000000000e+00
-9.101351007066284637e+00 -7.699299208226602076e+00 0.000000000000000000e+00
2.377674178970950347e+00 -4.953584433609284687e+00 0.000000000000000000e+00
-1.101023801544147318e+01 1.023699362171018379e+01 0.000000000000000000e+00
1.287151355887453086e+01 -6.906264430253530318e-01 0.000000000000000000e+00
-8.045114806287674281e-01 1.665315506070879081e+01 0.000000000000000000e+00
1.958427760064559875e+00 1.156199646204758125e+01 0.000000000000000000e+00
-5.065514465350807072e+00 -9.057389158328115641e+00 0.000000000000000000e+00
-9.790562898411602433e+00 -3.225332464881886185e+00 0.000000000000000000e+00
-8.859457552459595320e+00 2.465803426339218785e+00 0.000000000000000000e+00
1.896193506051141142e+01 -8.879117832394889387e-01 0.000000000000000000e+00
1.053371121094774843e+01 9.695749074825098290e+00 0.000000000000000000e+00
-1.066287702433764695e+00 1.409826904489644228e+01 0.000000000000000000e+00
-1.016949671755665996e+01 1.512596813160065556e+00 0.000000000000000000e+00
3.537544975762762611e+00 5.323553387872269838e+00 0.000000000000000000e+00
3.163231246693126497e+00 -1.119322405590947511e+01 0.000000000000000000e+00
-1.226858524174463616e+00 -7.184318555907127646e+00 0.000000000000000000e+00
6.170257864737525466e+00 -5.711729938917834204e+00 0.000000000000000000e+00
-3.323924697352804269e+00 -1.842403795561343038e+00 0.000000000000000000e+00
1.619237627758583820e+00 -1.565458807299966004e+01 0.000000000000000000e+00
7.732828097433182890e+00 1.319644644804063560e+01 0.000000000000000000e+00
-2.336251047111411516e+00 1.579250357425766182e+01 0.000000000000000000e+00
6.791551963690495519e+00 -2.358491519433148831e+00 0.000000000000000000e+00
1.023121263250203938e+01 8.170553173474807807e+00 0.000000000000000000e+00
-4.346594360803625712e+00 6.399353555306678487e+00 0.000000000000000000e+00
2.085501721889215787e+00 8.941647815541251987e+00 0.000000000000000000e+00
-5.902014429843038812e+00 -5.777391214202075354e+00 0.000000000000000000e+00
8.943739701822243926e-02 -1.508955460511172220e+01 0.000000000000000000e+00
-7.343223547455590694e-01 -1.702006044627881298e+00 0.000000000000000000e+00
-1.076170418449945387e+01 -1.379515654250392309e+01 0.000000000000000000e+00
6.498813950077164669e+00 -7.809029482159427715e+00 0.000000000000000000e+00
-6.828928732846450522e+00 1.674036231921893858e+01 0.000000000000000000e+00
-1.679956337717582127e+00 -1.311004109199703116e+01 0.000000000000000000e+00
6.417488326344694016e+00 -1.038920292651101818e+01 0.000000000000000000e+00
-1.292798438530595284e+01 -2.195192572620817018e+00 0.000000000000000000e+00
2.198408719912739451e-01 -1.215624382592152841e+01 0.000000000000000000e+00
-1.408154474787466270e+01 3.813743489331472780e+00 0.000000000000000000e+00
-3.835753619408774351e-01 1.023192361877856449e+01 0.000000000000000000e+00
6.389896125980616404e+00 1.432560673110497085e+01 0.000000000000000000e+00
4.760913243860277255e+00 1.170299673898828052e+00 0.000000000000000000e+00
-1.637142467592705586e+01 8.023413426743758237e+00 0.000000000000000000e+00
1.451728364757565615e+01 5.444022290075499093e+00 0.000000000000000000e+00
-1.706022794688028199e+01 -7.993689721696772388e+00 0.000000000000000000e+00
2.113492319606444347e+00 1.364588429859912466e+00 0.000000000000000000e+00
-3.580427255963363198e+00 -9.935255158679288101e+00 0.000000000000000000e+00
6.440809692450078394e+00 9.605643596907061266e+00 0.000000000000000000e+00
1.044413418936100513e+00 1.393023005706590745e+01 0.000000000000000000e+00
1.182733626505864954e+01 1.784693559659863871e+00 0.000000000000000000e+00
-6.851357148612170711e+00 -1.211022072045431131e+01 0.000000000000000000e+00
1.926369382067366853e+00 -3.177938491994330317e+00 0.000000000000000000e+00
5.130387361208760488e+00 3.635487910053326832e+00 0.000000000000000000e+00
-1.465307138683527555e+01 9.517194713242846049e+00 0.000000000000000000e+00
-1.810430548413927587e+00 -1.579647303246589196e+01 0.000000000000000000e+00
3.617010027593822397e+00 1.473966377321626986e+01 0.000000000000000000e+00
-9.727751852203859073e+00 8.763826877822252115e+00 0.000000000000000000e+00
1.621180293754603241e+01 -8.809661872494348955e+00 0.000000000000000000e+00
-1.368545569086241898e+01 -1.156096592785316268e+01 0.000000000000000000e+00
-6.960264609729501117e+00 1.194435127816413367e+00 0.000000000000000000e+00
-1.313618175193710513e+01 1.242903502987543973e+01 0.000000000000000000e+00
7.844718343864322208e+00 7.940242579565022218e+00 0.000000000000000000e+00
6.478192985765260481e+00 6.376199008954334113e-01 0.000000000000000000e+00
-3.327380291539734802e+00 -5.279437766332227611e+00 0.000000000000000000e+00
9.092243449429028956e+00 6.334194235615253632e+00 0.000000000000000000e+00
-1.364326659312751211e+01 -3.843398057270816182e+00 0.000000000000000000e+00
1.290406523451936627e+00 6.243539562274550647e+00 0.000000000000000000e+00
1.257846788619305833e+01 1.359665755953773214e+01 0.000000000000000000e+00
-4.440195259758272783e+00 -1.519360718596274928e+01 0.000000000000000000e+00
-4.359844819166119656e+00 1.489522482882852383e+00 0.000000000000000000e+00
-1.588015989550955176e+01 2.276872433101928994e+00 0.000000000000000000e+00
-1.061326685474587528e+00 1.715967702365585934e+00 0.000000000000000000e+00
-3.843359170091193544e+00 1.620294080360837441e+01 0.000000000000000000e+00
-7.672734729483564386e+00 -4.632062706801927554e+00 0.000000000000000000e+00
-8.141805811287513350e+00 4.954074290374724576e+00 0.000000000000000000e+00
-3.927817181379590572e+00 3.278394676260960150e+00 0.000000000000000000e+00
-6.138220770371101587e+00 1.537493060796743016e+01 0.000000000000000000e+00
2.086657220570939497e+00 -1.379040625952778676e+01 0.000000000000000000e+00
1.514032779151596131e+01 9.308520370267265420e+00 0.000000000000000000e+00
1.541560346364017342e-01 -9.873783663211311179e+00 0.000000000000000000e+00
-4.181239690341792326e+00 -1.148230729583474208e+01 0.000000000000000000e+00
1.206465616145986708e+01 1.196750869497051895e+01 0.000000000000000000e+00
3.104452630610971653e+00 1.794493162479042425e+01 0.000000000000000000e+00
-8.379729814473868998e+00 -1.096834224033301197e+01 0.000000000000000000e+00
3.519295664092526366e+00 7.949372039951843050e+00 0.000000000000000000e+00
4.860037575139254606e+00 -1.743677516742744515e+01 0.000000000000000000e+00
1.644391962450333144e+00 -1.748856351958168176e+01 0.000000000000000000e+00
-2.141565439628006384e+00 4.651005192253629517e+00 0.000000000000000000e+00
6.357973110912648274e+00 -1.657381942549988807e+01 0.000000000000000000e+00
-6.132144347680895002e+00 2.990250223108052108e+00 0.000000000000000000e+00
1.695855780097171461e+01 -1.885910180573397543e+00 0.000000000000000000e+00
4.405334081317891837e+00 -4.630781223349499598e+00 0.000000000000000000e+00
-6.602593481910125739e+00 -1.676285695810696197e+01 0.000000000000000000e+00
1.503986785218211608e+01 -6.858407255799218838e+00 0.000000000000000000e+00
-6.035593335393427239e+00 -1.020977643820648595e+01 0.000000000000000000e+00
9.722962885532833610e+00 1.557435251613278915e+01 0.000000000000000000e+00
1.159139512117932869e+00 4.120194075561674829e+00 0.000000000000000000e+00
7.736429455693032864e+00 -3.953330792239993841e+00 0.000000000000000000e+00
1.121355853971829042e+01 -6.301749287674975442e+00 0.000000000000000000e+00
1.499904477535994118e+01 -3.068526370875710452e+00 0.000000000000000000e+00
2.329132724318369707e+00 1.658789305230143540e+01 0.000000000000000000e+00
1.115011470145953076e+01 -5.149722867847599250e-01 0.000000000000000000e+00
-1.128352946145977498e+01 -8.323146916716568811e+00 0.000000000000000000e+00
5.783843309622979767e+00 1.684082939845490401e+01 0.000000000000000000e+00
3.787259141082906400e+00 -1.476065076397942555e+01 0.000000000000000000e+00
-1.021022581997185696e+01 -1.584527645646617924e-02 0.000000000000000000e+00
1.827933335458600084e+01 4.897438191495563586e+00 0.000000000000000000e+00
6.157729231003773451e-01 8.325133594838959539e+00 0.000000000000000000e+00
1.320564512174178162e+01 -9.541859134154231370e+00 0.000000000000000000e+00
1.430250286168665286e-01 -3.037054069582856730e+00 0.000000000000000000e+00
-1.633795493761209139e+00 -3.571640644590002189e+00 0.000000000000000000e+00
-1.498946010283628105e+01 -7.788871199491108399e+00 0.000000000000000000e+00
-7.431482515265244615e+00 -7.955359898852878864e+00 0.000000000000000000e+00
-1.080217672020136810e+01 4.330110078625411418e+00 0.000000000000000000e+00
-1.274755431055849364e+01 2.675698855313459301e+00 0.000000000000000000e+00
-1.471390805346751662e+01 5.685808197060693736e+00 0.000000000000000000e+00
-1.828137494917063455e+00 1.867107265563500818e+01 0.000000000000000000e+00
-8.946402499809360975e+00 1.066689472633177438e+01 0.000000000000000000e+00
6.151495587835768220e+00 5.721621646238200576e+00 0.000000000000000000e+00
1.274744209737714407e+01 5.609303696634705183e+00 0.000000000000000000e+00
8.869559865198318960e+00 -1.088801193624120778e+01 0.000000000000000000e+00
-1.479757594558659584e+01 -7.573851128602045180e-03 0.000000000000000000e+00
-6.151201310735335603e+00 5.482586984763479165e+00 0.000000000000000000e+00
-6.272521859103300734e+00 -1.527171069853137197e+01 0.000000000000000000e+00
-1.326167633873338936e+01 -9.141047296814379663e+00 0.000000000000000000e+00
1.674051471045076767e+01 6.219483233572064229e+00 0.000000000000000000e+00
-1.357063545570144392e+01 7.470277925639593697e+00 0.000000000000000000e+00
1.433093003432408352e+01 1.075854014726299290e+01 0.000000000000000000e+00
-2.758073158832077709e+00 -8.068461462965663245e+00 0.000000000000000000e+00
1.204397757164410621e+01 7.787867807180080426e+00 0.000000000000000000e+00
-5.693885256156447028e+00 -2.542002529555450252e+00 0.000000000000000000e+00
1.973495770440212571e-01 -1.699319995978111919e+01 0.000000000000000000e+00
1.343983512172765948e+01 -1.211022820021511315e+01 0.000000000000000000e+00
6.816907920775732155e-01 3.220909801332824118e-01 0.000000000000000000e+00
3.152106714395614073e+00 -7.880667963952078914e+00 0.000000000000000000e+00
5.418448910240009297e+00 -1.368832057566224947e+01 0.000000000000000000e+00
8.862488163753877046e+00 -1.370740807559010754e+01 0.000000000000000000e+00
-4.697941362875200255e+00 -7.532110558593770655e+00 0.000000000000000000e+00
1.145188764490429278e+01 3.706716550371220276e+00 0.000000000000000000e+00
1.705991032479981584e+01 -3.857461827606061711e+00 0.000000000000000000e+00
-9.468638901605942237e+00 -1.518560741869279340e+01 0.000000000000000000e+00
-1.356282336348200168e+00 -1.034177486101718380e+01 0.000000000000000000e+00
-1.172040141560876059e+01 -3.665037597062063668e+00 0.000000000000000000e+00
1.349237569437942419e+01 -2.201283899441768721e+00 0.000000000000000000e+00
1.496870818955833293e+00 -6.831607008076929333e+00 0.000000000000000000e+00
-1.644164015238323628e+01 3.829320874548734821e+00 0.000000000000000000e+00
4.844838856740196320e+00 -8.293535286364930315e+00 0.000000000000000000e+00
-2.812388300841039079e+00 6.740898291686465704e+00 0.000000000000000000e+00
3.323960749741773579e+00 -5.828813288891018241e-01 0.000000000000000000e+00
-1.546704422156565117e+00 -1.870230242724607095e+01 0.000000000000000000e+00
7.029661802628337064e+00 3.692814073312888912e+00 0.000000000000000000e+00
-9.687566761079303035e+00 -1.239463547693849321e+01 0.000000000000000000e+00
-1.490563649121953382e+01 -1.898993260084181234e+00 0.000000000000000000e+00
1.840168426200197160e+01 2.591488957846579844e+00 0.000000000000000000e+00
7.756807589687618965e+00 1.524148859967556113e+01 0.000000000000000000e+00
1.207760880219918320e+01 -8.403783125756893568e+00 0.000000000000000000e+00
-3.706647952414721114e-01 3.279037962676593754e+00 0.000000000000000000e+00
2.120881786338926073e-02 1.878021334067395998e+01 0.000000000000000000e+00
-8.294309517236545304e+00 -1.661224602615756396e+01 0.000000000000000000e+00
-1.830833562452612640e+01 -1.763734668988344856e+00 0.000000000000000000e+00
-1.237515749768162365e+01 -1.354069234242168385e+01 0.000000000000000000e+00
1.479683607882071783e+01 -1.130983771703318119e+01 0.000000000000000000e+00
-1.303732384450155557e+01 -6.939280507071219795e+00 0.000000000000000000e+00
1.038412745727661246e+01 1.404544943200382789e+01 0.000000000000000000e+00
-9.100821500511989015e+00 1.236402368921184625e+01 0.000000000000000000e+00
1.272629768827070507e+01 -6.580011638597732748e+00 0.000000000000000000e+00
-4.533757077981054096e+00 -7.681032097560402949e-01 0.000000000000000000e+00
-1.789179646031170989e+01 -5.108358884846588843e+00 0.000000000000000000e+00
3.890151926242376490e+00 -2.406257431962719018e+00 0.000000000000000000e+00
4.941595367433774477e+00 -1.223152292589572809e+01 0.000000000000000000e+00
1.184993160557142922e+01 -1.479150528391801345e+01 0.000000000000000000e+00
-1.894664708310101364e+00 1.025102071390243097e+01 0.000000000000000000e+00
-1.078440322530706208e+00 7.205335402982006698e+00 0.000000000000000000e+00
1.283008925037130687e+01 9.636803635212038088e+00 0.000000000000000000e+00
-7.234344477087931047e+00 -3.152938574752900180e+00 0.000000000000000000e+00
-7.507756690238304387e+00 1.286019182972210650e+01 0.000000000000000000e+00
-4.575715499755966142e+00 9.384543944855588293e+00 0.000000000000000000e+00
2.971525289834368699e+00 1.311810998355106506e+01 0.000000000000000000e+00
1.387434275618979029e+01 1.349968987082455607e+00 0.000000000000000000e+00
1.470584510384536081e+00 -8.696939329086845305e+00 0.000000000000000000e+00
4.548245252946524708e+00 -6.595264383370894379e+00 0.000000000000000000e+00
-8.827942355534295515e+00 1.601671604611208011e+01 0.000000000000000000e+00
1.357991908839802520e+01 3.757272502987245577e+00 0.000000000000000000e+00
-9.110475811855961448e-01 5.609854774977633518e+00 0.000000000000000000e+00
1.722698553916506725e+01 -7.582605292039180434e+00 0.000000000000000000e+00
-4.240931080450085489e+00 1.847951310224537735e+01 0.000000000000000000e+00
-6.488228080855489743e+00 8.693309427397164058e+00 0.000000000000000000e+00
-1.201420615753070642e+01 1.423220099538856509e+01 0.000000000000000000e+00
-8.209496923581848904e+00 -1.384225361873044591e+01 0.000000000000000000e+00
-1.691551535829606223e+01 -9.705109732539550782e-01 0.000000000000000000e+00
1.246774046488270216e+01 -3.951063479015811009e+00 0.000000000000000000e+00
8.337751178531805252e+00 -1.219885508485248682e+00 0.000000000000000000e+00
-4.666700677875338599e+00 -4.410933397482082796e+00 0.000000000000000000e+00
9.086366181178110679e+00 1.062999950569722962e+01 0.000000000000000000e+00
5.458186003817028009e+00 -3.243051307413484796e+00 0.000000000000000000e+00
-1.310569460106185602e+01 -3.466607101747383735e-01 0.000000000000000000e+00
6.166612565235907617e+00 2.369625019380746433e+00 0.000000000000000000e+00
-5.873703739366227694e+00 1.330646304562745108e+01 0.000000000000000000e+00
1.525982505445574677e+00 1.856936713249914916e+01 0.000000000000000000e+00
-1.148832276849027600e+01 7.076870115836578989e+00 0.000000000000000000e+00
1.653464580416901697e+01 8.685104768089017213e+00 0.000000000000000000e+00
7.939090701667216976e+00 1.003285924362792070e+00 0.000000000000000000e+00
3.568952987811966349e+00 -1.835163830262109386e+01 0.000000000000000000e+00
-4.819551287891709279e+00 -1.686529930876699979e+01 0.000000000000000000e+00
-2.855723778652673683e+00 1.345770306794089954e+01 0.000000000000000000e+00
-4.685008387448743150e+00 1.459518781447969182e+01 0.000000000000000000e+00
