-7.612278673806851970e+00 -1.391707779512029219e+01 0.000000000000000000e+00
5.637481922567442183e-01 4.680866640509320775e-01 0.000000000000000000e+00
-6.362353913519129378e+00 -8.425561677501155700e+00 0.000000000000000000e+00
9.026128017608263221e+00 -1.579875298312278531e+01 0.000000000000000000e+00
1.470078809212227533e+01 -6.252792195521081453e+00 0.000000000000000000e+00
1.686027701064691575e+00 -1.189411979819418974e+01 0.000000000000000000e+00
1.036099695415535926e+01 3.749925481187909249e+00 0.000000000000000000e+00
-2.400133087892243555e+00 7.092429518228020591e+00 0.000000000000000000e+00
-4.949354803270765935e+00 -1.204633043296792216e+01 0.000000000000000000e+00
-1.083664825784638097e+01 -1.220395350244200827e+01 0.000000000000000000e+00
7.650284117079809043e+00 -5.481944830574794203e+00 0.000000000000000000e+00
1.055182732083278374e+01 -6.584344484469466074e+00 0.000000000000000000e+00
5.002999900062163885e-01 -1.760172136295702572e+01 0.000000000000000000e+00
3.379643312618969997e+00 -3.251228935098018802e+00 0.000000000000000000e+00
-4.748700291910564530e+00 6.439380712876160651e+00 0.000000000000000000e+00
-1.283900028273892602e+00 4.057026551219133914e+00 0.000000000000000000e+00
2.318719131359160190e+00 1.038744925867236546e+01 0.000000000000000000e+00
-5.367460469569383941e-01 1.307999045029468022e+01 0.000000000000000000e+00
1.451810896651154792e+01 -2.341266245220078979e+00 0.000000000000000000e+00
-6.479476185661054544e+00 -1.723871127731190001e+01 0.000000000000000000e+00
-1.242780714018905996e+01 1.377393996463878834e+00 0.000000000000000000e+00
1.021797170781709063e+01 -3.532692459400376350e+00 0.000000000000000000e+00
-9.837613182312383131e+00 8.719803270134955042e+00 0.000000000000000000e+00
7.795531442565916791e+00 1.546172132927769205e+01 0.000000000000000000e+00
-6.120238517846890325e+00 -3.910122541043626665e+00 0.000000000000000000e+00
5.469825937959652329e+00 -1.709883603727566737e+01 0.000000000000000000e+00
-9.727333041663950297e+00 1.293160009524665988e+01 0.000000000000000000e+00
8.204698005030492070e+00 6.522561097889027160e+00 0.000000000000000000e+00
-1.836949812102371737e+01 4.610237672942454346e+00 0.000000000000000000e+00
7.356706954547030719e+00 3.785294729914456369e+00 0.000000000000000000e+00
1.182914360279151289e+01 8.650466216656857554e+00 0.000000000000000000e+00
1.052165908836039998e+00 -9.842990212253782900e+00 0.000000000000000000e+00
-1.618560100227316312e+01 8.273206592340914156e+00 0.000000000000000000e+00
-8.445254880965263666e+00 2.352146148566371497e+00 0.000000000000000000e+00
2.031593718856466779e+00 -1.746638490696798485e+01 0.000000000000000000e+00
-5.247942066739445188e+00 1.156334543329340292e+01 0.000000000000000000e+00
3.558710089544391941e+00 3.555663840522667041e+00 0.000000000000000000e+00
-4.516001635860364516e+00 -1.565852340827984257e+01 0.000000000000000000e+00
6.639621318649744808e+00 -9.222196091559718312e+00 0.000000000000000000e+00
-4.068372609597608047e+00 -2.886982391293182459e+00 0.000000000000000000e+00
1.300690164586081776e+00 -7.251036552664830381e+00 0.000000000000000000e+00
-7.293473505725513562e+00 7.010636560698812580e+00 0.000000000000000000e+00
-2.088745905323924124e+00 1.376127530986996916e+01 0.000000000000000000e+00
1.543767501695024613e+01 -1.051783066965303703e+01 0.000000000000000000e+00
5.492366191106460072e+00 -1.414401490304574294e+00 0.000000000000000000e+00
-2.910744959067785409e+00 1.106099877024012379e+01 0.000000000000000000e+00
-2.688882740033264440e+00 -8.755537454271253850e+00 0.000000000000000000e+00
-6.645008459356154695e+00 1.417449606296045062e+01 0.000000000000000000e+00
-8.828746989493064135e+00 -1.210879549968328206e+01 0.000000000000000000e+00
-9.195006505156991139e+00 -1.497896768189627692e-01 0.000000000000000000e+00
5.550402305405230940e+00 4.891851270922904504e+00 0.000000000000000000e+00
5.015685023378809726e-01 -1.289372655348381791e+01 0.000000000000000000e+00
1.641255924580551451e+01 4.166514709475794831e+00 0.000000000000000000e+00
-1.692548600286680838e+01 3.341122816653794736e+00 0.000000000000000000e+00
-1.233170708891229062e+01 -6.823455370850781243e+00 0.000000000000000000e+00
7.176308690894684261e+00 -2.464704201759791324e+00 0.000000000000000000e+00
-7.660481757504534750e-01 1.099436735337588722e+01 0.000000000000000000e+00
1.081001372220436707e+01 7.147565383861108401e+00 0.000000000000000000e+00
5.134317542211618068e+00 8.140581817577194457e+00 0.000000000000000000e+00
1.620678587729323894e+01 9.193482791501496720e+00 0.000000000000000000e+00
1.403535017476949953e+01 6.763642112801253603e+00 0.000000000000000000e+00
1.581221572113119755e+01 -4.331189098821517369e+00 0.000000000000000000e+00
-1.258906610255512248e+01 1.029943367141591004e+01 0.000000000000000000e+00
-5.390186277799497105e+00 -6.803389851403313315e+00 0.000000000000000000e+00
1.714183258563094281e+00 1.259689391618727861e+01 0.000000000000000000e+00
-1.340584137016327126e+01 1.298432163758898383e+01 0.000000000000000000e+00
-7.732888273788910638e+00 -7.577827169357287396e+00 0.000000000000000000e+00
-5.977061586448917829e+00 -9.206829611182779094e-02 0.000000000000000000e+00
-1.597861934255543126e+00 -1.603735235707077678e+01 0.000000000000000000e+00
4.527617920735510282e+00 1.416023051758282847e+01 0.000000000000000000e+00
-2.390670338573887665e+00 -3.875683114644876248e+00 0.000000000000000000e+00
-1.124126723104555303e+01 8.120486389545179762e+00 0.000000000000000000e+00
-1.262135027105380836e+01 -2.876505663393065682e+00 0.000000000000000000e+00
4.932850028642300266e+00 1.697984005662903417e+00 0.000000000000000000e+00
-6.999864958506495149e+00 1.192593524767801405e+01 0.000000000000000000e+00
1.434019518143979433e+01 2.062798422835368850e+00 0.000000000000000000e+00
1.228921778802562592e+01 -1.660915831090767070e-01 0.000000000000000000e+00
-3.545259480856240430e-01 1.636925154760918488e+01 0.000000000000000000e+00
-7.800424307139332214e+00 -2.911866437340806524e+00 0.000000000000000000e+00
1.784976559563390097e+01 2.749987146751048162e+00 0.000000000000000000e+00
1.086977458912419614e+01 -1.072189553435130804e+01 0.000000000000000000e+00
4.735452024872900401e-01 5.421329534884947954e+00 0.000000000000000000e+00
7.787036025441862463e+00 -1.357503555615499913e+01 0.000000000000000000e+00
-3.605051629930563717e+00 3.192352726290041964e+00 0.000000000000000000e+00
-5.541321668948055112e+00 3.539851111992710742e+00 0.000000000000000000e+00
2.299438617797427309e+00 3.931403343311529186e-01 0.000000000000000000e+00
1.321884426646801458e+01 -1.164368447966453246e+01 0.000000000000000000e+00
9.718433090573567412e+00 2.325096077657613947e+00 0.000000000000000000e+00
1.048232573246201760e+01 -9.903244112519579700e-02 0.000000000000000000e+00
-1.772687506725102580e+01 6.758614429434835813e+00 0.000000000000000000e+00
-1.612870711057029283e+01 6.665286625260475439e+00 0.000000000000000000e+00
-8.670309197533951462e+00 -4.748869837231295854e+00 0.000000000000000000e+00
4.799126264458527302e+00 1.050121178788478282e+01 0.000000000000000000e+00
-1.573059949570585836e+01 4.563575177022662466e+00 0.000000000000000000e+00
-1.554269231637332327e+00 -1.424908256160687969e+01 0.000000000000000000e+00
4.715764741888931688e+00 -1.099774969400448121e+01 0.000000000000000000e+00
2.677901983375519990e+00 -1.437752448019304730e+01 0.000000000000000000e+00
-1.511312416574703121e+01 -4.581912070609896581e+00 0.000000000000000000e+00
1.737329631823493159e+01 -5.044735575024095198e+00 0.000000000000000000e+00
-7.112944313212830494e+00 3.408214524582721783e+00 0.000000000000000000e+00
-8.754601987602271151e+00 -1.010638409259057191e+01 0.000000000000000000e+00
6.125009561982659889e+00 1.330896746753455240e+01 0.000000000000000000e+00
-1.524560954057157502e+01 -8.035796584555733091e+00 0.000000000000000000e+00
-4.227761285096553578e+00 -8.855955786019288567e+00 0.000000000000000000e+00
9.044352859820817159e+00 4.512451095552590274e+00 0.000000000000000000e+00
-3.242950456732440756e+00 -6.204520959466451657e+00 0.000000000000000000e+00
-2.365909373179116759e+00 8.721264075841983043e+00 0.000000000000000000e+00
-1.564538011953635177e+01 -1.045557736300462004e+01 0.000000000000000000e+00
-1.421998910665956828e+01 -6.919370077880732772e+00 0.000000000000000000e+00
-7.778570760242982551e+00 5.404135564443391937e-01 0.000000000000000000e+00
-2.903046735483743590e-01 -3.554590454292672508e+00 0.000000000000000000e+00
7.289546717355340988e+00 1.727606977219597795e+01 0.000000000000000000e+00
1.043824544310492897e+01 -1.245858245870835823e+01 0.000000000000000000e+00
-1.084169100825482879e+01 -9.433165752435890283e+00 0.000000000000000000e+00
1.294449970448643938e+01 -3.646013134672213329e+00 0.000000000000000000e+00
-1.368637519055159757e+01 -9.892318324948602637e+00 0.000000000000000000e+00
-2.654241959091874659e+00 -1.798783894493332625e+01 0.000000000000000000e+00
-1.114335590878005489e+00 7.887810791823558709e+00 0.000000000000000000e+00
1.268912205836418217e+01 1.338671711536285613e+00 0.000000000000000000e+00
9.778187929505447684e+00 8.960494453095423140e+00 0.000000000000000000e+00
3.198788627600842371e+00 -1.192180015583500285e+01 0.000000000000000000e+00
1.208291816215939818e+01 3.719734375086809486e+00 0.000000000000000000e+00
-3.160092747870111851e-01 -1.334413894882917395e+00 0.000000000000000000e+00
-8.929464377718351997e+00 -1.518853742395068096e+01 0.000000000000000000e+00
3.002781298633077078e+00 1.750265957906460201e+01 0.000000000000000000e+00
-2.513291202384676293e+00 -1.070860959074526697e+01 0.000000000000000000e+00
-1.108743186753787846e+01 1.173421602401601760e+01 0.000000000000000000e+00
-1.025386279995079875e+01 5.290346955426008968e+00 0.000000000000000000e+00
2.143909477940794783e+00 8.055209168430062405e+00 0.000000000000000000e+00
-1.572649591889957499e+01 1.061528958349086338e+01 0.000000000000000000e+00
5.759163833223751361e+00 -5.332185294977268342e+00 0.000000000000000000e+00
-1.513991525056977672e+01 -1.732771079898665079e+00 0.000000000000000000e+00
3.464618752918547928e-01 -1.573118625834981543e+01 0.000000000000000000e+00
-1.424609251755437000e+01 2.449606973078413574e+00 0.000000000000000000e+00
-1.283035555059220911e+01 -4.551040064730564438e+00 0.000000000000000000e+00
1.730950222657222071e+01 6.536223471904131443e+00 0.000000000000000000e+00
1.354428912455172984e+01 1.248805507715934660e+01 0.000000000000000000e+00
-5.590040986372446064e+00 1.624031436986109966e+01 0.000000000000000000e+00
1.530309766687291351e+00 1.805389942159818517e+01 0.000000000000000000e+00
-6.568792181333252822e-01 -9.127270117034051111e+00 0.000000000000000000e+00
1.042466119694860538e+01 1.408378068683276396e+01 0.000000000000000000e+00
8.564348196924603585e+00 -7.055470468977536491e+00 0.000000000000000000e+00
-1.058155227462589565e+01 -6.551074501714678533e+00 0.000000000000000000e+00
7.297966175198802752e+00 9.817185305103127035e+00 0.000000000000000000e+00
1.699516348006189759e+01 -6.701310636986330671e-01 0.000000000000000000e+00
-9.815318193684934300e+00 3.405935979161711646e+00 0.000000000000000000e+00
2.505321545448185194e+00 5.042089403667683101e+00 0.000000000000000000e+00
-1.726321169419524537e+01 -7.786619208369875089e+00 0.000000000000000000e+00
3.452424852839807823e+00 -6.791702465681195733e+00 0.000000000000000000e+00
-4.441046399098892650e+00 -7.568831268259610390e-01 0.000000000000000000e+00
8.854145910286431942e+00 1.098907558507731475e+00 0.000000000000000000e+00
1.863736904862972210e+01 -2.358491731242966960e+00 0.000000000000000000e+00
1.307587276035347301e+01 -9.364846847423912379e+00 0.000000000000000000e+00
1.203594006247057280e+01 -1.280481314110885371e+01 0.000000000000000000e+00
6.305098129247613592e+00 -1.383819605008575415e+01 0.000000000000000000e+00
-1.813641609527747889e+01 7.051551611441153611e-02 0.000000000000000000e+00
-1.390269847445420126e+01 9.508122357403857805e+00 0.000000000000000000e+00
1.413392852229844721e+01 -6.175424084868789132e-01 0.000000000000000000e+00
-2.150437653747708566e+00 -7.123119024815230405e-02 0.000000000000000000e+00
-2.861626035388125988e+00 1.733731321492129140e+01 0.000000000000000000e+00
5.934279433695332173e+00 3.298351760163101609e+00 0.000000000000000000e+00
8.088240056645966902e+00 -1.207980719103091616e+01 0.000000000000000000e+00
-8.689600065574575538e+00 1.588741078893451331e+01 0.000000000000000000e+00
5.303153875154221097e+00 -1.507829421203417120e+01 0.000000000000000000e+00
-1.596832489685145795e+01 -4.206842952757605669e-01 0.000000000000000000e+00
9.669806711410188882e+00 -2.015413370665247061e+00 0.000000000000000000e+00
-1.751212136923999907e+01 -1.577541325477862300e+00 0.000000000000000000e+00
7.423808996551685802e+00 -9.658816742738910444e-01 0.000000000000000000e+00
-4.846901908429050998e+00 9.022082997351395406e+00 0.000000000000000000e+00
3.864354175959725080e+00 9.326648162007820986e+00 0.000000000000000000e+00
1.391888814199901248e+01 5.150267034641099251e+00 0.000000000000000000e+00
9.238608946564339064e+00 -5.672980049069519914e+00 0.000000000000000000e+00
-1.349788428318139033e+01 6.244195179754277625e+00 0.000000000000000000e+00
-1.125808667776890459e+01 1.373417824622712757e+01 0.000000000000000000e+00
-3.907376620372871923e+00 1.597885648264873204e+01 0.000000000000000000e+00
-1.219443819593289824e+01 -1.043008713528598896e+01 0.000000000000000000e+00
-1.085504843552255494e+01 8.960584396766716475e-01 0.000000000000000000e+00
6.120865962520891657e+00 1.484542595580022883e+01 0.000000000000000000e+00
1.376019859241443299e+01 9.225217172172945013e+00 0.000000000000000000e+00
1.643945058920590441e+01 1.485582603792861001e+00 0.000000000000000000e+00
1.030399068783774119e+01 -9.122146605432812194e+00 0.000000000000000000e+00
-1.703943357639922951e+01 -3.420386516360343965e+00 0.000000000000000000e+00
-6.491287148082848013e+00 5.544487768303010711e+00 0.000000000000000000e+00
5.467133526712101954e+00 1.691777700145166463e+01 0.000000000000000000e+00
-1.102985503595856898e+01 -1.352998625646617548e+00 0.000000000000000000e+00
4.527910961249758337e+00 1.208929591038732276e+01 0.000000000000000000e+00
3.534309350410965056e+00 -1.016313274650654019e+00 0.000000000000000000e+00
-7.682157171915504179e+00 9.265788262965658717e+00 0.000000000000000000e+00
1.252928761533105506e+00 2.126627556533378982e+00 0.000000000000000000e+00
-1.144815528999625576e+00 -6.540666610670019310e+00 0.000000000000000000e+00
1.215377770731414309e+01 1.415294259559903622e+01 0.000000000000000000e+00
-4.823495053820252565e+00 1.826839522636369395e+01 0.000000000000000000e+00
9.502276390330596456e+00 1.106509869003642521e+01 0.000000000000000000e+00
-5.273294146759891277e+00 -5.251129031968479133e+00 0.000000000000000000e+00
1.364502411653514713e+01 -5.056794933583816487e+00 0.000000000000000000e+00
-3.775913404664708040e+00 1.427197912936977175e+01 0.000000000000000000e+00
-1.356324753331355204e+01 1.580012496619056239e-01 0.000000000000000000e+00
-6.701135687653084538e+00 -1.244417093386026885e+01 0.000000000000000000e+00
7.653012582407923148e+00 1.245917952479467594e+01 0.000000000000000000e+00
-1.039684355427791296e+01 -4.911574840471685910e+00 0.000000000000000000e+00
-1.267896768405679353e+01 4.897156782057258795e+00 0.000000000000000000e+00
-2.961285227729813396e+00 -1.219653389285670997e+01 0.000000000000000000e+00
-6.960563854433731379e+00 -1.530429541828802975e+01 0.000000000000000000e+00
-8.540397498833366186e+00 5.248048945954944422e+00 0.000000000000000000e+00
1.506177635773478851e+00 -3.301575615267266617e+00 0.000000000000000000e+00
7.623403275218465502e-01 1.498947142114256437e+01 0.000000000000000000e+00
5.191755422397348774e+00 -3.728417395758294450e+00 0.000000000000000000e+00
-1.611285576354164562e+01 -5.889370122787270567e+00 0.000000000000000000e+00
-6.321088449737954029e+00 8.290414729124515603e+00 0.000000000000000000e+00
3.727703333353771686e+00 -1.567428783024479877e+01 0.000000000000000000e+00
-2.839147646722961493e+00 -1.911470715887414240e+00 0.000000000000000000e+00
-1.079197489197865778e+01 -1.459552892753205278e+01 0.000000000000000000e+00
1.660335646829859968e+01 -7.207352992353660781e+00 0.000000000000000000e+00
1.212717355313336398e+01 -5.547772469027012043e+00 0.000000000000000000e+00
2.217028074163630846e-01 9.111366450922940174e+00 0.000000000000000000e+00
-7.432926971578879716e+00 1.735185177265962508e+01 0.000000000000000000e+00
1.142204662028571249e+01 1.170813231625415618e+01 0.000000000000000000e+00
-1.332711547299994237e+01 -1.229086882388903490e+01 0.000000000000000000e+00
1.525306801201685936e+01 4.784495435464362068e-01 0.000000000000000000e+00
3.107872316429542536e+00 1.509563480712401606e+01 0.000000000000000000e+00
-8.071772539540880587e+00 1.349099751919528956e+01 0.000000000000000000e+00
9.279520186767644674e+00 -1.067414982408759982e+01 0.000000000000000000e+00
1.080790535160859100e+01 -1.538888933273853077e+01 0.000000000000000000e+00
-8.446712126833268997e+00 1.103441902812292774e+01 0.000000000000000000e+00
-6.011128467969782285e+00 -1.088878247669786070e+01 0.000000000000000000e+00
1.558914879886672544e+00 -1.015107498196796465e+00 0.000000000000000000e+00
-1.034828177092670209e+01 -3.339137892133840602e+00 0.000000000000000000e+00
1.533039695303522087e+01 6.006104145090835900e+00 0.000000000000000000e+00
-8.883488858189504400e-01 2.352874997167551108e+00 0.000000000000000000e+00
1.235794467066014057e+01 -2.013217303828599203e+00 0.000000000000000000e+00
-1.584696211942629951e+01 1.964932302246460649e+00 0.000000000000000000e+00
-1.105517385655873541e+00 1.862233296951569272e+01 0.000000000000000000e+00
3.836458239272053650e+00 -1.812591122069342831e+01 0.000000000000000000e+00
8.044421974747109516e+00 8.439567707689215936e+00 0.000000000000000000e+00
1.504988128617279486e+01 -8.199678713776686223e+00 0.000000000000000000e+00
1.552511551652590960e+01 7.839276894934041451e+00 0.000000000000000000e+00
-3.396169106906391288e+00 1.496461098957813318e+00 0.000000000000000000e+00
6.106975311020102382e+00 -7.236342326315184259e+00 0.000000000000000000e+00
4.482135942598434397e+00 1.572761117040657908e+01 0.000000000000000000e+00
-9.372926989347803328e+00 7.155274049293198324e+00 0.000000000000000000e+00
8.088019011824858495e+00 -9.708277054098289227e+00 0.000000000000000000e+00
3.276769904184040350e+00 1.292435083762439874e+01 0.000000000000000000e+00
-1.751162928208292158e+01 1.710511842767217905e+00 0.000000000000000000e+00
6.833759680506980239e+00 1.149414970043594275e+00 0.000000000000000000e+00
-1.256546473977243839e+00 -1.862962756573746859e+01 0.000000000000000000e+00
1.849894992620234646e+01 -3.331120784367629373e-01 0.000000000000000000e+00
-1.644091699487411518e+01 -9.163040019902041422e+00 0.000000000000000000e+00
-9.268509756121833476e+00 -8.515749856968469089e+00 0.000000000000000000e+00
-1.036579470441200357e+01 1.580465132670858175e+01 0.000000000000000000e+00
2.519285062199169367e+00 -5.485665313457619874e+00 0.000000000000000000e+00
-5.775856079189454206e+00 -1.403393275993636991e+01 0.000000000000000000e+00
1.810850158710294266e+01 4.867519317458863348e+00 0.000000000000000000e+00
1.409549428243110825e+01 3.609959965478505506e+00 0.000000000000000000e+00
6.159355484326021646e+00 6.458113229772182606e+00 0.000000000000000000e+00
3.870190747075893611e+00 6.313064310763702558e+00 0.000000000000000000e+00
1.454286465764325342e+01 1.118499695972317554e+01 0.000000000000000000e+00
