6.551263173594223055e+00 -7.923483858949474934e-01 0.000000000000000000e+00
-1.187955940399697496e+01 -1.043520287598290963e+01 0.000000000000000000e+00
1.296355703035190743e+01 -6.356661704869468466e-01 0.000000000000000000e+00
-9.211243716844558449e+00 -1.694799667013839217e+00 0.000000000000000000e+00
7.792361629883934881e+00 8.859931055249235854e+00 0.000000000000000000e+00
1.384076297746363871e+00 -4.084878918022318395e+00 0.000000000000000000e+00
1.151695995625896529e+01 -7.368036612950804809e+00 0.000000000000000000e+00
9.714519383566470268e+00 1.233307640070901989e+01 0.000000000000000000e+00
3.192842138662233875e+00 -7.509001444276737658e+00 0.000000000000000000e+00
2.754694687003856668e+00 1.061033307647222301e+01 0.000000000000000000e+00
-1.384650867579750155e+01 5.020912942470670437e+00 0.000000000000000000e+00
1.575845361971514036e+00 7.047569884260652451e+00 0.000000000000000000e+00
-1.008360112341156700e+01 8.103430953899776412e+00 0.000000000000000000e+00
5.968224320015369955e+00 9.287047469973948921e+00 0.000000000000000000e+00
2.196952083343596485e+00 1.495532082583520861e+01 0.000000000000000000e+00
-1.209397158117141835e+01 7.814327552638237862e+00 0.000000000000000000e+00
6.714915034408504901e+00 -1.203418478655119728e+01 0.000000000000000000e+00
-1.617284602362304424e+00 -3.805455777411262286e+00 0.000000000000000000e+00
1.121263090409013685e+01 1.344230555359857249e+00 0.000000000000000000e+00
-1.561878812687570672e+01 1.251866933119036185e+00 0.000000000000000000e+00
-3.593601035045086989e-01 9.441582311439502107e+00 0.000000000000000000e+00
-1.120952328606492721e+01 1.208505247110448622e+01 0.000000000000000000e+00
-4.612797861037513769e+00 -1.574396438401971388e+01 0.000000000000000000e+00
-1.205244269600715334e+01 -1.746674099495866050e+00 0.000000000000000000e+00
-7.442486414923756399e+00 8.642587908841553812e+00 0.000000000000000000e+00
-1.180133803555668237e+01 4.026069540059982188e+00 0.000000000000000000e+00
-1.466042664653778438e+01 8.389122207306968448e+00 0.000000000000000000e+00
9.279702365270804165e+00 -1.310236196997097124e+01 0.000000000000000000e+00
-1.325611569413029756e+01 -8.555397716980733591e+00 0.000000000000000000e+00
-7.132356137670146978e+00 -1.452951546667432403e+01 0.000000000000000000e+00
-1.052503693407338758e+01 5.804587886100485150e+00 0.000000000000000000e+00
-9.383464825734832981e-01 1.383366097069847100e+01 0.000000000000000000e+00
8.241315758594286223e+00 -1.533676322240858525e+01 0.000000000000000000e+00
-1.054611992001553533e+00 -1.019036685336874370e+01 0.000000000000000000e+00
3.023201973714689572e+00 4.279680965099271539e+00 0.000000000000000000e+00
-7.817313867817140327e+00 -3.761779608027950417e+00 0.000000000000000000e+00
1.333519069866744999e+01 3.338813158820203686e+00 0.000000000000000000e+00
-1.264937675951555374e+00 2.929210757576844681e+00 0.000000000000000000e+00
7.355568672712828882e-01 1.708956645504361305e+01 0.000000000000000000e+00
2.722848762181282911e+00 -1.008789600847474688e+01 0.000000000000000000e+00
1.591562636605937087e+01 5.132795722364497770e+00 0.000000000000000000e+00
-6.610669106652293792e+00 4.778760628589402870e+00 0.000000000000000000e+00
1.324550604634156592e+01 -5.033880237736257257e+00 0.000000000000000000e+00
-5.823811864197541155e+00 1.335481906344847225e+01 0.000000000000000000e+00
-4.837024323093357836e+00 7.397526949828124643e+00 0.000000000000000000e+00
2.890257598016984897e+00 -3.027901691987500143e+00 0.000000000000000000e+00
-3.056365415243965433e+00 1.099377142575980848e+01 0.000000000000000000e+00
5.053207880769710059e+00 -2.683343474120575056e+00 0.000000000000000000e+00
1.602928485580036266e+01 -3.703468521493648247e+00 0.000000000000000000e+00
4.176491116251926705e+00 5.359442470179049067e+00 0.000000000000000000e+00
-4.641891278535388743e+00 -5.600096863343419606e+00 0.000000000000000000e+00
3.054251821282845114e-01 -7.635219529110374381e+00 0.000000000000000000e+00
-3.397744405877361373e+00 -2.324420285282392751e+00 0.000000000000000000e+00
3.741099979341925508e+00 -1.166010765482380585e+01 0.000000000000000000e+00
-6.436039416853573947e+00 -1.113240399643883904e+01 0.000000000000000000e+00
-3.573620667079154156e+00 -1.191539535983799070e+01 0.000000000000000000e+00
9.418967014136951477e+00 1.165065830277262293e+00 0.000000000000000000e+00
2.700848059988054217e+00 8.158226179048504445e-01 0.000000000000000000e+00
-1.504271946257366999e+01 -8.194520177712183440e+00 0.000000000000000000e+00
1.030521113384470944e+01 3.425150958057757933e+00 0.000000000000000000e+00
7.834810496775223676e+00 -7.290182937477941216e+00 0.000000000000000000e+00
-4.283054906779559801e+00 3.160319642089494341e+00 0.000000000000000000e+00
1.344452608920053294e+01 9.261353293920953078e+00 0.000000000000000000e+00
1.054825122926695391e+00 -9.025096542063785421e+00 0.000000000000000000e+00
-3.669595463929899548e+00 9.291306299173111682e+00 0.000000000000000000e+00
4.783321091403635705e+00 1.782124603597369239e+00 0.000000000000000000e+00
1.188651169812543884e+01 -1.906201204464977650e+00 0.000000000000000000e+00
-5.092913203174695091e+00 -5.007617151963240226e-02 0.000000000000000000e+00
2.979979382600190796e+00 1.323745016044303924e+01 0.000000000000000000e+00
-1.415106010812665716e+01 -3.142523828888355464e+00 0.000000000000000000e+00
4.914200152312521830e+00 -5.935130330556793510e+00 0.000000000000000000e+00
1.222419606826966376e+00 -1.294437892002119561e+01 0.000000000000000000e+00
-6.578719587285080550e+00 -1.473695474456392374e+00 0.000000000000000000e+00
-9.448266414450451123e+00 1.446260356096443545e+01 0.000000000000000000e+00
6.465458637911264184e+00 -8.597948117958178926e+00 0.000000000000000000e+00
-2.276096542716950832e+00 5.584102843955963458e+00 0.000000000000000000e+00
-9.217137797075753980e+00 3.594730559454833330e+00 0.000000000000000000e+00
4.506272114719812372e+00 1.025365958176062620e+01 0.000000000000000000e+00
-6.371572243605638342e+00 3.289119116555003330e+00 0.000000000000000000e+00
-1.096475004628716121e+01 -3.406738390073464906e+00 0.000000000000000000e+00
1.651174775372904469e+00 9.044117186360667304e+00 0.000000000000000000e+00
-7.754545346358372448e-01 5.946359734277035791e+00 0.000000000000000000e+00
-2.385896725864737888e+00 -1.617805227385607481e+01 0.000000000000000000e+00
-1.168940628399603909e+01 -1.291102054187384240e+01 0.000000000000000000e+00
3.213465636780441059e+00 -4.676381246041525053e+00 0.000000000000000000e+00
-3.353050354091220875e+00 -1.366437484183759032e+01 0.000000000000000000e+00
-6.629164202607257472e+00 -1.609113415901623156e+01 0.000000000000000000e+00
8.022857790447991633e+00 -1.875138657778938400e+00 0.000000000000000000e+00
-5.415126226095639872e+00 1.183054541824282602e+01 0.000000000000000000e+00
-6.276945675647902512e+00 -5.038216633643561870e+00 0.000000000000000000e+00
-5.398095047863765705e-01 1.577065061073435537e+01 0.000000000000000000e+00
1.705761636851133289e+01 -1.011233737763723717e+00 0.000000000000000000e+00
3.032337721939143971e-01 -1.491132125338167524e+00 0.000000000000000000e+00
-8.888348013768899492e+00 1.867621933130957812e+00 0.000000000000000000e+00
5.243450693376712213e-01 1.073544200596188425e+01 0.000000000000000000e+00
1.341325351632312923e+01 7.691058766324815110e+00 0.000000000000000000e+00
-5.144099393834874689e+00 -8.963065131064682944e+00 0.000000000000000000e+00
-1.335982052557957545e+01 3.163436649801259382e+00 0.000000000000000000e+00
-1.835076149200668860e+00 8.371268034368332778e+00 0.000000000000000000e+00
-1.247287523730305825e+00 1.188696255928363676e+01 0.000000000000000000e+00
-7.702060806662583303e+00 1.408135991369296569e+01 0.000000000000000000e+00
6.040861694928831849e-01 1.355092513500540008e+01 0.000000000000000000e+00
-1.005428858210183662e+01 -6.199759269036542619e+00 0.000000000000000000e+00
-2.954911965121972184e+00 -8.271404708790951688e+00 0.000000000000000000e+00
5.968512388645800470e+00 1.210896178370916587e+01 0.000000000000000000e+00
7.191114096613399731e+00 4.044992726585132203e+00 0.000000000000000000e+00
6.543398143261806688e+00 6.724837339573007000e+00 0.000000000000000000e+00
9.416649928453198370e+00 -2.771960489103276082e+00 0.000000000000000000e+00
-4.274743565291779568e+00 1.688880177533541982e+01 0.000000000000000000e+00
1.406714806622116498e+01 -7.617178961728749975e+00 0.000000000000000000e+00
-7.936386618047967190e+00 1.100029911895648027e+01 0.000000000000000000e+00
-1.215924010617507989e+01 1.842170950734791868e+00 0.000000000000000000e+00
-9.332300449394367092e+00 9.431211751415778721e+00 0.000000000000000000e+00
-5.716395640883916940e+00 -1.338350055999473298e+01 0.000000000000000000e+00
-1.666809228148893496e+01 3.346385364150980646e+00 0.000000000000000000e+00
1.067627162827850285e+01 1.355379547470877277e+01 0.000000000000000000e+00
-1.095075303069274142e+00 -1.431534985854788999e+01 0.000000000000000000e+00
-2.960494711619894748e+00 2.165822591031866473e+00 0.000000000000000000e+00
-1.552613589954904505e+01 6.695985807457837780e+00 0.000000000000000000e+00
1.479066349726162422e+01 2.651608737612025646e+00 0.000000000000000000e+00
3.079068174760814181e+00 -9.421417714018912593e-01 0.000000000000000000e+00
9.928680476854518488e+00 7.416875392198326367e+00 0.000000000000000000e+00
-7.798570448936686716e+00 6.310861698482307602e+00 0.000000000000000000e+00
-2.808810804615293311e+00 1.450012766840146483e+01 0.000000000000000000e+00
9.220221911164841799e+00 -1.131768964364003693e+01 0.000000000000000000e+00
-1.475100230616182451e+01 -9.816462424490431105e-02 0.000000000000000000e+00
-8.264177968807011609e+00 -9.353749944945006334e+00 0.000000000000000000e+00
9.811627355322677602e+00 9.559864222910137599e+00 0.000000000000000000e+00
9.932165058578393158e+00 -9.527909857328172194e+00 0.000000000000000000e+00
-5.836701838913522344e+00 9.518203755725524573e+00 0.000000000000000000e+00
-9.280495674032044562e+00 1.264621345210758463e+01 0.000000000000000000e+00
7.643193283188267628e+00 -5.448273235414395010e+00 0.000000000000000000e+00
5.354733478745521857e+00 1.546156138892670739e+01 0.000000000000000000e+00
1.757863189613479316e+00 -1.721250742403255529e+01 0.000000000000000000e+00
1.547808687129813876e+01 -6.124935024694742047e+00 0.000000000000000000e+00
-1.646927550026224552e+01 -4.104047012102519432e+00 0.000000000000000000e+00
-1.285257835394568282e+01 -3.985844276628649041e+00 0.000000000000000000e+00
6.622057136690996160e+00 -3.642187156366717193e+00 0.000000000000000000e+00
1.291287193891326446e+01 5.336391040106602368e+00 0.000000000000000000e+00
-1.269072365247100764e+00 -2.163711504596782298e+00 0.000000000000000000e+00
-1.255702026952541850e+00 -8.051919295648326980e+00 0.000000000000000000e+00
1.169855012133341532e+00 -1.143736964713710513e+01 0.000000000000000000e+00
-1.843887916795842186e+00 -6.824287565321255355e-01 0.000000000000000000e+00
-8.706346301110613695e+00 -5.311746155693387372e+00 0.000000000000000000e+00
3.608963219727526761e-01 3.120494030833311783e+00 0.000000000000000000e+00
2.499512324511151018e+00 -1.389050573471706684e+01 0.000000000000000000e+00
8.038459425603337039e+00 1.335412210039922165e+01 0.000000000000000000e+00
3.725029444702154358e+00 1.508881687346099731e+01 0.000000000000000000e+00
-2.450788610570463710e+00 1.662586244880315434e+01 0.000000000000000000e+00
-7.158477106710424032e+00 -6.569843335037408139e+00 0.000000000000000000e+00
7.814344242547670127e+00 1.178217596536098810e+01 0.000000000000000000e+00
-1.580490856093065055e+01 -1.945980838361697218e+00 0.000000000000000000e+00
7.147606176585541427e-01 5.760987460881313638e+00 0.000000000000000000e+00
9.992404900149518099e+00 -5.585448062170301320e+00 0.000000000000000000e+00
-9.006223968992008722e+00 -1.080420747739920984e+01 0.000000000000000000e+00
1.450848095990435560e+01 -2.371256310148307733e+00 0.000000000000000000e+00
4.529022809952811812e+00 -1.538409056356129057e+01 0.000000000000000000e+00
1.392155251722490661e+01 1.052636093837776787e+00 0.000000000000000000e+00
-1.198148744208149274e+01 9.506156894165830595e-02 0.000000000000000000e+00
-1.639560469696121014e+00 1.036245618730455043e+01 0.000000000000000000e+00
-5.042164835583628602e+00 -7.147563109787432367e+00 0.000000000000000000e+00
1.074812907380698057e+01 -1.182272696184432270e+01 0.000000000000000000e+00
-8.625651882410888760e+00 -1.813013604661811717e-01 0.000000000000000000e+00
4.764048266701763623e+00 -9.560986819518252133e+00 0.000000000000000000e+00
1.231630903336165694e+01 -3.665557809698333447e+00 0.000000000000000000e+00
-3.283146032608914133e+00 -4.448972157286298135e+00 0.000000000000000000e+00
6.500115902086989195e+00 -1.559122095612177716e+01 0.000000000000000000e+00
2.823735339099564534e+00 6.137779654694862863e+00 0.000000000000000000e+00
-3.612556174970101175e+00 -1.015250621169803402e+01 0.000000000000000000e+00
1.148605096987408558e+01 1.038363074630300886e+01 0.000000000000000000e+00
-1.577528256687829256e+01 5.175552713763055479e+00 0.000000000000000000e+00
1.064253150955956251e+01 -4.818629145672710390e-01 0.000000000000000000e+00
-1.293528726359791925e+01 1.062250123080819364e+01 0.000000000000000000e+00
-8.330838447562868510e+00 -1.284784278712027117e+01 0.000000000000000000e+00
-1.704197773668215987e+01 3.886027305143259225e-01 0.000000000000000000e+00
-1.224509777906921038e+01 -7.090634913229805214e+00 0.000000000000000000e+00
-1.239517120488814506e+01 -5.582943085901985292e+00 0.000000000000000000e+00
8.950306045127151000e-01 8.176733298879168554e-02 0.000000000000000000e+00
-6.392981429777590208e+00 1.591414164618976557e+01 0.000000000000000000e+00
-1.563386716553965350e+01 -5.785972559269769278e+00 0.000000000000000000e+00
4.698112314558052560e+00 -1.322609547969995880e+01 0.000000000000000000e+00
-1.633271566110932271e+00 -1.184754220428038707e+01 0.000000000000000000e+00
-1.258220983027607254e+01 5.956775033632923488e+00 0.000000000000000000e+00
1.438527158531782213e+01 4.947616231329554637e+00 0.000000000000000000e+00
1.717204670318608706e+01 -2.715585335331857753e+00 0.000000000000000000e+00
1.552847568151468316e+01 7.823555126482022004e+00 0.000000000000000000e+00
-4.925231304447508229e+00 1.520571401560175895e+00 0.000000000000000000e+00
1.060257109296990130e+01 5.740950718221263571e+00 0.000000000000000000e+00
-1.023314000639821142e+00 1.381794719496922008e+00 0.000000000000000000e+00
-5.047420317021789060e+00 -4.125397018175107178e+00 0.000000000000000000e+00
-1.089073362154192282e+01 -8.835776347624118898e+00 0.000000000000000000e+00
6.236525832012749682e+00 1.386401488801300275e+01 0.000000000000000000e+00
4.930174782808389167e-01 -1.578764506793576139e+01 0.000000000000000000e+00
3.340760096670804202e+00 -1.672778958367858948e+01 0.000000000000000000e+00
1.699014242229159422e+01 7.423980374102588931e-01 0.000000000000000000e+00
1.244331078969757520e+01 -1.029133758442833724e+01 0.000000000000000000e+00
-4.068286143595392979e+00 5.945429131116061860e+00 0.000000000000000000e+00
9.547154899006979889e+00 -7.602008558884604916e+00 0.000000000000000000e+00
-2.905264483130442166e+00 -6.036987351967854742e+00 0.000000000000000000e+00
-8.626328173504131058e+00 -7.864905946872550402e+00 0.000000000000000000e+00
-1.330222776950991026e+01 -8.337145274183381805e-01 0.000000000000000000e+00
3.975503249558185459e+00 7.390415698162162705e+00 0.000000000000000000e+00
1.465925302776572359e+01 -4.514149299007817362e+00 0.000000000000000000e+00
6.968443908971067913e+00 -1.015211777304658014e+01 0.000000000000000000e+00
4.297282142341036226e-01 -6.130286211678610542e+00 0.000000000000000000e+00
1.111855550649912239e+01 8.454870621583214785e+00 0.000000000000000000e+00
-6.445778282173018070e+00 7.203828650530929245e+00 0.000000000000000000e+00
2.065373895998106057e+00 -5.873341879854341308e+00 0.000000000000000000e+00
-3.511660826119545220e+00 5.030148640472492660e-01 0.000000000000000000e+00
-4.461735657257772658e+00 1.465415919807682954e+01 0.000000000000000000e+00
1.548194061520268150e+01 -3.977290055821235959e-01 0.000000000000000000e+00
9.060508168801179707e+00 5.396093648502248818e+00 0.000000000000000000e+00
-1.442191642616285563e+01 -9.572761691661687777e+00 0.000000000000000000e+00
1.921656719223271192e+00 2.904033245225496884e+00 0.000000000000000000e+00
1.256996953933738759e+01 -8.735477379324086300e+00 0.000000000000000000e+00
-2.233772851928341463e-01 7.649027182940221437e+00 0.000000000000000000e+00
7.000404706320728643e+00 1.076193393174540658e+00 0.000000000000000000e+00
7.843046769978468724e+00 1.544575053447116275e+01 0.000000000000000000e+00
5.072239142241625309e+00 4.042765031647748586e+00 0.000000000000000000e+00
-9.498554813266821828e-01 -1.730648555083572404e+01 0.000000000000000000e+00
4.712393917849437841e+00 1.749771515595884286e-01 0.000000000000000000e+00
-1.373783082163109093e+01 1.428706809564303404e+00 0.000000000000000000e+00
-3.257796043263815555e+00 1.283278988953228783e+01 0.000000000000000000e+00
-4.887469031552192256e+00 -1.883969485574164437e+00 0.000000000000000000e+00
-6.400893101239741867e+00 -7.869999928797593469e+00 0.000000000000000000e+00
-1.206522812164286362e+00 -6.410237305877354075e+00 0.000000000000000000e+00
1.484844334851808689e+01 -9.119934244477002849e+00 0.000000000000000000e+00
1.182725055080447696e+01 1.252800470186574877e+01 0.000000000000000000e+00
1.646762334960669705e+01 2.714363200057544834e+00 0.000000000000000000e+00
5.116580876030757175e+00 -7.786150709197847242e+00 0.000000000000000000e+00
-8.694253907272393889e+00 -1.452596194736704582e+01 0.000000000000000000e+00
2.119727888702715557e+00 1.647426306865551737e+01 0.000000000000000000e+00
-7.339527209153748899e+00 6.029996685359030328e-01 0.000000000000000000e+00
5.134377297138827956e+00 -1.106394023940958249e+01 0.000000000000000000e+00
-3.236226546069710608e+00 7.476660121031176942e+00 0.000000000000000000e+00
1.162913007209280636e+01 6.935462025782912043e+00 0.000000000000000000e+00
-1.503310426311388781e+01 3.517728749555502077e+00 0.000000000000000000e+00
8.176142802233970386e+00 -4.004131998080542765e+00 0.000000000000000000e+00
-1.737980864121648139e+01 -1.307282568796630962e+00 0.000000000000000000e+00
2.061393864343790128e+00 -1.547282191626137049e+01 0.000000000000000000e+00
9.173446462638969123e+00 -8.696391671002482449e-01 0.000000000000000000e+00
7.357843871079281506e+00 1.031168515851813083e+01 0.000000000000000000e+00
-1.412976340961968447e+01 -5.803197208480411540e+00 0.000000000000000000e+00
-1.081462496932529938e+01 2.775745761717272053e+00 0.000000000000000000e+00
4.238992757686020241e+00 1.658820422641457526e+01 0.000000000000000000e+00
5.900249824015062206e-02 -2.988506657458765314e+00 0.000000000000000000e+00
7.317168606180384671e+00 -1.343023502794370216e+01 0.000000000000000000e+00
-1.032568024342111990e+01 -1.358173494447478902e+01 0.000000000000000000e+00
-5.101205171418338402e+00 4.626917169222878101e+00 0.000000000000000000e+00
-1.032750191529912165e+01 2.956149025620014581e-01 0.000000000000000000e+00
1.421354153298713507e+00 1.197615337502228172e+01 0.000000000000000000e+00
-1.030112607902658617e+01 -1.197803920936726385e+01 0.000000000000000000e+00
3.503707891048309264e+00 2.765582722491854106e+00 0.000000000000000000e+00
7.772071158838465443e+00 2.534480386756303716e+00 0.000000000000000000e+00
1.204363853538603912e+01 -1.262144833104146890e+01 0.000000000000000000e+00
-1.139965724957449567e+01 9.601236628445262156e+00 0.000000000000000000e+00
