1.468971898569049728e+01 6.897764752980204861e+00 0.000000000000000000e+00
-1.170676055595350995e+01 6.509496223022400052e+00 0.000000000000000000e+00
-3.499147094306038763e-01 -1.169408233819394027e+01 0.000000000000000000e+00
-1.400514563495706177e+01 -4.756992162250513800e+00 0.000000000000000000e+00
-1.461635718167142883e+01 1.788820029806371004e+00 0.000000000000000000e+00
9.292819465627035314e+00 -1.510617714876001649e+01 0.000000000000000000e+00
4.890922483582820668e+00 -1.545657167978047752e+01 0.000000000000000000e+00
-4.079614342702940100e+00 -1.615109368756079888e+01 0.000000000000000000e+00
1.018246013074830980e+00 -1.781090475817151031e+01 0.000000000000000000e+00
-9.945346713049866949e+00 1.473646169260817729e+01 0.000000000000000000e+00
-6.551563339116260209e+00 -1.528989952647649808e+01 0.000000000000000000e+00
8.501101100727240123e+00 -3.191024872565766834e+00 0.000000000000000000e+00
-1.684473836045666317e+01 -7.059185610776790298e+00 0.000000000000000000e+00
5.248328004362178945e+00 1.296983615418716340e+01 0.000000000000000000e+00
-1.040972455398428842e+01 -1.062070172634875043e+01 0.000000000000000000e+00
-7.176619210827550610e+00 -5.467217116266624544e+00 0.000000000000000000e+00
4.061438766785418153e+00 -1.788883128486253327e+01 0.000000000000000000e+00
-8.064644774221828571e-01 -1.493092221730091929e+01 0.000000000000000000e+00
-9.694607181138236385e+00 4.873243939271157288e+00 0.000000000000000000e+00
-5.767028280838700560e+00 1.120645503874760962e+01 0.000000000000000000e+00
1.493405307521327074e+01 -9.288591982745144193e+00 0.000000000000000000e+00
1.703360841748304111e+01 -4.082018281389920844e+00 0.000000000000000000e+00
1.482699553224613886e+01 -4.202771648759735967e+00 0.000000000000000000e+00
-1.196338421502890981e+01 -5.699088538104286616e-01 0.000000000000000000e+00
3.641491855997115668e+00 4.886700342542212638e+00 0.000000000000000000e+00
1.716563771238374514e+01 7.067237826536059586e+00 0.000000000000000000e+00
-9.176399460428054766e+00 -1.419589934047750468e+01 0.000000000000000000e+00
-6.886050261801296202e+00 -1.361911284237828568e+01 0.000000000000000000e+00
-1.571142093624739822e+01 -3.139307096431812383e+00 0.000000000000000000e+00
-8.203449716119791901e+00 7.715459363759118450e-01 0.000000000000000000e+00
-2.624521255316512480e+00 1.536247018294261757e+01 0.000000000000000000e+00
-9.133229492650295711e+00 -7.700058273090200522e+00 0.000000000000000000e+00
-3.974609874383486119e+00 5.529427658268465606e+00 0.000000000000000000e+00
1.666527193879784363e+01 9.507142366450811455e-01 0.000000000000000000e+00
-1.512508156359720068e+01 -9.656268751830982211e+00 0.000000000000000000e+00
1.428439806549494406e+01 5.337835326336513475e+00 0.000000000000000000e+00
-5.420372812044595534e+00 1.345210994077467603e+01 0.000000000000000000e+00
-1.179147775394049447e+01 -7.218848104171637026e+00 0.000000000000000000e+00
4.957983335343194575e+00 -5.058374737322923309e+00 0.000000000000000000e+00
-3.020958017077133434e-02 -2.393610654458303788e+00 0.000000000000000000e+00
-1.792089906027107160e+00 1.021181992115778847e+01 0.000000000000000000e+00
-1.125892559803629212e+01 9.378322131636723569e+00 0.000000000000000000e+00
1.018930926876102738e+01 -3.928913468534600550e+00 0.000000000000000000e+00
-1.038116872377512712e+00 -1.126026934930836720e+00 0.000000000000000000e+00
3.046019475990078718e+00 -1.492270556631429201e+01 0.000000000000000000e+00
-4.835004626772658298e+00 -3.798613010704016135e-02 0.000000000000000000e+00
8.466590451007373730e+00 1.510364213652230170e+01 0.000000000000000000e+00
-1.327222858120863691e+01 -1.266039142377603000e+01 0.000000000000000000e+00
-1.313430018346329398e+01 -9.956344502131067031e+00 0.000000000000000000e+00
3.617797787185355468e-02 1.751834879780024057e+00 0.000000000000000000e+00
-8.966564971569484399e+00 -4.455169800851747297e+00 0.000000000000000000e+00
-6.122019796248687307e+00 5.736548747015528527e+00 0.000000000000000000e+00
1.759970230191436613e+00 1.357419902845654214e+01 0.000000000000000000e+00
-6.083524123566836472e+00 -6.785409440428594507e+00 0.000000000000000000e+00
1.310088414390315315e+01 9.726791675125788572e+00 0.000000000000000000e+00
-1.131520334423924901e+01 2.057815139766669077e+00 0.000000000000000000e+00
1.424036131294310259e+01 2.667297647277275807e-01 0.000000000000000000e+00
5.619876456269895293e+00 6.925603195907971354e+00 0.000000000000000000e+00
7.699244073535099098e+00 -8.884942183814214189e+00 0.000000000000000000e+00
6.935384210052454534e+00 1.307693128146307160e+01 0.000000000000000000e+00
9.947222438774673492e+00 6.334372461181819958e+00 0.000000000000000000e+00
6.976644304765571292e-01 -3.351262634548087260e-01 0.000000000000000000e+00
-7.209115131279197008e+00 1.592196182338985722e+01 0.000000000000000000e+00
1.674450736863531830e+01 3.353300500915579629e+00 0.000000000000000000e+00
-1.490873824146011328e+00 -1.680557758443022820e+01 0.000000000000000000e+00
3.193242851309403996e+00 1.246040072011012967e+01 0.000000000000000000e+00
6.634030180354117512e+00 1.519241055225857373e+01 0.000000000000000000e+00
7.941370601576339894e+00 5.645735066953878167e+00 0.000000000000000000e+00
-1.014089313890164545e+00 1.418201058205872478e+01 0.000000000000000000e+00
-2.280204218058869137e-02 1.666276290749255651e+01 0.000000000000000000e+00
-7.413525196264181716e+00 -1.704859385713238140e+00 0.000000000000000000e+00
1.153901267750559079e+01 -7.694959637464775959e+00 0.000000000000000000e+00
3.715984686373068335e+00 -1.281998163792112422e+01 0.000000000000000000e+00
1.185356977616259577e+01 7.250154995734176211e+00 0.000000000000000000e+00
-2.611530477026433150e+00 -3.205724936120881274e+00 0.000000000000000000e+00
1.295761070847892249e+01 1.173854944465554695e+01 0.000000000000000000e+00
-3.005909756620786855e+00 -4.669064953327429990e+00 0.000000000000000000e+00
1.016635076330335608e+01 8.511356778912287924e-01 0.000000000000000000e+00
-2.721668413623081317e+00 1.174910434133109405e+01 0.000000000000000000e+00
-1.689152958000146043e+01 -5.392575114960523663e+00 0.000000000000000000e+00
2.514358424593043928e+00 -6.598717565234040627e+00 0.000000000000000000e+00
-1.775983431122229206e+01 1.399390128078718543e-01 0.000000000000000000e+00
-7.768447503332302162e+00 -1.020514341364960487e+01 0.000000000000000000e+00
9.283350538534993479e-01 -8.218914635410378366e+00 0.000000000000000000e+00
4.610811636473751918e+00 3.518523025772786195e+00 0.000000000000000000e+00
2.103906161323438329e-01 -1.376670244179198654e+01 0.000000000000000000e+00
-1.441179979373377229e+01 -7.574274153105436724e+00 0.000000000000000000e+00
3.652410826164458335e+00 1.061596407114828056e+00 0.000000000000000000e+00
-9.570903670863078361e+00 -2.477702633518868325e+00 0.000000000000000000e+00
1.462817241584976280e+01 -5.872277585376692421e+00 0.000000000000000000e+00
-1.518443102470607009e+01 6.857442508271656578e+00 0.000000000000000000e+00
-1.612182728944231158e+01 8.377348109540786680e+00 0.000000000000000000e+00
4.953294252926337293e+00 1.751267987418359695e+01 0.000000000000000000e+00
-3.347504883886401661e+00 -1.586889000497917701e+00 0.000000000000000000e+00
6.228733590773243733e+00 -1.375335674659134710e+01 0.000000000000000000e+00
-2.609186855927873694e+00 1.734273522201208806e+01 0.000000000000000000e+00
5.891655859552814789e+00 1.066217639889076985e+01 0.000000000000000000e+00
1.042502029323577339e+01 -9.092300485974936564e+00 0.000000000000000000e+00
7.887224251402712660e+00 -1.619563266924976119e+01 0.000000000000000000e+00
1.584798067394191889e+01 8.420670880579127271e+00 0.000000000000000000e+00
-8.026849427507222856e+00 5.989963137426341788e+00 0.000000000000000000e+00
-1.018109110796466510e+01 -9.374748576383412635e-01 0.000000000000000000e+00
-2.156424847650346699e+00 -1.333880668998502550e+01 0.000000000000000000e+00
-5.523183415734432167e+00 3.988739594870434058e+00 0.000000000000000000e+00
1.187621236451239248e+01 -1.381843562768423572e+00 0.000000000000000000e+00
-4.929937172904421239e+00 1.753716272872746629e+01 0.000000000000000000e+00
8.328026105263470313e+00 1.135902980516030780e+01 0.000000000000000000e+00
4.301786606973760918e+00 -8.301277154101784461e+00 0.000000000000000000e+00
-1.613791653788797120e+01 2.970179621660975933e+00 0.000000000000000000e+00
1.257226184736834540e+01 -1.050579098338480932e+01 0.000000000000000000e+00
1.004983474309628377e+01 -7.391583272738312616e+00 0.000000000000000000e+00
-7.425343253298992252e+00 1.413345586177858060e+01 0.000000000000000000e+00
1.131282078799882562e+01 -1.291338444031216959e+01 0.000000000000000000e+00
2.895760047586446451e+00 1.589414506903642277e+01 0.000000000000000000e+00
-1.388238636467499454e+00 -9.551141925498603413e+00 0.000000000000000000e+00
-3.131377802326627879e+00 8.018585644492011610e+00 0.000000000000000000e+00
-1.102476926736257923e+01 -1.301860653449915262e+01 0.000000000000000000e+00
1.546821419744176529e+00 3.540401030613595346e+00 0.000000000000000000e+00
1.151085228859367504e+01 -4.806306354279933579e+00 0.000000000000000000e+00
1.085349802004753172e+01 1.243419979639172368e+01 0.000000000000000000e+00
-1.177074527593403808e+01 1.223326822277063641e+01 0.000000000000000000e+00
-1.781766209138825019e+01 -2.984974270934577678e+00 0.000000000000000000e+00
1.581241904356694938e+01 -7.354353928272734375e-01 0.000000000000000000e+00
8.370981416501271255e+00 -6.898301902792960405e+00 0.000000000000000000e+00
-1.451560965755098209e+01 9.126903469393095492e+00 0.000000000000000000e+00
2.490412688862192248e+00 -1.829133207421520169e+01 0.000000000000000000e+00
-1.510254488000720663e+01 -1.152689154517832115e+01 0.000000000000000000e+00
8.557070167444550179e+00 7.879874799329626534e+00 0.000000000000000000e+00
2.673321382362439103e+00 -1.126849021413341667e+01 0.000000000000000000e+00
-3.998959967414237315e+00 -1.072833405749944191e+01 0.000000000000000000e+00
7.260315094097806288e+00 -1.128703763888410450e+01 0.000000000000000000e+00
9.360855448533341061e+00 2.951311927067951313e+00 0.000000000000000000e+00
-1.809578778902740481e+01 5.119705927044321925e+00 0.000000000000000000e+00
1.589718721668072599e+00 6.461150890202127961e+00 0.000000000000000000e+00
-4.571612117155083865e+00 -1.252539303822869243e+01 0.000000000000000000e+00
-3.780940294860710260e+00 1.024396094702583504e+01 0.000000000000000000e+00
5.468238830131898709e+00 -1.223290633307451358e+01 0.000000000000000000e+00
9.872314213240912517e-01 9.847707276111961505e+00 0.000000000000000000e+00
7.306614356080207706e-01 -4.632804656681164701e+00 0.000000000000000000e+00
-6.650307664150296283e+00 -1.759414437331199110e+01 0.000000000000000000e+00
6.214967552992469280e+00 -1.637413322867704579e+01 0.000000000000000000e+00
-3.793773907390827205e+00 1.316513552801851183e+01 0.000000000000000000e+00
5.651677662673028735e+00 -3.003191306373320213e+00 0.000000000000000000e+00
2.396886446945877491e+00 1.834255711151212154e+01 0.000000000000000000e+00
2.953090302486511387e+00 -9.143230892424271117e-01 0.000000000000000000e+00
-1.256871866608525456e+00 7.015773623375994639e+00 0.000000000000000000e+00
6.887868268489928170e+00 -5.914567029727534120e+00 0.000000000000000000e+00
1.529142719229796832e+00 1.516720173276829264e+01 0.000000000000000000e+00
1.738284399890121623e+00 1.359883829971257008e+00 0.000000000000000000e+00
1.262793552297829613e+01 -3.440203095183365978e+00 0.000000000000000000e+00
6.584553921147826117e+00 1.984676252176762246e+00 0.000000000000000000e+00
-2.133596148814780324e+00 5.751685954608747764e+00 0.000000000000000000e+00
1.595718097306189698e+01 -6.660681088344780676e+00 0.000000000000000000e+00
1.414568876030745237e+01 -2.598756487051472330e+00 0.000000000000000000e+00
8.754465713171608598e+00 1.506362051249346523e+00 0.000000000000000000e+00
-1.329284976643943317e+01 1.292692915706466472e+01 0.000000000000000000e+00
-5.757264174501560028e+00 2.180960770561443773e+00 0.000000000000000000e+00
-1.650841154182311499e+01 5.481004391548701449e+00 0.000000000000000000e+00
-8.889830564883295594e+00 -1.188973643442272454e+01 0.000000000000000000e+00
1.621486035255409064e+01 -2.772198485676957258e+00 0.000000000000000000e+00
1.072490051941668554e+01 1.080331306968354532e+01 0.000000000000000000e+00
-6.508121435314916603e+00 1.752747419647775473e+01 0.000000000000000000e+00
-3.438756179628473131e+00 1.961107077659243414e+00 0.000000000000000000e+00
-1.156131662732705045e+01 -1.490225602790666670e+01 0.000000000000000000e+00
8.135331564005333860e+00 1.663748305901919622e+01 0.000000000000000000e+00
1.825337769435797952e+00 -2.842308299874783284e+00 0.000000000000000000e+00
-3.528318213437568129e+00 -6.975847833217207139e+00 0.000000000000000000e+00
-6.511235008432834981e+00 8.591540582014566496e+00 0.000000000000000000e+00
6.925598573868197327e+00 -2.124422979577651471e+00 0.000000000000000000e+00
-9.011688393852006485e+00 7.637387351234530719e+00 0.000000000000000000e+00
-1.784324211200714672e+01 2.073015471136215648e+00 0.000000000000000000e+00
-1.874283560422671258e+01 -1.345118627324707550e+00 0.000000000000000000e+00
-5.706842584589370659e+00 1.498159522834295387e+01 0.000000000000000000e+00
-1.316759653116420381e+01 -2.105575687681764396e+00 0.000000000000000000e+00
1.883146721429328707e+01 1.187349429972490489e+00 0.000000000000000000e+00
1.540835826238589501e+00 -1.010634461886353108e+01 0.000000000000000000e+00
-4.707050475756539676e+00 -2.806580693814195726e+00 0.000000000000000000e+00
-9.582960665764082009e+00 1.290674625385880780e+01 0.000000000000000000e+00
1.770683833851152134e-01 1.193968044163889175e+01 0.000000000000000000e+00
8.032529027964239177e+00 -4.765421002540037421e+00 0.000000000000000000e+00
-1.049565916194515047e+01 3.486218585213860965e+00 0.000000000000000000e+00
-1.547367534558375013e+01 4.631722062872175028e-01 0.000000000000000000e+00
-1.286028059922524669e+01 2.305907615063358840e+00 0.000000000000000000e+00
-5.059184093441253083e+00 -8.979885557666461793e+00 0.000000000000000000e+00
4.574466688829922134e+00 8.352522133511664393e+00 0.000000000000000000e+00
-5.772885858455373054e+00 -3.864391504800815724e+00 0.000000000000000000e+00
1.727229874657044251e+00 -1.419412895366960292e+01 0.000000000000000000e+00
-1.098732536395952231e+01 -5.532125604620388160e+00 0.000000000000000000e+00
-8.289359241011894142e+00 2.545106892853692848e+00 0.000000000000000000e+00
7.076348695088892526e+00 3.515097648031209498e+00 0.000000000000000000e+00
-1.647298290196054893e+01 -1.157158728174566331e+00 0.000000000000000000e+00
-9.967641364367429979e-01 1.889325504200581207e+01 0.000000000000000000e+00
-7.800729667438989212e-01 -1.889118470243612791e+01 0.000000000000000000e+00
-1.465572963645292148e+01 1.150678616661969045e+01 0.000000000000000000e+00
-8.141932961099628940e+00 -1.542477895712084113e+01 0.000000000000000000e+00
-1.051794974685378570e+01 1.133224776285078583e+01 0.000000000000000000e+00
3.486923210622169034e+00 -3.998220279514693054e+00 0.000000000000000000e+00
7.227009229182407068e+00 9.703220699488309009e+00 0.000000000000000000e+00
-1.113034856121749350e+00 8.638385505490226990e+00 0.000000000000000000e+00
-1.256878993976006775e+00 -4.435045513258240923e+00 0.000000000000000000e+00
1.303435363977723682e+01 -1.207753535118619226e+01 0.000000000000000000e+00
9.500720584402013724e-01 -6.530720414619864300e+00 0.000000000000000000e+00
-7.498205920903775024e+00 1.041394835684100428e+01 0.000000000000000000e+00
1.761135255831482382e+01 -6.180148150741772817e+00 0.000000000000000000e+00
5.101921631448347760e+00 1.681590053594318179e-01 0.000000000000000000e+00
-4.622165338163148007e+00 8.683202354185647565e+00 0.000000000000000000e+00
-1.762073351048556091e+01 7.006091085466973567e+00 0.000000000000000000e+00
1.594955875035284265e+01 4.972688518732851115e+00 0.000000000000000000e+00
-1.146073591812814563e+01 -3.873522640740231893e+00 0.000000000000000000e+00
1.091300868806817270e+01 8.635088060207550598e+00 0.000000000000000000e+00
1.461103266573741877e+01 -1.213929095345762477e+01 0.000000000000000000e+00
-1.306949275067687921e+01 1.056606416788937253e+01 0.000000000000000000e+00
5.289959576308219447e+00 5.126082966307981437e+00 0.000000000000000000e+00
2.508870707181900972e+00 -8.451443881852332751e+00 0.000000000000000000e+00
1.048011079805101353e+01 1.508626548291286973e+01 0.000000000000000000e+00
3.029790670234298933e+00 7.587119144938527349e+00 0.000000000000000000e+00
-2.038970862760483005e+00 8.681364522970241859e-01 0.000000000000000000e+00
-7.085161881603140976e+00 -1.182851229187104636e+01 0.000000000000000000e+00
-5.028774760645535302e+00 -1.482512177966279054e+01 0.000000000000000000e+00
1.119423331578242831e+01 5.199453260492449935e+00 0.000000000000000000e+00
1.361649516151089578e+01 2.785699819047628978e+00 0.000000000000000000e+00
1.005366394479099235e+01 -1.070085030421388694e+01 0.000000000000000000e+00
5.116612096931564935e+00 -6.958992240358933046e+00 0.000000000000000000e+00
-5.750462779473728858e+00 -1.046890244437450690e+01 0.000000000000000000e+00
9.650513753001423112e+00 -6.095474699881360259e-01 0.000000000000000000e+00
1.233753593229614687e+01 1.415911338982682111e+01 0.000000000000000000e+00
1.400328994787724390e+01 -7.713814307346306798e+00 0.000000000000000000e+00
6.988002991462478164e+00 -4.080451687346721701e-01 0.000000000000000000e+00
4.284876047123295173e+00 1.090306305928797670e+01 0.000000000000000000e+00
8.511328347930255944e+00 4.237918128026802123e+00 0.000000000000000000e+00
1.627818370036951290e+00 8.352179856343346032e+00 0.000000000000000000e+00
-3.143525430588540281e+00 -1.484146513333343265e+01 0.000000000000000000e+00
8.316140508219120875e+00 -1.530900607205675668e+00 0.000000000000000000e+00
1.641696663741129569e+01 -8.381198972828864058e+00 0.000000000000000000e+00
3.773886140893089269e+00 1.398583988160417668e+01 0.000000000000000000e+00
1.822115257629941709e+01 -2.518496758564377380e+00 0.000000000000000000e+00
1.130243877012320297e+01 2.589902548600100829e+00 0.000000000000000000e+00
-1.480614384170146280e+01 -1.147854605163833641e+00 0.000000000000000000e+00
-1.200209445994090274e+01 4.358440388801409604e+00 0.000000000000000000e+00
1.230500656789702418e+01 1.463696430534803694e+00 0.000000000000000000e+00
1.773597041074456726e+01 4.581777850689175757e+00 0.000000000000000000e+00
-1.252867418022775503e+01 8.463975473965072993e+00 0.000000000000000000e+00
-1.168413817004082844e+01 1.443352679193764843e+01 0.000000000000000000e+00
-1.482258233961861071e+00 4.175999325173790133e+00 0.000000000000000000e+00
-1.415512646190235868e+00 2.252008814697313177e+00 0.000000000000000000e+00
-4.917841481112585456e+00 -1.767984656422442669e+01 0.000000000000000000e+00
-1.917924601382438254e+00 -7.907549804697893592e+00 0.000000000000000000e+00
1.110922754512621458e+00 -1.585618053317741882e+01 0.000000000000000000e+00
-2.296086161998045050e+00 -1.867601037585673751e+01 0.000000000000000000e+00
-1.452648077884597733e+01 3.789515879592091796e+00 0.000000000000000000e+00
-9.595148402225929019e+00 1.374376320729355117e+00 0.000000000000000000e+00
-1.369864185044807492e+01 3.553584045333441077e-01 0.000000000000000000e+00
-1.399775297359296644e+01 5.236376371132743124e+00 0.000000000000000000e+00
-1.094266054207307270e+01 -8.485022441533747184e+00 0.000000000000000000e+00
3.936008331629082591e+00 -2.527175920804654474e+00 0.000000000000000000e+00
-8.918887709060546953e+00 9.904993400677456705e+00 0.000000000000000000e+00
