-9.295999249042452561e+00 -1.295439241899407001e+01 0.000000000000000000e+00
8.981568460141692967e+00 7.800744449173207862e+00 0.000000000000000000e+00
-8.876874544159392422e-02 1.705327049210006507e+01 0.000000000000000000e+00
-7.424085753990223857e+00 -1.286983264633226121e+01 0.000000000000000000e+00
-7.486105085865323971e+00 4.277786606971885064e+00 0.000000000000000000e+00
-3.191592043457552208e+00 -1.263666751302338120e+01 0.000000000000000000e+00
2.093613636919497090e+00 6.911669498260166300e+00 0.000000000000000000e+00
-1.288362697967007087e+01 -4.146103826462214315e+00 0.000000000000000000e+00
1.328539939866630704e+01 -9.596574353547870473e+00 0.000000000000000000e+00
-5.719219460503134123e+00 -3.645260431868102557e+00 0.000000000000000000e+00
-9.169233231798102901e-01 2.108480615879510189e+00 0.000000000000000000e+00
5.741380412236249065e+00 -2.960307216537259034e+00 0.000000000000000000e+00
6.748154384582069731e+00 1.691819747123481932e+01 0.000000000000000000e+00
-6.511749430254262450e+00 1.398187026159261670e+01 0.000000000000000000e+00
-1.661659749251420237e+01 -4.304779894985353295e+00 0.000000000000000000e+00
1.543118333583725565e+01 2.502844362161781522e+00 0.000000000000000000e+00
1.328118291868284118e+01 4.573371597644048769e+00 0.000000000000000000e+00
1.771698342439882445e-01 -1.281547972390263546e+01 0.000000000000000000e+00
-1.660388773132773466e+01 7.564880882499426917e+00 0.000000000000000000e+00
4.279391586477008680e+00 1.549180517210080588e+01 0.000000000000000000e+00
-1.057271959492159752e+01 -1.030836148726810286e+00 0.000000000000000000e+00
-1.228785221155147322e+00 -1.465565775711776020e+01 0.000000000000000000e+00
9.048816357937091936e+00 1.046784228094243119e+01 0.000000000000000000e+00
1.338838518259756327e+01 1.266008173910776335e+01 0.000000000000000000e+00
-1.006365723858462680e+01 -2.462616597845295185e+00 0.000000000000000000e+00
-3.153595787539539508e+00 1.117650618339016155e+01 0.000000000000000000e+00
-8.631212609768017074e+00 2.101345746414138738e+00 0.000000000000000000e+00
1.128040046151339482e+01 8.174941859675721290e+00 0.000000000000000000e+00
-3.282090917436617961e+00 -2.140802821864489669e+00 0.000000000000000000e+00
-1.095327784206893362e+01 5.521562530872621721e+00 0.000000000000000000e+00
1.753374031376631237e+01 3.685490356616990759e+00 0.000000000000000000e+00
-7.827441781433364554e+00 -1.578515848777432673e+01 0.000000000000000000e+00
-1.410456154284269381e+01 -9.790318710614513975e+00 0.000000000000000000e+00
-7.369404528594831749e-01 1.380638245775192452e+01 0.000000000000000000e+00
-6.439596026708965582e+00 1.699870146100077406e+01 0.000000000000000000e+00
-5.032580537038140456e+00 8.971710266231585962e+00 0.000000000000000000e+00
-5.452126637628190053e+00 -1.235365453170278549e+01 0.000000000000000000e+00
1.651089479055154285e+01 -1.581439326074028040e+00 0.000000000000000000e+00
1.425395690131113291e+01 1.086249443070135001e+01 0.000000000000000000e+00
7.465556194750310404e+00 -2.421347944562625698e-01 0.000000000000000000e+00
1.331058014242240084e+01 -2.402800473700547723e+00 0.000000000000000000e+00
1.753267706287045424e+00 -1.102772257483441365e+01 0.000000000000000000e+00
-6.532311815207558325e+00 -1.413309265346234467e+00 0.000000000000000000e+00
4.059508754693619714e+00 -5.867216308220885246e+00 0.000000000000000000e+00
-9.999425275717349848e+00 1.129570713506391222e+01 0.000000000000000000e+00
-5.253644924541601036e+00 1.516396621443501758e+01 0.000000000000000000e+00
-8.764061101226870987e-01 -9.519298055322691354e+00 0.000000000000000000e+00
1.103908603090422780e+01 -1.033445624045274691e+01 0.000000000000000000e+00
1.126123351770194958e+01 -9.493886027421448714e-01 0.000000000000000000e+00
5.170358179945730548e+00 1.688247720276245900e+01 0.000000000000000000e+00
1.200838517883941137e+01 -1.391786488322794213e+01 0.000000000000000000e+00
-3.488715655027616602e+00 -8.426534368089308558e+00 0.000000000000000000e+00
1.906204004377562544e+00 -1.615393004672781174e+01 0.000000000000000000e+00
5.309409878932428661e+00 7.537575509668765772e-01 0.000000000000000000e+00
-1.420917105657091284e+01 7.784273458398492274e+00 0.000000000000000000e+00
6.184746531916665901e+00 -5.748358315348496284e+00 0.000000000000000000e+00
-8.574086098882895968e+00 1.267623909791051240e+01 0.000000000000000000e+00
-9.842169399461758061e+00 -1.603723259325730055e+01 0.000000000000000000e+00
-1.196289495758534827e+01 -1.395206640903799666e+01 0.000000000000000000e+00
6.880083002459067565e+00 -8.629291043296333896e+00 0.000000000000000000e+00
-1.107720129533923092e+01 -6.372375080264990110e+00 0.000000000000000000e+00
5.921372891988873732e+00 4.092747682025460243e+00 0.000000000000000000e+00
3.231875971393307623e+00 1.067223462933428912e+01 0.000000000000000000e+00
1.219558168077350402e+01 -3.901492660960485193e+00 0.000000000000000000e+00
-6.353226276699858843e+00 1.152543959848800625e+01 0.000000000000000000e+00
-1.226737410458165556e+01 1.273107550596089155e+00 0.000000000000000000e+00
1.645807631359873113e+01 -8.324245216666618319e+00 0.000000000000000000e+00
-1.214519261646926829e+01 1.297235679427455501e+01 0.000000000000000000e+00
-5.920310474829303393e-01 7.164367592517623784e+00 0.000000000000000000e+00
1.941699575458270211e+00 -1.833253193488877386e+01 0.000000000000000000e+00
-3.875626818774732030e+00 -4.083564194046719109e+00 0.000000000000000000e+00
1.106148411602226211e+01 -1.200639129114760451e+01 0.000000000000000000e+00
1.000774416545861278e+01 5.433497752626180954e+00 0.000000000000000000e+00
-9.582442038038589516e+00 8.014899317357333519e-01 0.000000000000000000e+00
-1.566373664930539000e+01 2.370290511345927609e+00 0.000000000000000000e+00
1.514355732395527809e+01 -6.123426455643260269e+00 0.000000000000000000e+00
4.525074135928345065e+00 -1.187939169911738979e+01 0.000000000000000000e+00
-7.915534663531658133e+00 6.642410110744024543e+00 0.000000000000000000e+00
1.113288257840007489e+01 4.101175053623903999e+00 0.000000000000000000e+00
-5.368153104865988290e+00 -1.602356430202159743e+01 0.000000000000000000e+00
2.367859763318683974e+00 1.268069290542976013e+01 0.000000000000000000e+00
9.184656549487355548e+00 -3.571731703157424498e+00 0.000000000000000000e+00
1.463312576888270655e+00 1.704171211671700092e+01 0.000000000000000000e+00
1.334662759304366286e+00 2.685412960996810039e+00 0.000000000000000000e+00
-1.528668379418818724e+01 -7.884206610583897046e+00 0.000000000000000000e+00
-1.107328667369140440e+01 8.359749444021900899e+00 0.000000000000000000e+00
-6.349543442479725908e-01 -1.865899801817013071e+01 0.000000000000000000e+00
-2.047308789829263453e+00 9.157095721734556548e+00 0.000000000000000000e+00
-8.241820978398694209e+00 8.709759650228225070e+00 0.000000000000000000e+00
6.797794782056564067e+00 -1.616632748790761909e+01 0.000000000000000000e+00
-1.720307450211613087e+01 3.983874581404978632e-01 0.000000000000000000e+00
7.210990920152905659e+00 5.473483552432042210e+00 0.000000000000000000e+00
-1.425019152853417026e+01 -5.989263916490005002e+00 0.000000000000000000e+00
5.813758504584450648e+00 8.655384961591202853e+00 0.000000000000000000e+00
-8.261249940258318603e+00 -4.021548054857024823e+00 0.000000000000000000e+00
-9.859253775766903871e+00 4.187941985187081606e+00 0.000000000000000000e+00
1.588339610677063440e+01 5.308516339225692882e+00 0.000000000000000000e+00
2.486252451825948562e+00 1.842170536550190718e+01 0.000000000000000000e+00
-1.501278938976245314e+01 6.040725538115109039e+00 0.000000000000000000e+00
-1.571210647443649577e+01 1.037311219607958535e+01 0.000000000000000000e+00
1.212279209713901196e+01 1.039121427649662088e+01 0.000000000000000000e+00
-1.704875928960903053e+01 -1.729452951746900613e+00 0.000000000000000000e+00
6.349683135077902385e+00 -1.143106312271922498e+01 0.000000000000000000e+00
1.031216129254055813e+00 -5.841148251040246819e+00 0.000000000000000000e+00
8.245984684593665293e+00 -2.341613580295640595e+00 0.000000000000000000e+00
1.162575338906813371e+01 1.493522678231622791e+01 0.000000000000000000e+00
-1.033885348466819210e+01 1.551469866679458320e+01 0.000000000000000000e+00
1.118198951285885556e+01 1.284498558849705141e+01 0.000000000000000000e+00
9.745377303047522144e-01 -2.754221038065572280e+00 0.000000000000000000e+00
2.575816274079600010e+00 -7.185749153877658557e+00 0.000000000000000000e+00
-4.943052674009932090e+00 6.649862201603348844e+00 0.000000000000000000e+00
4.238534658804182342e+00 -8.225185319248344840e+00 0.000000000000000000e+00
-1.302811494022173555e+01 3.736503320890973701e+00 0.000000000000000000e+00
1.342646109461562887e+01 -5.261690009288320091e+00 0.000000000000000000e+00
-2.400183872506607585e+00 2.702747225010423193e+00 0.000000000000000000e+00
2.807074220839712808e+00 8.344948782368184936e+00 0.000000000000000000e+00
4.769308639816775219e+00 -1.038682990475579260e+01 0.000000000000000000e+00
-1.090743762467069011e+01 1.402477474862387474e+01 0.000000000000000000e+00
-1.372015755132077786e+01 -1.899357976058624553e+00 0.000000000000000000e+00
8.585608456272673550e+00 -1.090397723553186360e+01 0.000000000000000000e+00
-9.641380466546436878e+00 -8.643783260135139201e+00 0.000000000000000000e+00
-1.330103112818011546e+01 1.034707589672362538e+01 0.000000000000000000e+00
9.923855889874676706e+00 1.457472138180419652e+00 0.000000000000000000e+00
-6.780047483077150439e+00 -5.776992419003208923e+00 0.000000000000000000e+00
3.314699010714515115e+00 -1.767704897285517873e+01 0.000000000000000000e+00
1.566780101945034431e+01 1.002687391844264475e+01 0.000000000000000000e+00
-6.216315671237474305e+00 1.135753181639294285e+00 0.000000000000000000e+00
1.670161892549693050e+00 6.280001320972588251e-03 0.000000000000000000e+00
9.831291993381475081e+00 9.159836277450173370e+00 0.000000000000000000e+00
2.870873981273664999e+00 -2.647494594874458151e+00 0.000000000000000000e+00
1.770594788754371862e+01 6.376287094160401736e+00 0.000000000000000000e+00
-6.242799552904314098e+00 3.099478128067502780e+00 0.000000000000000000e+00
1.337638628155531428e+01 -7.199309311768907094e+00 0.000000000000000000e+00
-6.536220652558580646e+00 -1.480042425141675366e+01 0.000000000000000000e+00
-4.262161114731500872e-04 9.910942929187566364e+00 0.000000000000000000e+00
5.533617420515337670e+00 -1.152551389981084640e+00 0.000000000000000000e+00
7.607080750589731544e+00 1.442517037391057499e+01 0.000000000000000000e+00
1.700116935093339554e-01 -6.476491023536273817e-01 0.000000000000000000e+00
3.493813359845513666e+00 1.419679079415174172e+01 0.000000000000000000e+00
5.512806498229249286e+00 1.136712084321419702e+01 0.000000000000000000e+00
-4.006707089744772077e+00 2.580753172643517779e+00 0.000000000000000000e+00
-4.236408330222367624e+00 1.277655440300047651e+01 0.000000000000000000e+00
-1.084228251164046597e+01 2.159428400270394732e+00 0.000000000000000000e+00
6.034129946346140194e+00 1.507449844617743828e+01 0.000000000000000000e+00
9.499115851935204802e+00 -1.426032002682416611e+01 0.000000000000000000e+00
9.082919433792508102e+00 1.376040924410364674e+01 0.000000000000000000e+00
1.521799912128222942e+01 -3.020633634939092982e+00 0.000000000000000000e+00
-1.504462124414402524e+01 -3.446939202366350763e+00 0.000000000000000000e+00
-2.472071798704904122e+00 -5.128007835070436116e+00 0.000000000000000000e+00
1.044328830001619046e+01 -7.576115187796155226e+00 0.000000000000000000e+00
8.322917743463595031e+00 1.191985484040652032e+01 0.000000000000000000e+00
-2.845418961538787261e+00 1.723179450624022380e+01 0.000000000000000000e+00
-7.403904502052626846e+00 1.548844621754969353e+01 0.000000000000000000e+00
-9.392391903744272241e+00 -5.618378135029037601e+00 0.000000000000000000e+00
-1.863992231034118063e+01 -3.362249049871330886e+00 0.000000000000000000e+00
-2.643976130175483275e-01 -1.641382294481817894e+01 0.000000000000000000e+00
7.926355049591616186e+00 3.639337069030653016e+00 0.000000000000000000e+00
-1.181717776615554349e+01 -9.155718950050209415e+00 0.000000000000000000e+00
-5.238774796176866921e+00 -6.601265450911268928e+00 0.000000000000000000e+00
1.074445660374891176e+01 1.128676956314772895e+01 0.000000000000000000e+00
1.299522825052833674e+00 5.277740291564509079e+00 0.000000000000000000e+00
3.314728975741500605e+00 4.452844315176281320e+00 0.000000000000000000e+00
-7.378279155635139475e+00 1.042361057618185072e+01 0.000000000000000000e+00
-1.714325754710647587e+01 5.342834097315733111e+00 0.000000000000000000e+00
5.333949728309173466e+00 5.906315823465888570e+00 0.000000000000000000e+00
-4.926706506727457580e+00 -1.543514302086111067e+00 0.000000000000000000e+00
9.376259748754049994e+00 -5.300163523743014693e+00 0.000000000000000000e+00
-1.714635520558386617e+01 -6.011025090626507250e+00 0.000000000000000000e+00
1.489458373434177929e+01 -8.361340827325427938e+00 0.000000000000000000e+00
-1.851938197495926630e+01 2.257879581594053331e+00 0.000000000000000000e+00
1.417585408427169114e+01 -1.161168371855940507e+01 0.000000000000000000e+00
-6.376267343477881155e+00 -9.913778652977930150e+00 0.000000000000000000e+00
-7.512979825482164919e+00 -7.394818344488435002e+00 0.000000000000000000e+00
-1.023323329011430438e+01 -1.449737956164558561e+01 0.000000000000000000e+00
-1.379919505447980299e+01 1.293064466350265285e+01 0.000000000000000000e+00
1.403172759714511919e+01 -4.246021679590081810e-01 0.000000000000000000e+00
-3.635303175032659206e-01 -7.879916929479130694e+00 0.000000000000000000e+00
1.146205284623470000e+01 -6.234559010039704141e+00 0.000000000000000000e+00
1.251725016733404061e+01 9.223345580185208226e-01 0.000000000000000000e+00
-6.820316000270999490e-01 5.484316499298705239e+00 0.000000000000000000e+00
-1.324952920415895630e+00 -1.163015648832250371e+01 0.000000000000000000e+00
1.795784968198764631e+01 -3.453780412875508965e-01 0.000000000000000000e+00
1.497794037062673844e+01 8.596912599542283928e+00 0.000000000000000000e+00
7.863244528552201906e+00 -1.284662275507336027e+01 0.000000000000000000e+00
1.835592113983656404e+01 1.990681850525217511e+00 0.000000000000000000e+00
5.986889791499283575e+00 -1.300412034150117613e+01 0.000000000000000000e+00
-1.702342206603763231e+01 -7.727745185429567343e+00 0.000000000000000000e+00
8.022305004737315670e+00 -6.883773897473293601e+00 0.000000000000000000e+00
-1.191888484273951931e+01 1.116411767646637720e+01 0.000000000000000000e+00
2.928041930770276746e+00 -4.684553437094262307e+00 0.000000000000000000e+00
3.397922004362367687e+00 -1.485835728624357033e-01 0.000000000000000000e+00
-1.502027915598501906e+00 -3.701772895055060797e+00 0.000000000000000000e+00
1.889181478037988748e+00 -1.353054543220871508e+01 0.000000000000000000e+00
-4.228082623959233288e+00 -1.743517379650015542e+01 0.000000000000000000e+00
-6.673074773127603443e+00 8.327564648082793397e+00 0.000000000000000000e+00
1.724457379464403672e+01 -5.724380673379552142e+00 0.000000000000000000e+00
-2.546738041846693612e+00 -1.630903100453362242e+01 0.000000000000000000e+00
3.498218983928943704e+00 2.119233382109685149e+00 0.000000000000000000e+00
4.143601809270248459e+00 -1.588525701762501896e+01 0.000000000000000000e+00
1.371172498221776337e+01 -1.313751280110851560e+01 0.000000000000000000e+00
3.627871992572854198e-01 1.172250814388991635e+01 0.000000000000000000e+00
1.242592258677880501e+01 2.676649270252035251e+00 0.000000000000000000e+00
1.885913415546716010e+01 -1.795752777958222746e+00 0.000000000000000000e+00
6.786844934137573837e+00 1.235859646815633717e+01 0.000000000000000000e+00
-1.110394608612918255e+01 -4.381446763278380452e+00 0.000000000000000000e+00
-1.450784214866402877e+01 -1.132477750662470228e+01 0.000000000000000000e+00
5.502489407157737489e+00 1.328805741782607619e+01 0.000000000000000000e+00
5.352128560204929109e+00 -1.704504256947337026e+01 0.000000000000000000e+00
-4.394339992834995989e+00 -1.105546692594569791e+01 0.000000000000000000e+00
-1.435884077211615306e+01 1.988656902225910406e-01 0.000000000000000000e+00
-8.224585800340234343e+00 -9.913720296015803513e+00 0.000000000000000000e+00
-4.755360520400564006e+00 1.700801652648197049e+01 0.000000000000000000e+00
5.800442439939535788e+00 2.589238561261853366e+00 0.000000000000000000e+00
1.158961761899402632e+01 5.658488751508016890e+00 0.000000000000000000e+00
1.113339880519112945e+01 -2.671874966620046532e+00 0.000000000000000000e+00
-3.648341886352709729e+00 1.419190208596040748e+01 0.000000000000000000e+00
9.275966636767602580e+00 -1.648112743029840033e+01 0.000000000000000000e+00
7.472430683359571724e+00 1.016160691132865779e+01 0.000000000000000000e+00
1.325356013188093129e+01 6.276679435819823460e+00 0.000000000000000000e+00
1.321657745370560377e+01 8.576070617742230340e+00 0.000000000000000000e+00
4.145018621999629338e-01 1.540800644329261537e+01 0.000000000000000000e+00
-1.795310075836953345e+00 1.885049897478154080e+01 0.000000000000000000e+00
-1.488005686727696730e+00 1.582837151662195829e+01 0.000000000000000000e+00
-3.317189409354486251e+00 -6.600947851531679511e+00 0.000000000000000000e+00
1.505434449521384899e+01 -9.977572084698314470e+00 0.000000000000000000e+00
4.528923197515414500e+00 -1.384402303753011942e+01 0.000000000000000000e+00
-3.236175928381329836e+00 6.454289562308655803e+00 0.000000000000000000e+00
5.504725348108240324e-01 -1.501678581459487916e+01 0.000000000000000000e+00
-1.008867691129529653e+01 -1.057252677133821983e+01 0.000000000000000000e+00
-7.673177583253933065e+00 -2.498141410804111950e-01 0.000000000000000000e+00
-1.200369672025678547e+01 -1.145869007532056116e+01 0.000000000000000000e+00
9.483487152418959454e+00 -1.328588496150991061e+00 0.000000000000000000e+00
-1.179372901552351216e+01 -2.173148348844315070e+00 0.000000000000000000e+00
7.283674591970772383e+00 8.162790217639448898e+00 0.000000000000000000e+00
4.455913085576631794e+00 1.830486524215002930e+01 0.000000000000000000e+00
-5.044441735398867088e+00 1.071060611327339984e+01 0.000000000000000000e+00
4.456591244977115451e+00 7.314046018560542706e+00 0.000000000000000000e+00
-4.089003327752194217e+00 -1.067328516436531621e-01 0.000000000000000000e+00
1.429548240796230729e+01 1.271388085501560683e+00 0.000000000000000000e+00
-1.345713023189661328e+01 -1.264579471745310535e+01 0.000000000000000000e+00
4.826771407727097341e+00 -4.152932845604079937e+00 0.000000000000000000e+00
-1.334018586626262604e+00 -1.478066164291464979e+00 0.000000000000000000e+00
1.715038240480375720e+01 -4.070261605215835132e+00 0.000000000000000000e+00
-1.337626388648739173e+01 6.310813728862032512e+00 0.000000000000000000e+00
3.101076881243199357e-01 -1.061856017757174797e+01 0.000000000000000000e+00
1.511670826235769027e+01 4.008617213629698028e+00 0.000000000000000000e+00
-1.370219473898694673e+01 -8.307165721394014213e+00 0.000000000000000000e+00
-1.836515901223095426e+01 -8.385871887830372851e-01 0.000000000000000000e+00
-1.651609480873993974e+01 3.834217820578131874e+00 0.000000000000000000e+00
-2.367501733948307763e+00 -1.869650856502744318e+01 0.000000000000000000e+00
-3.932058443323722674e-01 -4.941672960739603049e+00 0.000000000000000000e+00
-1.088230727246340956e+00 3.090118682158334296e-01 0.000000000000000000e+00
1.602148305208759727e+00 9.707366520230808149e+00 0.000000000000000000e+00
-2.876091234202883484e+00 7.780888436907150707e-01 0.000000000000000000e+00
-8.161461592774729823e+00 -1.148153108578263115e+01 0.000000000000000000e+00
-1.475921591728323357e+01 4.301666853016994807e+00 0.000000000000000000e+00
