6.529181613192311495e+00 -1.298295993687479921e+01 0.000000000000000000e+00
-7.099064236056369381e+00 1.559754076378755627e+01 0.000000000000000000e+00
1.758576915849858580e+01 6.463832335180948796e+00 0.000000000000000000e+00
-8.095506642393514696e+00 8.049699082816374585e+00 0.000000000000000000e+00
5.993364514918076758e+00 6.826262259936223487e+00 0.000000000000000000e+00
1.450826428442421800e+01 -3.524453579912648404e+00 0.000000000000000000e+00
-2.403037627661514630e+00 3.040017714585461217e+00 0.000000000000000000e+00
1.290987857255374038e+01 -6.143936646783670241e+00 0.000000000000000000e+00
-3.752623150382218942e+00 -1.174648341044741429e+01 0.000000000000000000e+00
-1.130519042207736469e+01 -3.794068827426386292e+00 0.000000000000000000e+00
-1.409373489349592745e+01 6.501879316198206027e+00 0.000000000000000000e+00
3.923996347823079489e+00 -1.220035100309907605e+01 0.000000000000000000e+00
7.389088829986046214e+00 5.664835909092868604e+00 0.000000000000000000e+00
7.684192309331556725e-01 -1.872938714751846234e+01 0.000000000000000000e+00
8.665755353245291559e+00 -3.822769937906893123e+00 0.000000000000000000e+00
-1.263375013232225363e+01 1.725449947984768473e+00 0.000000000000000000e+00
8.500607319495172121e+00 -1.620914277973997386e+01 0.000000000000000000e+00
-4.076719345833013541e+00 8.536487359455730228e+00 0.000000000000000000e+00
-1.385356348176928520e+01 4.279841406832104234e+00 0.000000000000000000e+00
-1.224555894645952847e+01 -1.191136344423849280e+01 0.000000000000000000e+00
-8.489125805370225208e+00 -1.417520003462173861e+01 0.000000000000000000e+00
-5.694963271830962626e+00 3.096855429837451101e+00 0.000000000000000000e+00
-8.534504771657205779e+00 1.632489457240302144e+01 0.000000000000000000e+00
-2.101045190235945714e+00 1.109815563293338236e+01 0.000000000000000000e+00
-8.343167479016800669e+00 1.747242766802596270e+00 0.000000000000000000e+00
-1.087116155001556805e+01 2.012686563382989569e+00 0.000000000000000000e+00
-5.522552506961745600e+00 -1.541767607691900821e+01 0.000000000000000000e+00
8.540762468555680442e+00 1.149570739982146605e+01 0.000000000000000000e+00
9.128270096236830611e+00 -1.261853413576797500e+01 0.000000000000000000e+00
-5.958325834763041229e+00 -6.315897996245954715e+00 0.000000000000000000e+00
1.631431490020962372e+01 -3.783128072833266131e+00 0.000000000000000000e+00
-9.320373059401680038e+00 -3.182601411544077497e+00 0.000000000000000000e+00
1.375719826970398252e+01 -9.112775537057508757e+00 0.000000000000000000e+00
4.920360404900410600e+00 -7.123933030906258956e+00 0.000000000000000000e+00
1.760654138399172908e+01 -4.728821774289756696e+00 0.000000000000000000e+00
3.624542781642929423e+00 -9.711727364457503064e-01 0.000000000000000000e+00
8.787879280343524613e+00 2.023878076520769120e+00 0.000000000000000000e+00
-1.371031282668452755e+00 -1.619775650540791645e+01 0.000000000000000000e+00
3.569680908406893227e+00 1.128250206293380842e+01 0.000000000000000000e+00
-1.149883589595168409e+01 -1.059807268476831510e+01 0.000000000000000000e+00
8.877303939792854592e+00 1.547832117011216191e+01 0.000000000000000000e+00
7.130889456947671512e+00 -2.996734399817025385e-01 0.000000000000000000e+00
9.847258398379455713e+00 3.272680468630497774e-01 0.000000000000000000e+00
1.159895340951665021e+00 -3.510655109070011992e+00 0.000000000000000000e+00
8.910438596480599216e+00 8.738822278375520725e+00 0.000000000000000000e+00
-1.158636540570269879e+01 -1.816927032177657386e+00 0.000000000000000000e+00
-1.004986046104067299e+01 1.467628700247042062e+01 0.000000000000000000e+00
-1.036576392453683049e+00 9.001673101719083192e-01 0.000000000000000000e+00
1.537189312431631016e+01 9.050038135080434643e+00 0.000000000000000000e+00
4.086462151036427848e+00 -1.669028097363664997e+01 0.000000000000000000e+00
4.933896193474115677e+00 1.531856278666904458e+01 0.000000000000000000e+00
8.121077756331878561e+00 -1.020760467629315649e+01 0.000000000000000000e+00
1.510284916872009164e+00 1.020288269431130779e+01 0.000000000000000000e+00
-1.036473264605769806e+01 7.860063311672524478e+00 0.000000000000000000e+00
-9.423502674904129961e+00 -6.817767067744203047e+00 0.000000000000000000e+00
-1.573885461712546352e+01 -9.228993200193507107e+00 0.000000000000000000e+00
9.425303123179977760e-01 1.666208959286202784e+01 0.000000000000000000e+00
2.597074491454228085e+00 -6.834625906060258771e+00 0.000000000000000000e+00
-6.999487527204921733e+00 1.747984183949004566e-01 0.000000000000000000e+00
7.469845024857185933e+00 -1.426516378987911438e+01 0.000000000000000000e+00
-7.039802941721583496e-01 1.377038762766690816e+01 0.000000000000000000e+00
-2.867397913416580124e+00 1.466496968830331760e+01 0.000000000000000000e+00
2.761925063320162632e+00 3.457688239160908061e+00 0.000000000000000000e+00
-5.222119931917596602e+00 1.565510280180346570e+01 0.000000000000000000e+00
1.096776268538899224e+01 -5.975551297809494677e+00 0.000000000000000000e+00
3.600597720363402310e+00 -9.647811372470002311e+00 0.000000000000000000e+00
8.777189290233463836e+00 -8.185126092738522985e+00 0.000000000000000000e+00
-3.858508335159539282e+00 -6.364518088633590587e+00 0.000000000000000000e+00
-6.376779463688798444e+00 1.026799416089785311e+01 0.000000000000000000e+00
8.737727564512793421e+00 -2.154392863854971196e+00 0.000000000000000000e+00
1.029070154963307182e+01 -1.521648577323103524e+01 0.000000000000000000e+00
-8.867872113210083507e-01 -1.780008475618885910e+01 0.000000000000000000e+00
2.223343258392302513e+00 -1.685132528977452970e-01 0.000000000000000000e+00
-3.211334287809651800e-01 1.158360779588601197e+01 0.000000000000000000e+00
-1.075315530510145390e+00 7.931787332592063144e+00 0.000000000000000000e+00
1.219808719107041739e+01 -3.218018541964516199e+00 0.000000000000000000e+00
-1.836462026660462499e+01 -4.400630334596772997e+00 0.000000000000000000e+00
5.540228100419339441e+00 8.602842343348539700e+00 0.000000000000000000e+00
1.308143736036271676e+01 -1.993986811946076410e+00 0.000000000000000000e+00
-1.282853994537261499e+01 -5.489978657835560938e+00 0.000000000000000000e+00
1.501723841193919817e+01 5.348651900356178324e-01 0.000000000000000000e+00
5.139435711241669757e+00 1.726740672773575724e+01 0.000000000000000000e+00
-1.210841599283596359e+01 4.356762930506572928e+00 0.000000000000000000e+00
-8.097448621880372954e+00 4.147066301491860507e+00 0.000000000000000000e+00
-1.432095393112188120e+01 -2.002443296398096706e+00 0.000000000000000000e+00
-2.897659244448332894e-01 -2.752277176849404761e+00 0.000000000000000000e+00
1.468347653968071143e+01 -1.150821553286071186e+01 0.000000000000000000e+00
2.712567982381071108e+00 1.400230844925388496e+01 0.000000000000000000e+00
-8.657806284907700878e-01 -4.197592106780643206e+00 0.000000000000000000e+00
5.612731140270105890e+00 1.014601097798178664e+01 0.000000000000000000e+00
2.462669467439801085e+00 -1.276200626466296306e+01 0.000000000000000000e+00
-3.439038014378145824e+00 -1.435523117653362846e+01 0.000000000000000000e+00
-7.951544021855464495e-01 -5.981209914726113297e+00 0.000000000000000000e+00
1.664175942871755964e+00 6.305538847550832493e+00 0.000000000000000000e+00
-7.301933140257705901e+00 -1.572812240095754177e+01 0.000000000000000000e+00
-7.182590806839993292e+00 1.364137844868634453e+01 0.000000000000000000e+00
5.012715024204617897e+00 4.786258202337501544e+00 0.000000000000000000e+00
-1.824068883343169034e+01 2.628609685515399530e+00 0.000000000000000000e+00
-8.711177946718863252e-01 -1.128484832744131339e+01 0.000000000000000000e+00
3.328514345076583947e+00 1.715139437689619939e+01 0.000000000000000000e+00
1.077060044697839913e+01 4.162880807605534805e+00 0.000000000000000000e+00
3.197594854906110395e+00 9.157662579041048190e+00 0.000000000000000000e+00
5.848899172775287703e+00 1.168793687168168560e+00 0.000000000000000000e+00
-6.849913698832403863e-01 -1.154774154349054838e+00 0.000000000000000000e+00
3.548221860847987408e+00 -4.106142785851162103e+00 0.000000000000000000e+00
-1.454359113017837757e+01 -5.808991917747327705e+00 0.000000000000000000e+00
2.116299499910247572e+00 -1.105583220204865746e+01 0.000000000000000000e+00
-7.440770576864033536e+00 -2.396617944941788814e+00 0.000000000000000000e+00
9.222820996395393323e+00 5.067954934154284885e+00 0.000000000000000000e+00
1.663373893001696757e+01 -6.989473064933941160e+00 0.000000000000000000e+00
-1.300175336697143536e+01 -2.727434098737880896e-01 0.000000000000000000e+00
-1.330761636106584334e+01 9.204497745826364152e+00 0.000000000000000000e+00
-1.777008437074520586e+01 -5.975899687568581697e+00 0.000000000000000000e+00
6.103538089642099429e+00 1.333260177407881208e+01 0.000000000000000000e+00
1.490071858018110262e+01 -6.821250596787475473e+00 0.000000000000000000e+00
1.415655070149083095e+01 5.901943785905450213e+00 0.000000000000000000e+00
6.914870436296045142e+00 -8.866373680851829420e+00 0.000000000000000000e+00
-1.156302031716324130e+01 -7.330417494081849838e+00 0.000000000000000000e+00
-1.032056878925616417e+01 -4.549423972945154659e-01 0.000000000000000000e+00
8.201799560021287405e+00 1.354005880870806777e+01 0.000000000000000000e+00
-6.141341405103768913e+00 1.713766097204991112e+01 0.000000000000000000e+00
1.053823211541258331e+01 1.321206254017810444e+01 0.000000000000000000e+00
1.662498320672543883e+01 2.826158480150797736e+00 0.000000000000000000e+00
6.382505530701119145e-01 -5.204562706111484083e+00 0.000000000000000000e+00
-2.804828823026195739e+00 -8.231247027261588300e+00 0.000000000000000000e+00
-1.246367165357299811e+01 1.142372743937020196e+01 0.000000000000000000e+00
-4.887134906062144069e+00 5.079535338188430948e+00 0.000000000000000000e+00
1.109796194795052671e+01 -1.342450898372761081e+01 0.000000000000000000e+00
-1.369792133385304389e+01 -1.141804771674627794e+01 0.000000000000000000e+00
1.427449125960368193e+01 4.281035110027811896e+00 0.000000000000000000e+00
-8.154110757640090412e+00 -1.194519184984060800e+01 0.000000000000000000e+00
-1.412526028666777478e+01 1.174350700955406346e+01 0.000000000000000000e+00
1.028934091914743654e+01 2.509145628114819004e+00 0.000000000000000000e+00
-1.285554732679499601e+01 -3.955862778762854415e+00 0.000000000000000000e+00
-5.726878506186714013e+00 1.050838382130907966e+00 0.000000000000000000e+00
4.948957512372414769e+00 2.992089262470117195e+00 0.000000000000000000e+00
1.120423161088067410e+01 9.801728540368316089e+00 0.000000000000000000e+00
1.198436912448857683e+01 -8.952638508099658665e+00 0.000000000000000000e+00
8.713679938146233539e+00 -6.399276787807813172e+00 0.000000000000000000e+00
-1.409189511097018865e+01 1.081953370472983122e+00 0.000000000000000000e+00
3.000809626918437417e-02 -7.385937645151416042e+00 0.000000000000000000e+00
-1.664273361758283443e+01 5.013538835390490611e+00 0.000000000000000000e+00
-9.772459295415751868e-01 9.986100090855615008e+00 0.000000000000000000e+00
-8.737037203832911381e-01 2.562034020378576304e+00 0.000000000000000000e+00
-1.341595732620179859e+01 -8.999679070984811347e+00 0.000000000000000000e+00
-1.836452008588192442e+01 -1.326706105563093541e+00 0.000000000000000000e+00
-2.924019174625296813e+00 1.682030691168624159e+01 0.000000000000000000e+00
-1.511726293442196756e+01 -7.073779740129565452e-01 0.000000000000000000e+00
1.120521684384837791e+01 1.009193989998996344e+00 0.000000000000000000e+00
-9.832305689734234022e+00 -9.573585608919470857e+00 0.000000000000000000e+00
1.768379416365747403e+01 -1.312930893181415426e+00 0.000000000000000000e+00
1.389298483531165829e+01 7.813391335222963363e+00 0.000000000000000000e+00
-2.075533804825862916e+00 6.192626336940813658e+00 0.000000000000000000e+00
1.401949336415693459e+01 -6.203922016098625258e-01 0.000000000000000000e+00
-1.440020694356133113e+01 -4.281685564537886179e+00 0.000000000000000000e+00
1.282740070462771875e+01 9.523115760094706062e+00 0.000000000000000000e+00
-1.173154344322963993e+01 -1.351738001557672320e+01 0.000000000000000000e+00
1.166445364319833367e+01 -1.147759991762517373e+01 0.000000000000000000e+00
4.407785152938667572e+00 -2.643786403745942870e+00 0.000000000000000000e+00
-8.484688053364962457e+00 1.038348683083572510e+01 0.000000000000000000e+00
-1.531412202000093536e+01 3.221490516388259451e+00 0.000000000000000000e+00
-1.122397098519143199e+01 -5.437462919991224553e+00 0.000000000000000000e+00
5.768213305641073596e+00 -1.478065398239434813e+01 0.000000000000000000e+00
-1.528481097114723575e+01 7.635977780482479993e+00 0.000000000000000000e+00
3.463121537797746008e+00 5.733597978248827332e+00 0.000000000000000000e+00
-6.380733398492679065e+00 6.271672850233909635e+00 0.000000000000000000e+00
-1.677150834192554285e+01 -4.660967718415435890e+00 0.000000000000000000e+00
-8.889568771090164745e+00 1.297014805970225559e+01 0.000000000000000000e+00
-7.559058894579734122e+00 -9.637859989318631193e+00 0.000000000000000000e+00
1.221406617774949055e+01 -3.932799071207260799e-01 0.000000000000000000e+00
1.609565107210363877e+01 5.923062348191964865e+00 0.000000000000000000e+00
-3.403697298402022842e+00 -1.803716147117985003e+01 0.000000000000000000e+00
6.834403689058804687e+00 -4.109710126062855018e+00 0.000000000000000000e+00
4.339836583450637164e+00 -1.376674695814610949e+01 0.000000000000000000e+00
-1.398598068223378199e+01 -7.206430530730825623e+00 0.000000000000000000e+00
1.538802975062987777e+01 -5.133825948555392316e+00 0.000000000000000000e+00
1.562925086344979286e+00 -1.567334867784176744e+01 0.000000000000000000e+00
1.663958380942611726e+01 1.058929232613476712e+00 0.000000000000000000e+00
-5.509332468883451739e+00 7.806463100756126039e+00 0.000000000000000000e+00
1.638987250316396427e+01 -4.905567239690466486e-01 0.000000000000000000e+00
-1.265768641229787939e+01 7.852115942578052454e+00 0.000000000000000000e+00
1.860449405022874103e+01 1.201680774082092951e+00 0.000000000000000000e+00
6.422351902131698154e+00 -1.767950504019492541e+01 0.000000000000000000e+00
-8.329719038965398781e+00 5.836100728288887929e+00 0.000000000000000000e+00
-3.144679844023295701e+00 1.864713046543665342e+01 0.000000000000000000e+00
1.313848037006972280e+00 1.195105312223799743e+01 0.000000000000000000e+00
-1.678014963472728027e+01 -2.172020694747144098e+00 0.000000000000000000e+00
-5.268798221967325723e+00 -2.752862168199230020e+00 0.000000000000000000e+00
-2.207864574619301301e+00 -5.097505233544523229e+00 0.000000000000000000e+00
-4.823803186896150841e+00 -1.029970506972728472e+01 0.000000000000000000e+00
-2.369033194805890974e-01 4.343718613012428342e+00 0.000000000000000000e+00
-1.170126093701472669e+01 1.276543855474455924e+01 0.000000000000000000e+00
-7.278710436961662644e+00 1.189852822471327443e+01 0.000000000000000000e+00
-5.296810599633519079e-01 1.592066576309958315e+01 0.000000000000000000e+00
1.498269126045226685e+01 1.110619104570343474e+01 0.000000000000000000e+00
5.983584610298149364e+00 1.166997864461353629e+01 0.000000000000000000e+00
5.365509643069880319e+00 -4.691330087940901450e+00 0.000000000000000000e+00
-9.627875036906646145e+00 -1.226814171849152757e+01 0.000000000000000000e+00
-1.604680963013063533e+01 9.752008803642759460e+00 0.000000000000000000e+00
-4.684384437391250877e+00 1.179803532283612988e+01 0.000000000000000000e+00
-1.279764800008144832e+01 1.393636137082725845e+01 0.000000000000000000e+00
5.332677950291806468e+00 -9.884580420593280792e+00 0.000000000000000000e+00
1.102722706645072215e+01 7.821271337938387802e+00 0.000000000000000000e+00
-4.149371249104149229e+00 -1.289799426848153407e+00 0.000000000000000000e+00
1.992883417944838920e+00 -1.714185307948574177e+01 0.000000000000000000e+00
-6.384276076977093872e+00 -1.077473542007212615e+01 0.000000000000000000e+00
-2.968400275426910095e+00 -2.622416610942136739e+00 0.000000000000000000e+00
9.655568474331309048e+00 -9.849182981185947483e+00 0.000000000000000000e+00
-1.205224590540856511e+01 6.407771267613884270e+00 0.000000000000000000e+00
1.161227971475148024e+01 1.491198577878852127e+01 0.000000000000000000e+00
1.238583057648996544e+01 3.974442989885843325e+00 0.000000000000000000e+00
1.042802387035791156e+01 -2.631029445462332195e+00 0.000000000000000000e+00
-1.767475115449692602e+00 -9.826739779883325809e+00 0.000000000000000000e+00
7.778497114901830933e+00 3.612546041563555299e+00 0.000000000000000000e+00
-1.656452211022061149e+01 -7.656299292641850052e+00 0.000000000000000000e+00
-2.583806897835728034e+00 1.077118401283467586e+00 0.000000000000000000e+00
2.746813988940080442e+00 -2.500998284909466296e+00 0.000000000000000000e+00
2.029177177872022675e+00 1.815874240890286728e+01 0.000000000000000000e+00
-5.059406724104733577e+00 -1.335606100083222714e+01 0.000000000000000000e+00
1.319166883514969157e+01 9.969686641724069265e-01 0.000000000000000000e+00
1.366104473696886146e+01 -1.316518456785358460e+01 0.000000000000000000e+00
6.746993080420173872e-01 8.752414539337982191e+00 0.000000000000000000e+00
-1.781415066229399002e+01 7.815547475828079627e-01 0.000000000000000000e+00
4.624308253769656707e-01 1.811964614542100804e+01 0.000000000000000000e+00
-7.832601075109163702e+00 -4.991946441096036580e+00 0.000000000000000000e+00
1.435135389164222952e-01 -9.188823755215876687e+00 0.000000000000000000e+00
5.824874805953444978e-01 1.787894142305676670e+00 0.000000000000000000e+00
-4.251722616839051838e+00 2.450940288705934389e+00 0.000000000000000000e+00
1.441521977636302587e+01 2.551090287856589978e+00 0.000000000000000000e+00
5.303934910419773274e+00 -1.128081407411529957e+00 0.000000000000000000e+00
-1.029501534718244748e+01 1.052784719746747477e+01 0.000000000000000000e+00
-5.859896735384253930e+00 -1.716091626303296991e+01 0.000000000000000000e+00
1.057462341689643148e+00 -1.585674254791613835e+00 0.000000000000000000e+00
-8.784398988593487445e+00 2.117524676937092565e-01 0.000000000000000000e+00
6.419200173364608908e+00 1.630090906671888717e+01 0.000000000000000000e+00
7.244524632771397243e+00 1.909144714326029169e+00 0.000000000000000000e+00
1.031315138778190699e+00 -1.321853230822555503e+01 0.000000000000000000e+00
-3.450801239588942693e+00 6.795113783970049504e+00 0.000000000000000000e+00
-2.614649135829090199e+00 -1.044269359656176288e+00 0.000000000000000000e+00
1.532141496271551340e+01 -9.313479909494697395e+00 0.000000000000000000e+00
7.837895534512208329e+00 1.680129838173218459e+01 0.000000000000000000e+00
1.832838812205536883e+01 -3.369905599168612209e+00 0.000000000000000000e+00
4.436178397545237573e+00 1.267605947469415817e+01 0.000000000000000000e+00
-1.610899806128980671e+01 -6.064622926788674206e+00 0.000000000000000000e+00
-1.380983379301552105e+01 2.664300324767000294e+00 0.000000000000000000e+00
-4.818572598039104982e+00 -4.236110436825788916e+00 0.000000000000000000e+00
2.239916460858134284e-01 -1.481481691655169541e+01 0.000000000000000000e+00
-6.250767192110631143e-01 -1.334828415674164859e+01 0.000000000000000000e+00
-1.030167196129186991e+01 5.102585625726725027e+00 0.000000000000000000e+00
1.365845466974265143e+01 1.207437042325648413e+01 0.000000000000000000e+00
-6.076184269250718195e+00 -1.442533808023229280e+00 0.000000000000000000e+00
1.313720999930989208e+01 -4.407321187610156343e+00 0.000000000000000000e+00
-1.819531774245842470e+01 4.485068429963936509e+00 0.000000000000000000e+00
6.146245647054918493e+00 -1.122827357639900292e+01 0.000000000000000000e+00
6.160571334298668988e-01 1.453022866977181060e+01 0.000000000000000000e+00
6.844726577811424129e+00 -1.587416676800206616e+01 0.000000000000000000e+00
