4.219172930881590844e+00 1.474097644486726999e+01 0.000000000000000000e+00
-3.633024033496496941e+00 -1.445022902427946754e+01 0.000000000000000000e+00
-4.922909941227493924e+00 5.570778656569449261e+00 0.000000000000000000e+00
8.905531346316397645e+00 -1.096210071527090513e+01 0.000000000000000000e+00
1.134541298832309808e+00 5.543965095172628033e+00 0.000000000000000000e+00
2.081286574870353789e-01 -2.918746081399872239e+00 0.000000000000000000e+00
3.806991181310278360e+00 1.099247626532022615e+01 0.000000000000000000e+00
-9.304370066499756398e-01 8.664375758637397951e+00 0.000000000000000000e+00
1.958845540601700463e+00 -1.384141751213758198e+01 0.000000000000000000e+00
-1.483846788724505750e+01 7.531216770667548133e+00 0.000000000000000000e+00
8.917822415049664997e+00 -2.667456461637804033e+00 0.000000000000000000e+00
-1.627928306113467372e+01 -4.213055776297064625e+00 0.000000000000000000e+00
-1.395413816915425098e+00 1.067172380302349843e+01 0.000000000000000000e+00
-7.489488744810826937e+00 -1.008966237527129550e+01 0.000000000000000000e+00
5.705037371036002725e+00 1.022774945260113988e+01 0.000000000000000000e+00
1.549213423846482129e+01 1.265613218804642615e-01 0.000000000000000000e+00
-1.138562873556217525e+01 -1.038053290065708545e+01 0.000000000000000000e+00
1.204480954996731867e+01 1.054739656993057650e+01 0.000000000000000000e+00
-8.641462199704866620e+00 -2.956061094549700563e+00 0.000000000000000000e+00
-9.533518675587083990e+00 1.178357851486068064e+01 0.000000000000000000e+00
-2.994427617027415778e+00 3.354117947664438493e+00 0.000000000000000000e+00
-4.480711622181122067e+00 -3.588413398229450824e+00 0.000000000000000000e+00
-2.339041536723118320e+00 1.371535955266701379e+01 0.000000000000000000e+00
3.414835991121067504e+00 -5.975791030650864144e+00 0.000000000000000000e+00
2.660961004185284029e+00 1.442003495810225466e+01 0.000000000000000000e+00
-1.041815902520651882e+01 1.576883418858443298e+00 0.000000000000000000e+00
-4.358052941377524192e+00 -7.425068236674888134e+00 0.000000000000000000e+00
-1.115798970253670319e+01 1.052644220061921487e+01 0.000000000000000000e+00
4.940365588466837821e+00 1.274421522345637925e+01 0.000000000000000000e+00
5.460443071737976162e+00 -7.792473188982215859e+00 0.000000000000000000e+00
-1.167730825868565958e+01 -4.713664583959552346e+00 0.000000000000000000e+00
2.440888429990788921e+00 8.470842312189008183e+00 0.000000000000000000e+00
5.382739079369774693e+00 -4.851236206688651187e+00 0.000000000000000000e+00
-5.949981836925729572e-01 -1.501068843051730539e+01 0.000000000000000000e+00
-6.716824957259195372e+00 1.182978165959460926e+00 0.000000000000000000e+00
-1.261878753507307316e+01 -9.109541380049005710e+00 0.000000000000000000e+00
1.317680050009487902e-01 -6.780958768008701121e+00 0.000000000000000000e+00
2.260271388675764381e+00 2.744640529039488630e+00 0.000000000000000000e+00
9.750535684012369420e-02 6.128283746081768513e-01 0.000000000000000000e+00
-1.113466485367122338e+01 -1.250836516798193632e+00 0.000000000000000000e+00
2.750508725138986588e+00 -9.745250360832148573e+00 0.000000000000000000e+00
1.699740410823493519e+01 3.575519343363618319e+00 0.000000000000000000e+00
1.475549795519163254e+01 3.554153144425157063e+00 0.000000000000000000e+00
-2.617671185729787631e+00 -1.002869993103754709e+01 0.000000000000000000e+00
1.043142026978464720e+01 -5.236704861797153221e+00 0.000000000000000000e+00
-1.151262262362146593e+01 8.267588074523960273e+00 0.000000000000000000e+00
-5.543382818461668471e+00 -1.418304682011730211e+00 0.000000000000000000e+00
-1.022145113088202883e+01 -6.354153364077464339e+00 0.000000000000000000e+00
9.307041374152824176e+00 -6.256120991265533782e+00 0.000000000000000000e+00
1.092554938408589038e+01 7.047627643279408716e+00 0.000000000000000000e+00
-9.646430945219785613e+00 4.121093637912329299e+00 0.000000000000000000e+00
1.576331121130007062e+01 -4.101045336019691234e+00 0.000000000000000000e+00
1.490744271914190477e+01 -8.631167387705048100e+00 0.000000000000000000e+00
-5.981701718456436723e+00 1.221781944263866926e+01 0.000000000000000000e+00
4.749241970549568315e+00 -1.590979288655048762e+01 0.000000000000000000e+00
-4.917199724604006117e-01 1.337650544146106313e+01 0.000000000000000000e+00
-2.049671349857881686e-01 3.611561583441961876e+00 0.000000000000000000e+00
-4.000101516085045716e+00 -1.224265231835630630e+01 0.000000000000000000e+00
-1.015929720573842232e+01 -1.209650983926141876e+01 0.000000000000000000e+00
6.648120488580741672e+00 -9.844450612962930336e+00 0.000000000000000000e+00
5.822352432939307043e+00 3.917103245073949136e+00 0.000000000000000000e+00
-8.495772426586896131e+00 -3.510296725998577339e-01 0.000000000000000000e+00
-6.946851388500299151e+00 3.369881999206111978e+00 0.000000000000000000e+00
-6.887724030961803745e-01 -1.005162663954882163e+01 0.000000000000000000e+00
9.032566177342674862e+00 -9.032839532843495167e-02 0.000000000000000000e+00
-6.666347107598499910e+00 1.037323938779853627e+01 0.000000000000000000e+00
1.695730244626197036e+00 -5.604239783454918467e+00 0.000000000000000000e+00
-1.227075094306935554e+01 -3.112508504994849545e+00 0.000000000000000000e+00
-1.142490822491031821e+01 4.263007206085385192e+00 0.000000000000000000e+00
-9.211541646811140183e+00 8.237096911306514002e+00 0.000000000000000000e+00
1.523611694898478852e+01 7.526174465619257958e+00 0.000000000000000000e+00
6.805709739813912584e+00 -2.259379935413743379e+00 0.000000000000000000e+00
7.251049503716857636e+00 7.142375563349305345e+00 0.000000000000000000e+00
1.158349190807392581e+01 2.198607710150372707e+00 0.000000000000000000e+00
7.526545324040319063e-01 1.016716797804636307e+01 0.000000000000000000e+00
-6.637141128470732454e+00 -1.136000468794086515e+01 0.000000000000000000e+00
7.361635597841658551e+00 -7.762632606132901181e+00 0.000000000000000000e+00
-2.808243711702514744e+00 -2.088269639493046947e-01 0.000000000000000000e+00
4.819074888857891814e+00 -5.142812031778404291e-01 0.000000000000000000e+00
-1.542321012830134208e+01 7.122402571521797565e-01 0.000000000000000000e+00
1.351670537877521738e+01 5.652394351799446603e+00 0.000000000000000000e+00
-1.079861818382849670e+00 -4.953717077994205020e+00 0.000000000000000000e+00
1.036879694311984856e+01 1.119610741370915186e+01 0.000000000000000000e+00
3.421786958469986484e+00 6.539451706375161599e+00 0.000000000000000000e+00
-5.416069464253995491e+00 -1.343169839601013393e+01 0.000000000000000000e+00
-2.458502896303807805e+00 -7.376839264598152646e+00 0.000000000000000000e+00
6.225437292766243580e+00 1.945759157103222448e+00 0.000000000000000000e+00
-1.422095478371044663e+01 -4.381443094984556197e+00 0.000000000000000000e+00
-3.403157153494984932e+00 9.652890743641490801e+00 0.000000000000000000e+00
-9.935818215578864354e+00 -9.257831133830329406e+00 0.000000000000000000e+00
1.216745675378846592e+01 -2.013938663489080572e+00 0.000000000000000000e+00
1.311758801582780265e+01 2.477432952599222027e+00 0.000000000000000000e+00
2.059372068589627069e+00 7.769843613509505031e-01 0.000000000000000000e+00
9.021717090037459030e+00 6.768830141238890263e+00 0.000000000000000000e+00
-4.918623776128303149e+00 3.575087098179142497e+00 0.000000000000000000e+00
-1.314038485201771245e+01 1.034561720769902848e+01 0.000000000000000000e+00
1.638636317492366601e+01 -1.604066459692715219e+00 0.000000000000000000e+00
8.580482930894900662e+00 1.095655224760766799e+01 0.000000000000000000e+00
-7.794715434120753628e+00 1.154063989961659509e+01 0.000000000000000000e+00
1.200673099781370112e+01 -3.609203142354167060e+00 0.000000000000000000e+00
6.880718192541809053e+00 -1.161755257221075688e+01 0.000000000000000000e+00
-9.434792044038077918e+00 1.441047401227429070e+01 0.000000000000000000e+00
-1.690195360614210429e+01 1.245723846316519001e+00 0.000000000000000000e+00
9.283205522993188907e+00 -8.222049309947388807e+00 0.000000000000000000e+00
-4.760139720247067885e+00 6.443713452974613176e-01 0.000000000000000000e+00
9.824606396973967648e+00 -9.681855959194322736e+00 0.000000000000000000e+00
8.479324553528430286e+00 1.994655910320343839e+00 0.000000000000000000e+00
1.839527974023916324e+00 1.194828261918263479e+01 0.000000000000000000e+00
-1.545631693576860854e+01 -6.300596013134961204e+00 0.000000000000000000e+00
-3.012582569446683234e+00 5.453138705804016162e+00 0.000000000000000000e+00
1.773795981395924093e+00 -1.681870832706157515e+01 0.000000000000000000e+00
1.071826209529618046e+00 -9.703239500269445372e+00 0.000000000000000000e+00
7.209593859075298816e+00 1.009944112695749219e+01 0.000000000000000000e+00
-7.044770390105401958e+00 -6.509128248827846797e+00 0.000000000000000000e+00
4.412807065795544048e+00 -1.096888105768188382e+01 0.000000000000000000e+00
1.243287555312997839e+01 -5.955978349164102958e+00 0.000000000000000000e+00
6.222589356131713600e+00 -1.322726693731970649e+01 0.000000000000000000e+00
1.659622209831052297e-01 1.574593119306432065e+01 0.000000000000000000e+00
-4.207788859149673932e+00 1.226541039037562086e+01 0.000000000000000000e+00
-1.291552416039024820e+01 7.061282823607691661e+00 0.000000000000000000e+00
-7.171531227283464149e-01 6.894866962342346639e+00 0.000000000000000000e+00
-5.068649867903733508e+00 1.350151893279421422e+01 0.000000000000000000e+00
8.565012944985971544e+00 -4.765738086386900996e+00 0.000000000000000000e+00
5.922887833560634085e+00 1.474318180429340153e+01 0.000000000000000000e+00
-5.914288826777699404e-01 -1.230413727529961143e+01 0.000000000000000000e+00
4.004493172499905995e+00 -1.365301891418640956e+01 0.000000000000000000e+00
9.367590505579579840e+00 4.082980111684376467e+00 0.000000000000000000e+00
1.135695759544993599e+01 -5.090497224586333358e-01 0.000000000000000000e+00
-1.330843574642053007e+01 -1.090012559917037294e+01 0.000000000000000000e+00
-1.900276556636165903e+00 -3.263804471250811190e+00 0.000000000000000000e+00
7.369269177527804082e+00 1.518847808408404809e+01 0.000000000000000000e+00
-7.230392995325356509e+00 -3.678928305710748248e+00 0.000000000000000000e+00
-2.635035072498670861e+00 -1.627415688526910742e+01 0.000000000000000000e+00
1.372094269051811288e+01 -6.921372039546134225e+00 0.000000000000000000e+00
3.806293645743630716e+00 4.093933798770933663e+00 0.000000000000000000e+00
-9.888906645894387282e+00 6.627177750468912443e+00 0.000000000000000000e+00
-1.545707661768543417e+01 2.310106954770832388e+00 0.000000000000000000e+00
1.151304744500986388e+01 -9.502829450358742491e+00 0.000000000000000000e+00
-8.833740400026439232e+00 -7.160002796859247454e+00 0.000000000000000000e+00
1.140546335441522707e+01 -7.407762357904428718e+00 0.000000000000000000e+00
-1.473701916939862855e+01 -1.360147311653818081e+00 0.000000000000000000e+00
-1.352207669520881561e+00 1.633273141784478355e+01 0.000000000000000000e+00
-8.165596766723439259e+00 -5.320351372583157712e+00 0.000000000000000000e+00
1.332441030542735660e+01 1.883700535804996024e-01 0.000000000000000000e+00
3.719603712111322125e+00 -3.427267199333288605e+00 0.000000000000000000e+00
-9.393097786666055882e-01 -8.233372434608872581e+00 0.000000000000000000e+00
-6.986700776366243204e+00 -1.466491990658808575e+01 0.000000000000000000e+00
-3.976044484681094726e+00 7.837735539572307175e+00 0.000000000000000000e+00
-1.360579212869099308e+01 -6.682224225211924384e+00 0.000000000000000000e+00
7.831263433188515144e+00 -1.451280201563666594e+01 0.000000000000000000e+00
-1.039909072644520016e+01 -2.559075208302384663e+00 0.000000000000000000e+00
8.647359459946921234e+00 1.358610017729283470e+01 0.000000000000000000e+00
-7.996104359585942234e+00 5.071848901743758020e+00 0.000000000000000000e+00
-3.770377823567815589e+00 -5.104235446426496736e+00 0.000000000000000000e+00
-2.941617841359463803e+00 1.642330106549031754e+01 0.000000000000000000e+00
-5.156980131291023284e+00 -1.556400673088833209e+01 0.000000000000000000e+00
-7.428947327559588309e+00 8.347490034155480743e+00 0.000000000000000000e+00
5.556787581576005053e+00 7.294556639374144780e+00 0.000000000000000000e+00
-1.673542278338719314e+01 4.973121553416222085e+00 0.000000000000000000e+00
1.565265081650681900e+01 -5.611287085498720018e+00 0.000000000000000000e+00
1.172823679422180021e+01 1.215449074765797555e+01 0.000000000000000000e+00
4.417885147025105042e+00 1.774631511527914318e+00 0.000000000000000000e+00
-1.690755410494691091e+01 -1.814397273475281125e+00 0.000000000000000000e+00
-5.324959252526529241e+00 9.062507382667901012e+00 0.000000000000000000e+00
2.515733519856458766e+00 -1.239190757046460689e+01 0.000000000000000000e+00
-1.307171886135180428e+00 5.233417224544647972e+00 0.000000000000000000e+00
1.168961365067033675e+01 4.078148894482914955e+00 0.000000000000000000e+00
1.172836600495035064e+01 8.374674281498441175e+00 0.000000000000000000e+00
-4.298743333738414552e-01 -1.173193520308957405e+00 0.000000000000000000e+00
-2.392033674831504975e+00 -1.298387422179165895e+01 0.000000000000000000e+00
-7.241360576638189883e+00 1.525220714365448593e+01 0.000000000000000000e+00
-1.477579938270564064e+01 -7.945910250603848368e+00 0.000000000000000000e+00
-9.321244237857616355e+00 -1.381697476603641839e+01 0.000000000000000000e+00
1.082933852425647636e+01 9.650118779273077152e+00 0.000000000000000000e+00
-3.620167114037941225e+00 1.450452945762267909e+01 0.000000000000000000e+00
-1.232788716114419003e+01 -7.603864201051251825e+00 0.000000000000000000e+00
-8.594881196338834073e+00 -1.164594780323951539e+01 0.000000000000000000e+00
9.491430048174995804e+00 8.438359145284284324e+00 0.000000000000000000e+00
7.913599612138261463e+00 3.579956483403219814e+00 0.000000000000000000e+00
1.284854976476830757e+01 -1.055873970344704915e+01 0.000000000000000000e+00
-6.721298710623857531e+00 -8.469957598533312648e+00 0.000000000000000000e+00
1.015957712656731360e+01 -1.304798898158893294e+01 0.000000000000000000e+00
-4.217642331323133043e+00 -9.355754628753430779e+00 0.000000000000000000e+00
-5.636818982803758260e+00 1.598181433514102956e+01 0.000000000000000000e+00
-3.758455370801812911e+00 -1.403698148754273678e+00 0.000000000000000000e+00
-9.332114535275017886e-01 -1.694434182156991398e+01 0.000000000000000000e+00
1.367148379159702465e+01 8.629228530073575598e+00 0.000000000000000000e+00
-3.730480714584275326e+00 1.793035370304523424e+00 0.000000000000000000e+00
1.423218085762692020e+01 -1.896658794315299268e+00 0.000000000000000000e+00
1.532294456049987019e+01 5.898686552189266408e+00 0.000000000000000000e+00
1.973554672957953837e+00 -7.483551032186023910e+00 0.000000000000000000e+00
-1.249789309653221814e+01 -2.517073411248059167e-01 0.000000000000000000e+00
6.438618223625597992e+00 -1.092544057432665444e-01 0.000000000000000000e+00
-1.539437955357537113e+01 -2.953616404866254097e+00 0.000000000000000000e+00
1.381257159309925342e+01 -3.399465911170913568e+00 0.000000000000000000e+00
-8.291572772870638985e+00 2.440312256805018620e+00 0.000000000000000000e+00
1.333843764187583325e+00 1.347799524829577678e+01 0.000000000000000000e+00
1.873326008368447315e+00 -3.451135141937585971e+00 0.000000000000000000e+00
-1.688168264117785533e+00 1.690055773619313362e+00 0.000000000000000000e+00
4.468359025912927329e+00 9.070737864321035460e+00 0.000000000000000000e+00
-1.498012230830222613e+01 3.805478027514354267e+00 0.000000000000000000e+00
5.948315975362992170e+00 -1.482508792339024417e+01 0.000000000000000000e+00
1.020413135475345179e+01 1.279319441258479273e+01 0.000000000000000000e+00
-1.132193765057041368e+01 1.319036028385674086e+01 0.000000000000000000e+00
1.003393696582655892e+01 -1.564142750147300642e+00 0.000000000000000000e+00
-5.241797778730481916e+00 -5.444533503100074334e+00 0.000000000000000000e+00
1.086411820303111675e+01 -1.098435369238826809e+01 0.000000000000000000e+00
-1.185917009990118842e+01 2.705508106508233812e+00 0.000000000000000000e+00
4.918206119413053301e+00 1.670600194940032779e+01 0.000000000000000000e+00
1.693439444800492666e+01 1.891658510500459078e+00 0.000000000000000000e+00
-1.672633063999154501e+01 3.411970027017748208e+00 0.000000000000000000e+00
-1.314428300141669226e+01 4.925953051903388058e+00 0.000000000000000000e+00
-1.170531323775781907e+01 -1.295676081319304274e+01 0.000000000000000000e+00
2.490364223667066668e+00 -1.778784104576691005e+00 0.000000000000000000e+00
-1.372823640227460906e+01 2.037855236341044485e+00 0.000000000000000000e+00
-9.799370141514925692e+00 -4.855675093337285197e+00 0.000000000000000000e+00
1.409398249358804378e+01 -5.138680784946079605e+00 0.000000000000000000e+00
7.116776743695315544e-01 -1.127984248206617934e+01 0.000000000000000000e+00
7.601272551726446780e-01 7.707316760751716345e+00 0.000000000000000000e+00
7.167321591048948726e+00 1.282069532866739259e+01 0.000000000000000000e+00
-9.581680795624752278e+00 9.929607420279371155e+00 0.000000000000000000e+00
-8.235543597922514891e+00 6.784077158111932349e+00 0.000000000000000000e+00
1.055125413472301865e+01 5.447024026041542122e+00 0.000000000000000000e+00
2.530055806681039687e+00 1.654388568668615989e+01 0.000000000000000000e+00
1.287233386113561551e+01 7.220339476430557291e+00 0.000000000000000000e+00
-4.966523556787683091e+00 -1.086842080800509258e+01 0.000000000000000000e+00
1.235517554541956997e+01 -1.209045693170961044e+01 0.000000000000000000e+00
5.077661788470729576e+00 5.856642768781955333e+00 0.000000000000000000e+00
6.550361871476809483e+00 8.473297131908584134e+00 0.000000000000000000e+00
1.499042371536622653e+01 1.572820093032669897e+00 0.000000000000000000e+00
7.323990971675941708e+00 -3.829078060962844088e+00 0.000000000000000000e+00
-7.111270257208876622e+00 -1.531628826275662991e+00 0.000000000000000000e+00
-2.871918310694155263e+00 1.135026163758685946e+01 0.000000000000000000e+00
-7.689508101348501157e+00 1.367766646706690103e+01 0.000000000000000000e+00
-1.049755745584813882e+00 1.479264940678288021e+01 0.000000000000000000e+00
3.468750925994939394e+00 -1.690718146064852689e+01 0.000000000000000000e+00
-1.603563362739101805e+01 6.429375034647931031e+00 0.000000000000000000e+00
1.265808710056537301e+01 -8.355142327052643481e+00 0.000000000000000000e+00
-1.371867789852017516e+01 8.578050497778107797e+00 0.000000000000000000e+00
-7.125076056127068423e-03 1.155498195707195030e+01 0.000000000000000000e+00
5.614743465075306084e+00 -3.298867263658730842e+00 0.000000000000000000e+00
-5.062612645351259211e+00 1.095086341267694685e+01 0.000000000000000000e+00
4.244040771736520057e+00 -8.690297977972203824e+00 0.000000000000000000e+00
1.031225728545889631e+01 1.304263401842542081e+00 0.000000000000000000e+00
-7.377010500218840860e+00 -1.298053816987862952e+01 0.000000000000000000e+00
-1.736009204989042232e+01 -3.368801841509574402e-01 0.000000000000000000e+00
7.034088892734470022e+00 4.975741318429942162e+00 0.000000000000000000e+00
-1.131921490081350257e+01 5.822823546019588292e+00 0.000000000000000000e+00
9.522597722862610192e-01 -1.554781320810610801e+01 0.000000000000000000e+00
-2.275795098705837738e+00 7.925200291618542892e+00 0.000000000000000000e+00
-6.411732927414593775e+00 5.976284674988673551e+00 0.000000000000000000e+00
8.594985894597384046e+00 -1.279454903407960664e+01 0.000000000000000000e+00
1.741057075755353267e+01 -3.883500295890943699e-01 0.000000000000000000e+00
3.535333861827794966e+00 4.043542043299434008e-01 0.000000000000000000e+00
-1.425253856946673992e+01 6.020379941395606949e+00 0.000000000000000000e+00
1.042754952445529248e+01 -3.396546845928621217e+00 0.000000000000000000e+00
