-1.342436300692443751e+01 -1.022424914473722168e+01 0.000000000000000000e+00
6.093180639281496447e+00 1.096675360118591414e+01 0.000000000000000000e+00
1.363793962751583422e+01 2.098344359050218488e-01 0.000000000000000000e+00
-3.697515792146138569e+00 1.625587667825282523e+01 0.000000000000000000e+00
4.325396052375727329e+00 -8.519222602257929822e+00 0.000000000000000000e+00
1.320264442837117258e+01 -5.382249305813572526e+00 0.000000000000000000e+00
4.457139592831905972e+00 1.048403300171950381e+00 0.000000000000000000e+00
1.600632032549445327e+01 -4.410972741391886665e+00 0.000000000000000000e+00
3.186308401551122049e+00 7.056936851527536803e+00 0.000000000000000000e+00
5.566380056966845125e+00 -4.175054199794348442e+00 0.000000000000000000e+00
-9.427002686938198650e+00 -3.544128001454248000e+00 0.000000000000000000e+00
1.191262409936298283e+01 1.229495524387782623e+01 0.000000000000000000e+00
-2.367189954309001809e+00 4.513298028187273658e+00 0.000000000000000000e+00
-5.403919727534503892e+00 -1.595997764923158968e+01 0.000000000000000000e+00
9.370264586065536250e+00 -3.209389719598065849e+00 0.000000000000000000e+00
-8.002026560470545391e+00 -9.050384441695531024e+00 0.000000000000000000e+00
-1.187498315312379127e+01 -2.442739195819988163e-01 0.000000000000000000e+00
8.655740319988344922e+00 -8.905035937352387521e+00 0.000000000000000000e+00
3.541862428330377011e+00 -1.126622356803600411e+01 0.000000000000000000e+00
-1.288598166788094801e+01 9.154603229650689622e-01 0.000000000000000000e+00
-8.531743948281750534e+00 -1.370824406612396018e+01 0.000000000000000000e+00
2.808493591822173396e+00 -5.065111975453147508e+00 0.000000000000000000e+00
-5.755363119973084807e+00 1.529599987413575057e+01 0.000000000000000000e+00
1.450952548566044831e+00 -1.716257867315679064e+01 0.000000000000000000e+00
-6.955258614719328492e-01 9.011939720245967678e+00 0.000000000000000000e+00
-4.065248796350285687e+00 9.003870923376581459e+00 0.000000000000000000e+00
9.237260317908791762e+00 -1.068042303608115162e+01 0.000000000000000000e+00
1.690665391736565226e+01 1.990567026461301126e+00 0.000000000000000000e+00
-1.103485649779631572e+01 1.015428649069677292e+01 0.000000000000000000e+00
-1.947025605774420409e+00 -1.501687495494782887e+01 0.000000000000000000e+00
-4.344362160373294479e+00 -1.419511579704650650e+01 0.000000000000000000e+00
-7.849147608731103176e+00 -8.536605713384574079e-01 0.000000000000000000e+00
-4.238625765971255177e+00 -6.047037918289436043e+00 0.000000000000000000e+00
-1.615833941736314117e+01 -2.490689096205491171e-01 0.000000000000000000e+00
-1.091027467671110607e+01 -1.270549558966364856e+01 0.000000000000000000e+00
-1.358848570621641194e+01 -3.069106959168559801e+00 0.000000000000000000e+00
-7.634765793472571005e+00 -3.106986915706639429e+00 0.000000000000000000e+00
5.856437119296760585e+00 3.417686393049957694e+00 0.000000000000000000e+00
1.309655866416501269e+01 -2.337361132413322107e+00 0.000000000000000000e+00
3.725833391729496569e+00 -6.571403712485998305e+00 0.000000000000000000e+00
-5.525865833772621860e-01 -1.416065712229522688e+01 0.000000000000000000e+00
1.310986537217860004e+01 -7.912762657380300269e+00 0.000000000000000000e+00
-8.318105502236518234e+00 6.548623522420016663e+00 0.000000000000000000e+00
8.041718343436381033e+00 -1.543269732812014894e+01 0.000000000000000000e+00
7.334435410226058494e+00 -1.312819731875241835e+01 0.000000000000000000e+00
-6.006966169909540909e+00 7.554286012442847920e+00 0.000000000000000000e+00
-2.361980599876360165e-01 -3.855922663000111328e+00 0.000000000000000000e+00
9.652485673141587341e+00 -5.757474275177034251e+00 0.000000000000000000e+00
1.523693173868886142e+01 1.705982328342320331e+00 0.000000000000000000e+00
-3.185929349046792702e-02 1.476246533596073363e+01 0.000000000000000000e+00
-1.075102035910604270e+00 -1.731093026956243719e+01 0.000000000000000000e+00
6.280206790446719367e+00 1.252294789868238745e+01 0.000000000000000000e+00
1.034914582912766612e+00 1.070892863094899816e+01 0.000000000000000000e+00
8.756598617894608694e+00 1.073122505369667401e+01 0.000000000000000000e+00
3.357033820651589284e-01 -1.574523333575096906e+01 0.000000000000000000e+00
2.991245344984774679e+00 6.880934482418964437e-01 0.000000000000000000e+00
7.048593073353942584e-01 -7.841440166422594338e+00 0.000000000000000000e+00
1.107296711438846692e+01 6.367869842911700218e+00 0.000000000000000000e+00
1.623528531042265399e+01 -1.302966564475579014e+00 0.000000000000000000e+00
2.143493623333501574e+00 2.146441793308376145e+00 0.000000000000000000e+00
2.614234323011309424e+00 1.075423697143227919e+01 0.000000000000000000e+00
1.746706655963496946e+00 1.734453819577015210e+01 0.000000000000000000e+00
1.162593897679647803e+01 1.040697395247777735e+01 0.000000000000000000e+00
-5.369789356488036125e-01 -8.922941473431791337e+00 0.000000000000000000e+00
-1.520975548200944338e+01 -5.148065496151186693e+00 0.000000000000000000e+00
5.634595424333469715e+00 8.994570164124940703e+00 0.000000000000000000e+00
5.621124307877876092e+00 1.388928001401025369e+01 0.000000000000000000e+00
7.718018630261719970e+00 -3.656127301263775831e+00 0.000000000000000000e+00
-4.511477469147993524e+00 1.253477190142096198e+01 0.000000000000000000e+00
-1.374144454577124641e+01 -1.381204687294604438e+00 0.000000000000000000e+00
1.084385325835739522e+01 -1.112013345083741633e+01 0.000000000000000000e+00
-1.497624809003349888e+01 8.528211190438058642e-01 0.000000000000000000e+00
-1.323982898642564265e+01 -5.209312856692522864e+00 0.000000000000000000e+00
3.643199729649020835e+00 5.370311934742026061e+00 0.000000000000000000e+00
-6.402258460389014694e+00 2.300551420002739711e+00 0.000000000000000000e+00
-1.110242721719729708e+01 -7.279432119218369301e+00 0.000000000000000000e+00
-1.215912324730219929e+01 7.175023058659995456e+00 0.000000000000000000e+00
1.503071954287610801e+01 4.842835755648390084e+00 0.000000000000000000e+00
1.676024734639101155e+01 -2.914852187171554920e+00 0.000000000000000000e+00
-7.300113769533832508e-01 1.511686679948536449e+00 0.000000000000000000e+00
-9.017081630730773512e+00 1.390554998600488368e+01 0.000000000000000000e+00
-8.819615893465149625e+00 -5.025325204410195035e+00 0.000000000000000000e+00
6.623327357629349876e+00 5.880278338113836156e+00 0.000000000000000000e+00
-5.560093954843465802e+00 -1.298920743457121141e+01 0.000000000000000000e+00
-1.706808573278321361e+01 -1.491819177686319220e+00 0.000000000000000000e+00
-1.820898535997641066e+00 1.576887730553286993e+01 0.000000000000000000e+00
-7.170356120586375503e+00 -5.397834664477379363e+00 0.000000000000000000e+00
-1.054396625359793127e+01 1.283473188946728882e+01 0.000000000000000000e+00
-5.375482455942510285e+00 1.097191312427514021e+01 0.000000000000000000e+00
-7.927678113776855939e-01 4.515524219130877093e+00 0.000000000000000000e+00
3.566924437045799756e+00 -1.701625461117838967e+01 0.000000000000000000e+00
5.199593487675159054e+00 -1.654651417964717908e+01 0.000000000000000000e+00
-5.154009591004546031e+00 -4.280580354801175602e+00 0.000000000000000000e+00
1.478218036837619209e+01 7.343616586573529226e+00 0.000000000000000000e+00
9.513763583323145312e+00 -1.295140844441673522e+01 0.000000000000000000e+00
1.147989421493550388e+01 -2.822766283408404409e+00 0.000000000000000000e+00
5.995899580865517109e+00 -1.063642592663908282e+01 0.000000000000000000e+00
-1.535388414270717661e+01 6.999439209634973125e+00 0.000000000000000000e+00
1.079218387824703029e+00 -4.945113199612495514e+00 0.000000000000000000e+00
4.404066415670883750e+00 -1.485325239670929420e+01 0.000000000000000000e+00
-1.582145777200980596e-01 6.262505333711635203e+00 0.000000000000000000e+00
1.505862183453967695e+01 -6.630253931395257538e+00 0.000000000000000000e+00
-1.107137622186892401e+01 -5.620778312032267188e+00 0.000000000000000000e+00
-1.621850076136414742e+01 2.974832534873562029e+00 0.000000000000000000e+00
2.193362534307548906e+00 8.997466815140148455e+00 0.000000000000000000e+00
1.123097300997262060e+01 3.262806633493788855e+00 0.000000000000000000e+00
1.549190781175901588e+00 -1.607300845798810274e+00 0.000000000000000000e+00
-3.440971510267498701e+00 -1.556583194376420742e+01 0.000000000000000000e+00
1.145621492690641929e+01 -4.468298781414642429e-01 0.000000000000000000e+00
-1.369258113148247880e+01 6.588856944774654778e+00 0.000000000000000000e+00
4.657779501270245537e-01 1.085668213418051059e-01 0.000000000000000000e+00
9.097320013849861553e+00 1.925109940021625610e+00 0.000000000000000000e+00
3.899026962332257984e+00 -1.892548431099966733e+00 0.000000000000000000e+00
-2.163338294165353393e+00 1.030160537704007240e+01 0.000000000000000000e+00
-5.130518757029182808e+00 -8.240991087416665195e+00 0.000000000000000000e+00
-1.090729745287431562e+01 6.118816374155425564e+00 0.000000000000000000e+00
-4.733237750067512017e+00 -1.010761793152286758e+00 0.000000000000000000e+00
-2.303538281856197578e+00 -5.575428495218289093e+00 0.000000000000000000e+00
-9.021228949253520923e+00 1.145586555094550985e+00 0.000000000000000000e+00
-1.408959636451210251e+00 -1.051361943675754596e+01 0.000000000000000000e+00
-1.699655193524115260e-01 -5.870053379555461248e+00 0.000000000000000000e+00
-4.324740363140812782e+00 6.113354924579351923e+00 0.000000000000000000e+00
-3.074660542258500495e+00 7.336316812836766843e+00 0.000000000000000000e+00
-5.752601011367921124e+00 8.207529558750821241e-01 0.000000000000000000e+00
-1.974817798625812637e+00 -2.197856222743201027e+00 0.000000000000000000e+00
7.887971399498716174e+00 3.250551317391372930e+00 0.000000000000000000e+00
1.188981323062895790e+01 -1.270842366589517880e+01 0.000000000000000000e+00
1.695664337258930132e+01 3.886123947347031926e+00 0.000000000000000000e+00
1.992264288912602987e+00 5.635728023652934127e+00 0.000000000000000000e+00
1.118555118143403249e+01 -8.593436623440442901e+00 0.000000000000000000e+00
-1.106311469477766707e+01 -1.112172413592288756e+01 0.000000000000000000e+00
-4.262705494467981637e+00 -1.066255269829729890e+01 0.000000000000000000e+00
3.112345228936491015e+00 -1.321381836244298924e+01 0.000000000000000000e+00
7.891508156155671472e+00 -1.148736124238395462e+01 0.000000000000000000e+00
-1.467737230104975232e+01 -6.553393865601748303e+00 0.000000000000000000e+00
7.137048385219819657e+00 8.660395065127675096e+00 0.000000000000000000e+00
-5.422586712901539485e+00 4.078595470630030029e+00 0.000000000000000000e+00
4.356268124281341692e+00 1.156669039121272213e+01 0.000000000000000000e+00
9.062488610741453954e+00 8.303438762294067743e+00 0.000000000000000000e+00
2.883165600438638343e+00 -8.101585707677710246e+00 0.000000000000000000e+00
-1.992532620693562073e+00 2.350014713486437756e+00 0.000000000000000000e+00
7.767981429214711575e+00 -5.915007853124770953e+00 0.000000000000000000e+00
-1.443410491921680183e+01 8.907649702655234591e+00 0.000000000000000000e+00
-1.653981381163620412e+01 -2.904980373056311294e+00 0.000000000000000000e+00
2.851919600330272142e-01 1.272368030887630930e+01 0.000000000000000000e+00
6.571191626994667523e+00 -9.759592223876689676e-01 0.000000000000000000e+00
-2.783927649907743884e+00 1.448596919058765131e+01 0.000000000000000000e+00
-1.361511998711338300e+01 3.249712608561960980e+00 0.000000000000000000e+00
1.427937041227572834e+01 3.199180565221217076e+00 0.000000000000000000e+00
-8.195342095228571822e+00 -1.075754815334267889e+01 0.000000000000000000e+00
8.935064225049117681e+00 1.318751259691687494e+01 0.000000000000000000e+00
9.160117919068527570e+00 -4.551971269017063837e-01 0.000000000000000000e+00
1.301306251389467228e+01 8.889106725389027019e+00 0.000000000000000000e+00
-1.112413501155671014e+01 -2.428983418529229610e+00 0.000000000000000000e+00
-1.053807098776172424e+01 1.041392620532861191e+00 0.000000000000000000e+00
-8.647162855407861670e+00 1.048157328178960590e+01 0.000000000000000000e+00
1.481558953167490245e+01 -3.061330834050731919e+00 0.000000000000000000e+00
-2.478881250820626825e+00 -7.692627522388906236e+00 0.000000000000000000e+00
3.230451441883506192e+00 1.673858098683805551e+01 0.000000000000000000e+00
-1.302967436457979034e+01 4.753254816003227745e+00 0.000000000000000000e+00
-2.416887158134088498e+00 -3.645761761724447769e+00 0.000000000000000000e+00
-6.358448066211098926e+00 -1.652929571699859101e+00 0.000000000000000000e+00
5.262789598031362814e+00 -6.824185339262113459e+00 0.000000000000000000e+00
-3.363492138153298949e+00 8.089099806654939107e-01 0.000000000000000000e+00
-1.285877253494015449e+01 1.166257205123594254e+01 0.000000000000000000e+00
6.003963196876107133e+00 1.571879964843445343e+01 0.000000000000000000e+00
9.403904673106453060e+00 6.263296405442076775e+00 0.000000000000000000e+00
4.580836453626749183e+00 7.804895061850555926e+00 0.000000000000000000e+00
5.842717090799832924e+00 -8.981099823853021746e+00 0.000000000000000000e+00
1.284515653464715079e+01 -9.832423149531889450e+00 0.000000000000000000e+00
-5.960365749383960132e-01 1.731498767376317360e+01 0.000000000000000000e+00
1.052581927810419771e+01 -4.350960110727071672e+00 0.000000000000000000e+00
2.774988791584085401e+00 -1.481293974874384567e+01 0.000000000000000000e+00
-7.491103791040835347e+00 1.567147683930708268e+01 0.000000000000000000e+00
-4.865942768526343443e-01 -1.231441927824150362e+01 0.000000000000000000e+00
-7.259153843222690305e+00 9.584040809595496313e+00 0.000000000000000000e+00
6.662801443033855575e-01 3.311321332034621090e+00 0.000000000000000000e+00
-1.694760032411962047e+00 -3.557524361632921628e-01 0.000000000000000000e+00
8.603656456132229291e-01 7.870647016651365568e+00 0.000000000000000000e+00
1.296264064458167553e+01 5.803644254775744749e+00 0.000000000000000000e+00
1.504401398408622637e+00 1.500310695686926010e+01 0.000000000000000000e+00
-1.009392323838948613e+01 -8.474339467001408721e+00 0.000000000000000000e+00
8.526781673722272359e+00 4.645263889135507362e+00 0.000000000000000000e+00
-1.792578091607218260e+00 1.186189738349730405e+01 0.000000000000000000e+00
-1.027749757304818168e+01 -4.844669374296908249e-01 0.000000000000000000e+00
1.583067897084432074e+00 -1.177777469660333765e+01 0.000000000000000000e+00
-1.030020925883581207e+01 4.471456876235793132e+00 0.000000000000000000e+00
7.733077547782762906e+00 6.578998374184372722e-01 0.000000000000000000e+00
-1.431073997232074957e+00 7.416964513015506633e+00 0.000000000000000000e+00
-1.182204240267899209e+01 -3.823177773357779419e+00 0.000000000000000000e+00
1.163161421096062753e+01 -5.860047217843321832e+00 0.000000000000000000e+00
-9.291913808649873374e+00 8.512849340454309299e+00 0.000000000000000000e+00
-1.275642000844495882e+01 8.761964999903391060e+00 0.000000000000000000e+00
-1.575903142837159798e+01 5.532517056620651630e+00 0.000000000000000000e+00
1.078235903241877125e+01 1.780301224624823986e+00 0.000000000000000000e+00
1.060720651578054285e+00 -3.040961596148801682e+00 0.000000000000000000e+00
3.552963389161456931e+00 3.842096780985541304e+00 0.000000000000000000e+00
4.778804970470661218e+00 -1.316254548669022562e+01 0.000000000000000000e+00
5.567028374859350315e+00 -2.232649377945251867e+00 0.000000000000000000e+00
1.905395539722247067e+00 1.340887158220656339e+01 0.000000000000000000e+00
1.049318636487374112e+00 -1.337987558694046264e+01 0.000000000000000000e+00
-1.237710737102540115e+01 2.401571250680095471e+00 0.000000000000000000e+00
4.111409469493172431e+00 9.806164795635861964e+00 0.000000000000000000e+00
-7.511880805894912250e+00 1.310693542261265776e+01 0.000000000000000000e+00
-9.467643656746647096e+00 2.605984376638408762e+00 0.000000000000000000e+00
-1.435924648777409018e+01 -8.977117439244524988e+00 0.000000000000000000e+00
-3.492222765134403328e+00 1.125485861260655263e+01 0.000000000000000000e+00
-1.295054807448603285e+01 -7.933982486852452887e+00 0.000000000000000000e+00
-1.505228902668355317e+01 -2.680549052180093206e+00 0.000000000000000000e+00
8.051774609252088766e+00 1.539388461073567349e+01 0.000000000000000000e+00
9.523172241247811698e+00 -1.462145446437632756e+01 0.000000000000000000e+00
-7.856963686647209677e+00 -7.230268788545777703e+00 0.000000000000000000e+00
-3.061884985300370232e+00 -9.627073575088111568e+00 0.000000000000000000e+00
3.334646653663657201e+00 1.270860339491791180e+01 0.000000000000000000e+00
-5.855517420445710997e+00 -6.784287919370322051e+00 0.000000000000000000e+00
-2.673820607589322496e+00 -1.157198113388227156e+01 0.000000000000000000e+00
6.770531340014578348e+00 -7.286739869064662756e+00 0.000000000000000000e+00
-1.719627985225776001e+01 1.090658480293343890e+00 0.000000000000000000e+00
1.274487238975854275e+01 3.614004443412162537e+00 0.000000000000000000e+00
1.527107799787338127e+00 -9.237278107811162542e+00 0.000000000000000000e+00
1.448378740324985792e+01 -8.566434604695354338e+00 0.000000000000000000e+00
1.580988567464873817e+01 2.769125372225700321e-01 0.000000000000000000e+00
-6.697184418136809647e+00 -9.814657769498161599e+00 0.000000000000000000e+00
-5.245724241987812952e+00 -2.732829074815971371e+00 0.000000000000000000e+00
-7.064746666953158005e+00 -1.218884832660128126e+01 0.000000000000000000e+00
-6.730580092160098893e+00 -1.429872154318162103e+01 0.000000000000000000e+00
1.227791841048785848e+01 -4.154710822640145906e+00 0.000000000000000000e+00
-9.779072787030958835e+00 -6.519196706771213989e+00 0.000000000000000000e+00
-2.888129649387906728e+00 -1.324099068289349113e+01 0.000000000000000000e+00
-9.865977159063413993e+00 1.146285190238404361e+01 0.000000000000000000e+00
-5.193725219392512749e+00 1.387081877219710258e+01 0.000000000000000000e+00
5.125075537545765947e+00 -4.423408252453817635e-01 0.000000000000000000e+00
-8.638072604039029656e+00 4.351142037304653876e+00 0.000000000000000000e+00
-1.447508194722061381e+00 1.376222122649913437e+01 0.000000000000000000e+00
-1.125027650828319814e+01 8.607311453602967788e+00 0.000000000000000000e+00
1.067906578407496276e+01 -7.119328228781975021e+00 0.000000000000000000e+00
-1.035983500673035795e+00 -7.229236690543167754e+00 0.000000000000000000e+00
-7.363581240780477266e+00 1.130537501554912971e+01 0.000000000000000000e+00
1.409680768711173648e+01 1.035463418777023215e+01 0.000000000000000000e+00
3.894562247644400177e+00 1.445728283699424388e+01 0.000000000000000000e+00
-1.563240882456247327e+01 -7.800099654546344574e+00 0.000000000000000000e+00
-1.688791138086578414e+01 -4.548353939981311989e+00 0.000000000000000000e+00
6.015233516213307041e+00 -1.412793648011325587e+01 0.000000000000000000e+00
-9.454071683793143777e+00 -1.188379195648322728e+01 0.000000000000000000e+00
-3.900484525985748352e+00 3.430549530646248346e+00 0.000000000000000000e+00
1.098537215533343314e+01 8.858380738564193280e+00 0.000000000000000000e+00
7.689851832947828925e+00 7.214300658673572286e+00 0.000000000000000000e+00
-6.790592296781209569e+00 5.420005180350179863e+00 0.000000000000000000e+00
1.036210635565015536e+01 1.214675996768983524e+01 0.000000000000000000e+00
6.550968414476897372e+00 -1.568330137144219627e+01 0.000000000000000000e+00
1.312227727984903858e+01 -1.151276666191350451e+01 0.000000000000000000e+00
1.318307460646007634e+01 1.644569515144758132e+00 0.000000000000000000e+00
4.077385435917276979e+00 -3.498901260894659249e+00 0.000000000000000000e+00
5.058385236029652177e+00 6.110729755643649064e+00 0.000000000000000000e+00
-8.331038286942073157e+00 -1.529905864225936085e+01 0.000000000000000000e+00
6.309811612170530104e+00 -5.489109244327483594e+00 0.000000000000000000e+00
