-2.565022162919668946e+06 5.085478294196242467e+06 -2.861085076801832765e+06
-2.564923137370584998e+06 5.085639005931633525e+06 -2.860889500891207717e+06
-2.565002570675787516e+06 5.085532078045164235e+06 -2.861007563511075918e+06
-2.564838830679957289e+06 5.085616690156897530e+06 -2.861003980158838909e+06
-2.564981338377644774e+06 5.085574190430249088e+06 -2.860952115723855793e+06
-2.564969725526285823e+06 5.085657271527064033e+06 -2.860815758282291703e+06
-2.564951272058525588e+06 5.085615630473736674e+06 -2.860905720429095440e+06
-2.564939933343312703e+06 5.085571253965280950e+06 -2.860994173083791975e+06
-2.565052926060934551e+06 5.085562864210345782e+06 -2.860908360816797242e+06
-2.564845504201874603e+06 5.085661924068703316e+06 -2.860918167965758126e+06
-2.564885759354607668e+06 5.085642369714929722e+06 -2.860916847773120273e+06
-2.565105850198031403e+06 5.085568427187032998e+06 -2.860851403746232856e+06
-2.564933635945484973e+06 5.085546978509640321e+06 -2.861042642583943438e+06
-2.564969005246137735e+06 5.085541316654945724e+06 -2.861021142519845627e+06
-2.564921293407518882e+06 5.085606717581920326e+06 -2.860948155157292727e+06
-2.564791285388457589e+06 5.085667264793752693e+06 -2.860957019280548207e+06
-2.565001229090425186e+06 5.085600153966092505e+06 -2.860888557894108351e+06
-2.565089976343137212e+06 5.085547060585573316e+06 -2.860903268639967311e+06
-2.564907322587614413e+06 5.085584069585445337e+06 -2.861000585403047968e+06
-2.564989966014314443e+06 5.085554244106090628e+06 -2.860979651053301990e+06
-2.565087418215981219e+06 5.085523463348310441e+06 -2.860947212165051140e+06
-2.565095396834978368e+06 5.085487073903878219e+06 -2.861004357353864238e+06
-2.564997657320901752e+06 5.085512231548603624e+06 -2.861046980311251245e+06
-2.564940592755557504e+06 5.085655088962897658e+06 -2.860845557143395301e+06
-2.565065463684972376e+06 5.085594458439514041e+06 -2.860841407939560246e+06
-2.564911843266158830e+06 5.085682298755908385e+06 -2.860823113704623189e+06
-2.564985376662658993e+06 5.085625986663470976e+06 -2.860857061746120919e+06
-2.564944055881912354e+06 5.085507007339834236e+06 -2.861103936403461732e+06
-2.564890847587360069e+06 5.085561509039058350e+06 -2.861055089970915578e+06
-2.565031835166749544e+06 5.085600204770584591e+06 -2.860861210944251157e+06
-2.565026631308825687e+06 5.085509047175599262e+06 -2.861026800435386132e+06
-2.565044107890086714e+06 5.085622853275299072e+06 -2.860810288862606045e+06
-2.564870531082331203e+06 5.085549858071450144e+06 -2.861093752222462092e+06
-2.565124674332340248e+06 5.085528277424694039e+06 -2.860905531829950865e+06
-2.564872006106509361e+06 5.085591520243769512e+06 -2.861018879352841992e+06
-2.564815722888124641e+06 5.085599504122076556e+06 -2.861054901374245528e+06
-2.565018068113260902e+06 5.085554383336183615e+06 -2.860954378904129844e+06
-2.564855770857663359e+06 5.085631752381402068e+06 -2.860962300031547435e+06
-2.564978581775526050e+06 5.085487884481583722e+06 -2.861106953936823178e+06
-2.564802860517716035e+06 5.085686848200178705e+06 -2.860912132798166480e+06
-2.564889045935495291e+06 5.085623622311165556e+06 -2.860947023566593416e+06
-2.565125499051664025e+06 5.085509703114569187e+06 -2.860937593639723491e+06
-2.564777391062484123e+06 5.085643082674147561e+06 -2.861012089849131647e+06
-2.565007451867141761e+06 5.085575439410760067e+06 -2.860926654914770741e+06
-2.564861703643327113e+06 5.085535723734340630e+06 -2.861126567884177435e+06
-2.564832141893263906e+06 5.085692695199281909e+06 -2.860875733125801664e+06
-2.565059144118553493e+06 5.085472459671829827e+06 -2.861062445238640066e+06
-2.564805803705126978e+06 5.085645523278072476e+06 -2.860982480021732394e+06
-2.565003040385371074e+06 5.085655956023870036e+06 -2.860788411157593131e+06
-2.565091622717417311e+06 5.085466118621923961e+06 -2.861044717149383388e+06
-2.565011533072004095e+06 5.085627320413422771e+06 -2.860831412124113180e+06
-2.564907343597629573e+06 5.085536953059562482e+06 -2.861083756628548261e+06
-2.564875707295203116e+06 5.085672966919599101e+06 -2.860871772532670293e+06
-2.565052568462739233e+06 5.085545313618027605e+06 -2.860939668224304914e+06
-2.565128087421153206e+06 5.085487889051625505e+06 -2.860973804516316392e+06
-2.564804762703374494e+06 5.085619878941200674e+06 -2.861028686406608205e+06
-2.564964458480744157e+06 5.085518828382798471e+06 -2.861064896993492264e+06
-2.564848263908226974e+06 5.085574760934115387e+06 -2.861069611905185040e+06
-2.564956418220634572e+06 5.085595517836403102e+06 -2.860936650646607392e+06
-2.565056074872317724e+06 5.085513530115535483e+06 -2.860992664302264806e+06
-2.564810562343121972e+06 5.085580850268797949e+06 -2.861092432050183881e+06
-2.564833526736625470e+06 5.085559014069279656e+06 -2.861110537256650627e+06
-2.564880671406663023e+06 5.085607017420703545e+06 -2.860983800206760410e+06
-2.564876437263355590e+06 5.085696310195801780e+06 -2.860829903321019374e+06
-2.564944362012192607e+06 5.085682773671872914e+06 -2.860793314784785267e+06
-2.564907312263926025e+06 5.085509943712947890e+06 -2.861131471365736332e+06
-2.564825918221677188e+06 5.085651721313212998e+06 -2.860953624510754831e+06
-2.565076837724613491e+06 5.085608588123284280e+06 -2.860806328246710356e+06
-2.565073447265226394e+06 5.085573235188414343e+06 -2.860871772532670293e+06
-2.564954519668257795e+06 5.085633859285638668e+06 -2.860870640934380237e+06
-2.565064080665673595e+06 5.085488983324045315e+06 -2.861028875003714114e+06
-2.565125762172564864e+06 5.085547275380978361e+06 -2.860871018133822363e+06
-2.564948481066083536e+06 5.085487150188265368e+06 -2.861135054677847773e+06
-2.564782960108231287e+06 5.085615386320092715e+06 -2.861056032954223454e+06
-2.565028007006521337e+06 5.085533668679839931e+06 -2.860982102825982962e+06
-2.565093667763308622e+06 5.085431438988175243e+06 -2.861104124999319669e+06
-2.565090934148282278e+06 5.085414230928994715e+06 -2.861136940631137695e+06
-2.564833524585673586e+06 5.085762810426531360e+06 -2.860750690877824090e+06
-2.565030517398067284e+06 5.085440966034319252e+06 -2.861143541465191171e+06
-2.564722821220313199e+06 5.085748787930564955e+06 -2.860874035728914198e+06
-2.564965128793345764e+06 5.085430897271697409e+06 -2.861219545078706928e+06
-2.564792121682741679e+06 5.085556075414457358e+06 -2.861152594031384215e+06
-2.565233210166234057e+06 5.085512731129853986e+06 -2.860836315732787363e+06
-2.564768618945666123e+06 5.085580212598771788e+06 -2.861130905579510145e+06
-2.565167333038594574e+06 5.085564011224773712e+06 -2.860804442238658201e+06
-2.564829167774197645e+06 5.085525107516678981e+06 -2.861174282441941090e+06
-2.564731777715716045e+06 5.085653695642766543e+06 -2.861033967124368530e+06
-2.564952307523058262e+06 5.085459369507002644e+06 -2.861180694659757428e+06
-2.564865016826835461e+06 5.085732616433625109e+06 -2.860775963479082566e+06
-2.564706278082692996e+06 5.085736196152676828e+06 -2.860911001203886233e+06
-2.564758493248461746e+06 5.085561819025719538e+06 -2.861172396494837478e+06
-2.564718359114930965e+06 5.085711305253042839e+06 -2.860944194589352701e+06
-2.564904812506408896e+06 5.085750888961086981e+06 -2.860708255413730629e+06
-2.565177446382780559e+06 5.085407232878756709e+06 -2.861072252254880033e+06
-2.564763011291195638e+06 5.085710576199351810e+06 -2.860905720429095440e+06
-2.564757374406868592e+06 5.085763404774535447e+06 -2.860817455687867012e+06
-2.565082695138812531e+06 5.085630306351385079e+06 -2.860762761380944401e+06
-2.565199338365406729e+06 5.085484314402504824e+06 -2.860916659174160101e+06
-2.565007170864126645e+06 5.085426677044160664e+06 -2.861189558601968456e+06
-2.565021170522279106e+06 5.085461169492309913e+06 -2.861116195127766579e+06
-2.564953217996383552e+06 5.085723912972114980e+06 -2.860712781870767474e+06
-2.564906398919679224e+06 5.085716979637614451e+06 -2.860766722011993174e+06
-2.565149624333992600e+06 5.085432910089019686e+06 -2.861051695230363868e+06
-2.565152204872724134e+06 5.085604752387664281e+06 -2.860745975834066980e+06
-2.564962097935407422e+06 5.085696044247155078e+06 -2.860754085708119441e+06
-2.564786721791595686e+06 5.085766014009952545e+06 -2.860786713747688103e+06
-2.565189149324962869e+06 5.085512952835327014e+06 -2.860875167326867580e+06
-2.564752566139203031e+06 5.085666283529764973e+06 -2.860993230095360428e+06
-2.565128595898591913e+06 5.085625311879552901e+06 -2.860730699078884907e+06
-2.565054963400039356e+06 5.085664586667579599e+06 -2.860726927037413698e+06
-2.564762759609891567e+06 5.085609017362235114e+06 -2.861085265398003627e+06
-2.564913074544592761e+06 5.085479264069822617e+06 -2.861180506065167487e+06
-2.564802023472836241e+06 5.085521812833237462e+06 -2.861204268958916888e+06
-2.564787551717769355e+06 5.085740709769018926e+06 -2.860830657722591422e+06
-2.564683425780296326e+06 5.085660562073840760e+06 -2.861064896993492264e+06
-2.564836099214139394e+06 5.085708963620609604e+06 -2.860843482541666832e+06
-2.565060089937735349e+06 5.085445705009182915e+06 -2.861108839894767851e+06
-2.564996413533027284e+06 5.085713555325138383e+06 -2.860692601402604021e+06
-2.565183161894368008e+06 5.085541500914306380e+06 -2.860830091921416577e+06
-2.565129195155336522e+06 5.085459771583985537e+06 -2.861022462700389791e+06
-2.564769330337311141e+06 5.085731528153337538e+06 -2.860863096942902077e+06
-2.565018695293007419e+06 5.085683626671799459e+06 -2.860725606822603848e+06
-2.565140661219893023e+06 5.085561656610048376e+06 -2.860832355125945527e+06
-2.565202080947212409e+06 5.085452702255268581e+06 -2.860970032555378042e+06
-2.564733418270227034e+06 5.085592944463822991e+06 -2.861139769560486078e+06
-2.565141198142463341e+06 5.085407784830445424e+06 -2.861103559211735148e+06
-2.564697451320071705e+06 5.085612578373430297e+06 -2.861137129226448946e+06
-2.564727971505557187e+06 5.085612461695209146e+06 -2.861110160065142903e+06
-2.564695734322887845e+06 5.085674863202896900e+06 -2.861028686406608205e+06
-2.564862249201268889e+06 5.085491331675725989e+06 -2.861204457553113811e+06
-2.565167637171571143e+06 5.085507354568492621e+06 -2.860904211635848042e+06
-2.565059714019966777e+06 5.085418014229021966e+06 -2.861158063286638353e+06
-2.565204089700486511e+06 5.085556045070981607e+06 -2.860785770742075983e+06
-2.565091442856295034e+06 5.085652702497048303e+06 -2.860715422303208616e+06
-2.564696563416536897e+06 5.085693350946021266e+06 -2.860995304669805337e+06
-2.565212110218142159e+06 5.085418695728805847e+06 -2.861021142519845627e+06
-2.564831064197014552e+06 5.085741088261487894e+06 -2.860791240173537750e+06
-2.565040084775512107e+06 5.085697403543677181e+06 -2.860682228250846732e+06
-2.564884754519026261e+06 5.085739750917578116e+06 -2.860745787232276518e+06
-2.564734261536089703e+06 5.085628302876142785e+06 -2.861076589970907196e+06
-2.565123470819602720e+06 5.085396216915914789e+06 -2.861139769560486078e+06
-2.564887940427410882e+06 5.085500165870170109e+06 -2.861165984272347298e+06
-2.565052497898723930e+06 5.085403707742213272e+06 -2.861189747196407989e+06
-2.565224257597895805e+06 5.085462985851786099e+06 -2.860932124278561678e+06
-2.565122747703010682e+06 5.085431832625240088e+06 -2.861077532952433452e+06
-2.565149515371630434e+06 5.085587631245756522e+06 -2.860778603896873537e+06
-2.565178483236964792e+06 5.085474966467040591e+06 -2.860951738527099136e+06
-2.564996033928315621e+06 5.085677433265668340e+06 -2.860756726130983792e+06
-2.565179833852761891e+06 5.085582058161983266e+06 -2.860761441170289181e+06
-2.565159307617873885e+06 5.085534627554369159e+06 -2.860863474142594263e+06
-2.564682186419236939e+06 5.085732217185093090e+06 -2.860939479625722393e+06
-2.564650375168766826e+06 5.085692717265573330e+06 -2.861037550467167981e+06
-2.565312683809474576e+06 5.085370526320472360e+06 -2.861016616185388993e+06
-2.564586833963113837e+06 5.085708203750932589e+06 -2.861066782958403230e+06
-2.565091026449610014e+06 5.085712508594631217e+06 -2.860610181736101396e+06
-2.564956265534319449e+06 5.085396483325833455e+06 -2.861288193067689892e+06
-2.564733031665948685e+06 5.085519753550285473e+06 -2.861269333771298174e+06
-2.564845121807483956e+06 5.085459056455306709e+06 -2.861276688900607172e+06
-2.565271349156263284e+06 5.085350892412798479e+06 -2.861088094340192154e+06
-2.564609660686487332e+06 5.085662511916726828e+06 -2.861127133670618758e+06
-2.565000349717243109e+06 5.085770203932040371e+06 -2.860589058064215351e+06
-2.564770041989312042e+06 5.085788523847341537e+06 -2.860761818373349495e+06
-2.565193104391399305e+06 5.085349021408410743e+06 -2.861161080805653241e+06
-2.565072719190630596e+06 5.085356226208317094e+06 -2.861255566465203185e+06
-2.565326502314438578e+06 5.085402971475555561e+06 -2.860947023566593416e+06
-2.565108092080186121e+06 5.085690764542805031e+06 -2.860633380009190645e+06
-2.565025987649837974e+06 5.085399987469144166e+06 -2.861219922266589943e+06
-2.564677487530294340e+06 5.085778484910796396e+06 -2.860861965343748685e+06
-2.565221947011705954e+06 5.085380940109366551e+06 -2.861079041722713504e+06
-2.564674467286372557e+06 5.085799446632862091e+06 -2.860827640116003808e+06
-2.565044920394562185e+06 5.085378580344936810e+06 -2.861240856174539309e+06
-2.565007143489273731e+06 5.085386204357954673e+06 -2.861261035670987796e+06
-2.564877853907914832e+06 5.085409431754929945e+06 -2.861335152579951566e+06
-2.565143363646357320e+06 5.085364924893641844e+06 -2.861177299956657924e+06
-2.564872103263331577e+06 5.085805619942520745e+06 -2.860640735549326520e+06
-2.564717536893972196e+06 5.085804001150784083e+06 -2.860781244314051233e+06
-2.564789993123332970e+06 5.085482800837996416e+06 -2.861283855432286393e+06
-2.564661751742548775e+06 5.085722014572426677e+06 -2.860975690496317577e+06
-2.565031544915576000e+06 5.085732683322543278e+06 -2.860627533294409979e+06
-2.565270144147449639e+06 5.085491644057405181e+06 -2.860840653538701124e+06
-2.565259990431536455e+06 5.085461410733389668e+06 -2.860903080040781293e+06
-2.564710297003317624e+06 5.085777853625282645e+06 -2.860833863928714301e+06
-2.565229937750224024e+06 5.085620762207467109e+06 -2.860648468291526660e+06
-2.564692628596777562e+06 5.085535642883998342e+06 -2.861277254679588601e+06
-2.564677789206138812e+06 5.085603907656773925e+06 -2.861169944763135165e+06
-2.564673028729866724e+06 5.085756167716027237e+06 -2.860905343230802566e+06
-2.565241973705839366e+06 5.085393697542515583e+06 -2.861038682048870251e+06
-2.565290024014252238e+06 5.085414856937730685e+06 -2.860958528066798113e+06
-2.565302516815818846e+06 5.085481722936929204e+06 -2.860829337519807741e+06
-2.565326395840108860e+06 5.085428020115300082e+06 -2.860902891441592481e+06
-2.564923819570574444e+06 5.085429833451089449e+06 -2.861258206771772355e+06
-2.564634210722878575e+06 5.085606763510263525e+06 -2.861203703176308423e+06
-2.564968289935831446e+06 5.085775693193313666e+06 -2.860607918487416115e+06
-2.564702589684267063e+06 5.085562131949487142e+06 -2.861221619611911941e+06
-2.565204630314924754e+06 5.085619429267684929e+06 -2.860673363913675305e+06
-2.565239040491872001e+06 5.085573128078734502e+06 -2.860724475209787488e+06
-2.564896644290496595e+06 5.085450055969349109e+06 -2.861246702574386727e+06
-2.565279308442984708e+06 5.085390246483108960e+06 -2.861011524056973401e+06
-2.564701305766812991e+06 5.085830770015616901e+06 -2.860748427657064516e+06
-2.565163922698331997e+06 5.085446100150253624e+06 -2.861015673198816832e+06
-2.564777620457175653e+06 5.085465005109589547e+06 -2.861326288751102984e+06
-2.564822918540172745e+06 5.085487453251545317e+06 -2.861246325387390796e+06
-2.564589392614330165e+06 5.085768864218801260e+06 -2.860957396477129310e+06
-2.564946931904583238e+06 5.085383030386979692e+06 -2.861320253799852915e+06
-2.564639879234951455e+06 5.085749386473940685e+06 -2.860946834968132898e+06
-2.564968866137133446e+06 5.085409676999924704e+06 -2.861253680531565566e+06
-2.565173047015557997e+06 5.085684809452087618e+06 -2.860586040393603966e+06
-2.565139398296668194e+06 5.085709043832577765e+06 -2.860573215284586884e+06
-2.565167008367915172e+06 5.085661048063666560e+06 -2.860633380009190645e+06
-2.565131777554521803e+06 5.085668671804759651e+06 -2.860651297342238948e+06
-2.565142031309923157e+06 5.085687316857120022e+06 -2.860609238715870772e+06
-2.565198057071309071e+06 5.085656921901027672e+06 -2.860613010796325281e+06
-2.564550641019882169e+06 5.085747603623935953e+06 -2.861029440795009956e+06
-2.564613234704273753e+06 5.085715078194095753e+06 -2.861031138168730307e+06
-2.564570708830937743e+06 5.085760448560751975e+06 -2.860988892347574234e+06
-2.564536152691533789e+06 5.085730663059592247e+06 -2.861072252254880033e+06
-2.564517398632859346e+06 5.085754112427842803e+06 -2.861047546101647895e+06
-2.564593202389617916e+06 5.085737676995587535e+06 -2.861009072290628217e+06
-2.565168414867431391e+06 5.085301759817223065e+06 -2.861266504874144681e+06
-2.565139605889881961e+06 5.085325478911739774e+06 -2.861250285850228742e+06
-2.565152828498815186e+06 5.085343272342376411e+06 -2.861207097871535923e+06
-2.565107342416082043e+06 5.085332245527787134e+06 -2.861267070653631352e+06
-2.565169042018612847e+06 5.085321526973033324e+06 -2.861231049303535838e+06
-2.565106776715952437e+06 5.085351332352372818e+06 -2.861233878209500108e+06
