-5.090358105221744367e+00 1.287993611022592511e+01 0.000000000000000000e+00
1.639044444720091676e+01 4.477906354532545485e+00 0.000000000000000000e+00
1.399164122024498802e+01 -5.647958921430841883e+00 0.000000000000000000e+00
-8.893334829313394252e+00 9.192989839564882359e+00 0.000000000000000000e+00
4.515160730970567471e+00 -1.118067595340885667e+01 0.000000000000000000e+00
-4.362453900062188694e+00 -8.382668756842653224e+00 0.000000000000000000e+00
1.155257231492695436e+00 1.451646383285395103e+01 0.000000000000000000e+00
-5.935892665972113846e+00 1.528008311870511804e+01 0.000000000000000000e+00
-1.230042663099118749e-01 7.532560445342785904e+00 0.000000000000000000e+00
1.306046186115033514e+01 8.271417708362495347e+00 0.000000000000000000e+00
-1.599193440843473191e+01 -4.496344526715957968e-01 0.000000000000000000e+00
-2.690444167166337053e+00 -4.421320025479429816e+00 0.000000000000000000e+00
5.103793682709406809e+00 1.569717547578847672e+01 0.000000000000000000e+00
-1.684664654318405841e+00 -1.644664735403929612e+01 0.000000000000000000e+00
1.514233893992586211e+01 6.155558570697815313e+00 0.000000000000000000e+00
1.013746195097903602e+01 -1.262858695305858348e+01 0.000000000000000000e+00
-7.827420780253054211e+00 -1.110996998970430738e+01 0.000000000000000000e+00
-6.800703048464121103e+00 1.294643000189273252e+01 0.000000000000000000e+00
-1.672097338383290888e+00 1.388504358865219324e+01 0.000000000000000000e+00
-7.860624951141177874e+00 -1.368538595689169668e+01 0.000000000000000000e+00
-3.687617087063696175e+00 9.034420554798044734e+00 0.000000000000000000e+00
1.634054885980119209e+01 -5.240718596646227745e+00 0.000000000000000000e+00
1.858494119137239275e+00 1.601476367607273232e+01 0.000000000000000000e+00
-1.353278659889531532e+01 1.028975317209523688e+01 0.000000000000000000e+00
-1.052067369838452926e+01 5.313740069789821163e+00 0.000000000000000000e+00
-6.119155690783721901e+00 -1.951840009055375025e-01 0.000000000000000000e+00
1.637783948755191954e+00 -1.584479466744073939e+01 0.000000000000000000e+00
1.101858800870227562e+01 -6.732973132187253462e+00 0.000000000000000000e+00
2.193435246064136201e+00 6.015580790597065075e+00 0.000000000000000000e+00
6.407033330284122030e+00 5.198552292690216348e+00 0.000000000000000000e+00
-7.491279669831524046e+00 -2.320128851441895623e+00 0.000000000000000000e+00
-7.223061767051824233e+00 -7.041831290312682512e+00 0.000000000000000000e+00
2.849269021834189619e+00 -1.312851179256225898e+01 0.000000000000000000e+00
-3.533357192375336631e+00 1.456013056903850433e+01 0.000000000000000000e+00
-1.006707575525550880e+01 -6.206506189980528276e+00 0.000000000000000000e+00
-1.121143618943993303e+01 8.389573861802206878e+00 0.000000000000000000e+00
3.485029690844036576e+00 -7.509366476912862076e+00 0.000000000000000000e+00
-1.354674344820234744e+01 1.633033776835123296e+00 0.000000000000000000e+00
-4.836804730175144063e-02 1.611813114229685340e+01 0.000000000000000000e+00
3.280951554662887570e+00 -3.914500423422116349e+00 0.000000000000000000e+00
2.758414909878105892e+00 2.365046159157452532e+00 0.000000000000000000e+00
-1.418605601671748317e+01 -9.389259561139709831e+00 0.000000000000000000e+00
-1.436364885461500940e+01 -7.306563010830288363e+00 0.000000000000000000e+00
8.891300601974861939e-01 -2.053003994073334226e+00 0.000000000000000000e+00
-1.465925687330329907e+01 -4.894727935985561551e+00 0.000000000000000000e+00
3.839371311819423926e+00 -2.451594055784438897e+00 0.000000000000000000e+00
7.593688385251120998e+00 -1.402259377161802867e+01 0.000000000000000000e+00
-5.935428361281809728e+00 4.887516198407225509e+00 0.000000000000000000e+00
1.098434232338443728e+00 1.034695948511681962e+01 0.000000000000000000e+00
-8.934446050449636800e+00 -9.278125371351640283e+00 0.000000000000000000e+00
-1.134711301662258087e+01 -1.125782411405612216e+01 0.000000000000000000e+00
7.673382690334194400e+00 1.529004123288505390e+01 0.000000000000000000e+00
-3.792617019338380135e+00 -1.296307680559490549e+01 0.000000000000000000e+00
1.332047650829485441e+01 -1.035744112170537828e-01 0.000000000000000000e+00
8.518739481007793657e+00 1.071703837211415866e+01 0.000000000000000000e+00
-8.291293509572845721e+00 -5.396849467667784950e+00 0.000000000000000000e+00
8.063591404646514027e-01 -1.220233399379974948e+01 0.000000000000000000e+00
1.700642043704479178e+01 1.237698133975051018e+00 0.000000000000000000e+00
-1.468424161930159499e+01 8.151824331268191060e+00 0.000000000000000000e+00
-5.571936192537484622e+00 -1.613101137811516139e+01 0.000000000000000000e+00
1.561763161831047064e+01 5.660399198132721743e-01 0.000000000000000000e+00
-9.443844125482474539e-01 -1.062494352349471072e+01 0.000000000000000000e+00
4.854605054530346742e+00 -6.217024304784488642e+00 0.000000000000000000e+00
2.995340309190533290e+00 -1.015722241603259413e+01 0.000000000000000000e+00
-1.108199642644569494e+01 -2.845287941345863381e+00 0.000000000000000000e+00
-3.676476107503223290e+00 -2.045051774472633976e+00 0.000000000000000000e+00
-5.708114055163380662e+00 1.036075328380795924e+01 0.000000000000000000e+00
5.782768429698642798e+00 1.357122869171194068e+00 0.000000000000000000e+00
-1.505446072489904807e+00 -9.055158602675069446e+00 0.000000000000000000e+00
-7.933641703214301621e+00 -1.527533974299470820e+01 0.000000000000000000e+00
7.804714926471010727e+00 1.896832102942094700e+00 0.000000000000000000e+00
7.418048489459978079e+00 8.491844248315583599e+00 0.000000000000000000e+00
7.242586476079481805e+00 1.321916638391799026e+01 0.000000000000000000e+00
3.089000298453105309e+00 1.507072653433834653e+01 0.000000000000000000e+00
-2.474815200959130657e-01 1.330369557743050457e+01 0.000000000000000000e+00
4.136142499827317742e+00 4.902156395938321864e+00 0.000000000000000000e+00
4.592200030393767562e+00 2.445228735346194338e+00 0.000000000000000000e+00
-9.600894894534652835e+00 -1.183837930930269167e+01 0.000000000000000000e+00
-1.205699872863702105e+01 2.257832448458811925e+00 0.000000000000000000e+00
-1.597953768277955788e+01 2.798450229280195600e+00 0.000000000000000000e+00
-2.390255318558810682e+00 5.678649088913597431e+00 0.000000000000000000e+00
-6.918910123872195506e+00 3.214396496552195170e+00 0.000000000000000000e+00
1.241743572752023539e+01 2.220151463733542219e+00 0.000000000000000000e+00
-1.044035948298968641e+01 2.117010606816347007e+00 0.000000000000000000e+00
1.043633839585941026e+01 -1.217369868535949223e-01 0.000000000000000000e+00
4.497283438522578614e+00 1.047371001748108910e+01 0.000000000000000000e+00
7.598703795032987429e+00 -1.167964824051819583e+01 0.000000000000000000e+00
9.861585920129689598e+00 2.746189706661294139e+00 0.000000000000000000e+00
-1.443629960356103803e+00 3.818201427043564689e+00 0.000000000000000000e+00
-5.751662878505694465e+00 -4.736524558946626051e+00 0.000000000000000000e+00
2.258605913287291267e-01 -5.404445867975886664e+00 0.000000000000000000e+00
-3.466730206050915086e+00 3.450716390800019351e+00 0.000000000000000000e+00
-1.631137687118291524e+01 4.711110558235562351e+00 0.000000000000000000e+00
-1.842656471079598290e+00 7.554176170091193576e-01 0.000000000000000000e+00
1.046767927595235825e+01 7.131737090039559135e+00 0.000000000000000000e+00
-1.088375947751247352e+01 1.249291147619973685e+01 0.000000000000000000e+00
6.429563928468317036e-01 2.023983669625895931e+00 0.000000000000000000e+00
-3.400467573283513012e+00 1.675173356892368304e+01 0.000000000000000000e+00
1.017157456775820457e+01 -3.247460980204049275e+00 0.000000000000000000e+00
-8.635097825005267680e+00 6.912621067078200454e+00 0.000000000000000000e+00
6.648311414443790479e-01 -7.257330291254349142e-02 0.000000000000000000e+00
1.424237619518368447e+01 -8.738396126284539989e+00 0.000000000000000000e+00
4.177435947580480757e+00 -8.202638537953801379e-01 0.000000000000000000e+00
-1.269953825019734239e+01 8.703743242069498010e+00 0.000000000000000000e+00
1.573202997728032138e+01 -1.430817078478193505e+00 0.000000000000000000e+00
-5.859661974987655064e+00 -2.330820086268067026e+00 0.000000000000000000e+00
-1.316047691985687607e+01 -5.128543949875314034e+00 0.000000000000000000e+00
4.658004572682310496e+00 8.895429312845269720e+00 0.000000000000000000e+00
8.505388286450413560e+00 -5.453513895872157846e+00 0.000000000000000000e+00
1.200277619882285585e+01 -9.741070939002851148e+00 0.000000000000000000e+00
-4.197295762557175181e+00 -6.646992486223001428e+00 0.000000000000000000e+00
-1.450950333718482099e+01 -7.446845812252720354e-01 0.000000000000000000e+00
8.928796140734647224e+00 1.296093251763953980e+01 0.000000000000000000e+00
2.325419389305466655e+00 1.130276195409145501e+01 0.000000000000000000e+00
-1.639288335433170474e+01 -2.056656388387517520e+00 0.000000000000000000e+00
1.230278541876300835e+01 -1.287953065961236598e+00 0.000000000000000000e+00
-2.334100632222937843e+00 -1.138510029471573048e+01 0.000000000000000000e+00
-6.147738870183364845e+00 -9.196322583943915774e+00 0.000000000000000000e+00
8.599679930233241620e+00 -7.185887786032919777e+00 0.000000000000000000e+00
-3.896141245724100255e+00 7.253090863609273242e+00 0.000000000000000000e+00
-3.158302662867766397e+00 1.307830368195438098e+01 0.000000000000000000e+00
1.293420690648944671e+01 -1.169420385457159028e+01 0.000000000000000000e+00
-3.716080696411788065e+00 -1.650063412524462336e+01 0.000000000000000000e+00
4.476696060110537445e+00 1.317841767880394599e+01 0.000000000000000000e+00
4.644847534698324232e+00 -9.073810828345031609e+00 0.000000000000000000e+00
2.997464750840310721e+00 1.276645351390013339e+01 0.000000000000000000e+00
1.843054608934908023e+00 -5.531901455104343057e+00 0.000000000000000000e+00
-1.029289450936377115e+01 -1.621279688803202723e-01 0.000000000000000000e+00
-1.680286624306472687e+00 1.605551304429450354e+01 0.000000000000000000e+00
-7.174155266759852267e+00 1.096392117211672890e+01 0.000000000000000000e+00
1.157766890799870296e+01 1.141293402502207854e+01 0.000000000000000000e+00
1.149013636443357633e+01 -1.123181181801727746e+01 0.000000000000000000e+00
1.430463348841612614e+01 4.508428838323935928e+00 0.000000000000000000e+00
-1.185163201918031284e+01 2.437400498901293178e-02 0.000000000000000000e+00
-9.639522318121350963e+00 1.453289668572211291e+01 0.000000000000000000e+00
7.385675126128401935e+00 -3.718030075317812599e+00 0.000000000000000000e+00
-8.530778695954166935e+00 -3.853222785321659849e+00 0.000000000000000000e+00
1.647089108260771484e+00 -3.575029214911924935e+00 0.000000000000000000e+00
-1.161066019700748342e+01 1.062348894543427846e+01 0.000000000000000000e+00
8.672324342130785624e+00 4.563001136502080612e+00 0.000000000000000000e+00
1.332042281877411583e+01 1.036867071288722286e+01 0.000000000000000000e+00
1.515441752464590897e+00 -8.621645829312905462e+00 0.000000000000000000e+00
-7.673210342653842275e+00 1.544423185287500999e+01 0.000000000000000000e+00
-1.291552393617128303e+01 -2.834344486330150126e+00 0.000000000000000000e+00
7.556191001695276022e+00 -9.301058136693706402e+00 0.000000000000000000e+00
-6.976081492788339666e+00 6.159394887818955056e+00 0.000000000000000000e+00
1.283822580702873495e+01 5.959216846616388175e+00 0.000000000000000000e+00
1.413669506439565815e+01 -3.597073801836880858e+00 0.000000000000000000e+00
-4.641634173509342709e+00 1.520062145931892150e+00 0.000000000000000000e+00
9.090763930536445159e+00 -9.453565078967894664e+00 0.000000000000000000e+00
-1.539478315984183610e+01 -3.569829510259903582e+00 0.000000000000000000e+00
-9.731314030659173886e-01 8.802627139671436396e+00 0.000000000000000000e+00
-5.733973643930024622e+00 8.482569861880458362e+00 0.000000000000000000e+00
-1.216187829367785866e+01 5.567110748062920500e+00 0.000000000000000000e+00
-7.870869017329609196e-01 -7.411183843540664284e+00 0.000000000000000000e+00
6.160071683848171442e-02 -1.451714328481930139e+01 0.000000000000000000e+00
2.034334134214936363e+00 8.236890277974094898e-01 0.000000000000000000e+00
9.902414379857669147e+00 -1.415330974130169928e+01 0.000000000000000000e+00
6.185848943502164410e+00 7.492837913357498714e+00 0.000000000000000000e+00
-1.214120080073324104e+01 -6.756868498394032585e+00 0.000000000000000000e+00
4.483031640028312559e+00 -1.649647356670033105e+01 0.000000000000000000e+00
-1.248860425564879506e+01 -9.129861573908611305e+00 0.000000000000000000e+00
6.191274136634373093e+00 1.095905923932692083e+01 0.000000000000000000e+00
-1.413841305506118928e+01 5.015358061844337634e+00 0.000000000000000000e+00
-2.959398776584666990e+00 -9.954308372459447440e+00 0.000000000000000000e+00
-1.799081707892008053e+00 1.181055947216721691e+01 0.000000000000000000e+00
-6.351030156512611491e+00 -1.212530967683703764e+01 0.000000000000000000e+00
8.898688409442117475e+00 -3.161153940866693879e-01 0.000000000000000000e+00
7.989797429715328470e+00 5.942160763784571031e+00 0.000000000000000000e+00
1.096835739025696377e+01 8.790248500667402709e+00 0.000000000000000000e+00
-1.114366475221710395e+01 3.833902514590124433e+00 0.000000000000000000e+00
-9.958664739925108478e+00 -7.987842772424085247e+00 0.000000000000000000e+00
-8.440556536030680235e+00 -2.594420456673454667e-01 0.000000000000000000e+00
-1.627217648791506122e+01 -5.881577410858668920e+00 0.000000000000000000e+00
7.405273837207118071e+00 -1.354062426635090466e+00 0.000000000000000000e+00
-2.004302219533542484e+00 -8.705347089666999327e-01 0.000000000000000000e+00
3.619809482273471435e+00 9.640113617342217500e-01 0.000000000000000000e+00
-3.928951725808161211e+00 -5.082584066809626711e-01 0.000000000000000000e+00
-9.829786167945574249e+00 1.101621254508087233e+01 0.000000000000000000e+00
-9.536370538873876868e+00 3.926414011876671051e+00 0.000000000000000000e+00
1.493582511742658347e+01 1.919583879328629061e+00 0.000000000000000000e+00
5.643054229932841892e+00 -1.684226076788438942e+00 0.000000000000000000e+00
-1.720108453007842186e+01 1.306724499723488364e+00 0.000000000000000000e+00
6.500276316407909150e+00 -8.239791935766545283e-02 0.000000000000000000e+00
-1.200872140192065096e+01 -1.265700851821578787e+01 0.000000000000000000e+00
6.692632789168530216e+00 -6.463431017497733855e+00 0.000000000000000000e+00
3.369169584798520578e+00 -1.502937254509184228e+01 0.000000000000000000e+00
1.044238049120033196e+01 1.341554212900890342e+01 0.000000000000000000e+00
6.032257544212258793e+00 -1.630484882556685378e+01 0.000000000000000000e+00
-6.223830196120935909e+00 -1.449894627798129143e+01 0.000000000000000000e+00
-1.107352097232654486e+01 -4.710340938461905935e+00 0.000000000000000000e+00
1.058595235855641725e+01 -8.801753462238201209e+00 0.000000000000000000e+00
-1.497672468336011598e+01 6.580964284506759299e+00 0.000000000000000000e+00
1.089242959302867320e+01 -4.871470091487031695e+00 0.000000000000000000e+00
1.078318410641052694e+01 4.501882299015198541e+00 0.000000000000000000e+00
-6.387502022125781664e-01 -1.301678164842438079e+01 0.000000000000000000e+00
6.023628118237020601e+00 -5.095287725841724402e+00 0.000000000000000000e+00
1.219937579675900530e+01 3.881240696168088977e+00 0.000000000000000000e+00
-7.707454890297124273e+00 8.215537802051777305e+00 0.000000000000000000e+00
5.988267518771102971e+00 3.199022931330356645e+00 0.000000000000000000e+00
-1.141124577329871048e+00 -2.166144305192372332e+00 0.000000000000000000e+00
7.764820965170757816e-01 -7.055691965345638472e+00 0.000000000000000000e+00
-1.442210965359321762e+01 3.502749203049719373e+00 0.000000000000000000e+00
8.971683344979624053e+00 9.157560878388403935e+00 0.000000000000000000e+00
2.300378822374970600e+00 -1.306099788000875561e+00 0.000000000000000000e+00
-7.876582532980199725e-01 1.063783859899628226e+01 0.000000000000000000e+00
1.741742924086911515e+01 -1.260914443675611896e+00 0.000000000000000000e+00
6.190697182755100059e+00 -1.033469028578593019e+01 0.000000000000000000e+00
4.502096014655087686e+00 7.330170686612379249e+00 0.000000000000000000e+00
-8.484180606202691877e+00 1.176839287199466710e+01 0.000000000000000000e+00
3.512565226968847321e-01 5.370151311535502181e+00 0.000000000000000000e+00
3.424675301667316152e+00 1.663121408279537761e+01 0.000000000000000000e+00
1.070531066338227433e+01 1.389761817828626844e+00 0.000000000000000000e+00
5.612100216636476624e+00 1.419268040838709410e+01 0.000000000000000000e+00
-2.360217362262532870e+00 1.022144500601553219e+01 0.000000000000000000e+00
-8.781034551292558277e+00 1.399784646410661582e+00 0.000000000000000000e+00
1.634610804498234060e+01 2.959441618786528672e+00 0.000000000000000000e+00
-4.773777300657359390e+00 -1.046453654083536478e+01 0.000000000000000000e+00
4.794542195589811762e+00 -3.909664002193351529e+00 0.000000000000000000e+00
-4.259406125993478121e+00 -4.964182328820892387e+00 0.000000000000000000e+00
1.478728177553196410e+01 8.549394443488866457e+00 0.000000000000000000e+00
-3.882554056586210667e+00 -1.472292920459210563e+01 0.000000000000000000e+00
-2.377900763772756054e+00 -1.444575789517796949e+01 0.000000000000000000e+00
-1.293416063430860063e+01 -1.134239514269352078e+01 0.000000000000000000e+00
5.578756055585584406e+00 -1.266515512093735119e+01 0.000000000000000000e+00
-1.275829112921114827e+01 3.752696857567420441e+00 0.000000000000000000e+00
1.228687168828643372e+01 -2.843007628122440789e+00 0.000000000000000000e+00
-1.965139346806135778e+00 -6.160338063832739408e+00 0.000000000000000000e+00
-1.068561796213443671e+01 -1.376981885939013672e+01 0.000000000000000000e+00
8.064273283270782855e+00 -1.551314161484252807e+01 0.000000000000000000e+00
-1.105175646465786521e+01 -9.736275381912369298e+00 0.000000000000000000e+00
-1.032008984572467902e+01 6.985600345562171576e+00 0.000000000000000000e+00
1.419732955523299545e+01 -1.567764255385174721e+00 0.000000000000000000e+00
-4.677264599208391438e+00 -3.367867655141268735e+00 0.000000000000000000e+00
1.249445953812624843e+01 -5.943280878693930624e+00 0.000000000000000000e+00
2.922597887526687366e+00 8.767089549831496242e+00 0.000000000000000000e+00
-2.239518703399222321e+00 7.299050330041617407e+00 0.000000000000000000e+00
4.394161913668875874e-01 -9.963100443045819432e+00 0.000000000000000000e+00
1.436395125806085993e+01 -7.178618735258651462e+00 0.000000000000000000e+00
1.583250525855607194e+01 -6.824098027809177403e+00 0.000000000000000000e+00
-2.451338491327847091e+00 -7.769802260034254004e+00 0.000000000000000000e+00
2.584333868297267411e+00 -1.714613020468013360e+01 0.000000000000000000e+00
1.616937269125038412e+01 -3.524192500134203598e+00 0.000000000000000000e+00
-9.000245173474786142e+00 -1.891558117726807486e+00 0.000000000000000000e+00
1.583946025401491431e+00 7.915698606301639906e+00 0.000000000000000000e+00
1.279336872339524422e+00 3.949783031437818170e+00 0.000000000000000000e+00
1.248429836206601173e+01 -8.301488133783530898e+00 0.000000000000000000e+00
-3.831880029068350346e+00 5.123982775936842593e+00 0.000000000000000000e+00
-6.498273920378442980e+00 1.478792827987343461e+00 0.000000000000000000e+00
-5.569796012672264318e+00 6.802194040089371008e+00 0.000000000000000000e+00
6.230352294880640684e+00 -8.462092116181256785e+00 0.000000000000000000e+00
6.072191516633324883e-03 -1.607855562765444546e+01 0.000000000000000000e+00
5.750067590093454584e+00 -1.474530154910422652e+01 0.000000000000000000e+00
9.228253158349196683e-01 -1.742902117411954421e+01 0.000000000000000000e+00
9.189138416762281381e+00 1.461952088549191764e+01 0.000000000000000000e+00
1.001726425713713553e+01 1.057307840064894755e+01 0.000000000000000000e+00
