1.177435883580120013e+01 -1.477566572925386446e+01 0.000000000000000000e+00
9.419258311619040924e+00 -3.637099185113613853e+00 0.000000000000000000e+00
-1.030229923633575595e+01 -4.741744238459789096e-01 0.000000000000000000e+00
5.880287759662306435e+00 3.376089671268774683e+00 0.000000000000000000e+00
-1.376087862219110747e+01 -1.265574401091391366e+01 0.000000000000000000e+00
-5.297273189207087896e+00 1.365468919739323717e+00 0.000000000000000000e+00
-6.845575723794118161e+00 -3.469730297371281136e+00 0.000000000000000000e+00
-9.221487835903690922e+00 -5.855289120059637753e+00 0.000000000000000000e+00
5.184836796802304804e+00 1.256331246004544688e+01 0.000000000000000000e+00
2.795496919259109703e+00 -1.112926591452225189e+01 0.000000000000000000e+00
-6.122796068152081439e+00 -1.303360409944614062e+01 0.000000000000000000e+00
-1.104696062576265447e+01 1.138104262684245604e+01 0.000000000000000000e+00
-1.445059275345317040e+01 -3.329995048230409149e-01 0.000000000000000000e+00
2.489853676742372013e+00 -8.436890999639530264e+00 0.000000000000000000e+00
-6.908787410775138582e+00 4.829113394251659308e+00 0.000000000000000000e+00
-1.298212047478240017e+01 6.468585838779176145e-01 0.000000000000000000e+00
5.156407647051658438e-02 -9.286135037977608420e+00 0.000000000000000000e+00
1.312232153398066359e+01 8.103766613241868422e-01 0.000000000000000000e+00
1.297301422943345628e+01 -1.897366097567187992e+00 0.000000000000000000e+00
-1.078963111678262798e+01 9.759007501678116370e+00 0.000000000000000000e+00
-1.271527388514140533e+01 -4.366519329222445123e+00 0.000000000000000000e+00
3.274177209949631795e+00 1.572525242310483407e+01 0.000000000000000000e+00
7.751985822499723788e+00 -3.723684613386903930e-01 0.000000000000000000e+00
-3.411461879255468510e+00 5.534940706314120940e-01 0.000000000000000000e+00
1.572906925881514084e+01 4.033312460382122211e+00 0.000000000000000000e+00
3.127578377497408191e+00 3.103119428016675396e+00 0.000000000000000000e+00
-1.085498469894779028e+01 -1.532336615063018748e+01 0.000000000000000000e+00
-5.607798041486051766e+00 -1.022844452766348944e+01 0.000000000000000000e+00
-3.614122567817362741e-01 -1.236833703645535820e+01 0.000000000000000000e+00
1.611809355139761024e+01 -2.264558025860498702e+00 0.000000000000000000e+00
-2.453799396280350820e+00 7.066074728600347576e+00 0.000000000000000000e+00
-2.610042472505401889e+00 -6.538750396398817166e+00 0.000000000000000000e+00
-7.627061696111320011e+00 1.185964387637814355e+01 0.000000000000000000e+00
4.751550040302228162e+00 -1.652378614978178817e+01 0.000000000000000000e+00
1.098744090052882960e+01 5.788278346830001198e+00 0.000000000000000000e+00
-8.285080031554194591e+00 -9.204648455008785035e+00 0.000000000000000000e+00
-1.682701384936993350e+01 7.956097443661640511e+00 0.000000000000000000e+00
-1.123425926222856575e+01 -1.653491644371471780e+00 0.000000000000000000e+00
-4.404481876039731403e-01 -5.514053847838676248e+00 0.000000000000000000e+00
7.644933580869892609e+00 -9.139495141472545825e+00 0.000000000000000000e+00
8.448800059097818504e+00 1.254849421642599872e+01 0.000000000000000000e+00
-4.620270981299539059e-01 -7.982657470762274388e-01 0.000000000000000000e+00
1.484467595480522428e+00 2.174757730705632941e+00 0.000000000000000000e+00
-9.780394329669462650e+00 -1.113685548797216107e+01 0.000000000000000000e+00
-1.529328065976561746e+01 3.439239771850444161e+00 0.000000000000000000e+00
-9.599504988642383552e+00 1.198835381346058604e+01 0.000000000000000000e+00
1.617164870684564093e+01 1.852873944582351662e+00 0.000000000000000000e+00
5.540069441024268571e+00 -2.821926000023290193e+00 0.000000000000000000e+00
-3.199748695758154682e+00 -1.626116180334061312e+01 0.000000000000000000e+00
4.978563842218785673e+00 1.582869675789290298e+01 0.000000000000000000e+00
-5.398638808401901912e+00 6.538050474857620031e+00 0.000000000000000000e+00
8.317380730234351205e+00 5.945390219823866396e+00 0.000000000000000000e+00
3.078288069662489690e+00 -1.820401773038553728e+01 0.000000000000000000e+00
-1.443709615942366042e+01 -9.958922266369908627e+00 0.000000000000000000e+00
-4.845872008404141340e+00 1.445517479078511336e+01 0.000000000000000000e+00
9.914771975880773525e+00 -1.379392183841037145e+01 0.000000000000000000e+00
-1.431841490705211051e+01 1.191539378332019972e+01 0.000000000000000000e+00
-1.140275180642615460e+00 1.817297776704409173e+01 0.000000000000000000e+00
8.414789116655398971e+00 -2.139679170908770356e+00 0.000000000000000000e+00
1.207196278758001640e+01 -5.886112027222782039e+00 0.000000000000000000e+00
-3.822570950530821854e+00 3.712713277217162933e+00 0.000000000000000000e+00
-1.251707332751124824e+01 1.070404755160664934e+01 0.000000000000000000e+00
7.700139613689624518e+00 -1.607044597242987649e+01 0.000000000000000000e+00
-1.149397411942380387e+01 -1.015699758131311903e+01 0.000000000000000000e+00
-1.872363919121406894e+01 2.992242658379698383e+00 0.000000000000000000e+00
1.226843456470704297e+01 -7.505202330801467703e+00 0.000000000000000000e+00
-1.312672501720054186e+01 -1.888301749768050541e+00 0.000000000000000000e+00
-5.700577490583849105e+00 1.100312386835840250e+01 0.000000000000000000e+00
1.033981426493584443e+01 9.246244630001523745e+00 0.000000000000000000e+00
5.517234060784015348e-01 1.885705260393477900e+01 0.000000000000000000e+00
9.544913446570335580e+00 1.056989788400877828e+01 0.000000000000000000e+00
3.214607076565046739e+00 8.878091058392600488e+00 0.000000000000000000e+00
-1.125938735177188121e+01 2.326672318041730136e+00 0.000000000000000000e+00
-1.779542097401619927e+01 2.034791994219769390e-02 0.000000000000000000e+00
1.754847804607749806e+00 -4.603737215235072178e+00 0.000000000000000000e+00
-5.908821516647748240e+00 1.604290959927948634e+01 0.000000000000000000e+00
-1.625003303273327149e-01 -3.376767077769021075e+00 0.000000000000000000e+00
-5.511563171113021298e+00 -5.436265038811980865e+00 0.000000000000000000e+00
2.919613680901835373e+00 1.266232439946292132e+01 0.000000000000000000e+00
-4.567223100890622334e+00 8.922833363006587248e+00 0.000000000000000000e+00
1.271997889231688283e+01 6.586771566404987510e+00 0.000000000000000000e+00
-2.628343617919062236e+00 1.734345481239884990e+01 0.000000000000000000e+00
1.267132506721612550e+01 -1.251066827069545617e+01 0.000000000000000000e+00
1.308286632419435103e+00 -1.648532676517259432e+01 0.000000000000000000e+00
-3.150634531129423710e+00 -9.106103745324743315e+00 0.000000000000000000e+00
9.974539940663566640e+00 -1.101907342471204565e+01 0.000000000000000000e+00
1.494335368756296667e+01 -7.471630243351745193e+00 0.000000000000000000e+00
1.296608101588336837e+00 -2.255803102544143623e+00 0.000000000000000000e+00
2.257535044486587594e+00 5.566605059344774453e+00 0.000000000000000000e+00
-2.056830054668816812e-02 -7.018856163479606280e+00 0.000000000000000000e+00
-1.191641200590396821e+01 8.489888455436789272e+00 0.000000000000000000e+00
-1.539971601626343123e+01 5.358131718066576177e+00 0.000000000000000000e+00
-5.194531269728659417e+00 -7.499846292102232859e+00 0.000000000000000000e+00
7.794301939527703560e-01 -1.799515794155077941e+01 0.000000000000000000e+00
1.100833998984895068e+01 -1.837675342177975235e+00 0.000000000000000000e+00
1.168485310690678780e+01 -1.125963811338831633e+01 0.000000000000000000e+00
1.525984426680786399e+01 1.055739714816397701e+01 0.000000000000000000e+00
-2.202968248434802767e+00 -1.329393592122589496e+01 0.000000000000000000e+00
-1.665768684136494571e+01 -5.103604550276719998e+00 0.000000000000000000e+00
3.370641072347425049e-01 4.935042499018472029e+00 0.000000000000000000e+00
1.016101156634365488e+01 3.460842402284743269e+00 0.000000000000000000e+00
-1.044555213610018107e+01 7.697318641831604857e+00 0.000000000000000000e+00
6.619332589091668773e+00 -7.016460392600203377e+00 0.000000000000000000e+00
5.990566285297564519e+00 6.342369186595407271e+00 0.000000000000000000e+00
-1.005697740508237237e+00 8.846338313239117568e+00 0.000000000000000000e+00
1.547143267723474302e+01 -9.437094609860398720e+00 0.000000000000000000e+00
1.439781588899972853e+01 -3.931353317151741855e+00 0.000000000000000000e+00
-7.564460326836830895e+00 -1.186916282350726526e+01 0.000000000000000000e+00
-3.251942670763965371e+00 -2.730764732373130776e+00 0.000000000000000000e+00
-1.052531115401003525e+01 4.196315407545963438e+00 0.000000000000000000e+00
-8.059908591446969695e+00 1.456219042132987518e+01 0.000000000000000000e+00
-9.829145465524320002e+00 1.585769143261939007e+01 0.000000000000000000e+00
1.875444480642342260e+00 1.143023172707215629e+01 0.000000000000000000e+00
-5.430248344985798781e+00 1.248961901488502058e+01 0.000000000000000000e+00
-8.594447854832324651e+00 -1.354778187201736017e+01 0.000000000000000000e+00
-8.256943230652176169e+00 1.630102214081122369e+01 0.000000000000000000e+00
-5.782883378714039679e+00 -1.389892658420820437e+00 0.000000000000000000e+00
1.688112183686921064e+00 7.831199191013205052e+00 0.000000000000000000e+00
-1.528359813456772853e+00 1.504729624193461213e+01 0.000000000000000000e+00
-7.120852637694309983e+00 1.327295550663367152e+01 0.000000000000000000e+00
1.893800696393985206e+01 4.848606783276473986e-01 0.000000000000000000e+00
-7.083689401138150821e+00 6.942883670378165561e+00 0.000000000000000000e+00
-1.177715941039539516e+01 -3.096679215022421161e+00 0.000000000000000000e+00
9.199025270119250308e+00 -8.891346239702503595e+00 0.000000000000000000e+00
1.026115570868112670e+01 -5.943363538257807832e+00 0.000000000000000000e+00
-2.038782631607226392e+00 1.284063535190175465e+01 0.000000000000000000e+00
-1.283776323375032469e+01 4.335100350587475226e+00 0.000000000000000000e+00
1.205702570487014214e+01 2.512156852286048458e+00 0.000000000000000000e+00
1.182999497901544395e+01 9.487794469276826348e+00 0.000000000000000000e+00
1.592239637823378828e+01 -4.011085687097452279e+00 0.000000000000000000e+00
1.601615658153151855e+01 6.007462953216897716e+00 0.000000000000000000e+00
3.032935594320612660e-01 1.353283244016760989e+01 0.000000000000000000e+00
-1.422861566633040553e+01 7.755939222711448089e+00 0.000000000000000000e+00
-7.087337371969284483e+00 -1.436900123279438013e+01 0.000000000000000000e+00
1.293706052112092841e+01 -9.356838323183458428e+00 0.000000000000000000e+00
1.587151540484787349e+00 1.631853995305970884e+01 0.000000000000000000e+00
2.203645172145447084e+00 -1.389953054130856636e+01 0.000000000000000000e+00
4.006597391697678923e+00 -2.081760003843143636e+00 0.000000000000000000e+00
-1.591663466995164100e+01 1.000543491888982750e+01 0.000000000000000000e+00
-4.108881926289671860e+00 1.125536612459748653e+01 0.000000000000000000e+00
-1.062478494468240164e+01 -7.492823094705745035e+00 0.000000000000000000e+00
1.771393073623025316e+01 -4.913165289981037409e-01 0.000000000000000000e+00
-1.273209653006092124e+00 4.455157681763401101e+00 0.000000000000000000e+00
-1.403224070419199165e+01 2.301673640393290921e+00 0.000000000000000000e+00
3.478798552827320201e+00 -5.004898439390433218e+00 0.000000000000000000e+00
1.857726377903891546e+01 3.535649316680170795e+00 0.000000000000000000e+00
7.874669957298681133e+00 1.050797764630601527e+01 0.000000000000000000e+00
1.455311748182200482e+01 1.930290947215304309e-01 0.000000000000000000e+00
7.393918467693676888e+00 -1.329119750221319407e+01 0.000000000000000000e+00
3.441823976835000298e+00 1.843686726630192751e+01 0.000000000000000000e+00
1.879562144898928366e+01 -1.868886401880881287e+00 0.000000000000000000e+00
-8.456038904850920801e+00 2.132010844683666306e+00 0.000000000000000000e+00
1.755842993056150192e+01 -2.761973637085939348e+00 0.000000000000000000e+00
1.476209588197364297e+01 7.313530872011178019e+00 0.000000000000000000e+00
-1.787574284524638557e+01 6.413785424760016340e+00 0.000000000000000000e+00
9.969055569165973907e+00 -7.078063056501353589e-01 0.000000000000000000e+00
4.518544995871691228e+00 1.719372962805627791e+00 0.000000000000000000e+00
-3.054115399996912839e+00 1.015207239708976594e+01 0.000000000000000000e+00
8.837875257144313323e+00 1.527332030803707141e+01 0.000000000000000000e+00
1.010510073805495068e+01 1.206449534226246101e+01 0.000000000000000000e+00
-1.007843690356093336e-01 2.579921133650198595e+00 0.000000000000000000e+00
6.649056165209912272e+00 1.369886933174297994e+01 0.000000000000000000e+00
6.991307404822426186e+00 -1.172089872352568207e+01 0.000000000000000000e+00
-1.286361881315937516e+01 -7.394799673521875505e+00 0.000000000000000000e+00
-8.352293828574557821e+00 -1.632134262967071692e+01 0.000000000000000000e+00
-1.308657656538563074e+01 6.259914561413594924e+00 0.000000000000000000e+00
-1.124527812907827773e+01 1.476037139306833090e+01 0.000000000000000000e+00
-2.571166738685328301e+00 2.608065666691012474e+00 0.000000000000000000e+00
5.106699379280365214e+00 -2.853405855084079068e-01 0.000000000000000000e+00
1.697077048857628867e+01 7.889893440704313754e+00 0.000000000000000000e+00
8.544803322736207463e+00 8.546547702324978957e+00 0.000000000000000000e+00
-1.202722493285936523e+01 -1.432112079839073537e+01 0.000000000000000000e+00
8.931667594207819860e+00 1.405583530361390832e+00 0.000000000000000000e+00
-5.627407660855308968e+00 -1.697720829713077961e+01 0.000000000000000000e+00
-1.447794091734870925e+01 -5.421969449930675644e+00 0.000000000000000000e+00
-1.470340920795052853e+01 -7.172710059843149466e+00 0.000000000000000000e+00
1.097090201086190220e+01 -1.258289683610355958e+01 0.000000000000000000e+00
-1.651149635417089456e+01 -1.890829777730054895e+00 0.000000000000000000e+00
-9.225021147980990932e+00 -3.775291465578082928e+00 0.000000000000000000e+00
8.493786543964709779e+00 -5.059569935759390624e+00 0.000000000000000000e+00
7.925591286535084379e+00 3.879958512342053467e+00 0.000000000000000000e+00
-9.037816350221419270e+00 3.643500371790920234e+00 0.000000000000000000e+00
-8.787320321481943974e-01 7.130794208851021665e+00 0.000000000000000000e+00
1.594362758264120394e+01 9.213805901374930940e+00 0.000000000000000000e+00
-1.208534200267504666e+01 1.286480631447499334e+01 0.000000000000000000e+00
-3.719942057098617472e+00 -1.340555884872977543e+01 0.000000000000000000e+00
1.913334916665537233e-01 1.555630304930147823e+01 0.000000000000000000e+00
-1.079949990395971327e+01 6.206624062107430895e+00 0.000000000000000000e+00
-1.221746866172296997e+01 -1.200386406728007493e+01 0.000000000000000000e+00
-1.489118145719973718e+01 -1.804635273003791784e+00 0.000000000000000000e+00
-8.848412853738073736e+00 1.169741322692474939e-01 0.000000000000000000e+00
-5.272144022183537615e+00 4.798898343498676944e+00 0.000000000000000000e+00
-3.517512748865658789e+00 -1.126336011280831606e+01 0.000000000000000000e+00
7.178572223227543958e+00 7.415813243413988509e+00 0.000000000000000000e+00
-4.776145929405909207e+00 -2.545382009973645054e+00 0.000000000000000000e+00
5.284553252224941211e+00 -1.020366360847897447e+01 0.000000000000000000e+00
-6.277973891211975577e+00 9.561603616033071518e+00 0.000000000000000000e+00
1.189819308177793467e+01 1.275872363236909024e+01 0.000000000000000000e+00
9.811800029276973589e+00 -1.569967883714613066e+01 0.000000000000000000e+00
5.675200142726956720e+00 -5.592289305777049080e+00 0.000000000000000000e+00
-1.804602205028611550e+01 1.620723544568730690e+00 0.000000000000000000e+00
4.967019659528730813e+00 9.235000182710919603e+00 0.000000000000000000e+00
-2.261313054632001940e+00 -4.875069993647013433e+00 0.000000000000000000e+00
-8.365225489582748253e+00 5.227197421402085986e+00 0.000000000000000000e+00
-1.141099678308316534e+01 -5.719246752914705745e+00 0.000000000000000000e+00
5.280809054872885433e+00 -1.426901880189982919e+01 0.000000000000000000e+00
-1.384938352862432076e+01 9.708846903760331770e+00 0.000000000000000000e+00
1.493513662069825543e+01 -5.714478323488539679e+00 0.000000000000000000e+00
4.802259556562392007e+00 -8.540700122148699336e+00 0.000000000000000000e+00
-1.601852819675298578e+00 -1.149261143876650770e+01 0.000000000000000000e+00
-1.579972082269393319e+01 5.803189203478470448e-01 0.000000000000000000e+00
-3.823415155483497863e+00 -4.866720458925613002e+00 0.000000000000000000e+00
1.073250440021131169e+01 5.993222037781437139e-01 0.000000000000000000e+00
-1.842129086182340458e+01 -3.556623446265911426e+00 0.000000000000000000e+00
-5.846489089737433309e-01 -1.559108556008226820e+01 0.000000000000000000e+00
-1.629293621631055444e+01 -7.245982746171561573e+00 0.000000000000000000e+00
1.598541580857708766e+01 -6.032965215227608091e-01 0.000000000000000000e+00
-8.153079517863121239e+00 -1.517307023300886071e+00 0.000000000000000000e+00
-1.478644314966012230e+00 -2.463352470949881745e+00 0.000000000000000000e+00
-9.261475645682970992e+00 1.358573498167764981e+01 0.000000000000000000e+00
1.480279853748121210e+00 -6.276597575374721849e+00 0.000000000000000000e+00
-2.584429704536418626e+00 -1.183155028161244848e+00 0.000000000000000000e+00
6.984975013185209747e+00 2.170337941254436576e+00 0.000000000000000000e+00
3.670234103242804302e+00 1.046828256131883350e+01 0.000000000000000000e+00
1.715106618952383144e+01 -5.828576065247066396e+00 0.000000000000000000e+00
1.450148034979388889e+01 -1.420922223450241439e+00 0.000000000000000000e+00
-4.278933152646937188e+00 -1.821311836295740605e+01 0.000000000000000000e+00
-9.849564431660743580e+00 -9.371134883995093645e+00 0.000000000000000000e+00
1.079166631456399372e+01 1.521590595349723607e+01 0.000000000000000000e+00
-2.093358880271119382e+00 -1.845251062852609181e+01 0.000000000000000000e+00
1.271550142411529416e+00 -1.104273630921180782e+01 0.000000000000000000e+00
1.326170339372982276e+01 -1.109969159675781825e+01 0.000000000000000000e+00
-1.973664075894088210e-01 1.097259677192375094e+01 0.000000000000000000e+00
1.397139311172363030e+01 4.393673578162088589e+00 0.000000000000000000e+00
6.180497926479394444e+00 -1.598331062730309782e+01 0.000000000000000000e+00
-1.529659435762291864e+01 -8.572537575861188586e+00 0.000000000000000000e+00
1.147794490083675889e+01 -4.465490620708105318e+00 0.000000000000000000e+00
3.715352837944145392e+00 -6.895028764727195281e+00 0.000000000000000000e+00
1.773386591111309940e+01 2.253573253750462246e+00 0.000000000000000000e+00
-1.031942717199890502e+00 -8.151373628170125230e+00 0.000000000000000000e+00
-7.006753206043534909e+00 2.893302747348585058e+00 0.000000000000000000e+00
3.742919609218935406e+00 4.639081002898334027e+00 0.000000000000000000e+00
-1.629495251347994778e+00 3.989527375077701610e-01 0.000000000000000000e+00
1.256884072981819855e+01 1.098795484264809730e+01 0.000000000000000000e+00
-4.912217603118798515e+00 -1.437422404582080659e+01 0.000000000000000000e+00
-1.620357451057493847e+01 -9.812263539848880001e+00 0.000000000000000000e+00
-8.912697857355359687e+00 9.854160163650565352e+00 0.000000000000000000e+00
-5.235526859380704501e+00 1.793554423684350496e+01 0.000000000000000000e+00
1.349782844865091391e+01 9.002684215378915056e+00 0.000000000000000000e+00
3.288556840014240201e+00 5.981457029062429293e-02 0.000000000000000000e+00
-1.524607211425539077e+01 -1.123630725239584116e+01 0.000000000000000000e+00
-1.025827150105675045e+01 -1.267246157169262766e+01 0.000000000000000000e+00
-6.898969709726512356e+00 -8.337092316940745818e+00 0.000000000000000000e+00
-1.692540161638569529e+01 4.074478507687010698e+00 0.000000000000000000e+00
1.230541302700804307e+00 -1.416461085768773789e-02 0.000000000000000000e+00
-1.291736355773068645e+01 -9.209963356761052822e+00 0.000000000000000000e+00
