7.778355591308946160e+00 1.302195527295300792e+01 0.000000000000000000e+00
-1.242120572595545314e+00 1.058366722962868778e+01 0.000000000000000000e+00
1.395801599956201500e+01 5.153192792329707395e+00 0.000000000000000000e+00
-9.491670536804713620e+00 -6.413650049510576601e+00 0.000000000000000000e+00
-8.464290168126589742e-02 1.711509657064019407e+01 0.000000000000000000e+00
1.461543584105503002e-01 5.913343038855423117e+00 0.000000000000000000e+00
-3.573440948649913462e+00 7.962883645689173839e+00 0.000000000000000000e+00
-1.702496162782961875e+01 -4.203243855719271060e+00 0.000000000000000000e+00
-1.369527643038025211e+01 4.532833574898329054e+00 0.000000000000000000e+00
-7.041958285479307911e+00 1.498443811153469873e+01 0.000000000000000000e+00
-1.552832318975159431e+01 7.850659259483884433e+00 0.000000000000000000e+00
2.191149705697144512e+00 -3.470762373057235894e+00 0.000000000000000000e+00
1.501731377280791335e+01 -6.041469842265402512e+00 0.000000000000000000e+00
5.951750815288219698e+00 -1.475466818348817810e+01 0.000000000000000000e+00
1.152985652333085831e+01 2.545184104879114617e+00 0.000000000000000000e+00
4.129339451590245957e+00 9.217180530170832498e+00 0.000000000000000000e+00
1.806050051023441938e+01 3.102021757306240968e+00 0.000000000000000000e+00
3.270856731218572122e+00 -5.181657699653735349e+00 0.000000000000000000e+00
-1.515316167367071198e+00 -1.857813775099219455e+01 0.000000000000000000e+00
1.448646474301353315e+01 -9.409102417136141483e+00 0.000000000000000000e+00
2.193047636573822873e-02 1.385734484986973847e+01 0.000000000000000000e+00
4.403885922112212192e+00 1.237079852997669960e+01 0.000000000000000000e+00
-1.357521605696515898e+01 8.534967836340580760e+00 0.000000000000000000e+00
1.171813738119243453e+01 -4.620025370624427197e+00 0.000000000000000000e+00
-8.484970497787177379e+00 3.254386882532573022e+00 0.000000000000000000e+00
2.565878003334734814e+00 -1.712172827585236234e+01 0.000000000000000000e+00
1.369542208764726654e+00 -1.128551946963955821e+01 0.000000000000000000e+00
4.396669622874348704e+00 1.682603042066967802e+01 0.000000000000000000e+00
-5.105021343903175080e+00 -1.246551774001886770e+01 0.000000000000000000e+00
-4.535209456659192284e+00 -6.307962646236465964e+00 0.000000000000000000e+00
-5.995420085526117049e+00 1.084893588821254085e+01 0.000000000000000000e+00
7.207130412359408211e+00 -1.751115766470777757e+01 0.000000000000000000e+00
3.231580507815940528e+00 5.966471331743014694e+00 0.000000000000000000e+00
-1.347322959019309430e+01 -1.078634122828809438e+01 0.000000000000000000e+00
-1.364754626188965503e+01 -6.932613250461439947e+00 0.000000000000000000e+00
1.832966326120674694e+01 -2.876277077803602200e+00 0.000000000000000000e+00
1.656822557746489366e+01 6.095762471525204340e+00 0.000000000000000000e+00
-8.235483726566034335e+00 -1.647384771929563030e+01 0.000000000000000000e+00
-8.135803861562608930e+00 6.274437369553592880e+00 0.000000000000000000e+00
1.489869719069847598e+01 -4.908643508655893828e-01 0.000000000000000000e+00
4.236150276651921232e+00 4.055468812346146312e-01 0.000000000000000000e+00
-9.972406766754405183e+00 2.494617794370062480e+00 0.000000000000000000e+00
1.104863260951537640e+01 -9.740053796419420706e+00 0.000000000000000000e+00
8.411298107876355346e+00 6.637918317785163502e+00 0.000000000000000000e+00
6.079158740315675047e+00 4.746012993626381515e+00 0.000000000000000000e+00
5.327059207692007803e+00 1.505852732978664399e+01 0.000000000000000000e+00
1.209848473218787746e+01 4.818226168531744014e-01 0.000000000000000000e+00
1.407419984476789288e-01 -3.289583664855284084e+00 0.000000000000000000e+00
-4.889426517984614584e+00 -1.041192391011257179e+01 0.000000000000000000e+00
-2.324135163044990460e+00 -9.570900000505723426e+00 0.000000000000000000e+00
9.240236693711279869e+00 1.413906514301364048e+01 0.000000000000000000e+00
-1.253396140252334945e+01 -1.352796425891938048e+00 0.000000000000000000e+00
-1.377100266961830854e+01 -4.573461432654301717e+00 0.000000000000000000e+00
1.221340974265786095e+01 1.175342124578195602e+01 0.000000000000000000e+00
-1.300471156676534124e+00 -1.642248286375054533e+01 0.000000000000000000e+00
-1.149441293572081690e+01 3.381517442938143603e+00 0.000000000000000000e+00
3.375151452572077382e+00 -8.390915804576460246e+00 0.000000000000000000e+00
-1.548985476625328062e+01 1.002304184564657774e+01 0.000000000000000000e+00
-4.841037120975308028e+00 7.070435204299337917e-01 0.000000000000000000e+00
-2.669315650437181997e+00 -1.330680643755484205e+01 0.000000000000000000e+00
-2.827867666165470251e+00 1.865963162707354073e+01 0.000000000000000000e+00
-1.569483246783110353e+01 -9.986267620821246416e-01 0.000000000000000000e+00
-1.068019472486475330e+01 7.290655749337227043e+00 0.000000000000000000e+00
-4.469221068579327216e+00 -2.375720984970651095e+00 0.000000000000000000e+00
-1.244240959858605500e+01 -7.873278956561971853e+00 0.000000000000000000e+00
1.674687457018240622e+01 4.238588621582868865e-01 0.000000000000000000e+00
-1.248736073656243306e+01 6.156758135543404231e-01 0.000000000000000000e+00
1.787465174395778789e+01 4.898794661974476661e+00 0.000000000000000000e+00
1.012603845338402841e+01 -6.546008537167088193e+00 0.000000000000000000e+00
9.296059339773719898e+00 -1.095948970700499103e+01 0.000000000000000000e+00
1.710727675199833972e-02 -7.875754741460151642e+00 0.000000000000000000e+00
8.370582480355723831e+00 1.561502606736079457e+01 0.000000000000000000e+00
7.041265769048397516e+00 -7.531466320435265871e+00 0.000000000000000000e+00
2.964384999559418254e+00 1.607055549493068369e+01 0.000000000000000000e+00
1.868752374446984987e+01 -2.315456581556598614e-01 0.000000000000000000e+00
-7.367752720922230658e+00 -3.245929386733494404e+00 0.000000000000000000e+00
1.143760737619876622e+01 5.637104336705422547e+00 0.000000000000000000e+00
-8.553934437718007544e+00 8.989601882482933348e+00 0.000000000000000000e+00
1.697697053560395375e+01 -1.808087007544544988e+00 0.000000000000000000e+00
-1.326502314476603850e+01 -1.265854592812661217e+01 0.000000000000000000e+00
1.496303878646492391e+00 -7.096320976320994456e-01 0.000000000000000000e+00
-7.391985649757592647e+00 8.694838058858979091e-01 0.000000000000000000e+00
-1.951191991536600945e+00 8.548406332619762793e+00 0.000000000000000000e+00
-9.444938378467812257e+00 -1.246258063089607049e+01 0.000000000000000000e+00
-8.962393493611171991e+00 1.483159235988030233e-01 0.000000000000000000e+00
1.068694727651588128e+00 -1.284083533544608713e+01 0.000000000000000000e+00
-2.170742940492488948e+00 4.713900502444987595e+00 0.000000000000000000e+00
1.394704011614918393e+01 7.872832707471565605e+00 0.000000000000000000e+00
9.741988587544316403e+00 8.227421081926632240e+00 0.000000000000000000e+00
1.346524846694653554e+01 -4.915983408273059574e+00 0.000000000000000000e+00
1.243599554559003906e+01 9.433866949380760758e+00 0.000000000000000000e+00
-1.174324587745781479e+01 -1.223400954246036498e+01 0.000000000000000000e+00
1.498678115649950904e+00 1.886401713004664771e+01 0.000000000000000000e+00
-1.422998431374003614e+00 3.156339769133847516e-03 0.000000000000000000e+00
-1.014081626853794837e+01 8.858060218751619530e+00 0.000000000000000000e+00
1.360470849058336285e+01 -1.170174436401214457e+01 0.000000000000000000e+00
4.575923823194609774e+00 3.020400021619074504e+00 0.000000000000000000e+00
-9.617946211370760778e+00 1.379166070928948606e+01 0.000000000000000000e+00
5.219374190259339130e+00 -1.113934364515205111e+01 0.000000000000000000e+00
1.037826706624753648e+01 1.558657949592219438e+01 0.000000000000000000e+00
-1.112617412969834874e+01 -1.060209708832072906e+01 0.000000000000000000e+00
-1.009293159050338229e+00 -1.377431256271538196e+01 0.000000000000000000e+00
7.155000025133959163e+00 -1.276630895336729843e+01 0.000000000000000000e+00
-1.005567641839235016e+01 1.082086840919448001e+01 0.000000000000000000e+00
-2.901968627530471245e-01 -6.131725604127267637e+00 0.000000000000000000e+00
4.284927612711467049e+00 -1.751347640634002545e+01 0.000000000000000000e+00
-4.967253903131231496e+00 -1.559058118377528324e+01 0.000000000000000000e+00
2.625582651732010220e-01 -1.719533813293210045e+01 0.000000000000000000e+00
6.548452477967350305e+00 -4.298490462172102511e+00 0.000000000000000000e+00
1.311716083228129825e+00 -5.964582727715973753e+00 0.000000000000000000e+00
-8.931084324556065823e+00 -4.322174824113873548e+00 0.000000000000000000e+00
-2.264807081766333940e+00 -1.163129787889943323e+01 0.000000000000000000e+00
8.884965205346812667e+00 -2.721711617276831863e+00 0.000000000000000000e+00
-1.052405075861850925e+01 -1.401775547463328486e+01 0.000000000000000000e+00
9.527765939846188914e+00 7.290060609953519233e-01 0.000000000000000000e+00
1.673792935086669686e+01 -7.705316473558011303e+00 0.000000000000000000e+00
-4.637212996463888182e+00 4.585519226007578553e+00 0.000000000000000000e+00
-6.476868352114569127e+00 -8.307876501346159515e+00 0.000000000000000000e+00
-9.896052081562020319e+00 -9.492388936617134121e+00 0.000000000000000000e+00
5.298086708813863233e+00 -1.297140643067043975e+01 0.000000000000000000e+00
4.246088236231810420e+00 -6.496857617791924611e+00 0.000000000000000000e+00
-1.802010923463839509e+00 -6.665679855851630364e+00 0.000000000000000000e+00
1.838639557497485644e+00 5.080753303046724234e+00 0.000000000000000000e+00
5.854687868328481315e+00 -8.847363638742468117e-01 0.000000000000000000e+00
7.480964487222570014e+00 9.779025887604653633e+00 0.000000000000000000e+00
-1.033893504660279916e+01 -3.158575676430085633e+00 0.000000000000000000e+00
3.483353744165977872e-01 8.578627176001349497e+00 0.000000000000000000e+00
7.123122967840133768e+00 1.743160673761837032e+01 0.000000000000000000e+00
-1.603073860622552260e+01 5.992026583292358488e+00 0.000000000000000000e+00
1.470398271072415675e+01 -3.444988653048322025e+00 0.000000000000000000e+00
-2.010822859409735930e+00 2.854470899683725804e+00 0.000000000000000000e+00
-6.377083100416846007e-01 1.523879830846060379e+01 0.000000000000000000e+00
1.308409548431677649e+01 1.302319929213946814e+01 0.000000000000000000e+00
-1.134341892150213482e+01 1.495866109345698547e+01 0.000000000000000000e+00
1.415134042028656758e+01 -7.361306455178455721e+00 0.000000000000000000e+00
1.261393499950765928e+01 7.143128373225374084e+00 0.000000000000000000e+00
2.773642163844952435e+00 1.974831491269279260e+00 0.000000000000000000e+00
-8.474969546836947032e+00 1.696995357287319806e+01 0.000000000000000000e+00
-7.405057868787567443e+00 1.153670629690221006e+01 0.000000000000000000e+00
1.061014409192161700e+01 -3.409922547855210873e+00 0.000000000000000000e+00
9.791528692327272410e+00 1.194071678692775862e+01 0.000000000000000000e+00
-3.300941975446555432e+00 1.098361782388623809e+01 0.000000000000000000e+00
-1.233243574937712556e-01 -1.501856215579666554e+01 0.000000000000000000e+00
-6.117856749543102879e+00 1.748050405731990864e+01 0.000000000000000000e+00
4.245671586813484666e+00 7.633137665804634153e+00 0.000000000000000000e+00
1.007343863541186657e+01 3.062560262683488244e+00 0.000000000000000000e+00
-6.628376826003315792e+00 -1.068938170400403287e+00 0.000000000000000000e+00
-1.858682180136174722e+01 -1.310920027855753345e+00 0.000000000000000000e+00
-1.129928295217656320e+01 1.325485903848130675e+01 0.000000000000000000e+00
9.575140050573816453e+00 9.795186867234521699e+00 0.000000000000000000e+00
1.802915187428296306e+01 -5.074681887461181873e+00 0.000000000000000000e+00
7.325612601855325146e+00 -2.491152999314914851e+00 0.000000000000000000e+00
4.496453430574988808e+00 -1.595421798549587677e+01 0.000000000000000000e+00
1.237828783352658490e+01 -1.325404986337018975e+01 0.000000000000000000e+00
-1.824057928703006937e+01 3.204797660876171683e+00 0.000000000000000000e+00
1.661382304651487374e+01 -9.202362630237832519e+00 0.000000000000000000e+00
7.696810538332585772e+00 4.564198001411376104e+00 0.000000000000000000e+00
1.318728162990593766e+01 -3.034463236379079110e+00 0.000000000000000000e+00
1.468903599193502441e+00 1.130453794234314380e+01 0.000000000000000000e+00
8.472729382040794510e-01 1.423747006222213951e+00 0.000000000000000000e+00
7.721026322646344475e+00 6.979298045830449604e-02 0.000000000000000000e+00
1.212324899491096009e+00 -9.265951184345363245e+00 0.000000000000000000e+00
3.754005337472873016e+00 -1.830126100040580184e+00 0.000000000000000000e+00
-7.582385431706636147e+00 -9.621369783018156596e+00 0.000000000000000000e+00
9.007784904635364853e+00 -4.405942313326288051e+00 0.000000000000000000e+00
1.343213465764043058e+01 3.252187781460427196e+00 0.000000000000000000e+00
5.813372248640832574e+00 -9.051982843850639782e+00 0.000000000000000000e+00
1.179599761040202388e+01 -1.178804601369159677e+01 0.000000000000000000e+00
6.903586835652603781e+00 2.152154949467185219e+00 0.000000000000000000e+00
-6.535933581238452028e+00 -1.547887927569011168e+01 0.000000000000000000e+00
1.573215067175617499e+01 9.106060761418415694e+00 0.000000000000000000e+00
-1.597303950240626236e+01 1.035994903283747881e+00 0.000000000000000000e+00
-1.310876301421413181e+01 6.820732340032583885e+00 0.000000000000000000e+00
1.458208544773854420e+01 1.038220888002627262e+01 0.000000000000000000e+00
8.825422287856156345e+00 -1.202438368976736616e+00 0.000000000000000000e+00
7.332183466490326929e+00 -1.054208724536316311e+01 0.000000000000000000e+00
8.607124745300698265e+00 -1.560991718096218683e+01 0.000000000000000000e+00
-6.816455576320207044e+00 -1.377771431721548545e+01 0.000000000000000000e+00
-4.124525592081974779e+00 1.590984627064534251e+01 0.000000000000000000e+00
-1.555142131421289697e+01 -1.000734205549627731e+01 0.000000000000000000e+00
1.220877385607779608e+01 -6.580715335501234442e+00 0.000000000000000000e+00
2.171826038636314848e+00 -1.512929536651963858e+01 0.000000000000000000e+00
-8.918265089422181546e+00 -1.413058241390366732e+01 0.000000000000000000e+00
-3.288710724479274816e+00 1.445004975109340606e+01 0.000000000000000000e+00
1.415917381545317433e+01 1.759539807878472750e+00 0.000000000000000000e+00
-9.093465804706637456e+00 1.221025400902490254e+01 0.000000000000000000e+00
-4.714159323231766230e+00 1.238281483476432676e+01 0.000000000000000000e+00
-4.873315292511468666e-01 -1.110793769500067363e+01 0.000000000000000000e+00
-1.390692316663408867e+01 1.009767142038192134e+01 0.000000000000000000e+00
5.708847400967291819e+00 1.333920619545666142e+01 0.000000000000000000e+00
1.804054548019002446e+00 -1.887903763723288009e+01 0.000000000000000000e+00
1.542982103970968666e+01 4.750124539410686353e+00 0.000000000000000000e+00
-1.771488367476201020e+01 7.702217905757112737e-01 0.000000000000000000e+00
-6.537800391146341816e+00 -1.180457771094116737e+01 0.000000000000000000e+00
9.257556932041950404e+00 4.988504693651804267e+00 0.000000000000000000e+00
6.321584618890260465e+00 7.234270048277834597e+00 0.000000000000000000e+00
-5.443817582514022924e+00 -3.942978931177403279e+00 0.000000000000000000e+00
-1.445702463849037578e+01 1.149462945537667657e+01 0.000000000000000000e+00
-1.234687492857497659e+01 1.110257831416859986e+01 0.000000000000000000e+00
-1.525951413628101072e+01 -2.781823835820993018e+00 0.000000000000000000e+00
-1.405317328239322805e+01 1.319928915978224815e+00 0.000000000000000000e+00
1.190828813919067031e+01 -1.473723588280690322e+01 0.000000000000000000e+00
-1.565119867453804225e+01 3.552978945031942004e+00 0.000000000000000000e+00
-5.451040595161707358e+00 6.357677312075518117e+00 0.000000000000000000e+00
7.845765804446184433e+00 8.282477500615565091e+00 0.000000000000000000e+00
-1.223815168717534085e+01 -9.435162481299400383e+00 0.000000000000000000e+00
2.888349629038073907e+00 3.752465294058993539e+00 0.000000000000000000e+00
8.217288221844624374e+00 -1.384564534089123633e+01 0.000000000000000000e+00
-1.809377290665607418e+01 -5.365061891171004405e+00 0.000000000000000000e+00
-4.081773005837537660e+00 9.389194765826779587e+00 0.000000000000000000e+00
-6.398333243454798591e+00 3.805700815477282450e+00 0.000000000000000000e+00
1.034594829187646958e+01 -1.468103346918401186e+01 0.000000000000000000e+00
-1.543521712191937745e+01 -4.693043332895338260e+00 0.000000000000000000e+00
1.231787900666553082e+00 2.887803059835795771e+00 0.000000000000000000e+00
-1.215121552709457298e+01 5.508628583454902028e+00 0.000000000000000000e+00
8.193791783005983653e-01 1.574238691141167656e+01 0.000000000000000000e+00
-1.399196113489638549e+01 -7.276927572937939015e-01 0.000000000000000000e+00
-6.654013841608432678e+00 -6.426794887818744861e+00 0.000000000000000000e+00
-1.707944625928977800e+01 7.763092467270367614e+00 0.000000000000000000e+00
-1.065810717694247067e+00 -4.646325245755687838e+00 0.000000000000000000e+00
1.776684586357159812e-01 -1.893729101383271640e+01 0.000000000000000000e+00
-6.990437066783645292e+00 9.422085814680968952e+00 0.000000000000000000e+00
-3.120108277507620986e+00 -5.564930259356255071e+00 0.000000000000000000e+00
-1.222088164361211682e+01 -1.423642606280222722e+01 0.000000000000000000e+00
-1.142932237533285544e+01 -6.515537228945804671e+00 0.000000000000000000e+00
1.325298313347224344e+01 -6.384851231776735858e-01 0.000000000000000000e+00
-1.635319429354059650e+01 -6.355202989906568511e+00 0.000000000000000000e+00
5.900442098489540044e+00 8.875635967668427995e+00 0.000000000000000000e+00
1.294011869731950881e+01 -1.033983039341523735e+01 0.000000000000000000e+00
-4.210463168624455355e-01 2.496068655301366235e+00 0.000000000000000000e+00
-5.859669329190989373e+00 1.393783980241657616e+01 0.000000000000000000e+00
3.383763759781651448e+00 -1.227658061972944203e+01 0.000000000000000000e+00
1.521643143258723718e+01 6.837266515469274886e+00 0.000000000000000000e+00
-1.893279960232052472e+00 -1.424848151875281355e+00 0.000000000000000000e+00
-3.454666705321687292e+00 -1.502325158907815705e+01 0.000000000000000000e+00
6.344654468308227102e+00 -6.080120465138820762e+00 0.000000000000000000e+00
1.625575770446758384e+01 1.984579514590436133e+00 0.000000000000000000e+00
1.021408019351631857e+01 -8.336334840513002220e+00 0.000000000000000000e+00
-3.891673847951576892e+00 2.808609079979301537e+00 0.000000000000000000e+00
-1.841288175165193053e+01 -3.285070911586697839e+00 0.000000000000000000e+00
1.519985888154756770e+00 1.412303004764880399e+01 0.000000000000000000e+00
-1.694408613780152351e+01 -8.575631187663359967e+00 0.000000000000000000e+00
3.762239182683125627e+00 1.470314831736953742e+01 0.000000000000000000e+00
-4.584609160228555247e+00 1.824963335339001347e+01 0.000000000000000000e+00
-9.606545345109340772e+00 4.855337498467102719e+00 0.000000000000000000e+00
-9.721467335658916298e+00 1.530587811301323953e+01 0.000000000000000000e+00
2.890086628712611017e+00 -1.032569507926334573e+01 0.000000000000000000e+00
2.954344170917122980e+00 -1.377284827744840001e+01 0.000000000000000000e+00
2.817646877251195114e+00 1.019905300446390406e+01 0.000000000000000000e+00
-1.324930318167928256e+01 1.345810612174575738e+01 0.000000000000000000e+00
-1.703202854855800297e+01 -2.068254518410545639e+00 0.000000000000000000e+00
-1.638941352278046271e+00 6.375471647513053952e+00 0.000000000000000000e+00
1.422987926799086011e+01 -1.892302018885450465e+00 0.000000000000000000e+00
-8.660586739175743176e+00 -1.564501366328928000e+00 0.000000000000000000e+00
-1.392800258843241856e+01 3.048058985487563266e+00 0.000000000000000000e+00
3.028505190978173722e+00 1.865429813293845385e+01 0.000000000000000000e+00
